    0.332293     3.420493    12.580806     6.621275   154.551769    78.194498
    0.311829     3.405434    12.610039     6.698075   142.507713    85.485893
   -0.059308     3.453018    12.509885     6.518164   138.977754    61.287258
    0.263681     3.603858    12.435919     6.486878   140.985688    69.816262
    0.083360     3.350329    12.236067     6.572144   143.376855    79.706137
   -0.139384     3.591540    12.507548     6.266050   142.227703    68.817873
    0.227175     3.590759    12.635902     6.521089   134.583186    81.482037
    0.366248     3.668016    12.773388     6.509144   136.997794    85.868654
    0.082144     3.555009    12.894261     6.478535   143.843117    69.174668
    0.224906     3.413895    12.562544     6.667001   145.287224    67.822279
    0.166018     3.401262    12.699482     6.640490   137.385243    92.991415
    0.235325     3.404771    12.400007     6.700617   130.940395    86.312923
    0.300886     3.707852    12.626217     6.372479   142.091783    81.963243
    0.058566     3.643589    12.896065     6.317988   146.097393    78.951941
    0.152353     3.533142    12.301193     6.430369   135.389262    93.316996
   -0.025144     3.637174    12.743866     6.364922   129.557496    81.886140
    0.040643     3.536909    12.297314     6.366031   136.029688    90.773433
    0.523229     3.648571    12.627301     6.588328   144.986467    72.291386
    0.164389     3.519265    12.690676     6.580165   127.308304    93.756425
    0.315370     3.530497    12.299005     6.569693   136.028714    79.676655
    0.089725     3.487138    12.570188     6.518802   142.012808    73.115725
    0.117163     3.366723    12.349313     6.543613   152.900550    73.251949
    0.229730     3.486842    12.576574     6.642132   134.365132    77.834580
    0.026349     3.524881    12.528360     6.407182   141.758521    81.335484
    0.210368     3.640495    12.790404     6.384262   152.274063    69.496552
    0.056788     3.387401    12.595729     6.627461   141.448140    68.316384
    0.067975     3.457788    12.763256     6.599377   135.670154    75.026895
    0.140306     3.512666    12.529880     6.546472   136.764218    76.058535
    0.364734     3.544720    12.592111     6.628312   135.745530    84.875502
    0.192674     3.574971    12.609686     6.467569   150.220613    59.543767
    0.451788     3.463844    12.203962     6.694300   133.538609    81.782050
   -0.079559     3.412831    12.345344     6.421817   146.677652    75.986271
    0.083137     3.359231    12.666964     6.649455   137.818860    86.434615
    0.201787     3.313041    12.275895     6.711730   145.919228    65.249717
    0.271406     3.516706    12.706883     6.647032   127.761477    93.832094
    0.260984     3.823727    12.621457     6.262625   133.927342    83.544358
   -0.113946     3.362210    12.445800     6.521829   132.014994    93.385908
    0.163203     3.693463    12.462063     6.294983   139.445450    81.357185
    1.096180     3.846551    12.298498     6.446855   153.952025    78.610092
    0.183992     3.658112    12.603781     6.473872   127.719410    77.392609
   -0.000145     3.463705    12.786603     6.436458   148.622088    81.423607
    0.202531     3.459762    12.245426     6.597680   131.567500    81.279941
    0.281379     3.664973    12.673108     6.489782   135.082975    75.989541
    0.161110     3.327154    12.028234     6.618738   135.175754    83.466313
    0.287259     3.471283    12.897408     6.726614   137.277367    76.046458
    0.371724     3.473016    12.482257     6.644711   149.759174    67.091308
    0.270953     3.334578    12.259408     6.703428   141.221785    82.191919
    0.225969     3.370703    12.345763     6.572332   150.673933    86.056849
    0.413773     3.388453    12.440096     6.751881   144.712181    78.613940
    0.045703     3.335666    12.317282     6.667619   134.003547    75.180486
    0.049607     3.625538    12.740375     6.389260   136.311380    77.277191
    0.256344     3.337057    12.666945     6.899373   122.089545    83.204120
    0.140155     3.694311    12.662678     6.347358   139.825765    71.762656
    0.205895     3.662567    12.556902     6.384213   140.366897    77.571073
    0.138889     3.569642    12.629050     6.401201   144.873350    84.867609
    0.603724     3.772418    12.740734     6.495845   148.318266    71.838358
    0.269231     3.459337    12.306932     6.642035   137.714151    71.022158
    0.243703     3.465094    12.356550     6.641497   128.369489    88.309902
    0.218148     3.405528    12.372562     6.684537   135.066860    77.872970
    0.076723     3.640445    12.560212     6.265957   143.838904    88.656358
    0.135774     3.672554    12.423984     6.302902   139.388808    79.402574
    0.052910     3.406675    12.537521     6.524821   147.739494    76.059100
    0.043287     3.395087    12.414951     6.493714   150.353804    76.062998
    0.240620     3.370245    12.454074     6.615904   155.837959    70.074504
    0.209886     3.488683    12.195796     6.454104   149.172914    71.343784
    0.371512     3.490755    12.496179     6.621581   142.904344    84.995161
    0.163057     3.578325    12.765610     6.401796   151.841077    76.073709
    0.143856     3.563465    12.605093     6.437461   141.900945    83.058504
    0.103215     3.493737    12.699777     6.499165   149.835615    65.458898
    0.146109     3.454035    12.632011     6.552099   149.370102    68.858383
   -0.060803     3.622350    12.342311     6.117894   156.234509    72.259719
    0.144832     3.548827    12.431611     6.413718   142.439081    85.655909
    0.126540     3.556096    12.194058     6.309899   149.090081    75.817018
   -0.107993     3.380923    12.140435     6.365766   143.343760    90.939311
    0.154596     3.440395    12.151849     6.459092   149.449845    72.787367
    0.089359     3.543085    12.568270     6.338602   156.424465    73.676157
   -0.269257     3.401904    12.454970     6.257241   156.930309    75.146174
    0.167451     3.428426    12.537141     6.543487   150.513280    77.061167
    0.025829     3.294276    12.603258     6.667244   148.651272    64.332932
    0.303732     3.529299    12.753267     6.608151   138.911312    85.327137
    0.330281     3.498375    12.472791     6.515469   157.055053    71.988032
    0.550240     3.528330    12.406432     6.688791   145.493365    71.746004
   -0.284627     3.426681    12.609064     6.284938   153.253050    70.492370
    0.187296     3.453628    12.669600     6.538835   154.683473    69.574102
    0.360200     3.467065    12.265015     6.545431   151.608053    76.534421
    0.164588     3.398638    12.132131     6.543271   140.760576    81.819921
    0.116570     3.378871    12.440214     6.651499   138.830868    74.518506
    0.205664     3.504666    12.350412     6.399560   159.224253    69.390971
    0.146714     3.458992    12.383112     6.513439   142.167502    84.722932
    0.123413     3.388715    12.413909     6.655941   139.011153    69.190885
    0.135030     3.488475    12.206665     6.401779   154.121335    63.533772
   -0.048655     3.520264    12.383395     6.371574   136.524846    84.915567
   -0.014357     3.436361    12.276307     6.465912   130.054929    97.495053
    0.152899     3.532128    12.758330     6.531437   137.511942    82.681180
   -0.014063     3.490071    12.359827     6.346717   149.784910    76.718058
    0.099630     3.430913    12.634456     6.624221   136.944639    74.523476
    0.361888     3.475036    12.412033     6.626141   149.998947    65.527027
    0.131137     3.352267    12.365944     6.538456   158.546652    68.808505
    0.214373     3.443008    12.432741     6.531198   158.661793    58.927784
    0.005110     3.414357    12.400675     6.438352   153.239066    72.060931
    0.191020     3.438295    12.387968     6.487644   155.947540    73.790353
    0.326238     3.444374    12.589945     6.582907   155.136137    79.911403
    0.399799     3.485455    12.683783     6.614574   156.627727    71.864646
    0.067633     3.376735    12.244216     6.541180   145.522577    73.546669
    0.228353     3.471657    12.791993     6.537390   157.639153    70.566342
    0.179308     3.469989    12.520268     6.500904   154.927557    67.086100
    0.108103     3.435852    12.477231     6.576222   141.515142    73.795760
    0.336051     3.518113    12.371258     6.599994   142.650524    69.663151
    0.121765     3.517840    12.425387     6.314148   161.568096    74.572436
    0.301204     3.503860    12.710176     6.554544   159.095176    60.634314
    0.082223     3.460229    12.461469     6.451085   154.765889    65.842685
    0.183863     3.438454    12.693388     6.550903   154.538868    71.690289
    0.228883     3.504025    12.573375     6.451842   153.333994    85.204324
    0.011440     3.288430    12.345887     6.575787   153.198545    69.897472
    0.072430     3.423670    12.831955     6.549719   150.149697    72.128229
    0.053622     3.429643    12.497764     6.475714   147.211548    82.851046
    0.419468     3.547548    12.197998     6.479323   147.445472    79.944289
    0.354314     3.608187    12.343784     6.472463   137.929809    86.926679
    0.199515     3.580727    12.435914     6.438976   140.385003    82.309551
    0.296360     3.618527    12.520585     6.487052   142.754436    71.496740
    0.145860     3.443788    12.351896     6.508599   149.172682    73.034959
    0.207594     3.463957    12.514135     6.613680   140.385310    74.642307
    0.394930     3.390366    12.216073     6.721335   136.073101    85.673806
    0.100732     3.384337    12.253432     6.581911   133.324056    91.436169
    0.141994     3.476210    12.362222     6.553482   138.911137    73.212117
    0.078251     3.461628    12.682442     6.482186   144.216672    88.780517
    0.163799     3.577334    12.530513     6.437859   141.142688    80.818469
    0.164891     3.640817    12.577335     6.403418   136.443524    81.713268
    0.184464     3.439115    12.237198     6.554090   144.135851    70.556099
    0.850433     3.589308    12.114171     6.636269   137.263621    91.003193
    0.090523     3.400944    12.588039     6.551820   145.704125    82.914187
    0.409082     3.449136    12.208450     6.660716   135.215435    87.448495
    0.190092     3.334922    12.246327     6.625429   144.422882    84.061975
   -0.163210     3.404540    12.554816     6.504921   135.882215    71.717209
    0.221232     3.507335    12.434290     6.512197   146.782218    74.841468
    0.104215     3.401717    12.437251     6.619382   137.954307    76.915717
    0.159921     3.440005    12.408371     6.582564   141.712385    75.989615
    0.187106     3.417583    12.405118     6.632828   139.117169    77.896905
   -0.005237     3.520887    12.699967     6.431206   139.486909    80.918440
    0.190282     3.368615    12.366397     6.563798   155.069922    74.500211
    0.244840     3.406015    12.422950     6.612544   153.301310    64.670749
    0.421034     3.452195    12.368140     6.561830   163.891795    64.434829
   -0.064537     3.593042    12.569075     6.283524   146.648820    69.048534
    0.325189     3.614027    12.474836     6.439104   148.836521    75.195423
    0.166243     3.380021    12.414920     6.604007   144.657137    82.321246
    0.168187     3.477460    12.568845     6.548942   140.417673    84.402874
    0.367279     3.433149    12.428812     6.643576   154.870104    63.913170
   -0.062933     3.399532    12.434175     6.449524   150.348074    70.386678
    0.249599     3.456506    12.762847     6.656936   142.438407    76.782310
    0.396142     3.554993    12.966769     6.690072   139.590430    79.872728
    0.183955     3.566171    12.717129     6.439496   149.148377    76.763580
    0.006863     3.500100    12.829615     6.438083   155.430466    55.988421
    0.044312     3.401059    12.217887     6.430026   153.691566    72.742299
    0.055306     3.335926    12.393200     6.630047   142.975781    72.509137
    0.533332     3.426308    12.327841     6.732900   143.858901    85.718691
    0.279389     3.445506    12.204662     6.592422   142.048962    73.781352
    0.282489     3.430557    12.553281     6.695929   142.034235    70.992284
    0.127265     3.425651    12.567516     6.616034   139.963519    74.701450
    0.211326     3.505126    12.860609     6.610477   140.979044    75.306898
    0.149963     3.469851    12.679590     6.589086   141.288231    73.597166
    0.246645     3.363543    12.663964     6.748928   140.859427    77.803985
   -0.134915     3.366281    12.645336     6.525736   143.068598    69.470912
    0.160797     3.500066    12.616496     6.472348   155.639313    64.909849
    0.287910     3.509400    12.748309     6.598024   146.762081    73.919683
    0.370399     3.451169    12.570306     6.667102   151.388544    67.959709
    0.209875     3.553608    12.762769     6.531430   142.223675    75.771229
   -0.225012     3.316145    12.378362     6.427773   149.276141    75.772050
    0.302914     3.437148    12.714309     6.642074   154.174444    68.462738
    0.122983     3.450024    12.282016     6.525115   140.329680    78.099325
    0.185176     3.509255    12.731974     6.490358   149.577963    80.187291
    0.256141     3.498378    12.324789     6.578847   140.617478    70.271735
    0.006835     3.358992    12.394078     6.493731   151.604468    77.244934
    0.301032     3.653091    12.364153     6.437734   140.120798    68.449066
    0.132479     3.440032    12.755692     6.590803   147.729176    67.836948
   -0.037397     3.281185    12.598353     6.643922   141.407004    80.874897
    0.216451     3.578938    12.418221     6.399526   145.269401    84.339539
    0.043712     3.426842    12.419076     6.520719   146.355131    67.935990
    0.120323     3.288843    12.316568     6.591679   155.120507    76.820095
    0.140099     3.518846    12.572273     6.571156   133.598331    74.164047
    0.279231     3.619825    12.763864     6.490537   142.076079    79.475911
    0.406329     3.756798    12.458952     6.353789   143.708678    73.212606
    0.335904     3.829864    12.763254     6.317838   133.419384    89.076302
    0.367283     3.446849    12.085227     6.605606   131.910769    89.812656
    0.142982     3.455092    12.196972     6.529616   140.845324    69.000438
    0.214676     3.527291    12.798886     6.529331   137.745682    97.901275
    0.059341     3.441696    12.682911     6.467566   153.751951    74.306985
    0.591232     3.451753    12.113335     6.579729   160.508489    66.905700
    0.063371     3.466315    12.697477     6.447350   149.449046    83.612509
    0.308567     3.380443    12.459343     6.588812   162.487119    70.765913
    0.102584     3.484295    12.667955     6.397983   156.469483    82.039585
    0.095305     3.494859    12.470970     6.357913   155.875811    81.289388
    0.353703     3.667704    12.504788     6.350760   155.189804    73.611886
   -0.069564     3.482788    12.719729     6.399068   144.333242    81.026961
    0.288314     3.471064    12.662689     6.617756   150.113168    68.903710
    0.113111     3.439935    12.565648     6.522926   150.167947    71.943413
   -0.117826     3.520474    12.568405     6.365510   137.897591    79.513515
    0.251285     3.590084    12.750600     6.482288   144.556452    80.459974
    0.243669     3.682919    12.298873     6.311685   141.998027    74.332049
   -0.116721     3.539641    12.548584     6.319455   142.700870    75.472706
    0.128051     3.691369    12.424790     6.216249   149.503522    73.300952
    0.071204     3.614329    12.440942     6.357906   134.440831    84.782804
    0.082543     3.570008    12.753641     6.455651   138.693628    77.139702
    0.336806     3.692320    12.631768     6.425337   144.018682    74.214974
    0.163934     3.556282    12.659817     6.531900   134.591024    79.158778
   -0.018164     3.594819    12.539634     6.310092   140.593900    81.400714
   -0.150701     3.412747    12.191455     6.397566   143.360081    68.885715
    0.096880     3.443345    12.293014     6.504404   143.368232    76.074456
    0.257444     3.499287    12.092681     6.436990   150.978285    62.480654
    0.206224     3.496558    12.787328     6.590108   148.426091    62.887597
    0.312713     3.572033    12.434906     6.452580   146.270774    86.155792
    0.012380     3.412983    12.463225     6.476294   149.021103    75.523238
    0.077627     3.320578    12.487121     6.642126   145.539353    75.672396
    0.386255     3.510154    12.753952     6.660408   146.688721    73.835136
    0.278608     3.368918    12.222418     6.673084   144.850470    69.933120
    0.328291     3.755623    12.492604     6.273453   151.590611    67.916568
   -0.145836     3.267890    12.326269     6.538554   139.997787    90.226706
   -0.007720     3.755891    12.683952     6.132850   141.408975    84.811057
    0.064463     3.569384    12.657333     6.451085   136.968582    75.676401
    0.146681     3.690589    12.787603     6.323263   141.568795    83.424115
   -0.001218     3.600236    12.610090     6.316374   139.060222    86.903210
   -0.110920     3.628682    12.635453     6.229262   145.244065    70.574364
    0.388019     3.801539    12.777184     6.368614   134.913430    91.220124
    0.013016     3.342903    12.654784     6.574052   149.132717    75.571024
   -0.027481     3.404950    12.567712     6.454772   152.606842    72.875091
    0.174059     3.531193    12.286248     6.444035   136.969339    89.407166
    0.237107     3.611008    12.485798     6.378269   146.477331    84.322101
    0.034456     3.472033    12.215540     6.414927   146.387798    68.849062
    0.052494     3.652988    12.515918     6.300367   139.393004    78.239894
   -0.110063     3.685065    12.743132     6.205369   138.365604    78.562262
    0.205614     3.466010    12.206686     6.507779   141.363707    81.958459
    0.401474     3.701023    12.335730     6.422575   135.245499    79.702444
   -0.102711     3.597393    12.662835     6.201098   150.957670    78.736098
    0.391875     3.741648    12.872427     6.426114   139.386623    91.353736
   -0.192948     3.657968    12.585881     6.171209   132.635125    88.889006
   -0.040103     3.719342    12.428245     6.121424   139.804009    84.021209
    0.006821     3.635601    12.725175     6.344509   133.821314    84.346079
    0.405532     3.747143    12.739906     6.377874   144.291541    87.533681
    0.403399     3.762810    12.596567     6.412152   134.766944    83.502244
    0.129595     3.481000    12.760895     6.577542   138.598688    78.897473
    0.112199     3.593097    12.522809     6.372872   141.632684    83.539935
    0.013464     3.525148    12.305648     6.404275   139.519309    72.873582
    0.278511     3.831309    12.625752     6.173507   151.474659    71.207560
    0.409892     3.697000    12.216886     6.327513   139.259233    86.579775
    0.376476     3.638486    12.459953     6.497417   131.890623    94.131654
    0.153983     3.714129    12.880148     6.330062   143.775789    74.219404
    0.091486     3.529596    12.806592     6.493433   144.040997    70.729688
    0.054814     3.370316    12.810212     6.641968   141.898953    76.216987
   -0.030730     3.533255    12.768316     6.429734   141.643553    70.100810
    0.119162     3.582716    12.377703     6.371106   146.105523    70.592429
    0.136321     3.619951    12.483724     6.373512   146.379764    65.393395
    0.322012     3.556262    12.546112     6.483543   157.601975    63.555134
    0.216308     3.607518    12.820553     6.522379   137.333554    75.236777
    0.075777     3.647854    12.626188     6.274996   149.157147    74.664310
    0.390881     3.688779    12.918570     6.523052   143.305034    73.239033
    0.181226     3.547506    12.307704     6.407047   148.710815    71.463942
    0.302765     3.685117    12.427082     6.389446   145.250586    64.835847
    0.320639     3.697533    12.645002     6.369078   152.923667    66.023230
    0.471883     3.661387    12.877918     6.579908   147.163966    70.079375
    0.134987     3.679355    12.539593     6.322415   141.730869    73.120341
    0.029200     3.425293    12.544824     6.452306   150.691638    80.581508
    0.285718     3.739037    12.610315     6.356367   141.458558    73.492481
    0.147720     3.586260    12.558652     6.463472   135.503909    80.918979
    0.142452     3.321968    12.494128     6.725738   139.702614    74.667551
    0.258235     3.579601    12.378373     6.459981   141.497076    80.270002
    0.361697     3.522195    12.686713     6.666060   134.939661    86.549425
    0.316769     3.365615    12.689000     6.810303   134.045444    87.996636
    0.383467     3.394190    12.512047     6.688074   159.099455    60.612149
    0.362825     3.384701    12.670354     6.862194   135.642719    69.225584
   -0.028829     3.411519    12.482431     6.534073   137.682213    78.310144
    0.104982     3.271966    12.465663     6.742263   138.276442    80.981829
    0.274235     3.443901    12.357772     6.618058   146.553419    68.271933
    0.207822     3.570092    12.551039     6.449204   149.897068    68.118993
    0.334932     3.426004    12.536059     6.733349   140.244948    73.618661
    0.071316     3.436081    12.671151     6.577613   137.981766    80.891111
    0.182780     3.555582    12.861699     6.516969   140.765202    82.144467
    0.224409     3.695242    12.530211     6.255593   152.950599    76.129090
    0.281401     3.612847    12.076091     6.360547   132.443972    84.009865
    0.032650     3.684096    12.410965     6.178319   149.132028    70.461660
    0.187349     3.708942    12.600128     6.228322   151.870852    79.503731
    0.194843     3.825693    12.522231     6.194541   139.037722    72.603271
    0.117081     3.723028    12.763228     6.231126   152.457574    68.403067
    0.233474     3.616891    12.472187     6.336509   152.529232    78.722344
    0.387709     3.841217    13.007748     6.360231   139.883381    83.940878
    0.359871     3.670830    12.380351     6.356803   150.032228    74.578721
   -0.039677     3.572677    12.338485     6.362875   126.208558    89.085891
    0.192998     3.721131    12.648671     6.280221   145.080712    79.514594
    0.188046     3.624238    12.626970     6.390669   141.262092    86.640914
    0.055766     3.547985    12.656201     6.303427   153.775091    86.366269
   -0.061159     3.581116    12.510417     6.271377   145.287624    77.876628
    0.287297     3.755934    12.444440     6.245758   145.207886    79.735720
    0.187052     3.665509    12.804497     6.408616   142.826228    71.627481
    0.152498     3.684328    12.483734     6.278342   140.955375    85.481366
    0.198434     3.839303    12.731613     6.228938   138.067435    74.603162
    0.323278     3.655816    12.782620     6.436332   146.349941    83.340144
    0.228480     3.753308    12.829236     6.296536   146.963497    75.359792
    0.714704     3.701522    12.274471     6.548379   139.930130    75.276350
    0.168379     3.487842    12.475619     6.417132   155.746892    79.557851
    0.423308     3.689090    12.824307     6.506339   142.483883    81.102038
    0.048545     3.558465    12.546329     6.391988   143.988029    74.328814
    0.145477     3.672043    12.418523     6.210751   148.109420    86.917070
    0.189512     3.573046    12.778949     6.562381   129.928048    84.073116
    0.003966     3.445122    12.423806     6.410110   151.024963    76.532206
    0.437647     3.692876    12.175102     6.380635   140.863297    65.872351
    0.464136     3.482308    12.483611     6.701006   143.363865    78.409834
    0.179154     3.625039    12.763885     6.447420   137.103639    83.132878
    0.012810     3.580349    12.515186     6.352214   140.263417    79.267495
    0.646651     3.714217    12.394197     6.467489   150.697303    74.450683
    0.217187     3.601860    12.277265     6.377968   139.740452    83.887751
   -0.159190     3.393251    12.363606     6.500080   135.273294    71.853567
    0.215890     3.529037    12.156259     6.432917   138.385250    84.092373
    0.086721     3.650872    12.521494     6.341094   140.156992    71.579499
   -0.037435     3.558810    12.827785     6.377299   140.940129    80.046144
    0.500993     3.563104    12.663863     6.685652   144.689217    69.823540
    0.122201     3.669845    12.409517     6.281827   133.337242    95.312874
    0.152854     3.693387    12.659077     6.265565   148.215832    79.475877
    0.365078     3.456048    12.356099     6.605486   152.072447    69.731047
    0.349198     3.431813    12.122303     6.639341   136.206404    78.341733
   -0.019822     3.608148    12.704951     6.333946   138.902920    79.866990
    0.104449     3.695886    12.398430     6.188461   152.017252    67.642393
    0.177281     3.401314    12.378191     6.531867   160.388216    58.515070
    0.246964     3.523067    12.306831     6.462639   149.554764    72.498213
    0.043262     3.565332    12.420369     6.349755   146.226505    72.218311
    0.044320     3.632757    12.752416     6.369652   141.078299    69.536541
    0.322212     3.425330    12.323897     6.695262   135.530543    81.231798
    0.204269     3.629731    12.555925     6.426344   141.641331    73.462318
   -0.064232     3.524103    12.867954     6.482442   129.692740    81.358858
    0.429008     3.391546    12.596761     6.813922   129.590384   103.969013
    0.018287     3.658521    12.772201     6.317697   139.698685    75.645363
    0.092880     3.592732    12.383388     6.313319   143.566405    84.970034
    0.157964     3.645400    12.791771     6.414576   136.319182    85.214339
    0.092977     3.666052    12.711377     6.292586   141.030541    88.599564
    0.318927     3.681233    12.662617     6.410417   145.380072    77.707429
    0.328881     3.552545    12.160674     6.403220   137.161722   102.271369
    0.122469     3.448342    12.483011     6.456514   152.074582    82.138510
   -0.215936     3.308341    12.687149     6.534114   141.283665    76.359129
    0.026899     3.364404    12.704087     6.620433   132.372672    96.729452
    0.061697     3.385834    12.483078     6.580046   143.847718    74.859259
    0.227322     3.403530    12.650105     6.681962   139.329003    84.494682
    0.070970     3.427008    12.541947     6.450910   156.259948    74.507863
    0.221296     3.614802    12.704673     6.380842   151.101944    79.873568
   -0.457641     3.461775    12.573977     6.221479   134.710262    87.958550
    0.029661     3.472510    12.472231     6.460802   136.542817    91.996057
   -0.022146     3.592427    12.209016     6.198363   142.739537    86.493672
    0.244399     3.453418    12.317359     6.559882   145.570457    77.244918
    0.204384     3.527678    12.595121     6.437143   158.297362    66.806170
    0.087636     3.395457    12.688479     6.580257   147.938488    74.275968
   -0.012241     3.413030    12.508350     6.471306   151.117690    69.470136
    0.344080     3.570695    12.685729     6.505004   155.376288    69.100011
   -0.095233     3.307735    12.218903     6.517256   144.600525    76.642440
    0.234020     3.501167    12.380727     6.498445   141.919601    89.594643
    0.158903     3.302921    12.200269     6.622921   151.215406    70.725936
    0.101412     3.413820    12.384998     6.527116   143.722002    84.031651
    0.259300     3.455171    12.702859     6.632260   141.277038    86.564492
    0.004058     3.522251    12.750089     6.369140   147.529994    84.273694
   -0.002647     3.408240    12.451636     6.432466   152.842779    77.518539
    0.257091     3.387180    12.198512     6.573912   149.805162    76.612817
    0.112290     3.371885    12.506554     6.612160   132.429208   103.537096
    0.248699     3.558586    12.515239     6.436883   149.378192    81.849538
    0.272176     3.396188    12.619825     6.665491   144.577450    86.891033
    0.277739     3.346998    12.353256     6.642451   150.592052    82.378391
    0.215144     3.382722    12.557289     6.595511   147.230470    92.805870
    0.167697     3.511429    12.726813     6.446555   152.956918    81.367645
    0.183567     3.432752    12.348183     6.525022   147.895090    80.463750
   -0.076776     3.326818    12.576460     6.513954   144.708269    89.867929
    0.045328     3.512673    12.516427     6.393870   145.441756    83.403875
    0.299783     3.444216    12.422537     6.606811   143.824305    85.791682
    0.071060     3.495942    12.561692     6.336683   158.330721    81.443300
    0.086646     3.325734    12.333332     6.537369   154.876404    77.165261
    0.280845     3.569582    12.704185     6.495569   149.451782    75.422204
    0.299771     3.608736    12.299306     6.344999   152.287309    77.252192
   -0.057646     3.357680    12.521175     6.542126   140.953265    81.965046
    0.153465     3.395784    12.156784     6.511126   139.842750    93.949220
    0.226507     3.450937    12.691555     6.644221   143.959382    71.489255
   -0.168673     3.315859    12.430240     6.508501   145.207998    73.164613
   -0.016835     3.360031    12.379535     6.547346   146.156660    69.410070
    0.066350     3.473815    12.747598     6.513457   147.283524    68.650517
   -0.116333     3.301774    12.375770     6.577667   137.048268    82.195221
    0.215280     3.542838    12.675117     6.556010   141.694891    70.427292
    0.163669     3.643677    12.883953     6.440977   135.220840    85.592804
   -0.077470     3.472884    12.355256     6.367440   142.412981    82.537197
    0.189940     3.542091    12.726912     6.519065   139.041439    85.295863
    0.080212     3.659618    12.837503     6.325983   142.750765    80.221751
    0.095456     3.456665    12.468838     6.480861   151.503577    68.917093
    0.015065     3.280882    12.553667     6.658831   143.096695    80.365782
    0.124821     3.410065    12.334649     6.598415   141.075986    71.485366
    0.137030     3.379916    12.533304     6.682847   140.404846    68.115755
    0.273884     3.468000    12.673212     6.575263   154.212843    71.094998
    0.171020     3.428909    12.538050     6.640724   135.547493    82.592313
    0.168445     3.448022    12.175578     6.490776   135.804981    95.172388
    0.149085     3.430045    12.474627     6.526501   154.920431    64.999887
    0.174782     3.449049    12.901793     6.614243   139.946639    90.382892
    0.097257     3.500524    12.630890     6.511087   140.365084    77.991586
    0.162743     3.433927    12.633967     6.664760   133.817116    79.543682
    0.148752     3.424842    12.480216     6.532387   147.441815    82.853502
   -0.004789     3.341622    12.332065     6.458332   152.422673    85.485071
    0.027895     3.504530    12.397219     6.401261   134.942571    97.588302
   -0.089714     3.552675    12.579080     6.290698   148.227919    72.795364
   -0.062965     3.550292    12.389860     6.256176   143.578174    89.496774
    0.017829     3.539619    12.375580     6.271366   161.454500    59.346517
    0.266547     3.592576    12.134913     6.278122   154.507265    72.807997
   -0.055577     3.475719    12.250148     6.327123   149.441110    73.977999
    0.148291     3.535126    12.485309     6.353265   154.792366    81.825311
    0.028928     3.576149    12.681044     6.348841   147.729985    74.040687
   -0.009737     3.540026    12.682666     6.381503   151.780082    59.684305
    0.014955     3.598919    12.421063     6.238863   145.556282    88.383669
   -0.258689     3.294485    12.470294     6.468844   148.862115    68.963713
    0.104719     3.526482    12.423519     6.422978   140.805439    86.814975
    0.025615     3.516321    12.680064     6.475548   138.225906    76.879533
    0.201898     3.454579    12.289797     6.585192   144.947708    59.936216
   -0.105260     3.551757    12.478002     6.333433   140.424862    71.547540
    0.008444     3.496705    12.406707     6.411200   137.837009    89.160212
    0.086553     3.630683    12.384103     6.291654   140.098063    84.695444
    0.025336     3.671524    12.596590     6.301686   138.252636    72.906180
    0.244007     3.605875    12.288184     6.420220   140.683498    73.644851
    0.356738     3.615462    12.199268     6.412852   142.618147    75.740871
    0.053753     3.511739    12.311545     6.436332   138.316110    78.261232
    0.150822     3.622106    12.577558     6.408835   135.536603    85.887577
    0.206290     3.615314    12.262512     6.293630   149.034508    78.676490
    0.218483     3.523669    12.230951     6.455910   142.964367    78.054460
    0.211401     3.659682    12.391502     6.370357   144.836035    61.685417
    0.120806     3.401488    12.275282     6.526871   143.737879    84.345215
    0.435781     3.699191    12.607319     6.423297   148.136435    79.480309
    0.091845     3.656735    12.473356     6.280417   148.814354    65.563168
   -0.132427     3.549618    12.440706     6.310881   139.759712    73.967329
   -0.130280     3.535193    12.511582     6.279296   148.736793    71.010245
    0.097863     3.453216    12.541019     6.480731   152.201302    71.729517
   -0.042212     3.462419    12.848715     6.449721   148.457028    72.702655
    0.270380     3.256211    12.589974     6.818656   150.344641    70.643155
    0.253333     3.473850    12.610672     6.663304   132.605913    85.065266
    0.104186     3.435327    12.516100     6.549105   145.748312    72.768543
    0.091702     3.291531    12.188845     6.632215   147.044770    69.788539
    0.287295     3.499615    12.768098     6.661321   140.121823    73.677227
    0.093946     3.297028    12.467888     6.695557   143.590635    73.400225
    0.057190     3.420340    12.457536     6.484791   150.418836    74.836105
    0.190376     3.561930    12.232840     6.391655   140.250704    84.463699
    0.060206     3.600159    12.302826     6.275619   153.140594    58.823869
   -0.010699     3.421465    12.297441     6.436378   146.311280    78.515548
    0.251932     3.671384    12.504173     6.329887   148.386413    76.985377
   -0.094749     3.612242    12.295393     6.197837   138.178232    85.382938
    0.333968     3.621309    12.355043     6.319159   158.047446    76.555592
    0.010415     3.367734    12.090280     6.418051   151.651525    75.701969
    0.225319     3.465176    12.415538     6.576684   145.084965    73.165042
   -0.226525     3.591217    12.582059     6.186330   146.825880    69.533634
   -0.009107     3.600164    12.463890     6.287664   138.051691    89.291652
    0.287176     3.415531    12.422588     6.703330   135.019398    83.636283
    0.026410     3.564947    12.673934     6.419963   134.052607    86.515863
    0.404125     3.587989    12.749061     6.584651   146.725804    73.945519
    0.202184     3.525288    12.367165     6.466976   148.419204    70.587671
    0.111537     3.583858    12.277326     6.342932   146.341769    68.272217
    0.032755     3.509868    12.493215     6.480680   134.627728    80.311889
    0.050125     3.424256    12.587446     6.594924   132.958672    83.830120
    0.491614     3.707929    12.846300     6.538783   144.404605    75.075900
    0.275660     3.489238    12.687711     6.655137   136.062203    82.349616
   -0.025158     3.618302    12.634988     6.379238   134.718820    68.131478
    0.081771     3.430841    12.403095     6.597775   130.919272    83.295364
    0.120111     3.433891    12.369544     6.645983   133.599131    64.818139
    0.193483     3.602332    12.942231     6.443838   153.373035    65.914382
    0.717033     3.682136    12.713666     6.630655   152.251783    73.667609
   -0.090228     3.641756    12.284475     6.089155   152.054274    74.160331
    0.089438     3.679298    12.507152     6.181921   155.499796    72.105979
   -0.073700     3.438010    12.539241     6.407044   151.905152    68.895362
    0.142008     3.527929    12.314281     6.428110   145.222391    74.542164
    0.110371     3.535267    12.218670     6.343920   149.680419    72.087610
    0.220895     3.714486    12.775679     6.325983   149.735048    69.095691
   -0.263003     3.452090    12.665137     6.281220   149.370673    77.918691
    0.319584     3.471816    12.377815     6.565965   146.887801    82.521985
   -0.041974     3.564039    12.207016     6.192242   152.535674    72.811351
    0.058887     3.500350    12.452251     6.364213   154.631196    73.894938
    0.715064     3.623256    12.200011     6.538691   150.550589    72.573497
    0.011192     3.581919    12.706356     6.343142   143.669089    80.814790
    0.232171     3.566070    12.637882     6.476870   143.121799    84.833156
    0.140686     3.410192    12.309179     6.611348   138.331285    74.600548
   -0.021071     3.659836    12.589665     6.207763   138.828953    94.228335
   -0.244105     3.597325    12.517449     6.126494   149.182337    73.751043
    0.023221     3.565232    12.728492     6.324348   152.906728    73.762127
    0.222521     3.818546    12.783661     6.199112   155.656959    58.083052
    0.048144     3.642951    12.492792     6.218250   153.709175    70.540466
   -0.068340     3.561263    12.435055     6.243192   150.529434    75.645224
    0.066525     3.611924    12.259710     6.240178   138.685010    94.822251
   -0.123148     3.471192    12.548505     6.306183   152.033097    78.953888
    0.077736     3.620549    12.554707     6.289524   143.923029    88.307038
    0.083075     3.469794    12.183020     6.418713   140.932448    85.581030
    0.112211     3.435601    12.592556     6.593412   140.028152    76.400303
    0.080726     3.648231    12.599038     6.248064   147.207021    86.231857
    0.142737     3.615842    12.512863     6.333659   148.007684    77.485876
   -0.080370     3.654809    12.452106     6.111638   147.505089    86.716062
    0.303550     3.642020    12.563043     6.389823   152.182089    73.253752
    0.035664     3.650114    12.465545     6.252595   146.881787    70.419517
    0.195795     3.489240    12.499897     6.531200   147.108473    73.071134
    0.009730     3.644019    12.170867     6.110030   151.398078    73.822512
    0.131160     3.693911    12.628320     6.282977   142.537832    81.675475
    0.298597     3.578224    12.330802     6.400627   154.938662    68.443754
    0.229171     3.656755    12.586397     6.438089   136.563034    77.620339
    0.369060     3.556172    12.439523     6.575519   144.767522    69.604016
    0.207214     3.587228    12.274200     6.373150   145.633703    75.599074
    0.069484     3.619437    12.293695     6.253419   145.277292    78.217887
    0.143988     3.733860    12.601732     6.240807   142.906782    80.221670
    0.067722     3.518769    12.425940     6.428124   143.341094    76.829964
    0.170853     3.716731    12.459200     6.215262   147.239715    79.441148
    0.139841     3.521232    12.327238     6.408477   149.848493    72.068226
    0.018571     3.740775    12.677557     6.077962   156.772106    75.350905
    0.078322     3.722883    12.470475     6.176357   154.885807    54.627728
   -0.147928     3.629529    12.678570     6.096152   154.880071    82.250887
   -0.225299     3.569234    12.760457     6.160735   153.401088    76.003964
   -0.197495     3.667780    12.670844     6.043015   154.812287    76.086357
   -0.129961     3.707284    12.497991     6.084595   146.784427    72.313675
    0.126710     3.760344    12.731252     6.187504   151.201181    71.680148
   -0.012474     3.652087    12.514542     6.148392   154.044414    77.386702
    0.189757     3.634392    12.384943     6.274931   159.361480    59.970394
    0.189376     3.618263    12.545188     6.287490   160.944881    68.862046
    0.062466     3.489709    12.495707     6.416492   150.061899    75.877503
    0.136128     3.674624    12.376093     6.262340   139.138790    86.996696
    0.156994     3.705209    12.421101     6.255193   139.906326    83.449227
    0.205675     3.641048    12.563684     6.286278   158.884789    70.409009
    0.062320     3.408491    12.152658     6.471876   145.888002    74.021745
    0.306992     3.399114    12.422001     6.680877   147.403045    71.105471
    0.247163     3.520475    12.354511     6.449515   154.175048    69.507667
    0.095201     3.363559    12.392983     6.564466   149.582801    74.763222
    0.354840     3.412395    12.111284     6.609362   143.636458    77.519603
    0.501019     3.449252    12.137821     6.601913   153.988422    67.412259
   -0.060250     3.544262    12.399435     6.306027   144.069625    77.943607
    0.244503     3.362291    12.069971     6.602604   143.540754    75.381725
    0.306660     3.564763    12.257143     6.454058   144.668778    76.902307
    0.065748     3.602299    12.684913     6.384465   143.184530    71.918376
    0.017591     3.543117    12.372572     6.402498   129.110826    93.781792
   -0.157725     3.411112    12.548674     6.398679   143.145125    85.629843
    0.238883     3.462884    12.429328     6.564814   148.943704    70.990656
    0.222411     3.491814    12.423471     6.503198   154.107454    63.711315
   -0.033130     3.325417    12.275396     6.499938   150.005145    76.994638
    0.052411     3.495472    12.717953     6.464316   144.453839    79.249512
    0.148074     3.427527    12.352222     6.562734   150.185188    59.200822
    0.131761     3.510603    12.450621     6.444148   148.821596    74.110348
    0.009620     3.603312    12.616454     6.273186   150.895674    73.928976
   -0.146509     3.648665    12.654501     6.106626   152.992136    76.460979
    0.144823     3.665194    12.671872     6.289393   151.612932    73.373468
    0.072565     3.472269    12.482639     6.490380   137.116813    90.232332
    0.226704     3.670808    12.910960     6.405526   144.161968    80.666208
    0.153740     3.623846    12.546961     6.335198   146.906329    80.438725
    0.296808     3.663903    12.266297     6.344210   145.082552    70.098481
    0.265182     3.606428    12.221932     6.265627   147.032803    97.377901
    0.072030     3.596921    12.671885     6.403439   141.918041    71.553156
    0.158679     3.432013    12.366898     6.614287   139.609533    70.451743
    0.141884     3.290299    12.188479     6.621746   150.522643    73.182425
    0.160759     3.500665    12.369186     6.516237   142.860299    70.990385
    0.261713     3.399211    11.991615     6.567265   139.654222    72.975898
    0.161523     3.448793    12.174851     6.439540   151.506364    74.015689
    0.213639     3.386327    12.453819     6.659592   143.994396    75.352595
    0.024619     3.562974    12.485557     6.340088   143.292250    82.394312
    0.193166     3.524940    12.438084     6.433374   152.163374    74.005568
   -0.154313     3.428178    12.145971     6.293434   152.239550    68.979780
    0.002909     3.459864    12.567814     6.434900   153.588395    64.024458
    0.170939     3.461422    12.188994     6.467153   142.948562    84.357347
   -0.134353     3.450766    12.701080     6.369754   154.971657    63.251153
    0.124026     3.530943    12.663927     6.390964   157.503311    70.064858
    0.021114     3.499166    12.122731     6.324589   147.715083    71.245126
    0.253228     3.572262    12.604526     6.368669   160.837265    75.357461
    0.140507     3.583372    12.619214     6.333313   157.832534    69.923520
    0.025857     3.403019    12.412452     6.531596   145.574561    70.812711
    0.310062     3.594969    12.360548     6.413477   150.502336    74.293049
    0.042433     3.377791    12.554356     6.544797   144.027766    86.377050
    0.233665     3.602664    12.412266     6.335327   154.618137    75.033577
   -0.051076     3.489463    12.315826     6.359820   148.082348    68.351120
    0.107429     3.636808    12.227794     6.263188   141.015492    78.383666
    0.334417     3.427391    12.375332     6.608668   150.939857    77.006253
   -0.273630     3.390487    12.314601     6.291628   151.085085    76.094431
    0.001053     3.500882    12.457028     6.356976   148.356722    80.957826
   -0.089215     3.520403    12.353889     6.249458   150.980185    78.425872
   -0.135332     3.625856    12.464470     6.111760   149.014015    84.588077
   -0.024106     3.510301    12.347069     6.315383   149.289140    77.617137
    0.147681     3.483357    12.628169     6.431283   158.638627    73.705510
    0.239468     3.593355    12.145134     6.234078   157.979502    73.676792
   -0.146066     3.537283    12.510283     6.205559   151.701430    81.639741
    0.153134     3.437939    12.364025     6.448308   156.242225    76.732809
    0.151308     3.705453    12.473334     6.178326   157.335060    67.911423
   -0.125597     3.513577    12.581037     6.263589   152.808171    76.586531
   -0.197294     3.351110    12.693902     6.494303   144.181212    71.550793
    0.117971     3.608514    12.432001     6.309561   144.790164    85.121888
    0.021267     3.689440    12.589596     6.212586   147.818893    70.318158
    0.061710     3.629669    12.596135     6.342036   140.220740    77.693466
    0.016264     3.662759    12.300443     6.217023   136.801057    83.286085
    0.327821     3.351720    12.333603     6.719812   146.075117    75.443398
    0.326835     3.541488    12.781396     6.658171   132.070269    86.891305
    0.151566     3.522022    12.497851     6.386605   162.032702    60.155720
    0.093803     3.610784    12.375586     6.263233   149.319673    79.430303
    0.124828     3.585063    12.533238     6.323724   152.304909    78.384281
    0.259408     3.793702    12.446176     6.165165   149.851166    73.612820
    0.031405     3.647229    12.365473     6.129990   157.671570    73.481733
    0.090476     3.754858    12.553011     6.152587   146.152752    78.838802
    0.069053     3.505031    12.426675     6.347353   153.889893    79.171177
    0.399319     3.819673    12.605792     6.165627   161.794510    73.345245
    0.020886     3.600758    12.459768     6.241395   155.293894    68.006251
    0.054359     3.648786    12.416177     6.217464   146.658822    81.453956
    0.042659     3.644482    12.528976     6.289272   143.735189    73.653661
    0.348386     3.572115    12.472316     6.412980   160.768886    71.321442
    0.289394     3.758372    12.372999     6.170180   152.581794    76.967877
    0.137336     3.606652    12.340881     6.308481   141.701242    89.588024
   -0.047919     3.612093    12.492849     6.213914   151.899138    70.079266
    0.009158     3.574859    12.524138     6.337670   143.723237    77.313547
    0.210574     3.714707    12.570073     6.258199   149.946099    75.719715
    0.219802     3.629349    12.433721     6.265268   158.157991    76.272246
   -0.004824     3.574048    12.588527     6.239177   159.629685    69.176200
   -0.120493     3.575362    12.318205     6.112044   159.310202    71.307535
    0.109159     3.609504    12.363328     6.316164   144.548394    77.763060
   -0.014295     3.508031    12.759609     6.364575   153.817058    72.816815
    0.215170     3.482245    12.356137     6.572921   141.001658    72.672825
    0.251533     3.723905    12.515316     6.251892   148.015695    82.279340
    0.033745     3.633033    12.286273     6.193035   147.361721    79.106113
    0.060629     3.508195    12.095670     6.352488   142.803937    74.137762
    0.180695     3.481696    12.238695     6.375217   161.248963    66.027613
    0.218709     3.531664    12.742298     6.506696   150.708379    71.859746
   -0.049058     3.536623    12.097696     6.199832   148.409492    78.026156
   -0.167507     3.558028    12.671418     6.227722   152.651017    68.783702
    0.116545     3.329866    12.286732     6.592557   145.915650    82.919154
   -0.040728     3.479221    12.009103     6.237831   149.340807    76.735158
   -0.102679     3.605093    12.612635     6.182827   155.625185    68.613508
    0.430432     3.676757    12.723111     6.427455   157.034855    70.984578
    0.109590     3.647846    12.545250     6.245424   154.401278    72.909372
    0.294469     3.583140    12.333960     6.374452   154.010987    75.993359
    0.036571     3.486024    12.400811     6.384187   152.249675    72.280817
    0.117810     3.474351    12.385971     6.399745   160.312038    64.428815
   -0.021970     3.654915    12.718469     6.260129   142.787854    77.550961
   -0.139731     3.579582    12.590063     6.215107   150.985695    71.106757
   -0.039583     3.537134    12.339397     6.247330   149.449912    84.020362
    0.167540     3.740184    12.646563     6.170735   153.481413    80.917268
    0.204392     3.723997    12.700965     6.243907   155.787656    69.292492
   -0.195187     3.615869    12.445159     6.136562   142.881819    83.757247
   -0.012464     3.675438    12.522266     6.100151   161.343639    66.355882
   -0.123108     3.599917    12.423132     6.169441   152.788342    68.291311
    0.307463     3.585032    12.527923     6.426502   152.141632    80.385913
    0.015938     3.362585    12.428304     6.489294   157.349407    66.728817
    0.307716     3.537255    12.491622     6.441865   157.549511    76.657244
    0.062773     3.630021    12.364773     6.258052   139.895547    89.237408
    0.348842     3.736575    12.365166     6.292549   146.106879    74.427567
   -0.003353     3.687495    12.464398     6.112427   150.461824    82.303489
    0.185408     3.690269    12.655325     6.385980   133.974922    82.456368
    0.215432     3.767886    12.791041     6.289956   140.374713    82.744874
    0.203175     3.696997    12.512972     6.271181   149.115524    75.318217
    0.222181     3.599690    12.581873     6.439953   141.559907    83.980358
    0.234632     3.713709    12.373417     6.228684   147.961972    78.794057
   -0.144558     3.646038    12.440167     6.088859   144.395834    91.497646
    0.401358     3.525219    12.655653     6.757866   129.274531    74.936363
   -0.180646     3.601690    12.432075     6.163045   143.949175    80.541143
    0.389038     3.700816    12.450212     6.267428   158.640737    79.089965
   -0.192465     3.605181    12.498602     6.183121   143.692538    75.421255
   -0.143203     3.611872    12.649709     6.181557   148.074523    78.562583
   -0.187523     3.486352    12.213470     6.287668   137.934041    83.236837
    0.235366     3.746162    12.528444     6.225526   154.926293    63.753896
   -0.080111     3.520621    12.558999     6.207941   164.932274    68.679354
    0.285111     3.750029    12.577844     6.192069   161.073712    69.700598
    0.192088     3.598504    12.517958     6.326110   147.753395    93.796129
    0.110090     3.664524    12.718307     6.254799   147.948657    88.058979
   -0.082814     3.602271    12.789778     6.241562   147.414150    81.846686
    0.142364     3.637712    12.505655     6.296328   149.366766    77.096613
   -0.037938     3.570486    12.498426     6.266664   153.528037    67.046545
   -0.060138     3.617974    12.554251     6.229252   150.015585    68.820730
    0.036801     3.784767    12.507983     6.007019   157.782698    70.875749
    0.131194     3.613073    12.306793     6.267772   147.870503    81.432187
    0.056389     3.596029    12.288211     6.227623   155.502708    67.112162
    0.008379     3.681300    12.469260     6.188445   148.446251    69.825632
    0.234731     3.703101    12.552087     6.236202   155.626839    75.805491
    0.007301     3.606753    12.205937     6.202653   146.577074    76.075260
    0.152118     3.554581    12.546586     6.358355   157.941735    70.430619
   -0.236149     3.621461    12.500035     6.127032   139.532131    87.602610
   -0.095363     3.745245    12.795662     6.090381   144.080378    84.491594
   -0.110471     3.488447    12.041975     6.228526   144.334511    81.087160
    0.216513     3.619859    12.237787     6.252430   154.250978    75.254673
    0.446384     3.722949    12.513734     6.355927   156.468494    66.190482
   -0.156752     3.555666    12.286711     6.124172   155.069413    76.664869
    0.075021     3.494874    12.339803     6.414174   148.344309    73.062235
    0.292801     3.746688    12.397983     6.188345   154.426125    74.754530
    0.217367     3.600569    12.319446     6.296136   160.264147    62.849663
    0.230301     3.630600    12.744198     6.348456   161.626237    62.994737
    0.242709     3.685391    12.347810     6.206228   157.786702    71.045978
   -0.095274     3.562986    12.806554     6.269609   154.748326    67.915717
    0.307122     3.555795    12.308132     6.457710   148.890684    74.135264
    0.060418     3.689967    12.850748     6.245397   151.167027    71.971450
   -0.031828     3.545601    12.816563     6.364410   144.016540    81.945535
   -0.146347     3.584886    12.583108     6.202424   149.425099    75.201124
    0.080977     3.620011    12.591143     6.303403   159.312197    50.156091
    0.067114     3.740598    12.742780     6.173816   148.124232    79.303874
    0.133629     3.530227    12.396585     6.410576   149.298040    73.417854
   -0.175392     3.650287    12.373551     6.072213   145.937087    82.414982
    0.234077     3.533693    12.182833     6.346505   153.309433    78.540095
   -0.154587     3.524732    12.525407     6.297369   143.183528    78.239535
   -0.031143     3.578123    12.688839     6.278366   151.464951    75.075972
    0.327879     3.541447    12.406824     6.410551   166.965348    58.340523
    0.030707     3.622772    12.382147     6.260625   145.483479    74.913416
   -0.125550     3.427621    12.566056     6.338858   161.535389    61.145804
   -0.019157     3.519089    12.155538     6.291809   145.205132    76.473560
    0.281257     3.409210    12.422466     6.637881   148.381693    74.283552
   -0.087610     3.419065    12.148622     6.381914   143.764775    77.351859
    0.116317     3.294876    11.996705     6.571085   142.223162    83.010109
    0.085593     3.379836    12.367474     6.524568   145.504649    87.387789
    0.016384     3.542851    12.602959     6.316254   151.167615    81.233120
    0.472238     3.802065    12.316455     6.150752   157.364318    77.115006
    0.149195     3.538455    12.694644     6.455998   148.223139    75.806307
    0.062655     3.524655    12.247700     6.277778   157.205310    71.300612
    0.037368     3.556994    12.779765     6.323288   157.749398    70.227345
    0.118092     3.612549    12.535087     6.276145   151.470466    83.577679
    0.086101     3.551508    12.286813     6.324504   149.276302    74.994402
    0.448281     3.388668    11.980082     6.563631   153.147170    71.736533
    0.147276     3.413172    12.145727     6.509955   145.641654    74.415415
    0.551140     3.494220    12.069874     6.603174   144.041148    71.306540
    0.232195     3.501362    12.496012     6.530541   145.202216    79.684849
    0.276667     3.453856    12.863543     6.649718   150.070973    72.662086
   -0.234923     3.442139    12.820990     6.315039   155.837146    66.260770
    0.041838     3.409420    12.554621     6.522837   144.582428    81.642898
    0.289401     3.574614    12.739197     6.550009   139.737067    82.651474
    0.259997     3.614223    12.321179     6.321680   155.129963    70.738999
   -0.043969     3.486121    12.493789     6.363028   148.777759    77.019117
    0.048315     3.332972    12.307581     6.598701   144.123307    74.623611
   -0.008771     3.478336    12.699348     6.521103   132.892724    81.806715
    0.005861     3.341010    12.415387     6.454501   158.617025    78.243043
    0.044956     3.282171    12.367717     6.725904   130.626040    84.400147
    0.345741     3.656293    12.465642     6.427419   142.162207    82.138998
    0.137565     3.423933    12.221513     6.570643   141.222405    67.859442
    0.298756     3.456511    12.141903     6.533122   148.780575    67.827789
    0.279463     3.527303    12.723513     6.616503   136.186210    83.539203
    0.037397     3.343535    12.535306     6.570448   149.714525    75.049172
   -0.102408     3.420251    12.780250     6.467485   146.182409    72.694774
   -0.046350     3.511003    12.359222     6.366350   147.561736    63.454156
    0.274906     3.503960    11.997870     6.440704   144.138335    62.966874
    0.497633     3.365805    12.412390     6.809817   147.014017    75.469924
    0.150967     3.626788    12.475938     6.352516   146.281010    71.813391
    0.150272     3.327028    12.454968     6.732982   134.700186    81.571723
    0.201188     3.386104    12.476519     6.626419   145.556587    80.591293
    0.137025     3.444235    12.150453     6.488938   144.041297    72.406353
    0.225199     3.563735    12.648022     6.496351   146.646085    70.987988
   -0.124948     3.313394    12.075123     6.450126   148.602092    69.396563
    0.155930     3.355353    12.061495     6.601380   139.591622    72.255952
    0.059361     3.398338    12.557935     6.506460   156.346463    65.625429
    0.030420     3.404449    12.405159     6.526930   150.515288    59.694450
    0.058349     3.454434    12.200863     6.496878   137.062699    74.265302
   -0.054063     3.435940    12.334941     6.438457   139.323500    83.932666
    0.178225     3.452550    12.590203     6.593213   145.204449    70.871280
    0.325023     3.439863    12.176953     6.505632   158.291878    66.407442
   -0.141418     3.426510    12.558431     6.349864   153.728053    73.878092
    0.294649     3.499863    12.707528     6.603683   147.111614    73.939055
   -0.242460     3.427759    12.324408     6.309745   149.065513    69.359447
    0.026262     3.657619    12.282772     6.124047   150.562733    80.582154
    0.195534     3.574569    12.380791     6.399885   143.106785    84.724596
   -0.051148     3.631668    12.729598     6.201785   152.752196    74.993998
    0.113663     3.491033    12.169340     6.370595   149.729846    75.516078
   -0.246152     3.444835    12.533619     6.202270   160.782005    75.055647
   -0.100006     3.464184    12.385247     6.364770   146.708902    74.248469
   -0.017748     3.441700    12.236508     6.412783   143.691193    79.345262
   -0.119567     3.437885    12.438309     6.364078   146.626312    81.898670
   -0.031402     3.598010    12.320750     6.212306   148.360931    75.991252
   -0.175753     3.530915    12.456109     6.175779   156.115512    74.518533
    0.379939     3.609445    12.343139     6.424413   148.753864    79.976649
    0.250258     3.664197    12.674320     6.321777   154.666787    76.227536
    0.338713     3.537033    12.162009     6.394200   158.011141    65.626840
    0.158186     3.572006    12.683333     6.408873   152.450022    70.105569
    0.244336     3.689047    12.525088     6.259200   156.132155    72.787524
   -0.183960     3.642129    12.192414     6.032775   145.177290    82.451333
   -0.081013     3.431383    12.432653     6.330798   158.501722    71.841247
    0.354326     3.763525    12.471416     6.219819   157.151455    69.963030
    0.134382     3.607347    12.465019     6.377462   135.843672    90.510875
    0.139848     3.738308    12.626121     6.149976   157.247955    72.697749
    0.090553     3.641950    12.540731     6.212899   156.908645    74.741003
    0.226547     3.513124    12.225936     6.464030   150.361200    62.002450
    0.097190     3.695892    12.573585     6.287532   140.480185    75.432128
   -0.031594     3.610075    12.496446     6.187361   158.284319    66.177122
   -0.062108     3.620159    12.506684     6.190928   150.732036    74.917322
    0.092063     3.671880    12.650018     6.256243   151.820957    69.822732
   -0.018579     3.599988    12.765721     6.305682   149.839629    68.704671
   -0.187908     3.485869    12.260744     6.140849   162.089952    71.920902
    0.354931     3.835848    12.613992     6.149251   155.542916    79.935583
    0.160235     3.703107    12.457163     6.210616   152.347821    71.811692
    0.102159     3.653136    12.236729     6.239447   139.497812    82.420795
    0.054434     3.477604    12.778797     6.464761   146.515325    82.981832
    0.111972     3.445552    12.240498     6.455530   146.025285    81.407647
    0.302464     3.626754    12.376792     6.392431   146.238009    79.265370
   -0.047414     3.578929    12.162333     6.174480   147.550907    78.899082
    0.228603     3.516801    12.092192     6.456643   130.978874    90.549763
    0.094786     3.553653    12.295206     6.320116   151.789919    71.590860
    0.413966     3.461927    12.574841     6.740373   136.559393    84.237315
    0.305438     3.370370    12.449365     6.788206   135.769649    74.748089
    0.089900     3.656015    12.884623     6.349957   149.552475    62.501553
    0.143020     3.779568    12.576335     6.159478   150.447704    68.797103
    0.013186     3.800017    12.979610     6.078763   153.987690    76.163074
   -0.062279     3.695133    12.448482     6.112548   147.666364    75.199414
    0.021912     3.640263    12.439565     6.174896   157.696719    66.642795
    0.180787     3.659511    12.378565     6.263877   151.379538    72.013892
   -0.105658     3.637154    12.263405     6.109033   146.829298    78.041082
   -0.055718     3.574958    12.311174     6.199391   145.922996    87.993358
    0.478064     3.637471    12.343173     6.423403   154.876907    71.498777
    0.161526     3.541861    12.341717     6.431833   140.474755    84.408391
    0.460040     3.527687    12.690115     6.794405   129.474913    75.325231
    0.197645     3.686319    12.599520     6.322149   141.590417    85.264256
    0.101283     3.694959    12.832365     6.277975   144.997618    81.429511
    0.080800     3.655186    12.544041     6.262888   148.708881    73.661878
    0.101216     3.699884    12.502132     6.223603   149.874800    67.795618
    0.212650     3.840513    12.715906     6.169045   144.349310    79.723801
    0.239040     3.611732    12.683837     6.359050   157.503443    74.600357
    0.223494     3.735282    12.465040     6.197165   152.424540    75.278560
    0.023851     3.621992    12.671180     6.197347   162.339275    67.924642
    0.196857     3.687842    12.513095     6.329075   140.908930    79.449311
    0.159049     3.764761    12.899545     6.198530   155.143448    72.861959
    0.437308     3.846466    12.532063     6.131993   159.141718    79.833497
   -0.103347     3.614546    12.294153     6.190258   138.475410    84.580039
    0.150549     3.536258    12.674364     6.470477   149.434666    68.772757
    0.016888     3.495399    12.263314     6.272896   163.404946    61.081373
    0.038830     3.692461    12.808026     6.224626   147.830601    79.049230
   -0.181080     3.643017    12.465421     6.178929   135.851276    81.245811
    0.180877     3.624398    12.290053     6.266208   145.907867    88.356066
    0.115377     3.591488    12.521156     6.316253   146.944707    88.250253
    0.140032     3.754792    12.621877     6.156714   154.052875    72.306522
    0.144723     3.619056    12.358026     6.292633   151.127337    71.226573
   -0.066753     3.474176    12.798335     6.440212   144.865313    73.506255
    0.036083     3.631641    12.643782     6.260902   152.142228    71.012161
    0.180131     3.419972    12.286862     6.491679   148.865163    86.542940
    0.293141     3.730575    12.428386     6.351290   135.290581    80.007366
    0.057017     3.674333    12.372511     6.135950   153.770701    76.287542
   -0.034057     3.478149    12.557303     6.365242   149.254605    81.822762
    0.218018     3.853353    12.335619     6.043709   141.861772    85.296988
    0.047655     3.655472    12.755206     6.234747   153.734633    74.090145
    0.015848     3.693006    12.637561     6.170907   149.349746    79.150551
    0.346991     3.679338    12.425337     6.311507   154.936939    74.253387
   -0.022100     3.713823    12.722675     6.215874   137.622788    82.413340
    0.003069     3.818491    12.464587     6.001651   148.562810    72.686052
    0.097937     3.629330    12.621254     6.310629   146.995585    79.166367
   -0.198008     3.645781    12.400379     6.104231   144.902720    75.205008
    0.174867     3.614979    12.613422     6.374149   148.185777    76.058202
    0.130638     3.538562    12.161117     6.386390   143.005923    71.064995
    0.514442     3.704146    12.338585     6.399446   149.170636    73.238132
    0.075714     3.723528    12.824927     6.203129   148.022340    82.230283
    0.497034     3.818977    12.662781     6.335688   146.307576    82.178856
    0.185228     3.663365    12.480075     6.268538   152.090088    75.613804
    0.316402     3.772685    12.503159     6.172173   152.126117    88.062341
    0.017183     3.706769    12.742082     6.176856   153.981485    67.209414
    0.052573     3.481732    12.566425     6.434239   153.855663    65.237619
    0.201387     3.648511    12.739092     6.409908   141.768351    79.139054
    0.167884     3.657994    12.566442     6.225880   159.062586    75.266788
    0.378007     3.683664    12.243777     6.229810   158.606942    73.068869
    0.016942     3.714509    12.691861     6.105962   156.248413    77.767885
    0.076825     3.654173    12.662295     6.259998   146.068597    85.698135
    0.189967     3.704503    12.693389     6.331143   140.324125    82.609085
    0.153420     3.512971    12.490200     6.399499   157.801882    69.901594
   -0.025765     3.617399    12.658151     6.195469   154.620168    78.734790
    0.212592     3.700459    12.418764     6.199999   154.605700    76.240108
   -0.050667     3.563203    12.760403     6.273846   151.673424    80.106409
    0.055403     3.672756    12.340754     6.135521   156.155856    68.480945
    0.477460     3.715807    12.371187     6.293277   158.241897    74.558285
   -0.071419     3.688020    12.424153     6.096810   148.107219    78.049155
    0.085304     3.535175    12.371803     6.383652   146.830919    75.613482
    0.007343     3.582506    12.300293     6.171590   161.076040    67.142361
    0.128701     3.714868    12.204159     6.098819   149.970228    75.575515
    0.219725     3.668150    12.655751     6.320043   145.243103    90.473591
    0.197540     3.705892    12.727712     6.250991   153.295111    79.440413
    0.463103     3.606338    12.190423     6.440745   142.840450    85.515097
    0.109546     3.694874    12.664993     6.234919   151.583753    72.709028
   -0.080301     3.495631    12.349720     6.284283   153.798049    71.495879
    0.235259     3.521944    12.377816     6.411713   153.411818    80.941956
    0.080077     3.577307    12.707977     6.357453   146.753076    83.610634
   -0.180544     3.565883    12.429199     6.187685   147.349819    77.856386
    0.275602     3.710356    12.674221     6.288700   151.469332    82.313126
    0.188908     3.810806    12.624369     6.009212   169.595900    67.477424
    0.096054     3.659208    12.581593     6.185124   158.313520    76.744202
    0.005161     3.555466    12.733223     6.346638   147.706062    79.234704
    0.019911     3.491778    12.447419     6.357152   154.319142    72.653259
    0.139579     3.538779    12.460950     6.525528   137.018903    68.977866
   -0.231127     3.512500    12.556586     6.303204   137.060568    81.853225
    0.002763     3.513126    12.200709     6.299304   150.620723    71.575976
   -0.051170     3.671223    12.749518     6.210863   145.239452    77.117141
   -0.129078     3.514957    12.553547     6.345092   140.917828    78.127285
    0.226265     3.391611    12.463120     6.639304   146.538239    76.479020
    0.136255     3.574929    12.263833     6.406051   136.334048    78.465982
    0.092419     3.407251    12.328387     6.453969   156.209123    73.030570
   -0.060023     3.491562    12.748998     6.473058   135.306897    78.964714
    0.161095     3.476829    12.063795     6.450871   137.953061    78.815939
    0.281132     3.473613    12.034664     6.533624   137.304293    69.066895
   -0.014732     3.450488    12.416946     6.480449   140.600233    75.088554
   -0.133929     3.476085    12.259605     6.290088   150.323794    70.157448
    0.365316     3.403345    12.302368     6.657323   151.002681    69.789798
    0.111204     3.607409    12.483530     6.374401   144.242320    70.341644
    0.423885     3.583939    12.291304     6.508112   145.606609    74.633715
    0.715822     3.588843    12.720250     6.776360   147.309397    72.671139
    0.424764     3.452992    12.308921     6.682444   138.845639    84.370411
   -0.033391     3.387244    12.399506     6.398600   153.009975    85.558848
   -0.015143     3.379767    12.393139     6.506460   142.110046    85.185746
    0.418687     3.459650    12.320185     6.572828   156.465571    73.197975
    0.153215     3.612888    12.645551     6.410981   144.128528    72.694158
    0.268245     3.532696    12.351437     6.592835   135.771782    67.649435
    0.379817     3.687192    12.789718     6.534174   140.712246    66.523908
    0.162074     3.526060    12.521576     6.529300   132.441608    88.728130
    0.039866     3.552719    12.763877     6.383866   145.929113    80.621455
    0.246830     3.414424    12.676395     6.609183   155.343680    70.944451
   -0.104603     3.508945    12.348648     6.299197   143.552323    82.458958
    0.045259     3.436826    12.253002     6.387704   153.895165    75.353009
   -0.218729     3.385614    12.455243     6.328962   156.456067    69.502070
    0.324683     3.690134    12.279498     6.223013   154.912004    77.513103
   -0.057765     3.598713    12.527593     6.227852   150.029801    74.933454
   -0.053669     3.652809    12.423911     6.127855   141.900165    97.569216
    0.229304     3.655382    12.614438     6.281813   155.147251    82.671022
   -0.051998     3.643454    12.564266     6.152492   151.431473    80.923858
    0.326397     3.592449    12.539837     6.432083   154.776725    74.079006
   -0.313592     3.499925    12.052915     6.092205   142.776611    88.723468
    0.085822     3.564887    12.337371     6.309964   156.812358    59.644370
    0.028528     3.642472    12.451466     6.164811   152.300890    83.187778
   -0.247804     3.581022    12.493229     6.089755   153.265870    78.498086
    0.085808     3.365328    12.409274     6.660040   134.239003    79.470887
    0.180981     3.572449    12.497033     6.342942   155.822496    76.418705
    0.040139     3.615900    12.140322     6.128321   152.853282    76.849060
    0.050844     3.752898    12.463482     6.057135   148.553943    88.240854
    0.201608     3.568161    12.367303     6.341083   160.208248    62.705981
   -0.247398     3.553648    12.368357     6.178490   144.853645    75.821529
    0.251105     3.705470    12.447661     6.254046   155.399957    65.790907
    0.266680     3.677183    12.730706     6.304878   156.558646    78.494134
    0.297832     3.860290    12.479476     6.087509   149.128693    82.198136
    0.200446     3.600144    12.569658     6.329834   154.112360    82.179931
    0.209676     3.518201    12.410967     6.367059   163.743873    67.700396
   -0.054913     3.648030    12.548989     6.092206   162.931139    68.400141
    0.016902     3.410006    12.112287     6.366404   153.620640    74.639073
    0.285190     3.598446    12.703470     6.365872   161.647292    76.809346
    0.250279     3.575005    12.442597     6.387135   153.941795    76.060167
   -0.084509     3.506354    12.505364     6.300843   142.080726    96.152945
    0.227691     3.641744    12.427171     6.301810   152.831616    75.477051
   -0.011510     3.465112    12.369528     6.344836   149.274817    86.868776
    0.069011     3.564776    12.485651     6.311872   148.362511    85.502815
   -0.152497     3.507207    12.305975     6.277715   141.080941    84.089636
    0.016104     3.476046    12.301288     6.328708   157.633042    68.828589
    0.098807     3.485274    12.177775     6.322810   155.520962    75.530969
   -0.015748     3.606111    12.436334     6.179737   153.234810    80.891556
    0.211899     3.728403    12.571527     6.271171   142.070025    85.316577
    0.134409     3.594316    12.279633     6.343569   143.124833    75.890494
   -0.093774     3.478518    12.235012     6.217924   156.207952    80.042458
    0.313160     3.760197    12.579246     6.227617   153.640707    78.559869
   -0.027117     3.675062    12.353783     6.137667   148.896961    71.643227
    0.056852     3.589050    12.401355     6.241944   144.294940    98.511917
   -0.017274     3.401231    12.694518     6.506818   148.914956    73.374807
   -0.007120     3.413024    12.347112     6.422718   146.731269    86.962682
    0.200619     3.587806    12.292858     6.318514   146.125062    89.370504
    0.021929     3.543464    12.231148     6.195040   155.851702    82.960826
    0.247309     3.608317    12.215281     6.276592   153.904862    75.793721
    0.088306     3.526020    12.980302     6.514387   142.895572    75.152035
    0.009990     3.350856    12.335474     6.567077   137.370509    88.313465
    0.277951     3.672605    12.571068     6.418845   143.946275    69.212997
   -0.249438     3.428725    12.226619     6.244872   154.249124    68.433163
    0.346511     3.639655    12.454423     6.374414   146.467616    91.473472
    0.229986     3.507627    12.725314     6.603161   137.006607    83.143586
    0.246981     3.480718    12.312263     6.542929   138.740780    88.094249
    0.221954     3.582174    12.446542     6.442202   143.336847    78.878482
    0.055191     3.416447    12.342026     6.499638   140.248344    88.640919
    0.134597     3.605080    12.392938     6.407601   136.369538    77.484224
    0.078549     3.545925    12.493349     6.393712   146.083534    76.254406
   -0.031607     3.491226    12.731598     6.349305   152.055593    82.731963
    0.205022     3.532826    12.723876     6.628938   130.610034    76.100251
    0.174195     3.501373    12.599923     6.583417   135.254412    80.021081
    0.040180     3.515360    12.593134     6.453688   141.181086    76.938227
    0.257704     3.650971    12.199788     6.294448   144.025733    77.780632
    0.472411     3.636312    12.577061     6.487826   153.155621    74.926449
    0.023324     3.550235    12.467257     6.284595   154.725707    74.757624
    0.468359     3.478578    12.534971     6.728957   143.230584    75.022528
    0.122200     3.500699    12.824989     6.503758   151.711790    66.089640
   -0.040740     3.499479    12.700823     6.408055   147.959043    69.162917
    0.197132     3.518250    12.454172     6.530334   134.829039    88.892920
    0.321966     3.657132    12.613918     6.460312   144.202652    71.922696
    0.394724     3.745792    12.685515     6.440263   129.097141    97.076066
    0.350307     3.625856    12.769043     6.559186   138.491115    78.318684
    0.071328     3.544673    12.293777     6.406767   133.519828    86.781445
    0.276489     3.589970    12.727058     6.543263   134.989869    87.103756
    0.386285     3.734494    12.739789     6.453223   140.538297    73.965029
    0.165113     3.735229    12.546437     6.330643   131.085297    79.352518
    0.106009     3.595189    12.782168     6.442507   128.306639   100.994532
    0.204365     3.360351    12.689654     6.676772   146.956720    80.407499
    0.058421     3.458642    12.233312     6.386798   149.847477    78.648179
   -0.015651     3.532499    12.410555     6.273237   153.690720    76.729467
   -0.275007     3.450714    12.332059     6.222436   151.479852    75.885742
    0.250184     3.599768    12.184719     6.318279   145.918609    82.772756
    0.002402     3.500387    12.304840     6.184606   163.611183    84.044035
    0.037922     3.579801    12.414924     6.252930   159.269378    62.307595
    0.241130     3.709692    12.482569     6.248463   151.430741    76.375065
    0.159011     3.519335    12.214207     6.394031   143.229509    85.223825
    0.319921     3.657953    12.483795     6.393542   147.521407    75.898394
    0.260353     3.347556    12.254512     6.620153   145.989185    89.354472
   -0.150022     3.481553    12.308959     6.300498   140.873311    87.112133
    0.105029     3.613387    12.323560     6.312633   143.634200    75.685325
    0.340291     3.514302    12.585158     6.691895   131.115943    80.630047
    0.040255     3.738788    12.522715     6.149790   144.237070    79.069529
    0.155788     3.610688    12.318169     6.366705   139.646624    77.996816
    0.262674     3.707301    12.453498     6.225545   153.037512    81.246033
    0.255359     3.523622    12.547322     6.596531   135.413441    80.938064
    0.059013     3.432584    12.429448     6.440030   153.606402    75.257151
    0.176072     3.659110    12.621569     6.288780   152.152563    77.455450
    0.134084     3.540120    12.743707     6.355607   158.021481    81.917942
    0.424093     3.774924    12.478245     6.288385   149.068624    77.853221
    0.388331     3.597944    12.408702     6.420983   152.504803    82.433149
   -0.119366     3.392126    12.261642     6.390931   147.126433    79.058652
   -0.045465     3.639680    12.341553     6.099599   154.157252    78.616797
   -0.124257     3.684718    12.423777     6.077992   138.109198    97.286070
    0.045749     3.628753    12.541816     6.283005   143.426296    82.617357
    0.137581     3.755624    12.520248     6.131442   151.303791    78.786126
    0.282495     3.490078    12.476912     6.479078   158.562600    73.669751
    0.035002     3.571550    12.566485     6.302537   148.730236    83.132343
   -0.098543     3.582892    12.532297     6.215793   152.335013    71.465157
   -0.129541     3.622907    12.356355     6.096131   154.789825    71.312261
    0.118428     3.557095    12.641012     6.399464   148.822957    77.384151
   -0.106388     3.465138    12.709746     6.354096   151.297269    77.207428
   -0.031626     3.507870    12.316237     6.282894   148.308012    86.149704
   -0.031246     3.541472    12.645627     6.267952   157.695191    73.894966
   -0.072572     3.568044    12.209353     6.193584   145.026743    83.585404
    0.249124     3.627460    12.329722     6.348799   146.448898    78.108977
   -0.207958     3.565031    12.411986     6.199937   140.829607    83.733210
   -0.125278     3.669923    12.397578     6.054157   150.718068    79.658890
    0.016613     3.583545    12.113847     6.201919   142.193249    85.869618
   -0.027383     3.672137    12.376055     6.195212   141.469696    74.692687
   -0.032014     3.522776    12.632036     6.280046   157.926940    75.224683
    0.070271     3.622772    12.472202     6.271520   145.291246    84.227232
    0.399719     3.516345    12.300550     6.461117   154.928563    84.980134
    0.266807     3.574749    12.578438     6.394509   158.488034    73.609419
    0.236015     3.551690    12.536220     6.468646   149.589252    73.575609
   -0.049883     3.560193    12.500791     6.225686   155.176193    76.352103
    0.192204     3.509490    12.596006     6.447611   154.336991    77.054904
    0.061943     3.586688    12.118961     6.189719   149.846286    78.341843
    0.005260     3.529675    12.371816     6.249973   156.524368    78.532865
   -0.155084     3.477787    12.484646     6.300545   150.015740    75.357460
    0.096193     3.398409    12.225199     6.499395   149.194238    73.238677
    0.155391     3.509016    12.221739     6.453246   143.188928    72.343785
    0.032358     3.539256    12.154126     6.259074   148.684376    78.319389
    0.035961     3.562400    12.440935     6.330264   149.780717    70.296846
   -0.041249     3.486433    12.410420     6.380749   144.069226    79.578533
    0.055912     3.503839    12.355165     6.372505   142.767498    91.414636
    0.172031     3.417602    12.616812     6.580516   141.212669    94.665534
    0.066830     3.496543    12.394101     6.351977   154.712942    76.576306
   -0.146324     3.319559    12.770742     6.540516   143.042880    82.165870
    0.099281     3.675206    12.578654     6.196964   155.949770    73.931128
   -0.160518     3.653593    12.579780     6.106893   134.937344   108.510852
    0.046532     3.529356    12.606396     6.393781   150.743923    69.523793
    0.006752     3.422656    12.467201     6.423609   153.398361    76.476927
   -0.113574     3.436958    12.228790     6.334300   150.466837    71.552228
    0.255664     3.581931    12.506406     6.377584   158.670513    69.748678
    0.226510     3.600158    12.416854     6.312112   158.449838    72.246502
   -0.069816     3.510413    12.737400     6.331092   146.797981    87.173784
    0.247416     3.686994    12.542844     6.305710   149.808855    76.754828
    0.387668     3.517814    12.154227     6.489351   152.168877    65.699151
    0.054071     3.385874    12.602495     6.562843   147.251402    74.973441
    0.257185     3.465156    12.765948     6.543679   155.141423    81.080438
    0.014947     3.434779    12.308752     6.332657   159.842448    75.932989
    0.007407     3.562565    12.405101     6.246903   149.052970    88.036486
    0.074968     3.481873    12.575934     6.400517   148.086659    92.414318
    0.173314     3.486273    12.616844     6.409031   163.700239    71.312695
    0.360249     3.484764    12.681301     6.716098   137.147866    78.180701
   -0.031442     3.545667    12.211210     6.264268   144.413740    79.893700
    0.356834     3.690178    12.730361     6.461577   141.213300    79.255343
    0.068580     3.341435    12.645644     6.664475   141.183714    76.576748
    0.414892     3.664160    12.424519     6.492787   131.716629    90.801957
    0.421467     3.585785    12.616827     6.585427   142.574018    80.554116
    0.314596     3.710161    12.861068     6.453298   129.478093    99.969922
    0.533058     3.526465    12.658350     6.756581   130.585293    97.540402
    0.096212     3.624793    12.267752     6.302581   140.263763    75.389139
    0.257579     3.536224    12.444991     6.429658   154.369677    77.026278
    0.028654     3.473182    12.569123     6.438200   136.434448   101.660325
    0.281601     3.472211    12.496233     6.583942   147.027619    77.393926
   -0.055914     3.373368    12.683045     6.512750   140.495757    92.299967
    0.156724     3.515324    12.623180     6.555820   132.402630    87.487742
    0.353903     3.588114    12.549904     6.461676   154.647960    72.588489
    0.039795     3.467066    12.790300     6.423316   156.977413    72.525946
    0.152705     3.475010    12.445654     6.518729   142.113186    82.838617
    0.287894     3.398778    12.336220     6.673774   144.167226    72.381548
    0.134298     3.616773    12.733910     6.415873   141.102617    76.886096
    0.401427     3.497074    12.193369     6.509954   151.677014    75.494168
    0.130596     3.374695    12.124031     6.430939   160.723779    68.979678
   -0.025625     3.520200    12.164016     6.344754   137.722616    77.188465
    0.089875     3.565042    12.641573     6.454010   146.079352    59.168308
   -0.128809     3.493721    12.208906     6.161524   171.325389    44.915616
    0.095473     3.462812    12.411843     6.503696   149.863302    60.878180
   -0.037672     3.446557    12.609617     6.430308   143.875564    86.428428
    0.201839     3.533307    12.734680     6.478856   146.238670    86.584434
    0.004460     3.449545    12.335241     6.304482   159.718697    79.236600
    0.204432     3.447161    12.593295     6.500003   160.033180    70.287786
   -0.014838     3.542534    12.377354     6.208097   163.529685    66.207283
   -0.211506     3.531489    12.420654     6.147433   155.070839    77.052292
   -0.198765     3.500167    12.370820     6.201148   151.272019    80.676965
   -0.088554     3.450030    12.448274     6.336399   152.417380    78.142784
    0.136674     3.557022    12.646372     6.398431   147.523629    84.083730
    0.046079     3.550065    12.279128     6.256555   151.588745    81.705690
    0.108400     3.365607    12.453940     6.564803   154.217648    67.976188
    0.136609     3.565844    12.516523     6.338081   153.367600    79.249474
   -0.049231     3.616828    12.556250     6.187779   152.416820    77.584502
    0.170701     3.354271    12.551924     6.597881   153.187910    79.463430
    0.214668     3.258527    12.368082     6.701123   156.474144    69.323544
   -0.042875     3.473303    12.491757     6.390635   141.921097    88.568457
   -0.226250     3.642445    12.661120     6.116763   148.369599    72.333495
    0.239826     3.552386    12.548840     6.419963   147.915812    91.747581
    0.130506     3.674012    12.575017     6.233804   148.093965    87.021791
    0.021797     3.379534    12.304618     6.471124   147.043666    85.447150
   -0.004839     3.429941    12.219586     6.410535   147.804474    75.227791
   -0.048147     3.519827    12.762855     6.400906   141.385915    80.432907
    0.178334     3.379682    12.468482     6.588850   155.261733    66.475932
    0.044227     3.390760    12.400582     6.506759   145.814552    83.511322
    0.227844     3.792629    12.637077     6.231765   142.232388    80.723582
    0.148427     3.572407    12.362060     6.267833   161.932829    68.850096
   -0.358057     3.568451    12.845331     6.074985   160.691654    63.819067
    0.401299     3.618327    12.590472     6.397710   167.986374    59.224669
    0.173865     3.514453    12.333517     6.359229   155.152385    80.898812
    0.029508     3.613504    12.572714     6.132696   171.872201    62.546904
    0.025748     3.520554    12.561282     6.282950   167.104456    59.973330
   -0.114500     3.344803    12.671380     6.487889   152.821998    69.829332
    0.054152     3.586850    12.403750     6.265775   145.412241    90.509975
    0.066447     3.608098    12.456924     6.297903   149.118683    71.660645
    0.104831     3.703197    12.572528     6.199576   152.795646    71.631615
   -0.054665     3.640428    12.438657     6.131198   156.121061    69.888964
    0.044851     3.693606    12.515547     6.182226   148.328325    76.668403
    0.185224     3.598812    12.417479     6.307389   152.960829    80.345576
    0.123724     3.678535    12.567053     6.204111   157.819369    69.893785
    0.191335     3.628006    12.579124     6.302720   153.314220    81.538393
    0.335746     3.636620    12.383528     6.278798   165.351630    67.306368
