   10.055123     4.413883    10.331562     8.262970   138.113953    74.035435
    9.747354     4.431260     9.972248     7.831327   139.661807    82.828631
    9.616734     4.510945    10.195500     7.815211   147.813942    79.130782
   10.227835     4.473686     9.961480     8.114841   139.447600    77.945472
   10.136049     4.379248     9.902196     7.985906   139.440420    90.304551
   10.226326     4.382173     9.941034     8.087252   143.661874    75.171216
   10.143629     4.454871    10.126664     8.113250   142.996565    76.812501
    9.984343     4.642377    10.291019     8.112618   134.698944    85.541234
    9.711845     4.510046    10.116862     7.858929   141.878579    82.470735
    9.717842     4.923336    10.531899     8.043089   136.884510    77.835377
   10.145469     4.637997     9.993909     8.060402   137.468199    75.938693
    9.834597     4.368478    10.338578     8.105149   144.319204    71.481673
   10.248140     4.656735     9.801063     8.065235   131.178736    82.474654
    9.649448     4.393123    10.026557     7.928297   134.214873    71.971841
   10.031114     4.492569    10.104605     8.015344   142.231052    81.672819
   10.034639     4.338944     9.785356     7.877109   143.143881    79.719826
    9.806710     4.495879    10.131606     7.921954   141.048501    83.758579
    9.978057     4.374524    10.203005     7.986089   149.763006    80.034064
    9.694982     4.491712     9.751204     7.675674   135.953225    80.862407
    9.926160     4.740217    10.166177     7.834765   153.873482    66.282121
   10.182269     4.513365    10.399471     8.308546   139.180439    75.788410
    9.897908     4.688183    10.097023     7.711913   153.894883    81.848863
   10.003025     4.395604    10.209108     8.116594   142.501620    74.816837
    9.973822     4.425557     9.943054     7.823324   156.626786    61.266248
    9.840891     4.416346     9.937767     7.735295   153.803075    72.932729
    9.815193     4.595789    10.054568     7.898597   136.070608    84.193541
    9.863991     4.571709     9.954481     7.812975   138.300928    89.842567
    9.887712     4.447701     9.961061     7.887992   140.044482    83.471983
    9.641423     4.338813    10.020064     7.785745   146.409807    77.353155
    9.787425     4.666510    10.327809     8.071713   139.341082    64.470185
    9.830600     4.576806    10.076836     7.876964   144.183960    75.658643
    9.924471     4.256997     9.749323     7.837776   143.523679    74.468109
   10.128117     4.430910    10.054164     8.150471   140.168431    70.196697
    9.883465     4.543071    10.050473     8.014025   137.056668    68.639943
   10.131209     4.378505     9.898566     8.009575   140.630129    82.702971
    9.755557     4.445829    10.145803     8.044620   130.678254    80.386493
   10.188418     4.399250    10.228104     8.181254   143.009359    80.514369
    9.727590     4.281059    10.100735     7.839442   153.347403    71.919036
   10.118787     4.822135    10.158431     8.027312   139.297335    77.519398
   10.258494     4.714196    10.112773     8.201999   130.844479    86.215252
    9.828235     4.792198    10.108793     7.896734   136.881413    75.481794
   10.053119     4.426132     9.998817     7.999827   148.343267    64.106544
    9.560664     4.386973    10.397602     8.013526   135.289197    92.651296
    9.887751     4.301465     9.928966     7.899736   143.554448    77.951205
    9.998692     4.661678    10.282069     8.104804   138.924480    75.965402
    9.964406     4.403024    10.012341     8.061857   135.421701    77.936741
    9.892585     4.540868    10.153496     7.977309   143.024098    76.188562
   10.089981     4.390076    10.126111     8.201079   138.652195    69.695567
   10.281117     4.485074     9.937127     7.970481   152.009842    71.270155
   10.093858     4.552258    10.238004     8.067557   146.138069    77.006823
   10.179044     4.458536    10.290611     8.074609   152.323789    76.204747
   10.013552     4.182648    10.222136     8.011954   156.344992    73.437539
    9.969947     4.325005    10.370760     8.132986   145.280859    82.024434
    9.781103     4.773154    10.200348     7.878586   137.672617    85.804378
    9.679967     4.385099    10.398863     7.872522   154.527599    87.184844
   10.207676     4.470277     9.982457     7.953985   144.220231    92.122437
    9.794402     4.225161    10.063436     8.002668   138.942367    78.664059
    9.838760     4.217657     9.972104     7.989535   141.753100    68.907104
    9.999099     4.104844     9.980535     8.138974   135.105421    82.902122
    9.889719     4.735259    10.082341     7.857348   144.502581    72.624724
    9.599403     4.263627    10.258203     7.905518   147.230836    81.500703
    9.739116     4.628007    10.055585     7.851863   144.577988    61.900200
   10.428878     4.357542    10.053019     8.093194   157.200520    66.413245
   10.064858     4.701397     9.959273     7.951620   135.410498    83.528402
   10.101342     4.330196    10.135188     8.076314   145.092002    81.827900
   10.106459     4.290891     9.890420     8.040905   135.304346    92.179892
   10.313232     4.207606     9.823167     8.040059   151.549873    69.637745
    9.884992     4.228805     9.876651     7.893744   145.567588    71.711780
    9.836963     4.216519    10.053633     7.923284   154.699910    59.257653
    9.915774     4.873785    10.056599     7.873008   138.757604    71.481019
   10.413310     4.670465    10.121027     8.352594   132.892867    77.139657
    9.979557     4.565378    10.240012     8.024057   150.228828    64.168591
   10.291514     4.698406    10.053974     8.047264   140.960522    85.116412
   10.250021     4.361706    10.024260     8.160380   143.628701    73.648167
   10.203799     4.352021     9.826698     7.976950   143.049232    83.784363
   10.181006     5.043375    10.072162     7.935880   141.075345    68.474174
    9.766450     4.673778    10.097339     7.869333   137.483706    81.253178
    9.964882     4.443515     9.851380     7.840558   144.080732    77.509573
   10.236843     4.317131     9.892414     8.181447   137.685279    75.423336
   10.114128     4.480086     9.827102     7.990407   143.203866    63.096718
   10.005098     4.598397     9.994856     8.001589   134.244984    82.067198
   10.167327     4.503428    10.428813     8.278651   137.407824    87.467826
   10.117588     4.487099    10.408831     8.092610   158.758151    60.109186
   10.175397     4.420949    10.141592     8.257732   130.799164    88.400625
   10.359752     4.748648    10.033247     7.976277   145.532149    84.803852
    9.991294     4.729660     9.824747     7.846128   132.804829    83.037257
    9.611519     4.669220    10.230205     7.899786   136.580282    77.931462
   10.201218     4.594054    10.318703     8.223086   145.376216    64.217925
   10.520603     4.807733    10.032616     8.205414   139.716299    76.723703
    9.980802     4.317153    10.250692     8.171994   140.060782    76.804792
    9.844287     4.398891    10.079275     8.008529   137.631077    77.494945
   10.022198     4.381639    10.033828     7.913008   152.283590    73.770296
   10.111592     4.536206    10.118322     8.076959   140.230578    81.644711
    9.566260     4.419730    10.105671     7.875714   137.967526    75.024314
   10.305807     4.791001    10.287442     8.206656   139.612998    76.712634
    9.962523     4.475331    10.436669     8.032618   154.198080    75.555617
   10.286820     4.810657    10.412840     8.144588   154.219376    55.312545
   10.168886     4.696423    10.359430     8.069639   159.708617    47.288626
   10.120041     5.032174    10.382223     8.033089   145.768002    65.987703
   10.059238     4.757118    10.211509     7.877834   158.340747    60.092061
   10.607319     4.825653     9.901996     7.977052   152.324793    70.324203
   10.094802     4.664752    10.348205     8.021063   160.933678    48.485389
    9.942932     4.757528    10.484265     8.081499   144.720513    75.512500
   10.017651     4.696871    10.227193     7.973477   148.771125    71.020543
   10.185723     4.527293    10.084035     8.027394   147.453019    76.770145
   10.297888     5.045752    10.344699     7.914590   158.775139    58.862173
   10.097778     4.825136    10.476080     8.113070   150.787673    60.515509
   10.048415     4.816061    10.627444     8.164395   149.021528    68.386875
   10.405599     4.714760    10.286886     8.218375   149.659659    61.398264
   10.167728     4.770809    10.422951     8.095716   157.442174    49.556143
    9.833889     4.982521    10.239563     7.684769   162.155568    51.536233
   10.243210     4.699379    10.167553     7.999824   158.041915    53.000582
   10.360107     4.833893    10.377420     8.104714   155.643609    58.936480
   10.376495     4.490259    10.415117     8.079805   167.068362    56.810073
   10.203508     5.093239    10.458235     7.987785   152.151996    65.684823
   10.262067     4.972513    10.025597     7.730573   158.289726    62.591382
   10.227755     4.774207    10.208465     8.092814   149.048031    58.425029
    9.993336     4.945283    10.352042     7.903857   155.790553    56.448851
   10.272891     4.903093    10.618779     8.007234   162.895791    65.319684
    9.958615     4.114241     9.919645     8.013584   140.570062    81.170089
    9.901150     4.600323    10.021343     7.879793   144.652617    72.064522
    9.742011     4.710569    10.231989     7.928660   142.459918    68.875339
    9.781856     4.346014    10.042893     7.828851   153.711370    67.356827
    9.870468     4.149434    10.058266     7.992454   148.975478    67.909843
   10.066558     4.724278    10.344492     8.117727   140.904066    76.841818
    9.882323     4.522368    10.199839     7.998755   139.962624    84.119620
   10.342976     4.466640    10.109397     8.161870   145.694193    77.615767
   10.203967     4.296047    10.105151     8.245783   138.947519    77.003527
   10.321149     4.782327     9.875036     7.840872   145.520368    85.148985
    9.797252     4.886765    10.447405     7.838365   154.062291    75.196968
    9.713178     4.885555    10.347728     7.853363   145.297685    75.996785
   10.167034     4.635946    10.213499     8.122443   150.616120    53.153938
   10.102179     4.853940    10.517665     7.968640   158.780913    67.524239
   10.325846     4.908874    10.281133     8.154311   141.424051    73.979242
   10.078048     4.657245    10.488390     7.970648   160.550255    71.400252
   10.287180     4.706870    10.400961     8.280689   146.516709    59.043089
   10.194969     4.731339    10.481975     8.165323   149.913045    67.571229
   10.089958     4.734102    10.388372     8.178158   143.169911    65.348202
   10.450224     4.672410    10.480351     8.122301   161.867839    62.827312
    9.952605     4.880533    10.214537     8.022398   141.343036    57.296583
   10.111609     4.877394    10.233135     8.115800   138.625621    65.588411
   10.180504     4.403320    10.191188     8.176506   149.139697    61.327702
    9.950050     4.626945    10.326611     8.019973   155.247001    53.263121
   10.334294     4.289230     9.951400     8.207838   153.170551    45.859356
    9.788023     4.587783    10.131892     7.851762   151.972417    63.360127
    9.941205     4.800983    10.432445     8.070283   150.342943    54.153555
   10.454927     4.746213    10.229800     7.998068   162.053451    59.204450
   10.018692     4.699013    10.452102     8.074883   153.562480    60.501083
   10.541133     4.436556    10.173755     8.199271   154.305071    70.795871
    9.735129     5.028177    10.567826     7.867805   160.932400    49.218341
   10.198066     4.718394    10.418702     8.193235   150.071228    57.688154
   10.064784     4.728894    10.262853     8.009314   148.591220    69.668194
   10.252405     4.814394    10.186613     8.124709   143.618910    64.951701
   10.406682     4.832961    10.263786     8.113926   154.385119    55.616981
   10.103858     4.685315    10.456980     8.147951   148.816541    67.207818
   10.171250     4.813802    10.457968     8.101740   147.483494    75.758730
    9.969795     4.436065     9.944228     7.865053   157.770466    48.079230
   10.270730     4.806615    10.525948     8.156242   149.859511    73.751218
   10.131342     4.507443     9.873722     7.901084   152.368572    59.780812
   10.040895     4.684075    10.573920     8.081863   160.377820    55.980180
   10.353941     4.869574    10.244788     8.097193   151.864932    57.027709
   10.181444     4.697894    10.269847     7.877789   161.616978    69.204115
   10.404099     4.917569    10.324289     7.852743   166.146260    62.141582
   10.094023     4.792911    10.323470     7.936347   156.312841    65.814016
    9.914010     4.916727    10.239076     7.901621   144.034861    71.102081
   10.062010     4.875845    10.378263     8.068712   143.499001    71.742278
   10.259655     4.828936    10.524608     8.115394   149.326472    79.583432
   10.095181     4.992881    10.203206     7.890534   144.275393    77.930878
   10.262626     4.820403    10.420785     8.274173   142.303538    63.837356
   10.057581     4.507988    10.590711     8.169826   155.648784    66.808817
    9.593010     4.790852    10.569742     7.958261   145.529739    79.349164
   10.062545     4.877546    10.340044     8.007016   150.336946    61.380865
   10.282214     4.919490    10.444879     8.182824   143.758891    72.351481
    9.931976     4.601119    10.392046     8.094475   149.862781    59.460053
   10.135728     4.705294    10.425966     8.033854   162.340909    49.767410
   10.122714     4.851911    10.102828     7.963066   148.173627    57.695852
   10.073377     4.914862    10.497797     8.182650   143.844659    60.240739
   10.091505     4.327848    10.237946     8.129729   154.895900    55.102946
    9.986266     4.555253    10.217419     7.989902   157.988278    48.036698
    9.780733     4.507163    10.374069     7.945022   161.326279    52.082477
   10.069456     4.526312    10.102959     7.997245   156.909210    46.647425
   10.135966     4.685122    10.319043     8.011325   154.156809    68.347338
   10.131907     4.842846    10.615321     8.057243   156.832596    69.149038
   10.007699     4.329033    10.290365     7.993943   161.778508    60.559377
   10.151958     4.707975    10.381149     8.108226   154.506311    54.578958
    9.906716     4.607081    10.500809     8.057429   159.936438    49.768771
   10.199224     4.775108    10.216300     8.031890   150.588592    63.533155
   10.156423     4.662251    10.273223     8.052550   156.174320    53.959923
   10.113937     4.780737    10.262468     8.057836   144.731341    70.831863
    9.907026     5.004376    10.408993     7.838094   153.037238    71.594902
   10.220817     4.390181     9.975812     8.089671   143.019064    78.556152
   10.040314     4.684862     9.865515     7.887771   139.516479    72.452295
   10.053184     4.673769    10.399515     8.177136   144.774770    63.085471
   10.175213     4.308759     9.981628     7.936390   161.627934    55.963709
   10.354737     4.886161    10.084604     7.952507   150.942333    68.141020
   10.092768     5.066008    10.294002     7.884593   148.945124    69.987563
    9.774934     4.511545    10.405531     8.163582   137.597273    67.990997
    9.959674     4.440303    10.126025     8.081745   136.989766    79.576612
    9.750204     4.489938    10.085660     7.952572   134.458738    80.569354
   10.313159     4.800107    10.189346     8.103877   142.541391    78.174283
    9.950955     4.350977    10.178624     8.136738   139.258271    73.050256
    9.729116     4.607336    10.213574     7.997903   133.509208    78.434662
    9.810018     4.745171    10.082038     7.929779   135.562347    69.693550
    9.897756     4.558984    10.623001     8.192954   149.731805    66.713345
   10.176489     4.501172    10.007888     7.833479   160.530758    68.043812
   10.301988     4.793086     9.877488     7.919149   145.207011    71.869372
    9.982286     4.420445    10.076971     8.107766   129.365572    91.514403
   10.225352     4.637034     9.903776     7.880725   146.617914    81.471026
    9.990588     4.346563     9.979507     7.809045   157.645338    71.772610
    9.635673     4.358782     9.885633     7.758180   145.472654    62.563223
   10.371727     4.508703     9.979843     8.165958   139.424236    83.588878
    9.487984     4.325532     9.967162     7.726976   142.916200    72.962222
    9.868629     4.428864    10.044924     7.906661   148.664701    68.265782
   10.246390     4.787624    10.004254     7.926803   142.765260    84.776145
   10.127470     4.748590    10.047756     8.032865   135.937220    80.226202
   10.021078     4.529238    10.065535     7.956371   145.782370    76.794534
   10.403901     4.473093     9.820277     8.093172   144.134917    74.647875
   10.250309     4.603543     9.824339     7.983496   141.226506    75.794103
    9.977304     4.330361     9.991180     7.998396   146.811110    65.436966
   10.072872     4.426822     9.862874     7.891326   142.237319    86.390627
   10.239078     4.564384     9.829151     7.851640   149.765208    76.555409
   10.026534     4.512871     9.832729     7.870008   144.045150    71.572642
   10.098279     4.431363     9.755719     7.936455   142.238881    69.001615
    9.976847     4.432069     9.864354     7.933867   141.056377    71.290056
    9.985506     4.438843     9.898311     7.959602   133.494486    89.564941
   10.089351     4.707441     9.903385     7.994216   130.093127    85.400441
   10.323216     4.296527     9.837315     8.140443   143.586794    72.309589
    9.879029     4.538678     9.987385     7.916661   138.882554    76.618954
   10.088177     4.322481    10.005465     8.065614   142.880617    76.483243
   10.097626     4.435896     9.870972     7.970094   141.352025    77.876449
    9.890568     4.349797    10.328884     7.897554   158.911811    80.305345
    9.968896     4.680404    10.530684     8.022323   159.686105    60.089068
    9.924890     4.792545    10.141429     7.827369   146.202126    79.799096
    9.987581     4.600327     9.980650     7.855952   149.799356    67.019592
   10.401887     4.642128    10.392994     8.175657   149.917123    78.916519
    9.992836     4.590523    10.086886     7.975570   136.982240    89.584516
   10.149169     4.379858    10.252768     8.187024   147.101485    68.660937
    9.769368     4.461870     9.977330     7.756435   145.331379    85.074480
    9.538621     4.557052    10.251620     7.841095   146.818830    72.511296
    9.848397     4.474757    10.265881     8.085271   140.556433    71.266928
   10.097951     4.588878     9.860626     8.011031   129.379383    89.133971
    9.951029     4.902532     9.976608     7.785558   140.182188    75.704127
   10.008743     4.552848    10.175830     8.055760   137.470866    86.541973
    9.903192     4.606038    10.059374     7.810044   151.187083    73.763647
   10.289897     4.723618     9.785947     7.961799   136.163492    84.224761
   10.415644     4.722709    10.073300     8.122611   145.435207    72.708050
   10.099675     4.724535    10.452937     8.187818   141.905403    74.570762
    9.930162     4.422558    10.063458     7.967006   144.387671    75.715084
    9.962015     4.698639     9.802598     7.707640   141.761844    81.738640
   10.011045     4.635544     9.934164     7.962588   132.555279    84.629846
    9.985323     4.538714    10.368010     8.214061   136.699096    75.578537
   10.140669     4.816351    10.081823     8.041258   136.044878    78.235589
   10.047752     4.354740    10.259954     8.068081   147.355322    82.895677
    9.876662     4.770201    10.310072     8.104789   131.911271    75.929661
    9.820425     4.694568    10.211063     8.025316   134.897770    72.705089
   10.204733     4.598708    10.031702     8.095682   144.969305    62.704763
    9.995327     4.394963     9.858523     7.852240   138.271083    96.356214
   10.045705     4.384851    10.018304     8.000094   138.431472    92.430344
   10.009821     4.570576    10.281756     7.965687   152.610862    75.600240
   10.043161     4.596022    10.067935     7.991905   140.781402    80.293925
   10.268208     4.952492    10.115343     8.016712   141.127922    74.559707
    9.884499     4.456864    10.321252     8.034028   146.729327    77.544235
   10.244364     4.673953    10.400161     8.309349   133.656120    86.114484
   10.052268     4.685332     9.987673     7.996011   140.522095    65.157615
   10.042445     4.630298    10.332090     8.127479   141.923744    75.235828
   10.160032     4.672629     9.834573     7.934073   138.690808    77.062202
   10.093635     4.305768     9.883495     8.100174   133.707167    82.878350
   10.258253     4.637092    10.068643     8.221084   131.989785    81.378040
   10.171046     4.491721     9.959366     8.036927   142.312764    76.904653
   10.203417     4.815644    10.253913     8.184570   137.525298    71.809528
    9.534618     4.342308    10.429182     7.960889   151.732197    70.486104
    9.822641     4.565011    10.140997     7.913986   140.552420    84.643667
   10.143600     4.611024    10.118086     8.077393   142.844082    73.527223
    9.658363     4.295570    10.159311     7.930695   139.798263    84.710610
   10.153193     4.669394     9.883654     7.914897   137.585694    87.757608
    9.947038     4.101169     9.817536     7.924281   144.607677    75.680237
   10.063797     4.345329     9.861167     7.894328   154.182354    58.692628
   10.148395     4.401411    10.527612     8.243838   153.311700    66.541652
   10.382838     4.366920    10.197349     8.277977   144.885923    76.563876
    9.981322     4.310049    10.036429     7.928724   151.230511    74.155231
    9.991449     4.513849    10.010894     7.945154   142.811131    78.209782
   10.260551     4.776510    10.154303     8.140143   139.414214    74.175372
    9.955647     4.425484    10.194311     8.135068   137.654876    74.865647
    9.943316     4.802738    10.038841     7.668337   153.934865    76.827755
   10.096099     4.951701    10.162906     7.921024   143.737990    73.186746
   10.374910     4.534761    10.282771     8.349155   139.799011    74.894556
   10.140834     4.288063     9.964689     8.166559   137.157663    76.671754
   10.113413     4.779711    10.326340     7.782337   159.661060    84.787457
   10.097252     4.674439    10.415903     8.174451   142.306500    75.411029
    9.817238     4.692897    10.525443     8.037667   152.381238    64.017254
   10.210703     4.609967    10.241476     8.155711   141.448240    79.874089
   10.229940     4.696437    10.179950     8.056480   144.924019    79.496221
   10.271237     4.303470     9.902608     8.061802   141.151450    90.921082
   10.282851     4.641489     9.936489     8.049819   141.237354    76.590840
   10.170833     4.437985     9.951261     8.040969   142.243091    78.859481
    9.793891     4.379877    10.005584     7.886652   139.501848    84.753034
   10.269049     4.266877    10.077337     8.135352   150.498710    71.143568
    9.910244     4.408537    10.393811     7.943704   158.506378    77.331934
    9.890378     4.694298    10.183761     7.913598   141.961702    83.431258
   10.260064     4.522414    10.164210     7.979082   153.369774    81.646061
   10.132713     4.476047     9.871173     8.009548   142.133044    69.956907
   10.051294     4.337325    10.253949     8.002710   152.145308    83.234750
    9.957037     4.642281     9.971524     7.900260   137.227540    82.822134
    9.808634     4.565419    10.088798     7.969194   134.385194    79.102410
   10.185812     4.482792     9.983994     8.068288   150.387467    53.754757
   10.296567     4.291377     9.919166     8.245130   137.411473    76.154930
    9.963298     4.330636    10.235171     8.029617   144.445578    89.070324
   10.075716     4.479887     9.881016     7.777768   152.331097    78.884391
   10.007854     4.566403    10.088418     7.921122   148.716013    74.917701
    9.789709     4.700719    10.182299     7.623101   163.765451    73.326852
   10.140684     4.345217    10.101529     8.215188   134.883007    82.764079
   10.270507     4.335063     9.874725     8.028668   140.082429    94.516994
   10.103878     4.511254     9.964282     7.843168   155.205767    70.017164
    9.960422     4.394743     9.956353     7.940643   144.806028    72.203908
    9.889844     4.816023     9.984807     7.750660   141.271974    81.720463
    9.926882     4.483661    10.428905     8.230575   137.535893    74.702555
   10.138974     4.575594    10.096792     8.138881   135.523872    80.223445
    9.854996     4.318296     9.962473     8.025000   131.981092    80.062564
    9.941977     4.722094    10.028888     7.917191   138.946759    74.401787
   10.141157     4.661171     9.744510     7.756199   145.653290    77.092107
   10.155099     4.488716    10.092055     7.978837   156.623494    61.115310
   10.268263     4.815025     9.818052     7.934069   138.663943    76.066425
   10.080083     4.817281    10.067188     7.893424   139.256078    88.418858
    9.916166     4.486821    10.022859     7.837881   149.596549    77.489436
    9.752000     4.708323     9.934048     7.688395   141.184550    81.928555
    9.900461     4.269464     9.888148     7.954608   135.926211    84.503020
   10.154221     4.248007     9.930721     7.969155   149.705376    79.101401
   10.111784     4.709605    10.155379     8.094534   142.420255    64.248820
   10.082392     4.294975    10.036652     8.028086   150.118573    68.788174
    9.969303     4.432118     9.916883     7.886626   145.486564    74.643416
   10.334684     4.806885    10.034737     7.968105   145.349872    80.561994
    9.938934     4.335863     9.798256     7.686937   157.355398    68.575505
   10.171881     4.530954     9.889203     7.954871   140.602390    85.565343
   10.412250     4.630327    10.301388     8.278513   142.420760    77.945758
   10.253139     4.518559    10.196540     8.275810   143.249928    60.007790
    9.839387     4.179483    10.091101     8.041235   145.837010    64.462992
   10.359751     4.670442    10.407694     8.203407   151.728670    66.215391
    9.765791     4.636610    10.244719     7.924026   142.412802    80.558125
    9.673865     5.064221    10.445453     7.944063   138.351477    68.408511
    9.787916     4.298313     9.913225     7.908440   139.169084    73.500656
   10.194062     4.894878    10.036885     7.840263   145.229489    82.781374
   10.181762     4.262160    10.119257     8.216868   142.478065    73.743740
   10.435182     4.576597     9.856390     8.179460   140.174711    72.158767
    9.799932     4.568780     9.934459     7.815055   143.338284    67.634479
    9.869747     4.634686    10.045567     7.823428   139.914022    91.195451
    9.790871     4.678783    10.027024     7.827147   138.217450    80.978724
   10.049089     4.684438     9.848947     7.862266   138.601844    78.460017
    9.955309     4.568299    10.210298     8.037670   144.839934    69.578089
   10.002561     4.644279     9.872558     7.882868   141.597881    67.666360
    9.986655     4.160887    10.178777     8.083907   146.887279    78.991718
    9.873449     4.550956    10.074507     7.914168   145.481442    70.803433
    9.812580     4.632968    10.055967     7.811322   145.349718    77.011275
    9.490405     4.762710    10.191859     7.817992   135.950021    70.103820
    9.995275     4.605933     9.737353     7.706761   139.786418    89.212813
   10.080221     4.450708     9.985686     8.016318   139.913812    82.470711
    9.918948     4.631562     9.767676     7.762042   140.178586    71.922992
    9.958231     4.648403    10.137121     8.070836   136.744808    69.047143
    9.938715     4.486024    10.180142     8.033386   146.554961    66.552043
    9.974651     4.608871    10.057590     7.988853   138.976734    76.023972
    9.828077     4.233960    10.099500     8.042046   144.115726    65.026690
   10.013584     4.777448    10.483422     8.290640   132.711094    71.159576
   10.400552     4.841042    10.371994     8.306387   137.267382    79.194316
   10.135565     4.746985    10.225714     8.063738   136.941346    90.039117
   10.243212     4.318783     9.872766     7.965966   149.630229    78.513564
   10.052325     4.642950     9.953802     7.953798   138.158810    78.723265
    9.750664     4.411783    10.126105     7.954168   137.780685    83.134876
   10.511695     4.540005    10.129756     8.222373   147.650354    74.729769
   10.180832     4.472793     9.926881     8.023345   142.285343    78.276734
    9.847836     4.758304    10.081825     7.784465   141.860742    86.929413
    9.986413     4.429254     9.879583     7.903782   145.430518    68.916667
   10.404169     4.676762     9.858035     8.127727   140.235114    70.030068
   10.378495     4.634245     9.838122     7.850338   154.773020    71.086975
   10.323525     4.300420     9.971954     8.138106   147.836188    72.424992
   10.282105     4.341092     9.759529     7.871297   152.222369    77.931215
    9.533781     4.535016     9.907689     7.635608   141.367190    77.598181
    9.892048     4.200702    10.006779     8.040731   140.122552    74.021025
    9.964009     4.393485     9.945885     7.951688   143.693381    72.068056
    9.803579     4.432734    10.017650     7.800085   147.130209    82.858417
    9.931584     4.364561     9.697583     7.814336   139.324699    76.739221
   10.156077     4.554950     9.867421     7.898835   150.929622    62.517105
    9.581759     4.783209    10.054077     7.623397   146.460503    76.061098
   10.032535     4.356128     9.875457     7.870869   150.934616    69.833649
    9.867047     4.682174     9.837366     7.738276   143.435499    67.269698
   10.071676     4.763102    10.136101     8.033025   142.344126    66.021295
   10.173713     4.298945     9.764345     8.018680   143.136453    70.452981
   10.417060     4.427796    10.080955     8.116398   151.834061    74.728081
   10.152599     4.243848    10.078950     8.117340   146.098771    76.461594
    9.917258     4.269591     9.951295     8.003862   140.811177    72.075241
   10.180017     4.434431     9.887390     7.939580   145.150944    83.256402
    9.639212     4.571136    10.301949     7.977646   134.432427    85.163610
    9.817194     4.499062     9.956286     7.778867   145.880618    79.062802
   10.152372     4.461168    10.024001     8.043379   140.237166    86.985951
    9.685585     4.424189     9.929728     7.685451   142.147380    93.561700
    9.741094     4.243908    10.168931     7.998144   142.261268    77.444252
    9.908310     4.569644    10.004280     7.772065   148.130909    84.212679
    9.748838     4.584477     9.926489     7.725500   147.694336    66.970327
   10.042588     4.306995    10.064767     8.047563   142.566206    82.610275
   10.136842     4.660507     9.927589     7.919529   143.992044    74.493338
    9.596574     4.790668    10.410397     7.780403   148.741258    88.549598
   10.228601     4.582976    10.152766     8.154462   142.218389    74.348016
    9.903370     4.563645     9.880034     7.703680   148.684050    79.637751
    9.832182     4.821531    10.028870     7.684133   147.514505    78.346399
    9.979148     4.654596     9.908712     7.677299   149.507315    85.355187
   10.103689     4.835287    10.204627     8.022931   137.038702    86.029942
    9.964433     4.497121     9.838327     7.701789   156.792659    63.866967
    9.970202     4.523403    10.143270     7.965180   145.397996    80.013309
   10.035824     4.415916     9.755090     7.867567   142.635370    74.253301
   10.070807     4.332613     9.746411     7.788058   149.203134    79.012671
    9.893266     4.697434    10.031987     7.753444   151.364716    72.202153
    9.671837     4.404655    10.242014     7.907989   151.129456    68.457881
    9.951261     4.364912    10.037066     8.048029   137.441971    79.382702
   10.236454     4.547805     9.929276     7.981092   148.039105    71.301662
   10.299834     4.618501     9.893859     7.979151   152.597862    56.211427
    9.988216     4.965782    10.308520     7.832945   150.803929    76.273402
    9.963897     4.523055     9.854561     7.745177   153.187439    65.947805
   10.150702     4.491282    10.015756     7.943774   150.187031    76.551556
   10.218524     4.711867    10.149462     8.087845   142.930673    74.405945
    9.968420     4.692738     9.849409     7.609558   157.522132    64.421945
    9.858534     4.348179    10.068660     7.899169   148.553610    76.692329
   10.156480     4.562851     9.812662     7.845112   150.220080    66.987846
    9.789005     4.918078    10.074671     7.657603   148.509768    74.492957
    9.941753     4.697082     9.907229     7.868067   136.754359    76.182696
   10.007639     4.618873    10.139592     7.946438   150.449444    67.551036
    9.905275     4.225969     9.963485     7.908511   149.327039    72.078078
   10.050283     4.345226     9.907430     7.901688   153.745901    62.696093
    9.709443     4.380157     9.928504     7.734436   151.862346    65.858993
    9.591645     4.559327    10.270846     7.908335   139.404053    81.715004
   10.201224     4.284263     9.877076     8.118904   139.688142    77.322505
   10.060712     4.567651    10.125522     8.078372   145.238513    61.698714
    9.758547     4.587530    10.080726     7.883911   141.633270    71.970988
    9.946813     4.747517    10.089519     7.898501   137.323954    87.609327
    9.778380     4.447139     9.919708     7.659412   156.443004    69.974919
    9.990786     4.451896    10.131387     7.857904   156.118411    77.107536
    9.902422     4.632059    10.185918     7.833476   153.478449    76.330571
    9.942272     4.619043    10.435285     8.098838   147.560460    68.890510
    9.813722     4.359013    10.481315     8.136893   150.046321    66.273439
   10.568065     4.826196     9.955717     7.999221   149.145375    77.044799
   10.347400     4.731447    10.041213     8.130946   139.384489    77.809095
   10.278398     4.831919    10.157880     8.064629   142.858465    75.859140
   10.160435     4.740438    10.400154     8.167838   140.403071    81.191880
    9.751135     4.668999    10.498265     7.976982   150.056575    76.016381
    9.676055     4.734767    10.126058     7.681458   148.261325    83.615124
    9.912002     4.908700    10.423506     7.928044   144.544094    85.750749
   10.071297     4.586183    10.197206     7.950462   152.051100    75.869803
   10.055970     4.891041    10.100743     7.809959   145.678067    82.378267
   10.088918     4.692104    10.301934     8.079024   145.653025    72.311582
    9.786781     4.699367    10.279469     7.854602   151.869079    72.926715
   10.037316     4.484112     9.921221     7.875503   148.705497    72.359541
    9.804144     4.908659    10.131799     7.691813   148.351428    78.246978
   10.214307     4.595210     9.775027     7.913712   142.794904    74.736535
    9.756466     4.715753    10.354388     7.956804   147.973046    65.628609
   10.414397     4.497011    10.171998     8.362254   140.337763    69.648833
   10.346921     4.421098    10.022251     8.013062   156.154474    69.747680
   10.111336     4.452568     9.926878     7.946848   144.513650    80.169944
   10.262232     4.580718    10.071829     7.964498   158.539357    59.138076
    9.877709     4.428265     9.854604     7.862390   140.466004    74.129996
   10.016599     4.538228    10.234253     8.128364   137.129289    80.873734
   10.135198     4.492129    10.134260     8.182639   140.274392    68.392758
    9.824701     4.367076    10.276519     8.095567   144.375551    65.161734
   10.065463     4.598278    10.006342     7.973876   146.155399    65.108309
   10.033716     4.943253    10.247098     7.942104   143.509370    74.151114
   10.097015     4.952491    10.390296     8.040813   141.795848    79.784101
   10.166304     4.209054    10.141398     8.043196   152.759581    80.402606
    9.757570     4.351289    10.426602     8.095693   144.734511    76.945498
   10.048815     4.418879     9.838056     8.034390   137.632303    67.299853
   10.068547     4.914127    10.242122     8.082587   133.232496    79.493643
    9.917214     4.664995    10.145347     7.996144   143.255727    63.313505
   10.306936     4.767506    10.369366     8.264519   141.505510    70.398968
    9.627395     4.898148    10.249493     7.841983   137.292571    74.821291
   10.503375     4.449675    10.096576     8.155777   155.662038    65.030204
    9.930472     4.351417     9.714934     7.809909   140.587386    77.389186
    9.833594     4.219756    10.040986     7.823538   150.967810    86.177268
   10.020534     4.773947    10.255649     7.960921   144.910561    80.175670
   10.211164     4.714278    10.237480     8.152874   142.431775    70.832589
   10.015701     4.565189    10.111645     7.954844   143.772866    83.819582
    9.943592     4.398583    10.192364     7.931295   154.458391    73.531077
   10.326075     4.863391    10.138931     7.998268   142.346596    87.625553
   10.019521     4.698696    10.177564     7.894114   147.798816    82.685557
    9.851148     4.574368    10.244921     8.139782   126.590992    84.565290
    9.833464     4.442577     9.923273     7.894659   138.007863    76.382951
   10.057296     4.609647     9.916994     7.838676   150.835452    65.624116
    9.766167     4.626112    10.074246     7.702426   154.055091    75.053496
    9.889148     4.543039     9.985763     7.940237   143.045857    61.396850
   10.021019     4.811295    10.091768     7.974526   139.695359    70.064139
    9.943651     4.457290    10.460264     8.029731   151.056914    86.127242
   10.079977     4.230932     9.881715     8.096238   135.492085    81.840096
    9.988421     4.469981     9.886672     7.863010   141.970989    83.541005
    9.727449     4.700896    10.505042     8.183143   132.179320    72.248596
    9.994528     4.481899    10.194255     8.219196   134.531776    66.480852
   10.179182     4.369877     9.884435     8.127999   137.251866    75.152284
    9.777171     4.881676    10.548072     8.205143   129.867393    72.181691
   10.152271     4.631757    10.176546     8.137981   140.560540    72.865380
   10.353154     4.567925     9.767897     8.128135   135.085824    77.499216
   10.363409     4.403717     9.875464     8.129970   146.393675    67.648477
    9.832030     4.326774    10.167450     8.107658   136.650751    72.236628
   10.282063     4.572621     9.919863     7.919113   151.076623    74.748840
   10.038805     4.571115    10.407421     8.214266   135.470096    85.853919
   10.066534     4.603490    10.106845     7.963682   146.074202    78.315177
    9.797649     4.627040    10.003436     7.813880   143.349079    72.967924
   10.374340     4.754314     9.872145     8.074906   138.729191    74.799236
   10.152384     4.533517     9.766150     7.884610   138.397871    87.747215
    9.961470     4.434362     9.813941     7.998799   134.888412    65.798480
   10.377036     4.739333    10.253467     8.093672   151.441214    70.426667
   10.053951     4.862044    10.091394     7.836989   146.670798    76.457177
    9.920263     4.349470     9.873794     7.907818   144.916632    66.511696
   10.254323     4.797186    10.243513     8.042249   142.909259    86.763982
    9.798762     4.335836     9.983237     7.745077   150.422881    85.934233
   10.092802     4.604094    10.301648     8.178389   135.451073    85.355986
   10.062867     4.494183     9.989892     8.042109   141.670757    68.946237
    9.804801     4.295441     9.911410     7.773563   150.195998    75.389735
   10.042408     4.427481     9.893576     7.948455   145.798501    67.398305
   10.127010     4.319894    10.122187     8.084138   146.638064    78.272455
   10.211138     4.689667     9.989337     7.912857   145.821348    81.950213
    9.839666     5.096700    10.266052     7.762185   146.478700    72.978905
   10.263388     4.481095     9.986675     8.135769   144.763328    65.875729
   10.363055     4.494227     9.942925     8.156957   145.848365    65.009060
   10.316295     4.396423     9.868579     8.061261   145.954895    74.962108
   10.322443     4.714239     9.742793     7.828749   140.779112    91.616198
    9.768363     4.551593     9.961652     7.791856   139.608677    83.293634
   10.089115     4.312596    10.152269     8.189861   141.743580    70.975400
    9.925917     4.321607    10.083409     7.918749   152.839700    71.393709
   10.246069     4.705202    10.150172     8.143681   143.617352    65.628133
   10.020764     4.582005    10.190797     8.025473   145.460365    73.899534
   10.193662     4.885325     9.957184     7.994336   135.326166    75.884671
    9.940941     4.828316    10.065673     7.781057   149.815917    68.330738
   10.245993     4.518713     9.920563     7.960178   147.766615    77.328493
    9.792338     4.417967     9.965861     7.791680   145.503369    81.651725
    9.737185     4.665374    10.494353     7.956685   153.727889    69.796243
   10.230576     4.497703     9.836320     7.924824   149.278960    70.596340
    9.693722     4.649525    10.201152     7.921292   141.778292    67.504851
    9.947715     4.797078    10.185495     7.897782   145.877273    74.163615
   10.264628     4.915201    10.074787     7.923437   143.943415    80.817765
   10.080241     4.431789     9.915091     8.028456   141.812520    69.119684
   10.341641     4.823979    10.562264     8.367296   139.303257    75.819357
   10.156705     4.799378    10.106795     7.923518   146.076790    78.414013
   10.204419     4.948696    10.266143     8.180316   131.380158    80.787376
    9.802883     4.912252    10.329263     7.891133   141.666844    80.411944
    9.515490     4.815809    10.012578     7.606996   139.291651    79.992309
    9.562553     4.443502    10.451165     7.986615   146.351100    76.587937
    9.807386     4.408628     9.910897     7.841019   137.998711    84.906673
   10.239749     4.827580     9.996033     8.024112   142.776428    64.206979
   10.154464     4.572041     9.800065     7.923569   138.314750    82.770034
   10.288956     4.457463     9.764541     8.003545   142.613677    76.877225
    9.988571     4.213437     9.623484     7.823025   141.725859    76.581019
   10.428545     4.517359     9.969264     8.224195   142.285720    71.439404
   10.072161     4.755113    10.312371     8.087432   144.862848    67.745100
    9.951092     4.260541    10.048877     8.030423   143.902082    74.313114
    9.969081     4.546973     9.922179     7.917372   145.189920    61.404660
   10.367767     4.501621     9.869665     8.087612   148.794787    61.665430
   10.054396     4.471937    10.149000     8.010896   151.131036    67.990654
   10.071621     4.529741    10.285859     8.176461   140.882387    73.233412
    9.752321     4.435997    10.139695     7.949626   144.401658    68.833971
   10.109536     4.424561    10.024730     8.080593   144.620295    67.234110
   10.339431     4.532629     9.974075     8.229963   132.413182    86.468779
    9.830318     4.415328     9.988227     7.956951   134.307105    82.251341
    9.807405     4.282516    10.273182     8.080660   144.975466    70.122299
   10.360947     4.503866     9.922217     8.046029   146.384515    78.686435
   10.198121     4.359970     9.840930     7.941495   150.873148    69.688802
    9.894615     4.373600     9.935214     8.021325   132.592459    77.386091
   10.451470     4.381828     9.833197     8.023359   148.314084    84.304136
   10.108440     4.846186     9.942570     7.897034   138.073934    77.907941
   10.066626     4.762033    10.089230     7.892165   147.162981    74.551270
   10.054990     4.885307    10.325203     8.011176   142.817461    77.577301
    9.584444     4.293512     9.968800     7.772110   147.750046    65.298041
   10.041402     4.487529    10.059296     8.039759   138.627027    82.554295
   10.331658     4.451781     9.920076     8.152913   140.361407    77.799017
    9.810648     4.675895     9.881421     7.741342   141.475808    72.274500
   10.099668     4.545389    10.252198     8.149571   142.604563    72.623350
   10.206174     4.683919     9.929583     7.976645   139.565036    81.552827
    9.701107     4.126094    10.240223     8.000722   148.355501    73.766577
   10.112119     4.503709     9.943052     7.974087   142.547524    78.939103
    9.967061     4.507017    10.140381     7.995703   145.546215    74.192137
    9.835465     4.599602    10.053658     7.987335   132.920946    74.707368
   10.007734     4.636108    10.175937     8.044345   140.908907    74.903301
   10.161526     4.519332     9.832272     7.987237   142.143402    69.899615
   10.152231     4.511730     9.926080     8.087739   139.435160    68.396214
   10.108303     4.595100    10.022494     8.096828   134.204603    79.246892
   10.217961     4.483185     9.983212     8.110524   138.199121    82.177060
    9.992852     4.453300     9.877594     7.823499   149.406995    72.470218
   10.016407     4.568709    10.072122     7.827087   162.179153    54.147255
   10.307307     4.575841    10.047220     8.046223   150.207438    70.549540
    9.855402     4.803534    10.222149     8.018878   132.486707    77.031387
   10.176807     4.746098     9.938568     7.868634   143.219727    83.402736
    9.935917     4.692641    10.076551     8.049444   129.966029    77.305834
    9.528013     4.619280    10.028764     7.766093   132.055092    82.034603
   10.027785     4.675179    10.046017     7.962097   138.654701    81.324368
   10.175130     4.505699    10.004644     8.013374   148.187822    69.905727
    9.858359     4.901076    10.137309     7.836943   145.701786    62.710977
   10.226229     4.703038    10.104645     8.162065   135.746016    77.104218
   10.044612     4.470513    10.097301     8.076353   140.568172    76.128776
   10.134755     4.458260    10.022365     8.200452   134.340664    71.919283
   10.223963     4.346338     9.849411     8.021867   151.342662    58.716724
   10.265836     4.400472    10.004249     8.291603   135.282385    71.128568
   10.575963     4.528463     9.962412     8.158975   151.381802    68.913052
    9.791046     4.523088    10.168402     7.945355   144.131130    73.291063
   10.180940     4.507031     9.771584     7.917135   141.199671    80.697429
   10.333887     4.532414     9.762328     7.978333   141.130756    84.103077
   10.031788     4.380460    10.072283     7.917527   153.083656    75.648332
   10.325877     4.875604    10.381331     8.181756   143.097158    75.308994
    9.951758     4.470895     9.689470     7.835258   131.286889    87.002897
   10.133594     4.372487     9.874101     7.952802   149.718644    67.201235
   10.153317     4.590553    10.170960     8.079072   143.527441    78.815223
    9.817333     4.666509     9.975697     7.847116   136.739912    77.403434
    9.841157     4.508034     9.905767     7.925713   131.688519    79.181776
    9.714733     4.241398     9.943292     7.837294   140.603308    83.800941
    9.875178     4.616816    10.076411     7.909304   145.109756    67.928538
    9.872124     4.556518    10.370809     8.083756   142.051772    76.748147
   10.050353     4.667175    10.332535     8.200334   129.498734    90.975675
   10.315483     4.530354    10.027855     8.072979   143.799873    84.335240
    9.963100     4.526215     9.778456     7.895471   134.480087    76.182656
   10.005501     4.410207     9.874888     7.987940   136.527447    78.518338
   10.134780     4.446164    10.001777     8.141539   131.799514    87.768501
    9.886353     4.430132     9.925402     7.840563   147.546988    70.749467
   10.069513     4.591358     9.970616     7.971925   145.117437    64.965541
    9.999029     4.922025     9.897838     7.701054   147.739185    63.624990
   10.228767     4.311623     9.674370     8.003468   135.056665    90.351033
   10.205872     4.497626     9.850475     7.910435   147.033590    77.983994
   10.098968     4.414024     9.918144     7.999851   140.681871    80.792686
    9.956215     4.549401     9.837568     7.862463   140.219113    72.842824
   10.263577     4.663854    10.088612     8.169039   138.618015    73.662240
   10.144630     4.448893     9.839043     7.947783   146.986555    67.709872
    9.938416     4.448515     9.899596     7.908013   141.372437    74.293977
    9.860384     4.606200     9.911237     7.709938   150.866182    69.728763
    9.819181     4.288207    10.355312     8.134331   137.395311    88.247241
   10.456109     4.520808    10.103015     7.962927   167.671734    53.399345
    9.810877     4.328809    10.203955     7.861706   166.293651    49.372744
    9.919812     4.614137    10.407779     7.883126   162.277715    68.569734
   10.314827     4.845905    10.151101     8.098396   142.125556    73.923694
   10.894908     4.936383    10.387267     8.295641   153.100195    70.832142
   10.284801     4.680917    10.026083     8.059825   145.052443    70.738566
   10.410220     4.441376     9.977167     8.219211   144.526833    69.318758
    9.999550     4.976387    10.209164     7.919085   146.283140    60.896463
    9.749712     4.557511    10.158788     7.851405   155.359723    55.911835
   10.239832     4.439950     9.978124     8.043695   144.953835    80.426823
   10.156626     4.726876    10.111285     8.032233   145.950672    65.553045
   10.149829     4.776564     9.987997     7.886234   141.874011    84.320638
   10.145371     4.679901     9.892742     7.958127   135.350324    85.554776
   10.214565     4.626988     9.989345     7.988935   141.066767    86.236586
   10.329242     4.621960    10.162806     8.307451   134.955894    75.664607
   10.153298     4.739733    10.132534     8.083710   136.377285    81.714100
   10.049460     4.752811    10.195937     8.038471   136.144352    85.428418
   10.155149     4.693784     9.973343     8.042284   136.429844    76.720174
   10.172295     4.651117     9.939078     7.979894   149.512998    53.893481
   10.059466     4.671650     9.952897     7.859027   142.551703    83.085161
    9.923465     4.709800    10.175199     8.019484   141.163566    64.448836
   10.382033     4.462369     9.856163     8.075948   148.171118    68.019270
    9.723663     4.730765     9.977270     7.792615   136.539907    72.874119
   10.253547     4.430387    10.018970     8.149970   139.445519    82.185899
   10.117789     4.429390    10.171446     8.251239   129.409051    88.799653
   10.272371     4.543721     9.957741     8.157012   136.123727    79.440215
   10.212645     4.388253    10.079368     8.171310   140.307049    79.763583
   10.031232     4.363107    10.183452     8.141111   141.611649    74.535942
   10.302636     4.766055    10.024650     8.156562   132.783550    82.471417
   10.161999     4.409796     9.833239     8.062243   137.443265    76.599550
   10.379310     4.578506     9.949400     8.226897   137.502716    73.357206
   10.068359     4.851291    10.268112     7.994586   143.065861    78.011781
   10.198518     4.813971     9.930916     7.897527   145.490118    68.551825
   10.133210     4.598457     9.798183     7.888890   141.287466    76.622390
   10.414466     4.482090     9.980014     8.178507   139.004029    88.257123
   10.131206     4.151757     9.812111     7.903724   150.710237    78.931168
   10.260364     4.154211     9.912324     8.057378   151.476724    72.765293
   10.279131     4.501908     9.770653     8.018412   141.539255    73.995142
   10.258432     4.345766     9.688860     7.943057   147.719075    69.113409
   10.067541     4.440520     9.711685     7.793040   147.966409    69.726354
   10.121576     4.629435     9.946427     8.059401   133.437620    79.305672
    9.807272     4.494635     9.976684     7.747285   148.511049    80.610678
    9.883532     4.185503     9.982764     7.955248   148.540265    67.063625
   10.064082     4.669936    10.076830     8.003905   145.193601    64.181186
   10.145130     4.516584     9.960315     8.136619   132.097196    80.744061
   10.044867     4.443640     9.763708     7.844051   147.828048    64.691246
    9.922745     4.379775     9.846753     7.931796   137.658143    75.236808
    9.671182     4.748010    10.207400     7.941591   134.415903    70.122486
   10.068136     4.424619     9.950259     8.106610   137.195196    69.026581
   10.403544     4.801317    10.109723     8.189157   135.729161    84.409152
   10.230699     4.374341     9.914942     8.182935   138.099941    71.917935
   10.085886     4.707257    10.049097     8.057881   134.689513    77.465735
   10.097479     4.875590     9.879353     7.782610   141.035546    79.164530
   10.213953     4.465740    10.021767     8.113005   142.128304    75.940409
   10.617462     4.433556     9.902950     8.296385   139.314503    87.695587
   10.194069     4.685307    10.080362     8.076478   145.037246    63.537662
    9.963093     4.672905     9.903327     7.900549   137.884806    70.924493
   10.191167     4.431125     9.858157     8.124386   134.032890    79.089755
   10.119975     4.610361     9.802858     7.858085   145.885111    67.900292
    9.960405     4.277605     9.925932     8.013619   142.642891    67.019592
   10.079748     4.678588     9.975750     8.092896   137.934860    55.346953
    9.985607     4.371378    10.353236     8.175284   144.964036    71.404516
    9.850191     4.893531    10.116332     7.727730   149.327685    72.298966
    9.743942     4.102977     9.964250     7.798192   150.896156    80.104035
   10.299215     4.611600     9.762667     7.818871   148.122135    81.057641
   10.018148     4.327818     9.948117     7.783330   159.998713    69.827635
    9.463171     4.255221    10.205865     7.768944   151.409029    81.816094
    9.687809     4.735243     9.995312     7.593016   150.895274    76.661712
    9.670208     4.415604    10.312526     7.787716   162.038356    73.199726
    9.762891     4.271794    10.020509     7.713017   159.256061    74.990213
   10.180340     4.279443    10.319516     8.113167   153.891965    77.995373
    9.964205     4.080662     9.863228     8.011919   141.978335    74.291414
   10.024028     4.505853     9.943391     7.917213   145.524544    72.654566
    9.682949     4.651953    10.311397     7.842025   153.303990    70.841992
    9.687111     4.402292    10.243132     7.843303   153.101572    78.738316
    9.490131     4.537173    10.475732     7.964931   148.695346    66.260437
    9.768026     4.458974    10.242232     7.798781   154.910943    85.256674
   10.395467     4.290012     9.661644     7.852911   151.942207    84.787279
   10.040005     4.993266    10.053293     7.847630   138.602351    78.837411
    9.638025     4.401095    10.143975     7.847887   149.343817    70.203930
    9.899381     4.829574    10.131005     7.785667   147.604582    77.513655
    9.762896     4.473162    10.060919     7.759562   152.358477    77.251520
    9.576933     4.647308    10.225439     7.716183   149.725950    85.162115
   10.182650     4.595338     9.979783     8.044371   135.313554    89.398650
   10.366429     4.293512     9.977103     8.273009   138.768993    80.052519
   10.387266     4.198366     9.682499     8.171542   141.683150    72.109655
    9.908425     4.489536    10.170975     8.113779   132.588093    79.532321
   10.307041     4.578896     9.982354     8.165594   140.584101    69.997351
    9.907257     4.615795    10.417668     8.028437   147.291832    79.113626
    9.971244     4.637696     9.869666     7.813292   141.799410    77.019560
   10.361916     4.650525     9.870017     8.115667   137.736539    76.896888
   10.178895     4.342128     9.962209     8.073278   145.917896    71.214611
   10.141393     4.360551     9.910941     7.977844   154.019313    56.198979
   10.073717     4.314533     9.830207     8.087368   130.609085    84.629504
   10.066548     4.198973     9.874613     8.132328   132.986607    81.239345
    9.785025     4.583669    10.310369     7.964530   149.891530    66.611270
    9.704684     4.698091    10.083389     7.813767   140.602661    74.878092
   10.019117     4.518337    10.164191     8.107764   132.509970    90.582154
   10.064105     4.496065     9.895621     7.815080   152.520829    71.780216
    9.904566     4.262391    10.190782     8.144444   145.969509    56.016068
   10.333745     4.419207     9.764903     7.834393   158.761902    65.939482
    9.631841     4.726867    10.179327     7.918640   132.540462    72.676482
   10.001858     4.751831    10.281423     8.066077   148.414262    52.545007
   10.023635     4.740463    10.149707     8.040005   142.375093    62.619268
    9.595875     4.763038    10.200947     7.931193   138.388838    50.123358
   10.095925     4.590620    10.015788     7.977031   146.415895    68.770573
   10.113394     4.539243    10.057118     8.126810   142.096669    61.011990
    9.821027     4.702080    10.270169     8.038692   131.511753    84.836424
   10.064099     4.778928    10.190827     7.929842   146.608092    78.328567
   10.054572     4.393282     9.892426     8.053440   134.509858    80.162820
   10.208396     4.516500     9.924836     8.058254   141.188790    74.935261
   10.017557     4.188736    10.145553     8.073269   146.485866    79.993692
   10.164227     4.162820    10.204338     8.299262   141.463056    73.610532
   10.241250     4.411296    10.351916     8.266718   150.009727    61.934593
   10.168712     4.576492     9.771744     7.838208   147.861810    70.008725
   10.063093     4.478359     9.779653     7.764636   149.093948    76.809256
    9.893791     4.474780     9.832582     7.835625   139.291752    77.982532
    9.904149     4.239976    10.119828     7.912476   163.817255    49.208629
   10.312776     4.395696     9.622676     7.809598   150.833812    76.684274
   10.010201     4.612209    10.125975     8.013494   136.142129    88.870348
    9.963009     4.304753     9.944964     7.820716   155.441958    71.636676
   10.099963     4.373406     9.943871     7.934514   145.824941    84.249510
    9.707237     4.661187    10.412195     7.835444   159.777720    68.080452
   10.378518     4.805006     9.780281     7.985708   139.912766    73.391298
   10.285442     4.919237     9.885274     7.979283   133.646931    82.729555
   10.007755     4.374906     9.796111     7.904963   141.203049    75.622371
    9.982448     4.793300    10.107040     7.999072   132.585921    82.191282
   10.137845     4.882182     9.979132     7.900461   141.337964    72.888742
    9.705288     4.522186     9.919610     7.806910   137.884016    72.803784
   10.235651     4.479852     9.625954     7.844743   141.369193    83.879703
    9.698833     4.492217    10.298544     7.970224   143.409606    77.572618
   10.246876     4.453456     9.961773     8.304212   133.017060    65.793423
    9.899952     4.314529    10.134007     8.006420   146.325045    74.008491
   10.127160     4.544351     9.949090     8.067363   134.597148    81.769820
    9.832419     4.789603    10.597309     8.079891   153.608645    55.066947
   10.156869     4.632585    10.330193     8.165606   140.933815    80.559715
   10.150840     4.898978    10.337882     8.041271   144.772506    75.192117
   10.021281     4.570714     9.926103     7.964516   136.245691    80.202416
   10.222858     4.229526    10.057698     8.169961   144.676568    76.724543
    9.840553     4.815531    10.180260     7.910471   140.224050    73.064610
   10.054921     4.325536    10.020316     8.233989   134.441066    63.720870
   10.203087     4.298676     9.718271     7.950360   145.538944    73.979115
    9.857179     4.344242    10.298107     8.118962   143.103086    70.743221
   10.113425     4.353986     9.986264     8.189540   134.725310    73.520898
   10.268730     4.543615    10.323144     8.247542   143.275662    74.944703
   10.352507     4.525941     9.733410     7.927574   144.504056    82.227531
   10.194919     4.571011     9.985056     7.967659   143.028558    86.269825
    9.794224     4.786144    10.209132     7.854558   145.638017    73.090274
    9.930273     4.707943    10.352015     8.045634   136.550783    90.896134
   10.251385     4.642488     9.893882     8.080865   134.971669    80.311157
    9.867377     4.409925    10.023712     7.911155   145.279534    74.282914
   10.191871     4.887433    10.410538     8.174906   138.411598    79.325019
   10.380895     4.666145    10.261640     8.285324   142.968162    67.784650
    9.903672     4.427092     9.944655     7.994920   141.975858    57.345814
    9.807363     4.436277    10.203456     8.082505   141.836949    58.721049
   10.090452     4.603361    10.029544     8.137533   138.726982    57.542835
    9.753087     4.308805    10.331988     8.012287   154.039779    62.123182
   10.058941     4.524388    10.257816     8.150010   141.963448    72.012509
   10.164256     4.504269     9.962603     8.018984   151.665527    53.358482
   10.024785     4.787979    10.380614     8.008586   145.408456    81.450047
    9.638527     4.726077     9.970115     7.529191   156.996308    65.412200
    9.774068     4.500046     9.959868     7.913381   133.433821    76.655582
   10.126289     4.806927     9.901266     7.850266   143.679659    71.579160
    9.829534     4.345254     9.981840     7.854704   149.606246    69.547729
    9.951336     4.417960     9.890791     7.923573   138.175621    81.679663
    9.706557     4.581521     9.990457     7.863999   132.676114    78.611260
   10.453338     4.589427     9.940903     8.173673   140.525960    79.746273
    9.748828     4.394435    10.027494     7.683988   157.080511    78.641859
    9.971703     4.559689    10.149523     8.027456   144.147926    69.004580
    9.848276     4.730318    10.024451     7.873020   134.814774    81.674300
    9.643237     4.194047     9.972768     7.828109   147.089151    68.471593
   10.119128     4.350078    10.193548     8.171085   140.164831    82.958341
    9.626591     4.166826     9.974523     7.830775   139.887047    85.297750
    9.750219     4.405653    10.261370     7.945631   150.860359    70.484973
   10.052076     4.396386     9.937268     7.824003   155.328749    72.845610
    9.760730     4.502583     9.910062     7.705268   151.689408    66.201347
    9.956176     4.287894    10.119698     7.912372   161.101352    58.901540
    9.735876     4.060620    10.013050     7.983195   142.112636    71.699154
    9.486807     4.351398    10.261303     8.070136   121.500898    83.537352
    9.752349     4.422106    10.279110     8.070848   136.973320    77.722780
    9.745068     4.440598    10.233045     8.020850   139.528092    75.197016
   10.369040     4.430787     9.885631     7.905015   159.937236    65.516622
    9.929224     4.323066    10.022014     7.779018   164.110854    60.801182
   10.113971     4.508543     9.745278     7.763716   151.453947    69.327949
    9.914451     4.353210    10.022164     7.869755   153.127109    70.381529
   10.012870     4.846979    10.154594     7.957644   137.519096    82.170174
    9.719000     4.570874    10.006433     7.712603   152.186335    68.281807
   10.069058     4.496948     9.818841     7.807949   148.099402    75.953920
   10.367589     4.921096    10.439776     8.227925   140.156362    81.026065
    9.926440     4.613680     9.935277     7.802708   142.901457    81.666892
   10.497351     4.539484     9.905792     8.079352   147.966992    78.011607
   10.053567     4.515850    10.046708     7.895222   153.755835    69.278425
   10.008953     4.262852     9.977175     7.844844   158.723307    68.443727
    9.715479     4.435184     9.927111     7.666512   153.744911    71.472427
    9.764687     3.989589     9.840794     7.866568   143.548215    77.647827
    9.903023     4.294380    10.208524     8.041355   150.802581    64.997385
   10.015173     4.810678     9.892413     7.748493   140.458151    85.272318
   10.261117     4.641611    10.039540     7.979305   152.200431    67.103738
   10.051657     4.605233     9.920379     7.994896   135.488055    76.739110
    9.881020     4.386629    10.087156     7.981526   141.475576    79.636513
   10.298000     4.415784     9.834805     8.078620   148.510966    58.807959
   10.066319     4.174199     9.839131     7.970403   144.555975    78.585552
   10.132467     4.445323    10.186114     8.024064   155.159975    66.310043
   10.280366     5.020688    10.214585     8.115713   139.809897    66.947298
   10.703565     4.834681    10.016281     8.225421   149.965870    59.566951
   10.361182     4.429362     9.849160     8.208650   135.071294    81.556278
   10.360293     4.453806     9.813410     8.183435   137.877888    73.582232
    9.933412     4.497526    10.132816     8.107015   137.898382    65.851056
    9.536056     4.846388    10.291371     7.729618   151.550579    67.008312
    9.767166     4.635287    10.043283     7.839117   136.255759    86.126459
    9.945662     4.860456    10.478915     8.174968   134.289248    76.415516
   10.094477     4.834509    10.437581     8.150703   141.499671    73.280663
   10.178880     4.443983    10.068680     8.151347   142.147558    70.968262
   10.170864     4.485932     9.759145     7.978072   140.009106    72.632275
   10.105593     4.601527     9.909256     8.059233   133.684453    74.869817
   10.158171     4.673851     9.952405     8.013714   134.026950    87.275357
   10.062839     4.657572    10.371322     8.167927   137.185553    83.336664
   10.248473     4.795414    10.238516     8.082112   141.652620    82.791686
   10.061108     4.750166    10.049550     7.922393   135.770850    93.258884
    9.819575     4.606727    10.347504     8.070669   140.485033    72.243861
    9.932989     4.697734     9.956557     7.825780   141.594905    77.416211
    9.685381     4.698907    10.349512     7.953693   146.120739    64.671460
   10.142262     4.632380     9.811357     7.877691   139.270242    83.585227
    9.991306     4.478402    10.081433     8.054430   136.992997    81.295136
   10.013944     4.309725    10.004179     8.049095   139.682961    80.378631
    9.936768     4.437318    10.210690     7.996138   149.360549    73.182285
    9.691601     4.349134    10.036178     7.893896   139.434759    77.701723
   10.045802     4.317039    10.034719     7.982094   148.171314    77.390865
    9.943812     4.460242     9.777363     7.784088   145.231969    72.077926
    9.986194     4.527199     9.748428     7.767130   145.026377    71.578215
    9.817431     4.596475    10.175172     7.950729   137.262579    85.972078
    9.988155     4.603751     9.939482     7.787071   150.692395    72.097471
    9.929321     4.714253    10.173110     7.931546   137.448755    91.182431
    9.510312     4.351445     9.992169     7.758915   141.637014    73.805412
   10.007819     4.388303     9.715517     7.871148   142.062577    68.812638
    9.665555     4.329193    10.204499     7.928765   146.544187    73.938151
    9.950612     4.473924     9.937647     7.891793   147.110844    67.132318
   10.050683     4.679709    10.163350     8.086065   137.594466    74.932434
   10.374550     4.738977    10.285667     8.257139   142.018309    71.543544
   10.114914     5.029906    10.330616     8.086190   132.830853    85.055339
   10.054166     4.565887    10.529824     8.109558   151.827490    77.385835
    9.655354     4.642393    10.228551     7.831214   150.851558    66.918505
    9.964747     4.582957    10.332608     8.040453   156.384792    50.812458
    9.788631     4.494181    10.076130     7.829301   159.355155    45.701505
    9.969975     4.504852    10.010380     7.898493   152.414002    60.641935
   10.150565     4.277620    10.008004     8.223803   141.009358    62.069813
   10.119814     4.612451    10.071264     7.958719   151.726170    64.853487
   10.122655     4.586556    10.304166     7.944354   166.116183    51.499768
    9.977205     4.430734     9.926467     7.906412   147.968917    66.474391
   10.104628     4.799831    10.187500     7.825338   153.088785    80.558839
   10.245780     4.931934    10.498826     8.008246   149.711887    86.289571
   10.183891     4.394474    10.020876     8.021253   157.515253    51.732850
   10.290899     5.075377     9.977647     7.887995   141.036870    74.533234
    9.907261     4.811145    10.181153     7.774538   152.774460    74.601484
   10.347049     4.698670    10.381151     8.048512   157.773615    70.310183
    9.929100     4.988218    10.114904     7.696606   152.129082    68.499077
    9.624017     4.712249    10.241178     7.917986   133.183511    80.941999
   10.062982     4.737371    10.191138     8.000252   140.211474    84.433487
   10.231221     4.846142    10.191225     7.991107   153.779389    56.578277
   10.220439     4.583068    10.243945     7.976794   162.235591    58.473971
    9.891578     4.753044    10.261361     7.894028   159.516399    44.709722
    9.831453     4.571307    10.020376     7.677994   156.993234    74.369791
    9.880597     4.730523    10.410932     7.822836   163.323816    67.016209
   10.405184     4.540342    10.215362     8.148181   156.475489    59.404675
    9.993567     4.734950    10.374679     7.853026   165.780949    57.508694
   10.226099     4.584440     9.798750     7.975070   147.709180    55.091753
    9.847134     4.455377     9.924974     7.770853   155.728436    56.598465
    9.992634     4.770313    10.196200     7.703947   167.091853    59.256963
    9.993890     4.914341    10.156061     7.888203   146.345244    65.376570
   10.111026     4.876185    10.136172     7.869421   156.232812    53.007258
   10.268783     4.689464     9.983263     7.937818   154.492910    58.935031
   10.244811     5.182808    10.229411     7.791666   150.993429    74.760379
   10.349964     4.902504     9.867544     7.866130   150.837052    58.916252
   10.112357     4.877649    10.413425     7.815168   164.456933    67.817384
   10.301178     4.938453    10.258262     8.095626   142.475760    74.623229
   10.214976     4.751774    10.130235     7.953540   150.831717    71.787942
   10.482866     4.684382    10.186442     8.095074   152.401250    74.109250
   10.128749     4.500183    10.191770     7.778493   166.425695    74.633554
    9.666762     4.902012    10.552570     7.894759   154.076452    66.155149
   10.208011     4.616690    10.093880     8.217200   136.003469    69.516006
   10.227700     4.897843    10.092176     7.771601   163.352912    52.079259
   10.271798     4.908612    10.119348     7.929492   148.109137    74.189915
   10.062333     4.715104    10.571917     8.011625   162.411117    62.410094
    9.815484     4.580531     9.932985     7.795946   149.143696    56.715230
    9.768319     4.669659    10.108730     7.703132   160.896387    57.802200
    9.844412     4.343304    10.056588     7.912747   155.892956    51.335748
   10.170153     4.834013    10.035230     8.071517   140.606656    57.565430
    9.955089     4.278409    10.255034     8.186633   151.159460    45.336158
   10.326764     5.005950    10.024560     7.696090   163.022032    55.726069
    9.922463     5.125962    10.377529     7.834596   153.925341    56.648161
   10.187279     5.025914    10.305240     7.826702   158.912471    63.763894
   10.399673     4.976192    10.118035     7.775726   163.301535    59.514865
   10.017312     4.813386    10.702027     8.066811   157.955716    68.914508
   10.158031     4.562674    10.141577     8.052028   153.793307    55.263351
   10.130799     4.710083    10.296193     7.994411   153.210999    69.878469
   10.212117     4.808381    10.210317     8.039487   155.358781    46.171525
   10.156804     4.589414    10.480547     8.088994   161.236458    56.978231
   10.076800     4.638071    10.014511     7.845880   158.157547    55.133971
    9.891390     4.169496    10.030298     7.926915   151.162021    73.149902
    9.928866     4.706085    10.479445     8.072197   152.456979    59.297533
   10.366570     4.570608    10.031358     8.001711   164.768688    38.862621
    9.977066     4.738575    10.212958     8.000280   139.298628    80.906212
   10.077621     4.786531    10.025289     7.647884   164.585061    60.890635
   10.078258     4.399578    10.206677     8.027693   158.562264    56.273060
   10.083540     4.731205     9.994832     7.814848   154.586807    61.649897
   10.044970     4.808759    10.115448     7.726174   156.144893    76.951971
    9.802271     4.947980    10.325179     7.805620   153.729777    63.184774
   10.139782     4.826319    10.218321     7.861331   160.632819    57.538748
    9.979331     4.603276    10.021168     7.805107   157.037261    61.096448
    9.723371     4.514797    10.209728     7.685632   174.098628    44.181975
    9.836408     4.885851    10.086442     7.629243   163.729988    45.827985
   10.252354     4.890461    10.372349     7.999195   156.373317    62.646725
   10.117244     4.706485    10.505221     8.079593   156.496768    63.550324
   10.532792     4.849241    10.383382     7.936874   173.668730    43.570836
   10.196894     4.748139    10.096146     7.930895   154.219486    61.763188
   10.297228     4.558374    10.335560     8.106132   161.277974    52.998487
   10.346236     4.908908    10.470196     7.890901   166.773287    63.865680
   10.530795     5.116221    10.357339     7.868854   166.628964    52.955692
    9.978741     4.681349    10.324398     8.006249   150.193333    68.384619
   10.335533     4.518918    10.324625     8.209033   154.044213    59.956722
   10.477630     4.645554     9.787017     7.778380   164.570635    55.412760
   10.337399     4.805706    10.259773     8.181953   147.920949    58.184634
   10.002921     4.724196    10.366271     7.905696   162.157956    58.361241
    9.855824     4.803610    10.462572     7.885571   162.153386    56.469178
   10.056952     4.646861    10.329849     7.985826   157.163173    62.739946
   10.267180     4.906473     9.969465     7.950110   144.321998    66.099616
   10.158900     4.763182    10.331441     8.093327   156.105051    44.668272
    9.942813     4.317496    10.090662     7.932704   160.462665    50.135355
    9.892714     4.367354    10.238830     8.018559   156.976101    51.103820
   10.339078     4.469237    10.260259     8.079003   163.434342    53.943309
   10.075770     4.425458    10.380014     8.019526   164.516002    56.062966
   10.207935     4.831007    10.213207     7.945150   156.838775    57.601597
   10.007796     4.564101     9.996162     7.866905   151.062283    68.289358
   10.308878     4.460714     9.875232     7.946510   158.268594    55.515136
   10.116677     4.663299    10.447843     8.013926   160.046117    63.368645
   10.086114     4.416235     9.853058     7.816066   161.235277    49.176513
   10.035982     4.801726    10.444779     7.967328   157.340005    64.214085
   10.364058     4.872886    10.386263     7.912433   168.394678    52.337487
   10.006726     4.752063    10.055062     7.951232   147.600995    51.981795
   10.076077     4.480725    10.113469     8.076808   151.279218    51.639838
    9.876500     4.602048    10.414966     8.002877   159.451022    50.676637
   10.401406     4.784132    10.076581     7.980256   152.585109    70.113231
   10.065212     4.804159    10.413824     8.092850   144.175372    74.294643
    9.787847     4.493488    10.482711     8.159726   133.605507    91.352528
    9.930846     4.874056    10.507720     8.154994   141.666171    62.467040
   10.517078     4.755555    10.250599     8.473859   131.932534    77.440715
   10.377636     4.877540    10.329235     8.324014   139.090665    64.179100
   10.209430     4.755369    10.376397     8.309756   135.592578    70.691969
   10.194801     4.961741    10.238221     8.196436   129.729307    77.950497
    9.944724     4.789030    10.381671     8.074744   137.009662    83.103239
   10.454005     4.847921    10.163639     8.281168   131.298407    88.362617
   10.049973     4.444309    10.113973     7.793367   162.264885    74.746939
   10.245119     4.771935    10.378734     8.043100   146.514734    89.091208
   10.101866     4.941587    10.325705     8.040965   141.982394    74.170378
    9.731914     4.608586    10.399761     7.874091   161.839659    58.485228
   10.514803     4.533851    10.612452     8.251752   161.599010    66.586497
    9.950252     4.621352    10.151022     8.007002   141.155367    74.308213
   10.268832     4.627621     9.934881     8.001154   146.673617    69.676257
   10.495571     4.804283    10.184508     8.383344   132.519201    78.896538
   10.248610     4.524291    10.467220     8.246523   149.398393    70.600045
   10.310060     4.797919     9.956564     7.888013   155.956548    55.116500
   10.903123     4.578053     9.912225     8.226910   161.718785    51.234216
   10.028506     4.073214    10.141758     8.173380   142.942828    77.875732
    9.933672     4.488706    10.172070     7.752842   168.996299    59.065338
    9.931693     4.798075    10.397860     7.916105   152.735202    74.443290
   10.645236     4.804717    10.472136     8.198502   155.273863    73.080593
    9.848296     4.874495    10.348230     7.757799   155.329634    80.186690
   10.090923     4.899940    10.502394     7.944188   158.373613    67.557670
   10.207021     4.597224    10.051605     8.010410   147.795728    73.230340
   10.294071     4.695853    10.413657     8.235466   143.025212    77.875560
   10.424411     4.710274    10.502468     8.251280   149.922488    73.121390
    9.716101     4.439164    10.195024     7.895617   148.180238    75.012347
   10.352005     4.180717     9.951644     7.957241   166.279194    57.674925
    9.986866     4.520154    10.050958     7.966739   152.576965    51.191359
   10.547988     4.805801    10.117024     8.061543   160.103075    48.936213
   10.198254     4.387999    10.262811     8.038984   166.368379    47.371902
   10.294331     4.337432    10.054542     8.170167   154.637085    50.260790
   10.252769     4.313655    10.295876     8.137704   162.691787    51.687704
   10.175949     4.702792    10.234026     8.104321   151.902508    51.017452
   10.341914     4.738397     9.993054     7.888928   159.543210    55.853083
   10.010783     4.296497    10.233045     8.199021   137.244820    81.270740
    9.967982     4.397116    10.017519     8.100410   133.812290    75.562356
   10.274929     4.617020    10.420967     8.323798   145.094445    61.820663
    9.888124     4.533307    10.481899     8.068771   146.617925    83.357203
   10.114206     4.965243    10.435308     8.088695   138.553723    84.545955
    9.788654     4.628495    10.020620     7.812172   146.224811    67.361371
   10.202713     4.835358    10.264408     8.082023   144.240607    71.713294
    9.644575     4.802737    10.322719     7.854707   139.263381    87.397134
   10.090061     4.871435    10.180547     8.088151   132.581880    79.150103
   10.148570     4.693933    10.318945     8.093439   148.679023    68.177983
   10.319362     4.509813    10.341293     8.288116   139.450547    86.102844
    9.770997     4.828883    10.237922     7.889430   142.589138    70.899032
   10.082462     4.743684    10.289355     7.978239   154.582603    62.364600
    9.891681     4.538539    10.287445     8.089872   139.450147    75.785921
    9.896917     4.824518    10.186244     7.899908   142.329294    75.674742
   10.223953     4.369300    10.274026     8.265854   143.311530    74.015984
    9.672175     4.786468    10.363336     7.880243   146.642863    73.712139
   10.247210     4.687021    10.364874     7.988022   161.485094    63.586071
   10.329352     4.741951    10.374634     8.233919   144.448880    71.424292
   10.180376     4.680340    10.010245     8.052819   136.994296    80.824078
   10.261120     4.738789     9.919355     8.109406   129.531933    86.420405
    9.932001     4.325380    10.159356     8.201643   129.399674    81.892737
   10.208792     4.645738    10.132273     8.137738   137.288756    81.931282
    9.940347     4.848186    10.051891     7.833335   140.688052    78.470800
   10.275205     4.429674     9.868351     8.162572   133.395736    85.054335
   10.169933     4.487388    10.225377     8.151990   144.967834    73.822325
    9.628997     4.383733     9.874094     7.729429   143.349411    70.100686
    9.809545     4.450552    10.154998     7.955035   140.958473    83.008553
   10.030936     4.697061     9.960959     7.770307   151.854244    71.168524
    9.848153     4.427553    10.418311     8.149161   136.374421    88.830729
   10.118878     4.834178    10.168162     7.992726   138.431959    85.772900
   10.168384     4.809453    10.282262     8.130091   137.343780    81.378773
    9.982460     4.754196    10.410407     7.848687   161.411602    71.631672
   10.116094     4.600987     9.993181     7.908072   146.135114    80.430772
   10.220633     4.761880     9.862413     7.835238   145.464562    77.747461
   10.575494     4.548142    10.129021     8.149748   154.440089    71.472613
    9.967050     4.288959    10.008820     8.002261   145.500788    71.481798
   10.207998     4.309658     9.853926     8.071962   149.408966    56.182547
    9.985153     4.354134    10.158364     8.123693   142.917879    67.814903
    9.666357     4.186062    10.067351     7.865665   146.797363    77.324413
    9.982636     4.643706    10.043611     7.965199   140.441757    73.679583
   10.116761     4.506190    10.315391     8.209722   140.901196    75.491508
   10.031432     4.696523    10.403683     8.038864   147.496649    79.451507
   10.225203     4.635793    10.469770     8.250291   143.670386    76.543308
   10.171256     4.094765    10.222494     8.168809   151.853297    75.104964
   10.175030     4.553607     9.910673     8.039034   142.836546    66.278787
    9.863582     4.512355    10.110164     7.877364   147.112308    80.171848
   10.233304     4.515029    10.116871     8.016812   150.893250    77.037076
    9.934249     4.553114    10.337268     8.048081   149.782848    67.052363
    9.871328     4.656448    10.006417     7.848042   147.807999    60.068435
    9.754644     4.468699    10.072867     7.842894   148.416855    71.646406
   10.301583     4.838729    10.212344     8.169367   143.001483    64.207431
   10.180093     4.728993    10.005356     7.823052   148.188146    86.193355
    9.938157     4.693278    10.144314     7.671057   164.451460    69.125914
    9.818795     4.160622    10.022097     7.865851   154.526378    69.013975
   10.064228     4.356431     9.952231     8.057678   145.310473    61.282032
    9.757410     5.003708    10.234517     7.668220   156.464330    62.404664
    9.944851     4.364124     9.941515     7.851146   150.843775    72.471922
   10.111626     4.779326    10.014152     7.959334   138.209298    80.056847
   10.106484     4.594388    10.292198     8.120615   145.229305    72.583571
   10.093951     4.588699    10.182155     8.080319   140.850730    80.509107
    9.790503     4.839729    10.291283     7.805818   145.077042    88.854626
   10.347207     4.836522    10.331848     7.915971   158.193219    77.333029
   10.224261     4.532305    10.290083     8.092419   148.963097    80.900338
   10.036166     4.678322    10.009140     7.946605   136.569781    85.747178
   10.173131     4.562289     9.989637     8.082981   143.973492    62.539906
   10.028002     4.383693    10.015591     8.042145   141.880913    74.523527
    9.992007     4.480495    10.142212     8.019850   144.879918    75.225855
    9.732108     4.337899    10.178240     8.070140   135.761873    71.077473
    9.868886     4.433258     9.980581     7.922697   139.360267    79.609623
    9.874058     4.746151    10.250756     7.843213   152.887385    72.384157
   10.183098     4.259115    10.053700     8.261203   139.942149    67.233460
   10.218272     4.630158    10.332667     8.236241   138.883829    79.310524
    9.756684     4.807975    10.191604     7.832389   140.970435    81.175690
    9.514942     4.375923    10.003504     7.613508   160.612445    59.590980
    9.880711     4.738358    10.357519     7.877474   153.767790    75.858522
   10.129934     4.695537     9.891310     7.954654   140.124295    70.945216
    9.805374     4.776564    10.144293     7.880498   141.586889    70.875340
    9.490514     4.392027    10.469610     8.001095   148.200058    68.113613
    9.732440     4.650938     9.951600     7.749902   136.706703    85.481147
    9.997885     4.693136    10.310043     8.022136   144.152221    79.800598
    9.973727     4.328213    10.085207     8.072618   136.396110    86.842956
   10.239109     4.826118     9.833783     7.713144   155.155159    63.888652
    9.769769     4.287107    10.044145     7.917635   142.612626    78.877834
    9.794144     4.798645    10.432755     7.961331   144.812411    78.769374
   10.411164     4.637943    10.362185     8.243453   148.579704    70.764009
   10.224649     4.608721    10.609747     8.373943   143.776014    70.766901
    9.873145     4.904232    10.099987     7.788973   138.662905    86.485933
   10.032726     4.726061    10.084312     7.853739   146.866627    81.335329
   10.561780     4.760770     9.951958     8.257254   132.756873    89.517661
   10.054853     4.291653    10.070368     7.980083   147.864454    83.948751
    9.965161     4.689720    10.177586     7.999426   142.487675    71.932924
    9.608913     4.659058    10.177217     7.851257   136.627250    81.905816
   10.003457     4.582712    10.331198     8.127623   145.580969    65.248787
   10.003923     4.612919    10.061623     8.011789   145.337384    57.911879
   10.282794     4.649121    10.076511     8.210033   138.600195    68.593654
    9.829305     4.552353     9.984513     7.926115   136.319812    73.400554
    9.875009     4.921926    10.159567     7.787120   145.688031    75.471908
    9.888013     4.519185     9.869639     7.918599   132.957003    78.013791
   10.208818     4.342025     9.645184     7.835097   148.488974    74.885697
    9.755826     4.252847     9.968483     7.850115   143.836564    80.633000
   10.007814     4.203941     9.792772     7.870991   149.048464    71.812534
    9.748423     4.331797    10.085351     7.829063   157.167418    61.216428
    9.988844     4.379827    10.206348     7.993176   155.266097    65.646223
