   11.136163     4.905111     9.987607     8.062932   160.747038    73.902725
   10.830014     4.340144     9.890344     8.174572   159.133060    70.672930
   10.898538     4.905765    10.287419     8.215397   153.352159    76.344862
   11.174634     4.725943    10.082564     8.039513   170.063195    65.810083
   10.812666     4.665225     9.836462     7.904890   159.751870    79.250074
   11.069010     4.654404    10.317057     8.133663   169.975103    64.101682
   11.014815     4.839199    10.232225     8.299139   155.792053    69.174693
   11.233022     4.891498    10.113430     8.014136   166.473712    74.206143
   11.259402     5.002263     9.903992     7.818082   167.974759    74.936921
   11.356088     4.877196     9.967731     8.061360   168.149299    66.871655
   11.261728     4.914536    10.316026     8.209136   163.993770    69.858593
   11.192721     4.534288     9.937047     8.273203   159.774813    76.677477
   11.214968     4.968971     9.977676     8.124290   160.356460    70.057406
   11.579252     5.149489    10.453736     8.286286   168.492973    60.730331
   11.242713     4.359528     9.894813     8.467537   156.794951    76.570280
   11.312010     4.741023    10.205659     8.283505   164.308242    69.563192
   11.232712     4.773512    10.186580     8.108114   167.300874    71.287183
   11.238772     4.734217    10.217726     8.167205   171.056116    58.022671
   11.192059     4.880820    10.092996     8.206128   162.838360    62.816402
   11.073134     4.735155    10.107090     7.874623   174.087824    68.033820
   11.227729     4.929563    10.007726     7.964095   163.224045    81.744163
   11.475740     4.724402     9.994253     8.212973   171.742919    58.684346
   10.980671     4.393094     9.966271     8.338971   160.796225    59.387692
   11.031163     4.869221    10.087002     8.113692   163.293879    61.020360
   11.004965     4.766265     9.871504     8.081927   165.787557    50.154566
   11.204876     4.931605     9.804279     8.223739   160.555796    52.936329
   11.057942     4.603010    10.142904     8.570359   150.143075    69.087363
   11.007605     4.779072     9.992756     8.277696   159.688351    52.648037
   11.163723     5.000055    10.202230     8.203904   152.940184    87.221664
   11.079438     4.756254     9.944503     8.364280   158.506819    51.842246
   11.243947     4.653195     9.670499     8.262980   157.412341    71.484264
   11.322839     5.032647    10.084023     8.445856   157.992829    55.966164
   11.156358     4.992222    10.266270     8.126036   161.404257    73.581937
   11.337555     4.880063     9.750178     8.332918   157.400385    64.544145
   11.012216     4.600709     9.755472     8.360338   150.448740    69.302238
   11.201191     4.686051    10.079787     8.352575   160.830336    64.597801
   11.252948     4.988302     9.985405     8.174967   164.571630    54.258976
   11.135013     4.985165    10.226478     8.220675   163.004161    56.613407
   11.412806     5.078635    10.219817     8.274446   160.461412    71.791785
   11.312094     4.763179    10.018963     8.229575   169.019363    53.692127
   11.094863     4.674804    10.069675     8.537836   154.885228    55.668329
   10.896965     4.960900    10.109820     8.211007   150.777081    72.322431
   11.065320     4.900249    10.031719     8.173596   163.249377    52.404708
   11.027487     4.800599     9.950781     8.188019   164.078968    47.377766
   11.018435     4.836944    10.298532     8.027510   166.279189    73.313592
   11.052641     4.967702    10.170215     8.348708   154.993032    59.669085
   10.748657     4.753344    10.396234     8.280741   163.497048    44.262275
   10.800341     4.977498    10.128002     7.928363   167.174898    52.396387
   10.999944     4.954213    10.163387     8.192791   163.049675    49.264078
   11.128083     4.952693    10.390160     8.096160   169.201029    60.635169
   10.772123     4.695462     9.800587     8.157784   156.974494    48.203328
   10.862497     4.698914    10.099097     8.150405   158.712784    69.262937
   10.981261     4.133374    10.034462     8.347015   164.314328    63.936686
   11.305642     4.559708     9.990477     8.421015   164.000901    59.329654
   11.411479     4.739613     9.845249     8.280038   162.583791    70.384655
   11.541822     4.827592    10.200205     8.438972   165.179573    64.592757
   11.015935     4.485205    10.167810     8.568089   152.181353    66.471722
   10.903289     4.564442    10.434861     8.335912   163.758472    59.322951
   11.043209     4.854784    10.097569     8.218602   158.596138    65.362539
   11.022735     4.935708     9.951630     8.095037   164.151896    48.482142
   11.071691     4.884287    10.188917     8.386586   157.746152    54.542401
   10.993714     4.699508    10.079504     8.479270   148.821160    69.455795
   11.262449     4.799310     9.859077     8.128551   162.646991    70.740814
   11.646421     4.891730     9.617297     8.137061   166.650751    69.318188
   11.367120     4.721328    10.074535     8.326203   171.927862    43.484451
   11.395274     4.702816    10.026698     8.444907   161.035355    67.186748
   11.333300     4.828135    10.096621     8.441008   161.669485    57.304415
   11.082842     4.863953    10.206645     8.687464   145.704035    62.611745
   11.491383     4.721681    10.160963     8.503811   167.647198    52.361927
   11.460394     4.773225     9.918014     8.437985   165.521117    52.544115
   11.077722     4.491080     9.960301     8.391859   158.577356    62.759983
   10.883023     4.922817    10.239842     8.191302   160.502085    54.647272
   11.168185     4.746549    10.103704     8.507940   159.687162    48.239071
   11.051643     4.777331    10.339528     8.267971   165.634804    54.852653
   11.079385     4.863706    10.347036     8.550038   154.072635    56.689892
   11.012114     4.647769    10.051621     8.486546   148.417845    72.827259
   11.036831     4.737136    10.274696     8.311140   157.758587    70.813355
   11.019364     5.105341    10.106995     8.061976   160.535816    60.265255
   11.555414     4.854939     9.994313     8.590168   160.941882    60.181142
   11.157197     4.944664    10.213569     8.431365   160.287652    46.690586
   11.519615     5.026710     9.972552     8.253547   163.412032    67.195863
   11.105617     4.982178    10.244876     8.231192   160.495874    61.849237
   11.243710     4.930334    10.202114     8.203322   162.080445    69.876393
   11.412216     5.070567    10.204961     8.074567   167.294967    69.457256
   11.247485     5.000427    10.274709     8.296413   162.773755    58.180363
   11.170199     4.967098     9.936327     8.136188   158.216914    70.357438
   11.330440     5.143526    10.045777     8.218995   161.312386    58.706062
   11.236761     4.941557    10.465225     8.486976   159.673997    58.564355
   11.293205     4.997274    10.366314     8.375697   158.995602    68.192507
   10.959633     4.891496    10.341374     8.449856   156.481178    49.013156
   11.139353     5.029880    10.628659     8.406073   162.624618    54.205819
   11.324164     4.913023    10.252186     8.347102   166.005985    52.734986
   11.279834     4.801624    10.045327     8.563590   153.608544    65.836681
   11.220152     5.175674    10.128689     8.192889   157.176110    67.207609
   11.273126     4.921840    10.302937     8.417888   162.994991    52.951766
   11.133426     4.806024    10.234675     8.593502   148.340068    72.048795
   10.987599     4.554740     9.840854     8.311390   151.474861    75.855076
   10.994155     4.683412     9.968867     8.345508   155.326559    61.172063
   10.870903     4.485198     9.942524     8.335425   153.669228    65.693587
   10.958384     4.834729     9.858643     8.213525   149.205737    76.105432
   11.187942     4.886948     9.921810     8.156592   156.147276    79.567302
   11.209069     4.870239    10.321720     8.491897   149.309276    84.216615
   10.952500     4.400839     9.978345     8.424242   150.494930    77.107543
   11.177969     4.477180     9.984972     8.359453   157.255846    78.787976
   11.238334     4.817660     9.821317     8.376485   150.807667    78.261907
   10.918246     4.934377    10.241873     8.443537   142.395193    79.598992
   10.889589     4.397069     9.908451     8.420358   149.978044    70.605499
   11.345987     4.697327     9.767688     8.392026   155.734335    75.162267
   11.144439     4.547239     9.899409     8.232957   161.971506    68.960392
   11.058025     4.663637     9.775201     8.258563   149.221005    84.706574
   11.300134     5.038993     9.795558     8.207671   151.143203    83.718208
   10.931929     4.709458     9.955730     8.483474   144.414159    70.082671
   11.192690     4.945248    10.069023     8.475298   151.163735    67.237405
   11.166107     4.640810     9.565415     8.296705   152.304479    72.011250
   11.616657     4.725612     9.933596     8.700365   155.252077    77.623091
   10.828320     4.822215     9.854191     8.169174   149.370010    70.001054
   11.079765     4.515268     9.905472     8.478422   147.109104    83.416779
   10.946269     4.777234     9.986032     8.329767   151.732641    64.976090
   10.913123     4.556507    10.082441     8.406748   142.627107    94.452166
   11.137252     5.025818     9.932879     8.302145   153.746917    61.111945
   11.205010     4.758164    10.151698     8.160266   167.831478    62.345505
   11.341250     5.155294    10.540773     8.220196   163.341270    71.852322
   11.085980     4.865712     9.932163     8.076211   163.000908    62.320423
   11.211102     5.030654    10.243448     8.197676   166.292815    52.184086
   10.923923     5.080350    10.346044     8.144326   163.143983    51.228728
   11.414413     4.951151    10.111566     8.328199   164.794045    57.802379
   11.429869     5.184539    10.210074     8.448325   149.715200    84.256038
   11.179482     4.940568    10.053433     8.481678   149.729597    69.396296
   11.197484     4.942209     9.932087     8.152441   156.203089    77.826256
   10.819902     4.934519    10.408445     7.952692   170.000726    62.700641
   10.388821     4.448765    10.089363     8.000207   151.820340    89.191826
   10.959949     4.512523     9.993272     8.415526   147.606121    82.066384
   10.964858     4.718170     9.925132     8.356623   154.930841    54.554683
   10.866668     4.614722     9.663680     8.101560   154.565129    66.636212
   11.089562     4.702595     9.834641     8.353380   149.413770    78.287230
   11.096833     4.655514     9.869415     8.321623   155.401178    68.845647
   10.881222     4.528356     9.868316     8.514603   137.478443    86.132207
   10.743456     4.778663    10.157842     8.311986   147.456483    70.506832
   11.014420     4.282449     9.940172     8.184356   166.433744    67.077684
   10.829673     4.565955     9.822615     8.047112   154.089674    84.170919
   11.058329     4.505727     9.699846     8.165380   159.991036    67.832145
   11.011393     4.741398     9.963207     8.335210   152.507868    68.508899
   11.115603     4.843958     9.907748     8.222413   152.746618    79.446504
   10.986202     4.954526     9.893243     8.028222   157.072886    70.073834
   11.077245     4.488901    10.163716     8.423294   156.456029    73.564360
   11.372861     5.017276     9.768741     8.337533   154.966757    67.410665
   10.968655     4.486081     9.711448     8.169382   158.399548    66.599704
   10.816934     4.881143    10.002194     8.300348   137.888818    90.512587
   11.244132     4.500927    10.107330     8.135354   173.828077    61.439729
   11.169647     4.663575     9.829273     8.452589   151.960140    70.088875
   11.283018     4.904736     9.864299     8.316789   157.654699    64.286544
   10.814411     4.698960     9.944649     8.283957   144.155401    82.274798
   10.825900     4.337493     9.935903     8.112157   166.728107    59.160366
   11.116773     4.430441     9.712675     8.150406   161.303631    74.397754
   10.962270     4.344614     9.775570     8.451918   144.397271    85.338041
   10.833203     4.935591    10.067074     8.050565   153.919029    76.786424
   11.421710     4.668901     9.855148     8.441093   159.650522    69.877690
   11.254871     4.776282     9.726024     8.267190   160.188796    59.681481
   10.747052     4.951307    10.009446     8.093749   153.877765    60.678201
   10.996700     4.678168     9.760408     8.325526   147.761925    75.409652
   11.030165     4.829081    10.055725     8.573285   135.101610    94.470390
   11.140403     4.736671     9.894471     8.338653   150.951994    80.307846
   11.044262     4.715534     9.923166     8.208907   152.845803    82.684878
   10.810610     4.664071     9.949926     8.020561   157.042411    79.982154
   11.180312     4.528417     9.785869     8.560782   146.548422    80.857383
   10.770721     4.520527    10.434574     8.434148   149.475211    80.465415
   10.787411     4.633944     9.888257     8.229813   150.353586    69.788719
   11.058105     4.879447    10.221475     8.431456   153.616781    62.444704
   11.281890     4.789056     9.774986     8.384219   154.831959    69.073565
   11.039356     4.665181     9.718396     8.349271   148.839002    72.320791
   10.588159     4.537901    10.228283     8.429011   145.193457    65.054039
   10.818460     4.496948     9.812977     8.475269   140.264296    75.237695
   10.973749     4.362441    10.039948     8.438138   153.417897    73.624667
   10.987600     4.755010    10.297529     8.524981   143.198894    85.906227
   11.023190     4.725763    10.116593     8.469439   143.276408    88.498167
   10.947456     4.721813    10.056463     8.457259   146.743892    71.507434
   10.894853     4.706584     9.929768     8.273852   144.143668    88.949077
   10.808213     4.895497     9.859453     8.213811   143.836655    74.316402
   11.039941     4.482873    10.090801     8.402838   157.169739    68.367346
   11.224463     4.903783     9.993248     8.290097   155.455974    73.681733
   11.041334     4.669115     9.531122     8.204131   148.064688    78.494593
   11.061822     4.570371     9.963103     8.476560   151.697175    68.986127
   11.055115     4.832057     9.923944     8.442923   142.009298    84.725093
   10.552385     4.670835     9.814946     8.068986   149.491339    64.617913
   10.916036     4.811522     9.798355     8.196174   151.344732    66.213890
   10.989124     4.478904     9.955949     8.420701   149.310514    79.220617
   11.075031     4.454808    10.091235     8.389772   155.586193    78.070001
   10.838493     4.588567     9.832783     8.127883   156.203680    68.958942
   11.165114     4.746810    10.103695     8.190280   169.690859    50.118238
   11.386235     4.871838    10.192712     8.458182   163.863338    53.835026
   11.202777     5.002680    10.149507     8.343528   161.294027    50.049125
   11.125305     4.957673    10.149413     8.451120   155.272806    54.063924
   11.222739     4.885113    10.270020     8.351612   168.136156    41.054169
   11.219083     4.838760    10.105764     8.344617   161.475196    58.018584
   11.006103     4.803567     9.974390     8.500027   148.102396    60.769209
   11.033117     4.959588     9.977538     8.247066   154.077491    63.240916
   11.055192     4.813019    10.086716     8.326374   158.903560    55.813282
   11.236112     4.740920    10.172365     8.283598   170.250517    46.468685
   11.124258     4.882476    10.292269     8.468097   153.005608    68.131441
   10.939925     4.263501     9.790983     8.336182   153.586823    74.609134
   11.093601     5.078800    10.472554     8.351370   156.962869    63.418117
   10.873532     4.953113    10.506919     8.231493   160.628427    61.426556
   11.264568     4.736631    10.305117     8.388399   167.476406    51.368067
   11.401329     4.853324    10.412601     8.343525   170.261046    53.732680
   10.829021     5.001299    10.393695     8.072405   161.589891    66.534158
   11.095666     5.146096    10.126925     7.951631   163.790015    66.004853
   10.991456     4.850727    10.471168     8.475744   155.924432    58.364094
   11.235171     4.624127     9.949495     8.339410   165.797329    51.902717
   10.912610     4.510173     9.819187     8.193902   158.940786    62.643092
   10.751545     4.692822    10.168797     8.090734   165.333638    54.783397
   11.068128     4.594621    10.159267     8.524350   160.133349    46.725633
   11.212448     4.888960    10.093863     8.281139   160.035434    64.746462
   11.402850     4.884458    10.239239     8.305130   170.265698    49.928521
   11.001151     4.897544    10.407191     8.305784   157.520052    67.290491
   10.939551     4.757128    10.107261     8.215442   158.944266    63.307873
   11.217072     4.640403     9.715938     8.262877   159.551078    65.804897
   11.294793     4.976524    10.034192     8.289173   166.183278    43.857248
   11.026311     4.541289     9.778718     8.339347   154.939733    63.900855
   11.243629     4.732658     9.847961     8.373784   158.213187    62.690043
   10.941299     4.587080    10.186359     8.386461   161.043780    50.569123
   11.347895     4.585295    10.078482     8.492689   168.857979    42.846540
   10.998463     4.657965     9.955137     8.356369   154.592041    63.193256
   11.125959     4.631925     9.976306     8.426687   159.196561    55.153732
   10.782937     4.809803     9.975447     8.203390   153.446166    58.386056
   11.305054     4.883231    10.465469     8.420853   164.784559    57.230576
   11.175449     4.685521     9.888374     8.198657   156.242787    83.533712
   10.828470     4.779364    10.019635     8.228632   154.202847    61.378096
   10.971552     5.038240    10.034717     7.988850   159.621406    68.481692
   11.039580     4.672325    10.249832     8.181068   166.736104    62.213250
   11.210993     5.177276    10.328357     7.925373   169.510087    66.671212
   11.158012     4.795327    10.504256     8.284643   167.449207    60.652995
   11.039939     5.122172    10.200413     8.305525   150.954999    67.311682
   11.353883     4.662024     9.928380     8.499161   158.923925    64.499640
   11.105038     4.568189    10.085589     8.083484   171.408945    61.887995
   11.097726     4.686507    10.294526     8.203469   169.985492    55.031718
   11.362826     5.101973    10.152390     8.467308   157.642800    56.743557
   11.124267     4.909781    10.009230     8.362092   157.589420    52.830116
   11.173290     4.887666     9.920617     8.354520   160.510687    45.824073
   11.200387     5.195470    10.412808     8.218613   158.908444    69.038248
   11.250282     4.900975    10.090128     8.405695   163.464730    44.450518
   11.251461     4.956205    10.211823     8.388772   160.633532    56.235216
   11.257359     4.810193    10.115257     8.464728   157.887195    62.074299
   11.158349     4.839663    10.274601     8.299135   159.589045    69.553474
   11.245654     5.078523    10.224420     8.437389   154.957773    62.063781
   11.400279     4.773255    10.441909     8.520168   169.620140    44.410932
   11.327884     4.935194     9.910745     8.406248   159.722822    53.640071
   11.170833     4.838374     9.779775     8.329315   150.219217    75.687064
   10.885867     4.943860    10.268521     8.119725   160.683452    63.134749
   11.220048     4.977795    10.094462     8.345997   157.669467    61.412463
   10.911805     4.838508    10.285439     8.325220   155.299259    62.880460
   11.247937     4.951145    10.153947     8.214783   166.064826    54.537013
   11.183706     4.591776     9.946379     8.354384   162.220840    58.739402
   11.439467     4.877711     9.939742     8.456284   157.499317    69.403896
   11.196757     5.134432    10.205847     8.184966   164.606391    49.668607
   10.815979     4.385353     9.926811     8.200167   161.638368    59.100868
   10.955798     4.584862     9.995100     8.298048   154.681959    71.335884
   10.906024     4.627278    10.163344     8.277541   160.317936    59.421244
   11.159107     4.544573    10.076147     8.124386   175.211701    50.083848
   10.999505     4.668804     9.914861     8.177710   164.586617    50.899920
   10.900201     5.066424    10.176641     8.054640   159.824206    61.679577
   11.189167     4.783989    10.051239     8.343168   155.641862    73.814638
   11.069682     4.683625     9.807145     8.077433   167.359846    52.011940
   11.021668     5.067910    10.201415     8.225828   156.302050    62.048689
   10.992557     4.962386    10.443059     8.286885   162.300524    53.485608
   10.954687     4.956902    10.029886     8.235348   157.089865    51.856789
   11.317379     4.975822    10.003974     8.224285   164.579775    55.764365
   10.902839     4.633783    10.082034     8.308451   157.388319    59.857940
   11.353272     4.442092    10.073893     8.259966   170.748932    65.900254
   10.937723     4.587836     9.988140     7.952803   171.527315    61.350972
   11.069660     4.725653    10.004088     8.283873   156.905548    68.378175
   11.146823     5.072529    10.006834     7.957828   168.863097    51.258381
   11.156244     4.786016     9.871656     8.125765   165.595640    56.021734
   11.227316     4.896069    10.106885     8.161315   170.647556    45.834637
   11.054581     4.798749     9.873584     8.147073   158.437638    67.098338
   11.036679     4.939070    10.144913     8.464065   146.133525    72.718338
   10.995974     4.685721    10.259756     8.466835   155.973391    58.633843
   11.063057     4.774886    10.056632     8.235623   164.474949    50.370066
   10.879229     4.877040    10.315890     8.260190   158.264060    59.106168
   10.700937     4.770681    10.453752     8.215567   159.757809    62.705152
   10.847634     4.714908     9.876264     8.178753   155.941881    59.544648
   10.915824     4.980927    10.301899     8.217318   157.757151    61.408722
   11.228992     4.566198     9.938330     8.428224   160.326950    61.582035
   11.074120     4.819382    10.420365     8.457766   156.621331    63.387743
   11.076232     5.075914     9.986575     8.112863   153.829490    74.328850
   11.255266     5.048417    10.168577     8.309224   159.498493    60.771703
   11.127898     4.844045    10.052328     8.482029   150.850598    66.655792
   10.929606     4.636012    10.180424     7.999960   174.128454    55.188127
   11.197018     4.448138    10.110313     8.422254   162.707398    64.371494
   11.035982     4.752529    10.195342     8.375248   160.578886    52.018392
   11.147822     4.891048    10.251779     8.291794   164.024433    53.376835
   11.146544     4.305138     9.822833     8.273269   165.724494    62.108823
   10.955503     4.717093    10.256370     8.457271   153.905073    60.636379
   11.552072     4.553854     9.970279     8.407866   169.207750    62.047169
   11.265146     4.898762    10.123627     8.255496   167.204424    50.051361
   11.535033     4.921095     9.892900     8.476930   160.924579    61.290709
   11.174295     4.888746    10.179748     8.137738   160.806218    77.176425
   10.989034     5.087623    10.350433     8.191242   162.620675    51.193601
   10.890948     4.499855    10.163050     8.131381   172.747169    47.225946
   11.109185     5.053632    10.316147     8.180727   164.448985    54.911674
   11.397944     4.696064    10.033389     8.443466   161.714469    66.004740
   10.988960     4.811013     9.966782     8.454832   151.775442    52.201242
   11.251140     4.905023    10.387884     8.354805   168.034885    46.481501
   11.065236     4.863451    10.238888     8.305215   161.190390    55.634439
   11.083136     4.939773     9.996373     8.239303   159.443035    54.125493
   11.428513     5.282324    10.098245     8.275806   161.486348    53.226262
   11.478591     4.932484     9.923920     8.191846   170.022552    52.501249
   11.381547     4.825949    10.118965     8.419385   163.657724    57.565318
   11.094449     5.133445    10.485090     8.249825   162.179782    56.626925
   11.010647     4.628285    10.415623     8.477891   159.690503    57.642158
   11.050970     4.931503    10.173655     8.213783   163.864133    49.929239
   10.699647     4.815249    10.169880     8.151542   158.126702    56.376748
   11.144039     4.966020     9.994014     8.250709   156.292511    65.503096
   11.220130     4.891220    10.318445     8.500495   160.091163    52.141004
   11.260943     4.904843    10.340032     8.438280   160.269889    60.354972
   10.976818     4.670528    10.120520     8.300913   164.350819    45.828179
   11.070034     5.015142    10.193065     8.233540   155.223467    70.402041
   10.944751     4.741065     9.937732     8.172498   160.281896    57.276540
   11.130518     5.101773    10.230117     8.041789   161.819377    72.002966
   11.085293     4.694195    10.106751     8.067489   169.737402    61.513724
   11.118729     4.560258    10.172065     8.245952   169.547416    54.362393
   11.157541     4.886808    10.551656     8.259569   165.946580    65.067826
   11.212883     4.924750    10.403170     8.157120   170.823155    55.856299
   11.188884     4.770372    10.305189     8.541441   157.017789    60.484520
   11.361870     4.930785    10.103794     8.353713   163.109403    57.774568
   11.340201     5.025746    10.366508     8.462156   158.652923    63.262796
   11.104581     4.828431    10.432438     8.392352   156.122715    73.479670
   11.187180     4.907441    10.419343     8.554899   152.534760    69.370504
   11.529833     4.972835    10.158586     8.794615   150.356784    72.640559
   11.208363     4.793135    10.015659     8.399691   153.318054    74.981257
   11.394627     5.201348    10.307322     8.663955   148.573333    69.493680
   11.161643     5.163585    10.174090     8.065342   164.219801    57.735914
   11.268265     4.899088    10.325902     8.269296   166.122307    59.442449
   11.307493     4.959629    10.461326     8.291799   165.677311    62.984194
   11.150475     5.015452    10.212000     8.097601   160.680491    74.714457
   11.167527     4.973663    10.316187     8.243412   158.581033    73.318667
   11.139216     4.807312    10.317691     8.178002   169.140065    57.083555
   11.269576     4.864100    10.097173     8.502891   148.483436    83.510925
   11.474670     4.675603     9.771788     8.175005   167.823618    68.498482
   11.033155     5.037955    10.170692     8.075166   161.100141    65.623182
   11.041495     4.839521    10.232433     8.414619   150.432655    74.298453
   10.683517     4.603787    10.090156     8.188997   154.241859    69.442776
   11.205640     4.955747    10.350172     8.313905   159.763621    67.632811
   11.003534     4.949179    10.567699     8.269952   156.040863    81.007774
   11.179508     4.910172    10.398775     8.505581   157.574893    58.015190
   11.264493     5.020490    10.046965     8.294569   157.117328    67.025980
   11.261329     5.162389    10.256168     8.400009   155.123562    62.642349
   11.534981     4.839393    10.161980     8.698010   160.720013    55.571139
   11.188326     5.002258    10.329078     8.399687   154.127993    71.353603
   10.837165     4.779123    10.280630     8.532275   148.084123    56.872893
   11.144519     4.532263     9.877033     8.220573   159.101363    78.157209
   11.236677     4.786709    10.192269     8.359474   164.548317    54.412735
   11.413125     4.782669    10.439348     8.373670   169.622518    58.024208
   11.413745     5.005151    10.437353     8.209015   168.327715    65.822712
   11.102934     4.673682    10.383640     8.118456   171.909629    64.257255
   11.381620     4.765075     9.941607     8.417778   162.852199    57.613108
   11.302043     4.606143    10.172691     8.293001   170.220655    56.622778
   11.112702     4.937761    10.430411     8.165830   167.745623    59.030362
   11.052029     5.120507    10.280229     8.164160   160.548280    58.922083
   10.952051     4.634782    10.278799     8.371409   161.011452    54.855402
   11.557177     4.833498    10.065790     8.307822   168.107993    63.684504
   10.999520     5.079754    10.385447     8.076846   162.059713    68.981369
   11.203341     4.913560    10.296689     8.288405   160.320232    68.480322
   11.164616     4.880002    10.505473     8.218487   168.328462    61.141414
   11.342222     4.680453    10.103527     8.553383   160.418283    59.008532
   10.950951     4.989507    10.151503     7.909812   167.159227    64.289208
   11.081898     5.017226    10.120880     8.292348   150.788646    74.901148
   11.223253     4.960304     9.987510     8.416661   149.595690    75.884861
   10.977674     4.878892    10.485931     8.242550   162.290278    64.429656
   10.952600     5.069405    10.473385     8.183887   163.287009    55.572488
   11.366594     4.836741     9.892877     8.122717   170.142197    54.995497
   10.911706     4.888691    10.261691     8.229219   156.419457    66.793005
   10.925841     4.529587    10.215844     8.311567   166.274036    47.393240
   10.907521     4.624047    10.235070     8.444014   155.172901    58.526765
   11.196614     4.959196     9.981425     8.202112   163.978535    50.832224
   11.457373     5.037428    10.136089     8.205771   164.815880    67.247389
   11.294499     4.813216    10.148776     8.355217   161.307767    65.452297
   11.396686     4.804807    10.323870     8.227614   172.923421    55.719358
   11.230218     4.887145    10.055473     8.351849   162.991252    49.087554
   11.357646     4.718828    10.286088     8.130026   177.677004    52.335640
   11.530883     4.913507    10.167559     8.208532   170.199741    62.715804
   10.962762     4.765534    10.408409     8.350477   159.191397    62.209316
   10.873183     4.959689    10.195783     8.143208   158.325063    61.485364
   11.165834     4.693885    10.032180     8.414378   153.463994    75.219573
   11.098574     4.770357     9.724139     8.327629   148.973785    74.128046
   11.016797     4.588918    10.130850     8.413407   156.448912    64.038270
   11.365750     4.789417    10.043622     8.191942   165.003382    71.858501
   11.067620     4.583761     9.936737     8.348962   154.642703    72.275723
   11.354759     4.917001    10.161181     8.113675   164.135186    78.334331
   11.230812     4.890593    10.201713     8.487114   155.341204    64.251431
   11.280947     4.890792    10.189324     8.260599   166.861380    54.448174
   11.190756     4.850671    10.575382     8.501244   158.083247    67.756311
   11.447427     4.888870    10.255602     8.287636   168.069219    61.013941
   11.124702     4.935814    10.087659     8.176911   165.277731    50.565420
   11.172287     4.740354    10.025396     8.210841   166.970002    53.758870
   11.264709     4.708928     9.835718     8.441854   147.722467    89.073292
   11.030249     4.723436     9.908224     8.197245   161.664863    56.423142
   11.177184     5.004877    10.063572     8.102139   163.103825    63.169133
   11.288156     4.855118    10.236436     8.374300   161.341560    63.912617
   11.064130     4.806926    10.185248     8.547057   151.824834    58.884540
   11.313619     4.836135    10.311422     8.452110   157.654842    72.607859
   11.310721     4.765118     9.746141     8.273938   160.064788    65.617479
   10.819521     4.896260    10.201007     8.179595   153.590050    70.903345
   11.331510     4.545440    10.147884     8.589704   163.166691    54.154907
   11.101552     4.898277    10.477227     8.218455   161.705269    74.259770
   10.779610     4.463151    10.008642     8.124002   160.480969    69.959538
   11.146307     4.747382    10.458168     8.041850  -178.317487    46.541618
   11.385130     4.874207    10.114361     8.360494   166.293939    52.455870
   11.162027     5.016287    10.067451     8.140772   161.615129    62.154343
   11.258348     4.674326    10.231463     8.332911   164.122556    66.350977
   11.121448     4.737285    10.429670     8.197345   165.232689    73.979104
   11.091477     4.841214    10.328185     8.277509   164.787014    54.816591
   10.881828     5.069138    10.186065     8.289250   147.596982    68.698508
   11.206210     4.914989    10.326631     8.058706   168.904416    68.767923
   10.931555     4.967660    10.145388     8.067881   159.901074    66.547082
   10.851201     4.674051     9.757478     8.266846   143.599485    80.078448
   10.982656     5.041379    10.130510     8.123794   159.156841    60.329317
   11.269205     4.814889    10.143325     8.402754   161.649130    58.182698
   10.771863     4.605447    10.264176     8.184672   167.350964    48.240140
   11.266898     4.670740    10.021591     8.559784   160.435692    50.056218
   11.225210     5.040002    10.286922     8.252018   166.620903    47.810044
   11.383402     5.096598    10.100532     8.342349   163.933020    48.151787
   11.330403     4.574399    10.087307     8.529199   165.761408    48.504141
   11.339954     4.879928    10.011541     8.309836   160.893055    66.338988
   11.149828     4.949087    10.319417     8.293860   157.967538    70.323802
   11.186035     4.842830    10.002409     8.379185   154.605813    68.502758
   11.119855     4.572015     9.945686     8.554223   159.031816    43.577977
   11.097260     4.959226    10.322342     8.427433   150.146646    75.439714
   11.301933     4.995342    10.320676     8.032082   172.229102    62.027214
   10.932332     4.709598    10.395765     8.356952   156.947214    68.062847
   11.050754     4.329745    10.007461     8.417536   157.037620    71.765053
   11.228858     4.562276     9.997204     8.394214   158.697433    71.701254
   11.021582     5.036841    10.161737     8.263364   159.959387    46.970121
   11.099785     4.819647    10.226572     8.226858   162.315384    64.632068
   10.740879     4.718129    10.177652     8.420792   147.859804    60.052503
   11.115642     4.952897    10.236812     8.382424   155.369410    63.388874
   11.142290     4.918526     9.929283     8.264426   155.670186    65.807783
   11.016807     4.862354    10.279216     8.397850   157.821664    53.902279
   11.123618     4.860512     9.998792     8.466311   154.906289    52.780542
   11.208006     5.040785    10.239547     8.332929   151.396814    81.580980
   10.780831     4.468651    10.224068     8.275766   161.103296    60.084219
   11.118473     4.989682    10.480192     8.192101   159.012253    81.019402
   11.369884     4.915820    10.471573     8.434372   157.627528    79.401660
   11.694468     4.966979     9.983970     8.544739   157.295577    79.721118
   11.013814     5.100468    10.429073     8.251298   158.876860    60.205357
   10.948060     4.655055    10.313043     8.420998   159.961358    52.544839
   11.107455     4.857900    10.431681     8.376308   163.988955    51.357343
   10.869749     4.798393    10.199833     8.302022   151.133827    72.288972
   10.856132     4.784341     9.760505     8.174711   152.786757    58.156003
   11.229825     4.996335    10.038088     8.297084   157.692173    63.518357
   11.213720     5.037717    10.233514     8.345191   159.682068    56.815521
   10.986394     4.741596    10.305807     8.591013   150.025417    61.032041
   11.334975     4.990083    10.027612     8.315684   155.491262    76.062994
   10.766981     4.788840     9.780512     7.915022   157.966566    67.971621
   10.974344     4.983267    10.157860     7.973082   168.676465    54.270000
   11.143735     4.801583    10.488764     8.218391   166.952623    67.383093
   11.216232     4.874200    10.073854     8.061485   162.364865    79.604527
   11.252099     4.955285    10.268122     8.297423   164.394262    55.769414
   11.245003     5.034149    10.289399     8.269758   159.692990    68.285081
   11.190462     4.928555    10.034459     8.080446   165.211098    63.247171
   11.215470     4.664492     9.796385     8.285006   160.538133    63.112709
   11.261558     4.465574     9.980825     8.416172   159.025858    74.802354
   11.226965     4.646004     9.888520     8.353930   161.500113    59.348263
   11.246059     5.043607    10.267876     8.288230   157.678095    71.172281
   10.958535     4.223581    10.036057     8.201120   165.714447    71.032310
   11.479628     4.532129    10.452582     8.192360   178.720794    65.773517
   11.610358     4.647536     9.990526     8.361922   175.823945    45.812341
   11.276842     4.697312    10.286642     8.333054   164.397977    67.490370
   11.164321     4.920070     9.936759     8.243707   157.947705    63.051097
   11.062724     4.470057    10.097269     8.315929   166.548883    53.276064
   11.067567     5.003724    10.371593     8.247677   162.632887    55.816608
   11.383862     4.698854    10.024897     8.394810   168.815193    47.487973
   11.342170     4.808757    10.296923     8.253562   173.917026    46.011917
   11.251198     4.789696    10.286128     8.545102   156.680789    64.221734
   11.056723     4.923424    10.009910     8.297167   155.008064    60.887870
   11.221108     5.069742    10.222639     8.358759   156.689506    62.770033
   10.876789     4.498385     9.691767     8.333541   150.368343    61.377289
   11.263756     4.662095    10.120051     8.537260   165.446980    40.279481
   11.472200     5.045399    10.033245     8.369768   163.161001    55.862996
   10.808699     4.580253    10.201684     8.224239   165.298139    49.435497
   11.164981     4.827071    10.425993     8.225636   168.356651    59.401049
   11.167127     4.621987    10.254902     8.484365   161.492372    56.729793
   11.603594     4.786087     9.877534     8.595413   161.439419    61.998503
   11.366966     4.990942    10.243059     8.457235   156.725965    69.222059
   10.845441     4.503098    10.256981     8.248981   163.610087    60.611573
   11.151497     4.613633     9.896079     8.201721   161.390587    70.880067
   11.074632     4.501779    10.022860     8.348220   165.159661    49.936266
   11.069075     4.721047    10.068363     8.469381   155.602147    55.904236
   10.957551     4.828721    10.241337     7.903015   172.903431    64.037630
   11.093815     4.784056    10.119694     8.417449   154.034476    66.441018
   11.052792     4.785882    10.316973     8.360621   161.422370    55.628434
   11.163872     4.813928    10.116274     8.396677   149.970797    83.624583
   11.097359     4.903325    10.340192     8.238208   157.315161    77.760385
   11.075252     5.010298    10.313174     7.991460   165.685354    72.860072
   11.202145     4.653600     9.835965     8.320893   164.523017    48.584105
   11.291683     4.872552    10.259266     8.375273   163.122816    58.779035
   11.081197     4.598052    10.328705     8.088891   174.597402    60.437250
   10.811586     4.634764     9.989656     7.874028   167.696551    72.252030
   11.307438     4.630979    10.216258     8.343873   166.246653    63.919154
   11.524788     4.576294    10.027844     8.191235   173.606954    66.071898
   10.890022     4.612441     9.948731     7.890784   166.759268    76.054228
   11.132460     5.068952    10.192085     8.040828   167.081224    56.901846
   11.423547     5.048690    10.261078     8.461662   164.856686    45.857801
   11.204551     4.889363    10.078359     8.344637   156.076972    69.158165
   11.089103     4.892456     9.807053     8.108934   159.805078    60.262334
   11.014705     4.814763    10.385886     8.488797   154.764034    60.004419
   10.898575     4.962205    10.089982     8.215544   156.059537    55.605699
   11.170496     4.924954    10.385968     8.214232   162.929466    69.475092
   11.347433     4.932330    10.326647     8.312245   168.610892    51.205632
   11.274208     4.944280    10.369706     8.494036   156.710866    65.624232
   11.052861     4.773260    10.010397     8.280113   159.437458    57.869312
   10.901178     5.051358    10.313625     8.128598   160.478471    59.516811
   11.071618     4.689410     9.841448     8.048907   162.865855    70.355129
   10.892742     5.016663    10.143220     8.179801   154.312760    63.815967
   11.404014     4.651844     9.844585     8.541577   158.981782    62.406045
   10.853081     5.118131    10.169307     8.203333   152.197853    59.048968
   10.825407     4.766750    10.456350     8.230398   165.168498    53.562977
   11.062818     4.960695    10.154503     8.242273   160.904001    53.918520
   11.035411     4.891500    10.381167     8.154928   168.074479    55.267946
   11.196900     5.009087    10.172805     8.314841   155.154569    71.056904
   11.296098     4.928890    10.373704     8.167116   167.847091    66.398683
   11.137147     4.935709    10.314775     8.226953   166.802916    51.416526
   11.028983     4.800636    10.101410     8.268500   160.343429    57.105851
   11.113605     4.779954    10.040527     8.267742   163.500369    52.577443
   11.081765     4.819626    10.121436     8.444110   153.628526    62.286112
   10.922134     4.590791    10.079158     8.469390   148.454040    70.663644
   10.896057     4.706468    10.244184     8.398582   150.171418    72.814227
   10.965080     5.096915    10.111089     8.152678   159.182222    50.862349
   11.136645     5.240551    10.325339     8.253669   157.919547    57.661700
   11.189510     4.801540    10.016076     8.488018   157.828497    51.475743
   11.137917     4.940693     9.925540     8.163995   159.728237    61.841892
   10.989018     4.863646     9.930414     8.375081   149.973029    61.380005
   11.384696     4.863726    10.137209     8.438832   165.390655    49.490961
   11.287236     4.951887    10.139630     8.233163   168.362544    47.746647
   10.919000     4.808539    10.003876     8.044332   167.742923    47.543764
   11.459658     4.515799     9.927495     8.618347   161.927236    59.995649
   11.222056     4.662452    10.016614     8.156959   171.086043    54.008486
   11.198809     4.668969    10.211284     8.413023   164.425015    53.532124
   11.287055     4.598621    10.095883     8.551617   152.375370    81.416392
   11.404438     4.892816     9.898828     8.412990   160.252491    59.762508
   11.236946     5.007320     9.875357     8.088713   167.120350    46.416680
   11.039885     4.684705     9.984541     8.208378   166.059359    48.620717
   11.246747     4.829143    10.080891     8.318820   165.332290    50.546954
   11.242512     4.732975    10.059722     8.125802   175.821107    41.873084
   11.153058     4.569448    10.080186     8.181279   164.334233    74.085628
   10.907607     4.531296    10.270386     8.293742   159.307592    70.424278
   11.167322     4.897757    10.104532     8.390357   158.156800    56.392802
   11.026621     4.765753     9.902758     7.990041   161.967967    75.080067
   10.968330     5.014148     9.998555     8.012399   156.238345    74.967658
   11.048252     4.318380    10.110678     8.185441   169.705183    65.972509
   11.609590     4.687890     9.931484     8.204361   174.851300    58.237275
   11.416226     4.815685     9.904675     8.446446   162.099063    56.364970
   11.434012     4.867133    10.004136     8.268691   168.457176    54.166672
   11.396042     5.027216     9.974899     8.088369   160.182183    82.284173
   11.440388     4.726723    10.165846     8.376615   166.584514    62.468843
   11.223460     4.695602    10.026052     8.126716   161.331001    83.989624
   11.045248     4.979065    10.279548     8.006262   165.302371    70.833621
   11.160242     4.758937    10.045508     7.906663   178.910453    49.538028
   10.832294     4.653014     9.867831     7.939893   165.998157    61.330090
   11.315672     4.852328    10.203417     8.194223   164.006452    73.465982
   11.285949     4.755547     9.993825     8.401503   161.077866    59.269477
   11.201504     4.846806     9.916617     8.436307   155.790335    57.314649
   10.956921     4.731527     9.845541     8.297321   150.064515    69.792215
   10.932678     4.905441     9.932656     7.953162   166.428128    52.466619
   11.040519     4.888709    10.010178     8.142898   163.956904    51.451276
   11.479148     4.965524    10.045288     8.419826   159.379578    68.494505
   11.029906     5.076030    10.305730     8.197167   159.585347    60.569784
   11.134027     4.816711    10.063145     8.133794   167.863940    53.937493
   11.035666     4.814238    10.118048     7.980247   169.428192    63.236663
   11.116579     4.911301    10.117265     8.358916   153.044084    70.154011
   11.108638     4.891711    10.309832     8.242009   157.003642    78.260967
   11.156651     4.822616    10.314149     8.121417   170.567398    59.077993
   11.070559     4.620710     9.820600     8.381124   149.342745    77.559946
   11.517197     4.882176    10.032251     8.288480   171.431632    49.010203
   11.108255     4.681564     9.818153     8.272765   151.977973    80.703900
   11.031454     4.778448    10.006536     8.329679   151.344091    73.896821
   11.210587     4.993840    10.128863     8.305949   160.645437    56.002632
   11.282117     4.639222     9.774851     8.277817   167.267195    48.535778
   11.237212     4.740528    10.333850     8.315555   169.998774    50.239019
   11.039907     4.807611    10.298101     8.381062   163.386567    44.875806
   11.068205     4.771991    10.125850     8.490246   156.111115    51.865058
   11.181986     4.971387    10.121114     8.396274   154.125030    65.506545
   11.409067     4.866907    10.039270     8.258383   170.721256    47.472257
   10.918511     4.672771     9.959897     8.245348   164.855946    37.466323
   10.833007     5.008160    10.347613     8.161282   164.459716    44.022226
   11.215019     4.666524    10.083990     8.508451   159.257387    56.550069
   11.069403     4.491347    10.064284     8.373868   165.090393    49.279705
   11.251128     4.479873    10.268724     8.502922   169.954714    43.196195
   10.813891     4.662075    10.211086     8.303308   159.458832    52.567671
   11.311751     4.987089    10.092647     8.257639   163.005133    59.746046
   11.049215     4.842719    10.186269     8.493068   155.306544    51.060156
   10.950188     4.762291    10.039715     8.235090   162.528793    47.713493
   11.088242     4.975042    10.265909     8.103294   166.964364    57.000070
   11.302114     4.783179    10.281621     8.465833   163.764671    54.524878
   10.838048     4.876527    10.582092     8.257384   163.291241    57.527547
   11.141434     4.807484    10.261942     8.322062   159.333299    68.072069
   10.990507     4.895833     9.960085     8.244390   155.077112    60.096152
   11.347089     4.977541    10.062019     8.351012   156.088539    73.955169
   11.138532     4.691327    10.077121     8.403129   156.399614    67.541820
   11.314278     4.748349    10.376711     8.568788   154.587960    77.426125
   10.733737     4.840772    10.379250     8.266326   148.682929    80.326059
   11.261858     4.909099    10.314069     8.394476   156.623615    73.779753
   11.051355     4.776583    10.506272     8.313801   165.526601    58.041811
   11.377183     4.904979     9.974064     8.126477   164.990572    70.322796
   11.152761     4.538577     9.876320     8.112432   165.461796    71.183708
   11.209981     4.464222    10.343382     8.426076   162.875112    72.271177
   11.355434     4.971995    10.099703     7.944112   170.958430    69.648404
   11.397412     4.608078    10.055778     8.572800   157.131302    72.919109
   11.439894     4.773313    10.482627     8.142549   172.775413    74.762704
   11.210857     4.982342    10.334935     8.258670   164.416733    57.968110
   11.556128     4.816049    10.024677     8.339193   159.677225    85.546131
   11.280915     4.560693    10.416232     8.644973   157.511818    69.860414
   10.832194     4.585362     9.938512     8.270682   147.707470    81.318110
   11.073823     5.207292    10.300332     8.224943   159.258666    53.147371
   11.294149     4.975200    10.243986     8.403728   157.436190    67.374853
   11.023872     4.990455    10.230817     8.123573   157.440628    75.782701
   11.255002     4.916668    10.289987     8.354650   152.052128    88.768782
   10.996978     4.754268     9.893109     8.236586   152.664051    73.345140
   11.289181     5.153181    10.161061     8.134030   162.019985    65.726834
   11.374272     4.802017    10.354516     8.156542   169.468038    72.718136
   11.358185     4.924131    10.454236     8.180186   168.246704    70.814523
   10.972643     4.681290    10.352896     8.357589   159.457721    63.113576
   11.116469     4.903107     9.989709     8.128673   162.829620    59.958516
   11.421277     4.710330     9.887110     8.421367   159.548154    70.966542
   11.388913     4.579684    10.091797     8.339890   170.986183    54.099768
   10.986780     4.498541     9.836197     8.351549   149.479622    79.607472
   10.934892     4.700434     9.783358     8.459854   145.241837    62.426563
   11.163114     4.442006     9.711088     8.401218   156.877659    65.229232
   11.038104     4.794047     9.786358     8.449391   138.971337    87.053182
   10.230119     5.029332    10.158581     7.868407   148.857559    72.853670
   10.877681     4.682370    10.066703     7.964976   169.056023    62.550704
   11.067761     4.983940    10.124893     8.197817   160.891756    56.340701
   11.403810     4.633752    10.070816     8.509394   160.485398    68.269019
   11.103457     5.022163     9.907363     8.292711   150.517348    67.807724
   10.987142     4.480332     9.807209     8.106326   164.283083    63.621712
   10.949600     4.800146     9.792324     8.176305   151.710001    70.615657
   11.164378     4.846651    10.015837     8.107279   161.527546    73.485828
   10.847156     4.672621     9.938485     8.080075   158.662049    69.791492
   11.188549     4.745718    10.277533     8.402804   157.364107    72.601385
   11.424476     4.385422     9.917348     8.226849   169.512190    74.214029
   10.816147     4.753663    10.107079     8.169626   154.213271    73.757713
   11.046690     4.838962     9.732584     7.984235   162.479150    61.011486
   11.134911     4.963705     9.845037     8.134263   152.102690    81.535380
   11.480460     4.524725     9.907145     8.109710   179.414156    51.798515
   11.128577     4.463494     9.844958     8.402704   158.818668    61.461028
   11.399601     4.720433    10.323380     8.363162   164.703670    71.489571
   11.228392     4.756581     9.742518     8.162529   166.002866    51.334793
   11.305134     4.605888     9.938664     8.433823   157.707124    72.737565
   11.376338     4.782755     9.767690     8.349411   159.496525    65.954441
   10.976334     4.456751     9.745074     8.194158   156.282648    73.946022
   11.259704     4.556300     9.925787     8.400387   157.606849    74.345529
   11.070982     4.638558    10.071611     8.229641   162.686465    64.727785
   11.406477     4.389247     9.935994     8.485702   168.089222    54.281596
   11.111249     4.468426     9.876082     8.187270   162.926843    71.404024
   11.175547     4.885407    10.230167     8.158439   163.978869    68.205552
   11.178339     5.122887    10.457437     8.202946   157.357468    79.785357
   11.172477     4.718273     9.997324     8.230232   159.924655    72.555783
   11.008104     4.615913     9.775953     8.039725   166.134225    57.752372
   11.029399     4.566886    10.146069     8.129778   170.329768    58.225951
   11.296846     4.516647     9.959051     8.155789   172.311380    60.277731
   11.256530     4.602002     9.795113     8.150204   171.764180    48.125734
   11.078210     4.938826     9.890881     8.121985   158.745565    62.914444
   11.646422     5.064790     9.942667     8.255047   168.023095    58.507654
   11.123283     4.986059    10.078683     8.148639   161.077380    62.613458
   11.096250     4.439335     9.931341     8.533349   152.569954    68.481677
   11.123184     4.564844    10.061427     8.179503   171.531654    51.106656
   11.381690     4.745733     9.858040     8.200672   167.331627    61.155954
   11.289416     4.628606    10.057582     8.397077   155.459616    83.865590
   11.402663     4.710609     9.775541     8.010808   167.324251    78.088814
   11.007994     4.806077    10.092585     8.123924   156.777344    80.745244
   10.923134     4.824727     9.846733     8.093032   161.370038    50.599741
   11.400865     4.854627    10.049946     8.575907   155.672139    66.295643
   11.258779     4.929615    10.235527     8.259214   160.396428    71.539648
   11.172609     4.834337     9.701268     8.286619   154.996610    61.937843
   11.064854     4.853254    10.407864     8.377231   161.292031    55.461842
   11.100837     4.829338    10.005679     7.962899   171.248622    56.874867
   11.357943     5.068047    10.244125     8.408438   159.198986    61.578138
   11.085613     4.725573     9.949579     8.210135   157.220919    73.913745
   11.272207     4.880143    10.009539     8.545561   147.494503    79.514415
   11.465883     5.099590    10.040419     7.963387   166.924329    76.061098
   11.426176     4.872467    10.011469     8.167325   162.045932    81.281961
   11.241812     4.790767     9.955377     8.406786   153.022301    75.836539
   11.337626     5.040361    10.052573     8.122350   159.139728    80.680589
   11.463901     5.218449     9.976620     8.239642   159.298129    65.612859
   10.768583     4.692656    10.082690     8.203142   153.515192    70.537175
   11.151896     4.859555    10.122280     8.126845   168.449283    54.158595
   10.958296     4.685844    10.141365     8.315736   152.402372    76.903627
   11.091656     4.452218    10.400231     8.172666   176.575958    57.037786
   11.219181     4.736088     9.989426     8.484005   155.244870    64.424951
   11.800647     5.049581    10.110081     8.376614   165.990825    71.851593
   11.157057     4.985693    10.245369     7.940273   169.254249    70.613424
   11.261637     5.078148    10.116726     8.325275   152.176310    77.733845
   11.491913     5.147720    10.207019     8.359474   154.565142    83.406620
   10.935839     4.628969     9.924992     8.268692   154.527696    67.995028
   11.142698     4.998585    10.053326     8.343053   147.953266    81.123217
   11.295169     4.742844    10.145220     8.311110   169.235115    49.641675
   11.260609     4.864368     9.872337     8.302680   161.086158    55.887399
   11.289356     4.845874    10.061791     8.445381   155.060179    71.072943
   11.268859     4.837014    10.069821     8.425281   151.908971    80.890559
   11.359966     4.921353    10.307429     8.320095   163.304472    66.723088
   11.047191     4.927418    10.256785     8.304320   153.234090    74.489402
   11.051723     4.919998    10.169473     8.213980   158.818887    65.198202
   11.194647     4.721226     9.766966     8.217394   161.031507    62.141255
   11.320729     5.140688    10.562875     8.354308   163.363391    59.185605
   10.942550     4.838700    10.255147     8.345449   159.932494    48.173398
   10.974008     4.793374    10.042941     8.364150   151.309970    66.487435
   11.077927     4.755654    10.595748     8.402653   163.104030    62.458833
   11.600774     5.177941     9.952388     8.343973   159.822349    67.748812
   11.308810     4.888715    10.234051     8.242143   164.510850    66.358073
   11.340067     4.670971     9.987108     8.373551   158.675774    76.349469
   11.090943     4.822873    10.123720     8.191637   165.065744    55.526110
   11.672357     4.902004    10.048942     8.324979   172.936960    51.410571
   10.918252     4.798949     9.996378     8.486038   150.500811    47.701877
   11.127889     4.867849    10.091505     7.995113   167.274093    68.491780
   10.970523     4.720407     9.887348     8.264718   156.016606    60.043817
   11.161653     4.842981     9.901248     8.151171   163.145764    59.351328
   10.820233     4.695669     9.834964     7.963395   163.834266    58.951000
   11.174292     4.964398    10.041722     8.271598   163.094869    47.201189
   11.103588     5.003259    10.284622     8.044651   171.281223    50.863885
   11.065268     4.841061    10.279174     8.117269   171.269534    49.886309
   11.021675     4.673546    10.021151     8.361047   155.569213    63.822481
   11.064697     4.656832     9.732959     8.247104   157.604962    60.516716
   11.249717     4.724493     9.848544     8.394384   160.169814    55.745152
   11.327761     4.818820     9.823829     8.318292   164.052829    50.971451
   11.458755     5.129716    10.500932     8.291537   164.282059    68.599578
   10.913553     4.832065     9.878122     7.991229   164.199398    54.974999
   11.315967     4.908224    10.259602     8.307394   166.046986    56.219227
   11.231619     4.916016     9.855168     8.201972   159.030880    65.593721
   11.287785     4.635181     9.710185     8.143726   170.471250    48.849759
   11.144230     5.017628    10.161313     8.095523   167.564667    51.959810
   10.873426     4.655700     9.919023     8.052146   165.751683    54.118171
   11.199128     4.967891     9.778073     8.083403   162.766104    55.510863
   11.257769     4.708640     9.873380     8.288430   167.828626    44.557628
   11.303345     5.141035    10.018561     8.276662   161.868129    48.207639
   11.018484     4.771897     9.951619     8.169301   163.145768    53.537078
   11.550966     5.062248    10.058037     8.240356   169.495554    52.211239
   11.356681     4.682828    10.215082     8.418757   168.847240    50.189379
   11.016751     4.963804    10.017994     8.043696   166.609871    48.209584
   11.309660     4.555021     9.645016     8.123872   164.816415    71.129274
   11.004678     4.731984    10.148966     8.289263   164.298581    47.286685
   11.007072     4.958107    10.128389     7.916945   174.390249    45.295594
   10.648050     4.557029     9.802269     8.112536   159.323612    44.679758
   10.921966     4.656562     9.798606     8.324116   155.121285    50.118303
   11.193846     4.959334    10.164053     8.190260   163.525853    60.908550
   10.919983     4.794368    10.313117     8.412096   158.093418    49.442386
   11.420157     4.638688    10.220670     8.513717   165.512388    58.295512
   11.084415     4.925891     9.899940     8.049991   160.502322    66.963347
   10.953722     4.578298    10.077680     8.411504   156.363906    57.823570
   10.975297     4.680443     9.990861     7.853488   173.249625    64.948863
   11.123845     4.759696    10.032150     8.169817   161.086305    71.194129
   11.087596     4.826489    10.384764     8.424564   164.423979    43.281362
   11.148883     4.743499     9.880677     8.501556   143.926976    84.777497
   11.265286     5.073275     9.985690     8.403212   146.671170    82.753446
   11.078246     5.024078     9.915896     8.270293   145.254635    83.254528
   11.276758     4.757227     9.758959     8.104168   161.875962    74.115590
   11.583322     4.969933     9.881340     8.172740   171.360140    53.269140
   11.279551     4.779139     9.938864     8.124290   172.246849    47.652749
   10.984147     4.906312     9.857514     7.801327   168.476959    62.478184
   11.118140     4.826171    10.204472     8.346955   156.746119    68.375182
   11.083610     4.674919     9.955285     8.480549   157.932013    46.545894
   11.068575     4.809302     9.905103     8.482823   145.831141    71.674478
   11.322266     4.809400    10.071576     8.411957   166.916116    43.043394
   11.363691     4.943053     9.862098     8.220852   162.897608    60.866938
   11.472271     4.992387    10.331601     8.399267   168.684292    48.153393
   11.037977     4.622514     9.938108     8.275558   163.567269    49.713190
   10.885225     4.567124     9.844752     8.186522   159.354490    58.448000
   10.907714     4.716432     9.851231     8.286103   152.244815    61.476814
   11.023528     4.748287    10.199440     8.250033   160.904258    63.954420
   11.122684     4.775023     9.734774     8.288372   158.170860    52.683869
   11.077218     4.434792     9.754137     8.068743   170.259008    55.747920
   11.194884     4.777569    10.293720     8.149343   168.476743    65.630835
   10.993605     4.799474     9.888057     8.014230   166.732747    53.102861
   11.283613     5.103133    10.188703     8.038589   170.401820    53.609486
   11.333379     4.925242     9.869724     8.256375   160.509202    64.088413
   11.088197     4.713095     9.886902     8.263347   158.464121    62.965744
   11.013089     4.640565     9.913337     8.107806   167.426876    52.871498
   11.047691     4.823187     9.885585     8.164180   160.989171    56.268059
   10.933000     4.459162     9.858723     8.270104   160.763344    54.877115
   11.058702     4.940580    10.172215     8.376987   153.504568    63.142135
   10.908492     4.460295     9.829969     8.243133   157.391855    64.282109
   11.613536     4.532610     9.921313     8.525861   170.229049    53.234949
   11.086731     4.907693    10.189919     8.178210   165.057849    54.772934
   11.314380     4.681764    10.049831     8.640604   152.861541    69.747706
   11.003621     4.725965    10.331677     8.251648   163.771007    61.388265
   11.194732     5.047635     9.910782     7.978776   167.749260    52.022486
   11.135170     4.838278    10.363946     8.224939   170.640778    47.790702
   11.320560     4.964888     9.946209     8.283306   156.804107    72.532251
   11.020495     4.905242     9.997757     7.939678   165.677820    66.056460
   11.070753     4.957436     9.903129     8.118547   157.668856    65.377974
   11.057503     4.829113    10.071549     8.381496   153.609716    64.230607
   10.930061     4.916281     9.987900     8.026450   162.301482    58.899934
   11.543952     5.087164    10.075807     8.376310   161.514450    64.781139
   10.734781     4.470687    10.192749     8.279940   158.754245    61.052942
   10.619597     5.085412    10.179874     8.087607   152.485730    57.465599
   10.933645     4.843963    10.044312     8.071135   164.984277    53.803251
   11.190025     5.029195    10.192863     8.334539   156.984188    63.050970
   11.430042     4.836158    10.108809     8.680427   155.912953    61.829406
   11.024365     4.770772    10.103742     8.475891   150.423241    65.308488
   11.384150     4.901419    10.082664     8.672556   155.450009    56.077159
   11.216358     4.810119    10.182829     8.392858   160.602537    59.892756
   11.183319     4.951419     9.845259     8.159613   160.886880    57.494308
   11.296267     4.654503    10.045039     8.362151   165.463362    57.159212
   11.411903     5.112342    10.319682     8.261593   164.684313    61.819091
   11.185179     4.979157    10.054221     8.291411   161.849642    49.604288
   11.097712     4.866129    10.058679     8.454175   156.378345    49.432630
   11.018225     4.683837     9.764867     8.182201   158.915047    59.852731
   10.874145     4.536062     9.946241     8.404408   149.894957    66.313550
   10.987845     5.197911    10.343112     8.198430   154.421124    67.236897
   11.411281     4.964725     9.941425     8.504106   157.621114    58.275680
   11.074192     4.681555     9.705200     8.481246   146.954928    66.414844
   10.892418     4.838670    10.213092     8.293154   157.637348    55.101661
   10.998574     4.589714     9.973014     8.285527   162.754463    51.423012
   11.007095     4.862226     9.980974     8.375131   149.894058    65.721156
   11.181411     4.732769     9.814927     8.296303   157.763725    64.858883
   10.907510     4.899445     9.903789     8.256475   149.608759    64.390957
   10.926312     4.728895    10.204521     8.489912   157.507445    41.201646
   11.100814     4.822875     9.997796     8.371419   158.277344    52.294697
   10.910770     4.454147     9.766120     8.459787   148.567948    62.244832
   10.901850     4.536210     9.866374     8.364490   151.137953    65.825470
   11.281084     4.682675     9.868125     8.361292   155.948568    76.529135
   10.777287     5.175764    10.252700     7.960647   156.482214    72.316213
   10.937898     4.805019    10.005144     7.952260   173.552777    42.269928
   11.217451     4.739730    10.163825     8.320637   159.204370    73.541447
   11.122355     4.836024     9.841100     8.092238   165.760542    51.689967
   10.875701     4.829382     9.864694     7.777137   169.596708    61.215509
   10.988003     4.833396     9.875549     8.037695   161.941419    61.662552
   11.058221     4.817980    10.130314     8.258519   160.318875    60.581898
   10.894061     4.644245     9.912690     8.261296   162.383702    40.104066
   10.756272     4.562885     9.801583     8.369600   149.324570    50.799682
   10.805972     4.796508    10.287366     8.457833   148.874907    59.862771
   10.777359     5.057078    10.193619     8.124668   153.587884    64.282935
   10.882084     5.030615    10.147043     8.283474   144.878342    77.326629
   11.021334     4.665676    10.149321     8.426068   159.997422    49.757710
   11.141357     4.810229    10.416587     8.371183   162.930520    58.915161
   10.965593     4.574558    10.237667     8.153106   169.623005    57.739341
   11.060497     4.971481    10.253081     8.274205   158.937395    59.796589
   10.784911     5.000816    10.297446     8.046737   162.698944    58.430848
   11.166919     4.698404     9.949352     8.193877   165.384340    58.958290
   11.069329     4.724804    10.241034     8.441459   157.283649    60.359575
   11.286231     4.531833    10.026514     8.579944   159.814807    58.176111
   10.948070     4.770654    10.357322     8.109842   171.098831    52.843113
   11.320190     4.764649     9.820334     8.413040   155.310957    71.347223
   11.181235     4.647607    10.000748     8.420701   154.856638    72.911374
   10.990391     4.627299    10.238237     8.221703   164.453680    63.030185
   11.136931     4.968925    10.336754     8.278977   167.630070    42.408445
   11.048099     4.705339    10.281814     8.498275   155.326184    61.153655
   10.914185     4.844245     9.921082     8.202998   155.283255    58.830831
   11.383683     4.661339    10.224012     8.441113   162.219389    70.609537
   11.414369     4.826908    10.003815     8.421904   157.425560    74.736920
   11.001816     4.802336     9.909711     8.150621   160.619386    57.911921
   11.260617     4.948936     9.872155     8.162974   159.709216    68.196174
   11.460885     5.163833    10.125004     8.129878   158.940377    84.105421
   11.359046     4.539099     9.884762     8.398471   165.922216    56.873271
   11.259339     4.896706    10.120190     8.425500   153.387392    74.652121
   10.856717     4.980983    10.370056     8.178436   155.722657    71.414731
   11.143797     4.658186     9.986198     8.526684   147.692890    79.272375
   11.095223     4.588523    10.118305     8.249328   163.630446    65.892547
   10.964897     4.671747    10.349254     8.427058   151.590586    77.304431
   11.250815     4.620778     9.967651     8.459620   164.552354    46.008962
   11.295288     4.998352    10.155346     8.360948   164.526696    45.798478
   11.294421     4.957141    10.031016     8.336052   160.245060    59.132541
   10.689603     4.660328    10.096829     8.415421   139.889025    76.849449
   11.255525     4.706816    10.100880     8.333659   161.200271    68.739459
   11.294512     4.614966     9.716064     8.132065   169.099838    56.490575
   11.452401     4.609076     9.745951     8.500284   160.166899    64.679073
   11.193665     4.837184     9.859180     8.282830   159.351575    58.640057
   10.962351     4.994046    10.381623     8.485837   142.520221    81.499799
   11.165662     4.719426    10.064629     8.503387   148.868762    79.803207
   11.073677     4.600640     9.855328     8.327864   154.314906    71.552734
   10.964347     4.985452    10.077666     8.273573   147.817961    76.071210
   10.999715     4.850681    10.412246     8.473793   153.801953    62.499301
   10.893028     4.952571     9.997837     8.235205   151.029202    63.255535
   11.252034     4.720726    10.194571     8.485608   151.760013    83.855248
   10.929586     4.582150     9.960303     8.344125   143.750215    92.900147
   11.268337     4.648066     9.822002     8.363593   153.519622    82.132937
   10.835037     4.836257    10.178205     8.366164   144.070874    78.754667
   11.604793     4.900738    10.201281     8.554695   156.787570    81.504528
   11.020787     4.810210    10.130965     8.303936   147.853133    88.685050
   11.220427     4.896171     9.983709     8.432937   148.839638    79.509812
   10.910064     4.720905     9.823924     8.280746   143.602535    84.935260
   10.914577     4.727097    10.168061     8.571040   139.017536    82.607444
   11.003965     4.946605    10.116045     8.444148   142.067367    81.814935
   11.223356     4.783718     9.923304     8.694480   141.057633    82.628655
   11.197363     4.798170    10.107257     8.559825   147.547573    78.804712
   11.048837     4.930634    10.336870     8.232416   157.517364    73.265062
   11.228335     4.870202    10.253674     8.564001   149.533249    76.492674
   10.940499     4.976916    10.242082     8.437309   140.866502    84.157272
   11.148316     4.883303     9.793715     8.410705   149.565550    66.113570
   11.168356     4.666679    10.152113     8.478849   148.283195    89.110622
   11.114797     4.802082    10.024569     8.258628   153.965258    79.372931
   11.073631     4.891835    10.244827     8.304222   155.909761    70.124110
   11.084580     4.851603    10.227346     8.375432   148.845697    84.995880
   11.153558     4.812714    10.238063     8.364093   155.927965    73.332366
   11.224633     4.424435    10.140330     8.586696   155.074670    74.778712
   10.625028     4.836407    10.190523     8.194393   145.429079    80.168113
   10.850416     4.675983    10.353608     8.484725   143.494632    84.730005
   11.065361     4.840410    10.205489     8.318642   152.380839    79.123053
   11.153445     4.931278    10.132039     8.509772   149.444816    68.683458
   11.282231     4.819502     9.978372     8.624951   145.892308    80.070772
   10.991794     5.095616    10.181510     8.303758   145.125275    81.040260
   11.246619     4.799902    10.239125     8.467370   155.005463    73.623472
   11.133571     4.875035    10.070251     8.274821   155.558730    72.554132
   11.187656     4.768803     9.992755     8.328103   155.922051    73.016276
   10.842286     4.965119    10.117222     8.421108   134.954824    88.576921
   11.172279     4.711803     9.969655     8.382712   155.286886    70.458393
   11.069842     4.827012     9.819205     8.374264   147.437080    72.976286
   10.881315     4.581011     9.756786     8.132716   154.278428    73.069998
   11.168671     4.717104     9.897341     8.250117   154.103693    82.989524
   10.860680     4.506558    10.034792     8.362290   151.716157    70.576484
   11.026400     4.601186    10.118077     8.536436   146.242016    79.842753
   10.825173     4.694175    10.057593     8.282707   147.404083    80.412108
   11.166001     4.670427    10.078103     8.354276   159.690585    65.917903
   11.161908     4.828617    10.048230     8.511394   145.846744    81.616057
   10.910484     4.492732    10.185711     8.383333   153.944666    73.342378
   10.968266     4.987854     9.931461     8.248367   145.767108    77.636784
   11.343763     4.997943    10.051254     8.526297   152.389305    68.433602
   11.340164     5.028207     9.819194     8.348677   153.913503    68.472389
   11.273522     4.851277     9.941396     8.370708   153.671206    76.178472
   11.103094     4.903640    10.042786     8.430677   146.206033    79.242390
   11.063593     4.724808    10.251929     8.465396   150.437262    77.259341
   10.958891     5.009121    10.218407     8.319886   148.134783    74.834128
   11.296350     4.952060     9.863248     8.347414   153.993477    70.905953
   10.969378     5.107773    10.089215     8.160584   149.384316    77.285631
   10.872126     4.689118     9.863291     8.444998   141.941154    72.072500
   11.221726     4.811704    10.054888     8.338063   156.537732    72.830921
   11.123733     4.660641     9.896535     8.475198   147.495244    79.506667
   10.837071     4.706478     9.942165     8.405253   144.118322    69.940331
   11.038899     4.728279    10.179500     8.611445   145.833065    71.098615
   10.870157     4.979850    10.119326     8.147668   152.444242    72.222513
   11.101355     5.011193    10.164289     8.420416   147.649464    74.935480
   10.970673     4.745892    10.018279     8.588957   137.725809    82.720101
   10.844734     4.727449    10.024200     8.426522   139.666468    83.509709
   10.863350     4.437319    10.060878     8.456504   145.108355    82.863082
   10.966928     4.732378    10.072919     8.525297   141.080476    82.211818
   11.008061     5.065316    10.066398     8.323606   150.007182    62.880647
   11.085302     5.083575    10.085662     8.411038   144.562659    76.295360
   11.139649     4.855806    10.281165     8.538723   146.667631    81.508439
   10.935652     4.728648    10.418947     8.551877   145.493466    79.161566
   11.063325     4.732272    10.340170     8.485374   152.254137    73.209900
   10.978703     4.750266    10.104860     8.404661   144.535993    86.257052
   10.885953     4.667603    10.202482     8.460233   144.808150    80.183464
   10.969501     4.769705     9.805208     8.301958   147.143071    74.509674
   11.010093     4.972778     9.804074     8.258606   141.238339    87.517236
   10.962574     5.090538    10.000126     8.397723   140.334457    74.675866
   11.111983     4.781057    10.023038     8.801085   137.890505    75.136852
   10.695430     4.668486     9.911259     8.340553   140.415052    74.575855
   11.247715     4.814359    10.023535     8.532590   149.922790    75.226701
   11.149821     4.882163    10.110785     8.539846   144.944352    80.119612
   11.109102     4.820006    10.037714     8.473830   143.360460    87.591634
   11.210159     4.761082    10.107593     8.423498   154.292961    74.684943
   11.363355     4.944183    10.212291     8.479215   152.938629    79.423811
   11.086555     4.887878    10.025387     8.211761   152.762483    80.854123
   11.423971     4.881948     9.913531     8.372093   154.971529    81.263796
   11.147087     4.774964     9.783272     8.223782   152.404091    80.843707
   11.378211     4.699125    10.087205     8.501880   158.708201    69.788419
   10.986607     4.871350     9.932489     8.410969   146.929367    65.926576
   10.783438     5.078955    10.300906     8.289179   145.306138    72.797202
   11.217475     4.946761     9.934195     8.444739   149.994174    70.493490
   11.069888     4.519414    10.099271     8.553519   149.089534    76.889836
   11.055085     5.065969    10.338599     8.382590   143.906896    89.510745
   11.142262     5.104173    10.205393     8.425834   141.875402    90.644181
   10.998243     4.842232     9.942381     8.192149   154.346813    70.787424
   11.203984     4.862581     9.769808     8.432119   146.652331    77.858203
   11.132050     4.946489    10.079263     8.462834   147.609538    73.836076
   11.140748     5.173697    10.175369     8.438612   148.020220    66.828472
   11.369479     4.665117    10.193707     8.740365   157.112223    58.132296
   11.063178     4.959129    10.219239     8.372529   151.175292    71.444649
   10.894551     4.825779    10.003802     8.688757   135.958473    65.226816
   10.961889     4.803677    10.322201     8.630144   139.310020    82.753650
   11.280714     4.968850    10.094323     8.313905   153.227437    82.014792
   11.089836     4.684500     9.947692     8.256404   153.560977    81.826221
   11.082060     4.642585     9.966495     8.435195   147.674505    82.800209
   10.883619     4.517244     9.838301     7.988230   166.284312    64.216593
   10.894656     4.881753    10.053409     8.328445   152.296927    56.300166
   10.969495     5.043997    10.450688     8.156886   163.524988    59.299962
   11.198646     5.011917     9.906609     8.152059   162.291271    54.216234
   11.307149     4.638907    10.264952     8.438843   166.276464    56.344731
   10.740663     4.802003    10.288861     8.164089   163.010927    51.306564
   11.263052     5.006916    10.049464     8.523380   152.362524    61.354506
   11.262866     4.954729    10.115083     8.247546   165.055446    53.738703
   11.113507     5.038302    10.354555     8.224852   161.040894    63.023099
   11.160225     4.885854     9.872440     8.092527   166.687105    50.040409
   10.998197     4.488863    10.043610     8.280903   166.099477    50.587328
   11.351284     4.782768     9.914898     8.044220   176.093443    46.793733
   11.264767     4.758663     9.844372     8.290958   167.330434    42.063320
   11.328387     4.610086    10.150304     8.529361   156.243671    76.525842
    9.920923     4.372358    10.190688     7.962102   149.245351    80.057241
   11.028999     4.461943    10.098942     8.213385   166.457030    63.138638
   10.916336     4.668330    10.149726     8.185097   160.490537    67.571749
   11.280071     4.369794     9.764151     8.194315   173.844568    49.265465
   11.094365     4.551689    10.230769     8.285032   167.495247    57.441962
   11.199276     4.653524     9.854183     8.231840   163.014816    62.772532
   11.106309     4.470857    10.084633     8.409348   165.141966    49.968221
   11.310061     4.732798    10.049116     8.313653   169.506103    46.714886
   10.720693     4.391925    10.378144     8.534289   152.491354    59.739072
   10.880018     4.573801     9.875542     8.228447   154.743332    67.851508
   11.158226     4.707342     9.757524     8.182072   162.671478    58.055582
   11.064620     4.728361     9.976972     8.444975   148.277716    75.059809
   11.283060     4.792820     9.825365     8.312869   156.609944    72.135487
   11.265052     4.863607    10.196433     8.306351   159.886872    71.008205
   11.043758     4.918290    10.006731     8.426016   145.148742    75.414496
   10.994949     4.881137    10.338890     8.342779   154.712634    68.566152
   10.985977     4.450746     9.925239     8.336419   157.716180    64.290189
   11.213676     4.952931    10.018847     8.434665   149.947628    73.991848
   11.207583     4.932300    10.311597     8.312624   159.584432    68.133860
   11.202706     4.681471    10.265369     8.499850   157.997340    65.401364
   11.227691     4.843498     9.962553     8.037244   164.354005    74.183110
   10.857228     4.767578    10.055119     8.445532   142.024728    75.430779
   11.103469     4.830602     9.907263     8.391182   156.782347    50.379806
   11.029049     4.885074    10.281753     8.270421   154.239276    77.187918
   11.141243     4.499590     9.928790     8.529461   147.887740    83.140587
   11.156199     4.740643    10.046939     8.373824   155.795595    70.003235
   10.969725     4.927767     9.874687     8.242499   145.862093    78.797646
   11.118002     4.788106     9.986786     8.364534   154.512359    66.988268
   10.991926     4.695172    10.438490     8.444446   153.659364    74.477600
   11.183729     4.531447     9.856751     8.525907   151.400553    73.147927
   10.861213     4.965146    10.246850     8.429774   142.570899    74.399649
   11.073586     4.907267     9.994389     8.130371   159.552969    66.430847
   11.300411     5.175551     9.963927     8.100727   160.197675    65.241598
   10.981740     5.112283    10.332992     8.184207   154.716448    72.086010
   11.512448     5.029712    10.116733     8.251386   163.453694    70.854821
   11.155111     5.187086    10.108115     8.218417   154.205402    67.242675
   11.029824     5.036539    10.090377     8.036747   154.839189    83.623195
   11.226954     4.920894    10.057105     8.441607   152.106043    71.197183
   11.071749     4.909817     9.992774     8.074757   159.352287    72.464464
   11.105800     4.641607     9.840891     8.253691   155.249036    76.164974
   11.452220     4.781404    10.013054     7.991513   174.012744    68.366151
   10.912736     4.888585    10.163434     8.207147   151.376901    78.897045
   11.158955     4.553829     9.742478     8.135406   162.578908    70.616149
   11.151553     4.621751    10.074581     8.105281   160.641396    89.463497
   10.932925     4.795579     9.991279     7.926246   166.633543    66.190749
   11.110594     4.550280     9.790350     8.118347   162.863541    70.647737
   11.140355     4.752609     9.902847     8.261585   158.144773    66.729862
   11.043745     4.392753     9.696665     8.189886   162.827074    61.232500
   10.879392     4.926892     9.843553     8.007311   153.351540    73.932410
   11.093787     4.778295     9.986334     8.098431   162.037349    70.969814
   11.266290     4.756233     9.819477     7.943844   166.363447    78.339996
   10.955436     4.433840    10.333285     8.525383   154.460358    69.247082
   11.162734     4.741074    10.034355     8.306948   159.472978    65.907179
   10.699379     4.443334    10.401039     8.216828   165.058765    63.056841
   11.257853     4.548613    10.086896     8.235656   171.291203    56.172814
   11.177725     4.461772    10.299694     8.150319   172.213379    71.134192
   11.211337     4.676521     9.711571     8.379696   153.846136    69.244458
   10.915742     4.656109    10.401309     8.115944   164.189497    78.674370
   11.167767     4.509775     9.892141     8.190064   159.217094    84.081772
   11.165446     4.733420    10.095626     8.092793   161.361877    84.622725
   11.157342     4.927836    10.173742     8.163940   161.300218    69.781572
   11.296442     4.697489    10.335598     8.219460   168.276370    70.380009
   11.136258     5.168258    10.185008     8.122930   156.079312    74.505694
   11.324855     5.047202    10.010255     8.154906   162.116501    66.209122
   11.149304     4.628314     9.976033     8.490338   148.689196    81.268476
   11.356723     4.508425    10.202509     8.402312   164.664393    71.619801
   11.143627     4.498358     9.713112     8.037250   166.607566    69.121683
   11.407713     4.705809    10.445627     8.267744   163.229151    90.317286
   11.138978     4.919038    10.201635     8.198407   161.810939    65.233184
   11.309570     4.821782    10.308665     8.380863   165.604666    56.342095
   11.362619     5.039828    10.211469     8.435452   155.125953    72.068007
   10.897634     4.697075    10.167369     8.180635   165.027621    53.303213
   11.019320     4.629057    10.266448     8.408674   154.256977    74.303474
   11.555785     4.926263    10.332684     8.217940   166.570005    78.238020
   11.455535     4.734861     9.988464     8.368164   162.490416    71.013744
   11.301786     4.921677    10.382926     8.572385   148.626421    85.435604
   11.503286     4.668384    10.235384     8.441476   172.640926    47.770909
   11.439704     4.820487    10.261641     8.433451   161.924937    69.597182
   11.397961     5.019723    10.398233     8.413220   161.936899    63.056081
   11.058934     5.005833    10.123034     8.188614   160.552334    56.289179
   11.129879     4.974808    10.208132     8.454879   150.670736    68.824100
   11.038098     4.820521    10.002594     8.369847   157.004058    51.288170
   11.160009     4.651728    10.192164     8.434541   164.868662    47.470001
   11.265007     4.719276    10.243596     8.641838   155.740807    61.359057
   11.225890     5.061394    10.240535     8.131349   161.121357    73.112861
   11.098634     4.874077     9.910127     8.187973   159.080790    61.651044
   11.157350     4.716972    10.142648     8.404921   157.860370    65.608674
   10.899029     4.725015    10.123774     8.365207   155.215501    56.305207
   11.130764     4.773957    10.234102     8.271814   168.784097    45.893790
   11.253160     4.782776    10.485117     8.342319   170.470308    51.072745
   11.208226     4.641033     9.895287     8.427582   158.948427    58.919587
   11.010407     4.988613    10.150142     8.082968   158.700481    72.210126
   11.296769     4.904711    10.020103     8.184607   161.321887    72.256847
   11.149567     5.198203    10.187995     8.224494   159.783413    52.173220
   10.701216     4.750995    10.519494     8.252902   153.947862    78.983489
   10.884555     4.834812    10.159879     8.261743   151.636488    72.807192
   11.261416     4.609400     9.858141     8.524772   159.092505    53.776169
   11.401338     5.036954    10.237582     8.417633   159.926971    63.139173
   10.914121     4.990822    10.154293     8.006916   155.932433    82.715671
   10.965658     4.803383    10.203209     8.078647   159.219592    81.570627
   11.281160     4.836686    10.277022     8.322227   162.275954    67.685942
   11.149468     5.021717    10.595562     8.236650   164.767460    65.501946
   11.125693     4.906271    10.188506     8.371482   156.869456    61.504383
   11.387582     4.699948     9.862917     8.293690   162.784277    69.424570
   11.351372     4.808376    10.074797     8.361824   165.166333    55.455840
   11.238766     4.771090    10.490966     8.286677   164.458604    74.095320
   11.069024     5.118887    10.265469     8.029241   159.845479    76.196471
   11.222888     5.065584    10.374915     8.274716   158.550877    71.314492
   11.317361     4.764673    10.394329     8.418625   162.436850    68.244030
   10.939384     4.786721    10.392752     8.415289   151.049370    74.406391
   11.163052     4.938810    10.081536     8.254005   154.872088    75.640765
   11.131227     4.954400    10.093154     8.172150   154.685815    81.527008
   11.242772     4.820751    10.064254     8.313790   160.752318    64.236685
   10.917763     4.876891    10.363128     8.248206   152.364689    81.771422
   11.230785     4.586701    10.296528     8.314633   163.954688    73.618174
   11.000422     5.056392    10.246111     8.108319   159.318474    67.603117
   11.297575     4.749955     9.806543     8.221711   155.867448    84.686375
   11.202271     4.977354    10.065253     8.150127   157.452871    78.159463
   11.277846     4.685734     9.865154     8.276734   158.828484    75.315725
   11.525696     4.644058     9.993791     8.331798   166.804089    70.226197
   11.452571     4.823041    10.185417     8.081000   165.522415    88.494038
   11.246888     4.511721     9.884282     8.562399   153.931753    69.760469
   11.203350     4.487056    10.111497     8.526217   155.164564    74.781139
