   11.833720     4.851942    10.127940     8.651880   168.667497    56.336772
   11.891982     5.158031    10.474262     8.362282   171.930868    62.743660
   11.961238     4.954238    10.085632     8.575130   164.121632    79.458915
   12.127253     5.068494     9.905529     8.377963   179.245580    44.965976
   12.311978     5.171793    10.369857     8.129750  -176.065621    61.352788
   12.118931     4.893345    10.174558     8.233602  -178.666859    62.506495
   11.952502     5.237866    10.124794     8.355272   168.268362    67.008214
   12.152208     4.986855    10.319378     8.472821   178.550503    56.404496
   12.072353     4.967382    10.121087     8.639088   167.385395    73.682845
   11.909268     4.738749     9.969976     8.398708   179.561604    46.740100
   12.012453     5.007315    10.194114     8.538756   170.577035    65.226544
   12.527902     4.891596    10.169358     8.671433  -173.766780    48.169538
   12.054968     4.788106     9.796474     8.497208   179.113356    44.160739
   12.066364     5.145133    10.164063     8.515626   172.433566    57.082871
   11.933500     4.840039    10.126096     8.757696   171.404589    47.768837
   11.957766     4.738271     9.895370     8.490501   174.221648    59.430208
   11.741652     4.936753     9.826736     8.389000   164.653992    69.469888
   12.189766     5.024074    10.267309     8.677139   174.403940    57.139735
   12.139410     4.909121     9.748003     8.329895   177.240795    60.863918
   12.155601     5.045933    10.140691     8.645198   172.448716    60.220950
   12.039849     4.954914     9.686447     8.431597   171.918091    59.943709
   12.115024     5.226016    10.310175     8.018707   179.160923    69.948508
   11.934408     4.869701    10.178275     8.459654   174.981132    57.326935
   11.852229     4.639619     9.502971     8.075889  -179.400356    50.163892
   11.934836     4.705097    10.079274     8.279432   176.891041    68.683189
   12.115981     4.889166     9.668398     8.242103   173.290880    76.024144
   11.846252     4.573286     9.739622     8.443810   171.235438    66.646102
   11.837666     4.739271     9.964424     8.196395   171.872372    80.025011
   11.934467     5.016274     9.800616     8.350271   168.606271    68.886213
   12.284155     4.995616     9.871569     8.006092  -178.424876    74.169254
   12.138231     4.936479     9.787154     8.172189   176.804677    71.568557
   12.158046     4.706433     9.519441     8.050444  -179.135810    70.337391
   11.775383     4.764350    10.091905     7.912896  -175.887320    64.782896
   12.132244     5.007407    10.279210     8.210840  -175.801478    51.883032
   11.852760     4.919646    10.247793     8.272950   178.448807    53.332512
   12.050158     4.974825     9.895016     7.899396   179.829630    75.765012
   12.119529     4.993791    10.040501     8.093856   179.846013    68.708325
   12.160817     4.675366     9.816620     8.290658   177.903997    75.048983
   11.790715     4.985101    10.269485     8.328773   172.546255    61.044556
   12.492695     5.100482    10.399574     8.267518  -178.773351    76.494328
   12.213386     4.663790     9.870182     8.403090   176.923752    76.448960
   12.098594     4.695442     9.839059     8.073713  -178.379176    73.074509
   12.063413     4.901226    10.153564     8.155686   177.827625    74.362740
   11.937904     4.979012    10.153180     8.016714   179.169543    69.827878
   12.378898     5.048863    10.361689     8.130354  -175.237134    68.406013
   12.058319     4.669842     9.941090     8.232015   174.711682    84.641463
   11.967373     4.592908    10.021370     7.953328  -176.664390    79.536646
   11.856022     5.095968    10.066485     7.828614  -175.893230    55.803448
   12.297093     4.802432    10.172849     8.268446  -178.580550    74.414656
   12.199987     4.852276    10.390790     8.075451  -174.694279    71.616323
   12.024788     5.044166    10.088220     8.134109   175.287605    73.417991
   12.166338     4.630578     9.881048     8.051927  -172.581737    63.946468
   12.179437     5.050410    10.347259     8.019179  -176.890066    70.751488
   11.659827     4.571966    10.142486     8.204005   174.837516    72.435777
   12.429298     4.957359    10.043086     8.227790  -172.256405    55.556657
   12.200782     5.040530     9.659453     8.414565   170.929844    71.178185
   12.104741     5.102216    10.164479     8.041155   171.811200    93.720334
   12.104971     5.081558    10.127652     8.009513  -176.835747    60.301803
   12.110357     4.915735    10.327659     7.992111  -176.324464    74.114770
   12.256896     5.095800    10.182234     8.083516  -179.893165    73.978418
   12.248048     4.965197    10.028066     8.240387  -173.336881    45.840054
   12.006508     5.121137     9.890698     8.061998   177.625399    60.174538
   11.867917     4.835007     9.906707     8.409553   171.651347    62.626625
   12.126507     4.935711     9.892710     8.280093   179.171032    59.419663
   12.326343     4.791258    10.066359     8.216715  -179.205070    79.769632
   12.053193     5.025429    10.105355     8.038930  -178.581514    63.585892
   11.875363     4.768181     9.972632     8.231352  -176.893489    43.603819
   12.071848     5.185586     9.944080     8.047082   174.276336    74.123704
   11.832315     4.666018     9.935926     8.145861   173.559859    81.015243
   12.253404     5.050107     9.821526     8.238134   174.562471    77.408551
   12.209123     5.091429    10.207081     8.102880   179.892163    71.509424
   12.076138     4.729767     9.911673     8.367227   178.914140    61.639415
   11.812143     4.999522    10.038108     8.257149   166.740654    79.317728
   12.182524     5.030995     9.950006     8.136451  -175.148820    48.633291
   12.038756     4.842009    10.117700     8.217155   176.328744    75.440916
   12.140108     4.709952    10.201180     8.278969   179.452544    74.926082
   12.110256     4.841427     9.798518     8.300561   170.564311    86.034086
   12.019219     5.180520    10.299949     7.907882  -177.821283    66.506722
   12.280027     5.058922    10.009156     8.262665   177.700994    71.423600
   12.059727     4.978615    10.177345     8.247904   173.621285    77.984336
   12.071573     4.617407     9.786941     8.032696  -178.427283    76.892490
   12.145719     4.707467    10.264080     8.425563  -179.913260    65.360026
   11.725946     4.496136    10.109941     8.093243  -179.036145    70.115354
   12.279121     4.904162     9.749723     8.207529   178.994123    72.157309
   12.191669     4.619594    10.281206     8.331977  -175.912583    65.471476
   11.936395     4.415018     9.922470     8.527958   173.295316    71.196618
   12.444464     4.853698    10.013050     8.421899  -179.153726    73.673109
   12.296456     4.534011    10.203869     8.542361  -172.430873    49.650581
   12.090103     4.667884    10.200077     8.126560  -175.961930    70.442762
   12.111749     4.575208    10.273461     8.431238  -177.999337    62.507104
   12.240730     4.934042     9.957513     8.323330   177.124974    72.461375
   12.204250     4.468937    10.049336     8.649899   173.608437    80.994263
   11.892411     4.395233    10.066729     8.428721   174.471389    75.550521
   12.114600     4.894141    10.103997     7.859026  -175.525879    77.541067
   12.223178     5.031967    10.239899     8.778655   167.497511    74.750433
   12.310430     5.178422    10.197285     8.435665   172.535649    77.456763
   12.322026     4.685663    10.045228     8.600624   173.752247    84.110375
   12.465955     5.128849    10.207353     8.683767   172.391161    78.350776
   12.033281     5.093290    10.257348     8.468074   166.679214    79.882982
   11.960203     4.841774     9.884851     8.397850   170.446208    72.640022
   12.436132     5.005026    10.419889     8.476400   176.282286    82.084177
   11.989140     4.764051     9.642590     8.200861   174.605850    71.243656
   12.384974     5.114350     9.953953     7.930438  -172.387300    59.459516
   12.326117     4.951813     9.949354     8.594415   175.412641    67.902744
   12.169044     4.773073     9.775482     7.907753  -177.103801    79.040644
   11.931885     5.221219    10.134520     8.152280   168.912005    78.352635
   12.056550     4.822248     9.878595     8.208991   177.065060    71.135970
   11.827618     5.246501    10.281187     8.004846   172.191266    76.161582
   11.971845     4.652516     9.953727     8.516323   172.679455    68.196532
   12.269305     5.267767    10.222173     8.054982   176.988664    78.433013
   12.126264     4.904934     9.812013     8.104982   179.513860    68.553319
   12.302026     5.261774    10.277915     8.594865   171.546668    67.880480
   12.346336     4.801089     9.879870     8.078279  -172.328253    63.374258
   12.293157     5.059592     9.992697     7.690046  -169.365672    66.544709
   12.487046     4.857325    10.050470     7.862051  -166.310555    65.275530
   12.293153     4.457373     9.782901     8.419825  -177.049623    67.911731
   11.945742     4.772225    10.055818     8.261501   177.014912    66.844635
   12.337321     4.882256     9.964787     8.154103  -175.982389    68.296697
   12.166057     4.809648     9.998952     8.036748  -174.889199    66.448012
   12.186589     4.910469     9.816765     7.917172  -178.133300    76.627520
   12.100178     5.048794    10.216654     8.102576   175.521652    81.475454
   12.088453     4.953098     9.947923     8.069710  -179.191961    65.407291
   12.237432     4.718088    10.097704     7.983880  -164.004667    44.781789
   12.210546     4.690161    10.204731     8.516055  -176.516106    53.028962
   12.151041     4.894799     9.959146     8.154713  -174.365453    50.947899
   11.949711     5.010285     9.894208     8.437089   170.181631    62.266761
   11.962134     4.812347     9.900301     8.435127   167.476076    80.833237
   12.078030     4.816160     9.606605     8.113279   179.684348    62.188708
   12.129839     4.699787    10.045006     8.136479  -175.074634    64.452236
   12.200023     4.772598     9.909776     8.105971  -176.714431    69.487840
   12.288434     4.801062    10.056243     8.082317  -172.917522    65.285116
   12.553889     4.586810     9.916910     8.248964  -173.216876    79.007464
   12.215165     4.980493     9.905564     8.206625   175.782000    78.173331
   12.260681     5.059815    10.307698     8.024139  -175.031792    66.965246
   12.088591     5.131692    10.208612     8.138730   176.897814    69.891859
   11.917077     4.916367     9.867022     7.986320   177.636957    71.293282
   12.187506     4.870851     9.789449     8.149929  -179.533802    67.607542
   12.092816     4.796224     9.848163     8.242001   172.186330    86.544533
   12.241485     4.741811    10.269834     8.121731  -173.396850    68.596428
   12.218540     4.734323     9.889662     8.328750   178.370914    74.183799
   12.105768     4.777678    10.113830     8.548629   177.592042    58.017356
   12.061277     5.001966    10.052473     8.324356   177.818369    56.962702
   12.042449     5.098284    10.259348     8.662281   169.354401    59.718621
   12.363831     4.991519    10.147602     8.435354  -175.758947    51.798869
   11.977979     5.313133    10.294092     8.486044   168.929285    56.919894
   12.060311     5.030770    10.027487     8.443193   175.293960    55.442222
   12.112254     4.881890    10.151179     8.608850   174.546319    60.425399
   12.433024     5.073031    10.134214     8.332056   178.272700    77.107933
   12.245871     5.073200    10.328510     8.475571   175.603299    68.011455
   12.461939     4.591516     9.879988     8.699120  -177.401147    62.048280
   12.351844     5.067008    10.549874     8.235254  -177.480269    70.334674
   12.152554     4.917998    10.133480     8.572503   169.705307    78.603606
   12.291972     5.038681    10.301649     8.442724   176.922308    70.082271
   12.350545     4.913079    10.490347     8.409535  -177.748979    66.446875
   12.152666     5.159819    10.527724     8.459617   170.672670    77.015479
   12.248550     4.712068    10.082982     8.548129   178.988438    65.830098
   12.324092     4.871083     9.891277     8.382827  -176.862569    57.000476
   12.425499     4.943995    10.068607     8.402194   179.557573    74.318283
   12.086061     5.132047    10.281878     8.233583   172.486228    78.710069
   11.897907     4.885433    10.251319     8.623540   162.459836    82.243447
   12.316136     4.607936     9.658461     8.351991  -174.794391    56.704479
   12.205551     4.588016    10.255506     8.725806   174.159155    73.416519
   12.360396     5.022313    10.068495     8.519167  -178.622884    53.621544
   11.926776     4.893004     9.982038     8.636689   170.097892    55.057798
   12.207415     4.948549    10.097337     8.405207   173.218176    79.418977
   12.278556     4.983000     9.896183     8.322412   174.781646    78.682930
   12.072445     4.816174    10.323026     8.425378   174.073438    75.610232
   12.018992     5.138022    10.085300     8.365437   173.218074    59.752658
   12.103454     4.452307     9.903075     8.393823   179.552166    70.363037
   11.969296     4.526218     9.776505     8.296119  -177.494322    52.824257
   12.381192     4.803460     9.886501     8.267217  -175.199270    64.625766
   12.311391     4.886330     9.847699     8.390612   177.134747    73.427111
   12.146202     4.779610    10.196866     8.224983  -171.667299    47.812877
   12.281546     4.799775     9.821936     8.640032   171.907579    76.846617
   11.974003     4.784862     9.990945     8.510568   171.651191    67.377375
   12.450802     4.918513    10.060815     8.745562   176.177831    69.641870
   11.968949     4.897455     9.875326     8.474366   165.576144    80.351891
   11.993597     4.694133     9.983961     8.454405   171.976139    74.713903
   12.150091     4.994488     9.769446     8.455326   173.625673    61.986295
   12.372958     4.861580    10.150477     8.174196  -172.931417    63.450954
   12.192312     4.910630     9.889870     8.606402   167.172452    83.339906
   12.131024     4.653777     9.751872     8.498276   174.399525    70.772842
   12.469103     4.645447     9.927989     8.637504  -177.386720    65.117869
   12.529670     4.950758    10.113225     8.632759   176.104515    80.961682
   12.390686     4.801775    10.296245     8.588009   174.144684    86.615059
   12.208835     4.739841    10.145902     8.475235   178.328982    69.206632
   12.323760     4.923116     9.973040     8.381616   178.311432    71.935471
   12.254076     4.925536    10.219646     8.712813   169.100690    80.172024
   12.228149     4.513092     9.986571     8.487736  -171.661766    43.009482
   12.394854     5.035660    10.184061     8.397948   174.669704    84.726670
   12.303921     5.046765    10.095163     8.301600   176.465160    76.749248
   12.233094     5.035332    10.102623     8.624944   165.391567    88.685276
   12.398265     4.809006    10.175912     8.635550   174.603198    82.041241
   12.344584     4.918834    10.218481     8.643928   172.148836    81.506219
   12.128843     4.903111     9.916235     8.654466   167.498569    75.760959
   12.399784     4.871467    10.133397     8.692399   179.581152    60.646460
   12.305521     4.925010    10.056547     8.523809   173.797202    78.266809
   12.389588     4.759909    10.034496     8.657083   178.399386    69.016724
   12.321868     4.809492     9.792507     8.482862   174.833895    78.434318
   12.182214     4.723678    10.215338     8.623053   176.376953    65.905986
   12.167025     4.853695    10.068158     8.549247   177.937739    57.312293
   11.962061     4.859426    10.489870     8.432164   167.056490    90.927504
   11.999140     4.705401    10.110291     8.338270   176.880381    69.288099
   12.159393     4.563787    10.308481     8.500046   176.354286    79.252221
   12.222814     4.687663    10.118965     8.644070   176.910597    66.022678
   12.343406     5.005709     9.981046     8.495678   175.142290    73.499123
   12.131778     4.546905    10.022518     8.672671   171.872579    76.760738
   12.156443     5.083913    10.058876     8.540199   169.865689    71.750710
   12.108030     4.851305    10.073398     8.704774   163.770332    86.943676
   12.062712     5.026089    10.463336     8.525868   165.927095    86.550347
   11.995407     4.857269     9.840900     8.600040   166.152727    73.604628
   12.331843     5.098240    10.157009     8.573257   171.808370    77.172174
   11.969248     4.963461    10.066361     8.662685   161.970249    80.182187
   12.203351     5.053212    10.210079     8.316061   178.684008    64.142686
   12.055973     4.971210    10.199859     8.243994   176.998428    68.464558
   12.392538     4.891805    10.441443     8.706115   178.380654    64.773357
   12.057482     4.898469    10.014762     8.474456   168.436898    80.626419
   11.861200     4.960680    10.390237     8.401098   171.315118    67.610938
   12.030436     4.906430    10.301579     8.603117   164.356412    86.850350
   12.273389     4.760155     9.995149     8.527523   176.254881    74.131465
   12.127213     4.914880    10.190199     8.559555   172.698942    69.462371
   12.508833     4.997925    10.042477     8.854369   175.630879    65.832571
   12.274646     4.661934    10.057783     8.683482   177.929322    64.300722
   12.469918     5.063902    10.414151     8.604079   176.631062    74.013007
   12.402368     4.936282    10.129885     8.625487   174.159696    78.957379
   12.188987     4.729129    10.011739     8.568919   175.806491    68.645179
   12.155342     4.758539    10.322814     8.440733   175.914666    76.505114
   12.555352     5.158324    10.256314     8.129074  -175.792909    72.984629
   12.305475     5.006236     9.984409     8.346014   175.791970    76.695254
   11.955249     4.787029    10.258222     8.520897   169.354751    76.448098
   12.422800     5.009044    10.414691     8.130534  -173.038667    66.515999
   12.256396     4.799322    10.116893     8.506863   174.034671    80.848336
   12.502272     4.963666    10.091437     8.597101  -179.927672    67.709031
   12.253377     5.027411     9.935859     8.598366   166.177490    86.983704
   12.287566     4.704292    10.231869     8.267183  -172.976128    61.383656
   12.272037     4.795181    10.381671     8.444080   175.544188    83.909721
   12.252679     4.856523     9.692478     8.494058   171.842598    77.715092
   12.124163     4.494420    10.163319     8.599402   175.090875    74.984220
   12.312544     5.110964    10.213425     8.279321   178.653703    70.323839
   12.363727     5.187243    10.482318     8.339274  -176.844941    54.799061
   12.281464     4.851333    10.390568     8.717514   179.558131    53.339818
   12.089168     4.729161    10.154429     8.435394   177.844566    65.771546
   12.473517     4.634044     9.924951     8.438848  -177.438269    76.298189
   12.558751     4.986694    10.277439     8.565528   172.949819    95.414492
   12.254104     4.752671    10.198871     8.448792   177.355833    76.575398
   12.182824     5.066405    10.269865     8.242322   177.153847    72.328775
   12.499698     4.830558    10.040570     8.515056  -177.621234    69.468027
   12.172007     4.824612     9.982719     8.611521   171.575493    73.615016
   12.433422     5.077304    10.135215     8.337993  -176.227754    58.900354
   12.238495     4.855437     9.852287     8.386680   175.647235    74.809117
   12.386753     4.860154     9.955217     8.547473   177.047550    73.909585
   12.557805     4.804428     9.911807     8.731336   175.195998    83.939661
   12.096524     4.626009    10.092119     8.703623   170.706701    74.134984
   12.284002     4.775073     9.971599     8.499575  -179.859213    63.440255
   12.627709     4.802550     9.774150     8.457918  -177.810341    78.036137
   12.285012     4.843318    10.245362     8.565054   171.918416    85.481600
   12.248766     4.808464     9.811032     8.355388   178.434138    69.702213
   12.426073     4.742760    10.203366     8.190283  -164.156425    42.224717
   12.447617     4.877881    10.091563     8.536767   176.172965    82.395676
   12.308627     5.061782    10.162042     8.279522  -176.411945    55.650215
   12.600471     4.788739    10.252387     8.270714  -171.319794    70.779268
   12.033508     4.566508     9.832782     8.198156   173.915350    89.898741
   12.380560     4.818469    10.045019     8.254522   174.669365    98.028973
   12.222034     4.854653    10.091698     8.494334   175.667155    72.045451
   12.560630     4.615273     9.991325     8.241109  -169.442260    67.752365
   11.965786     4.855089    10.173330     8.319703   169.750892    84.588531
   11.890034     4.715443    10.090273     8.166706   175.136791    79.185192
   12.505898     4.871408    10.154852     8.354626  -178.789660    80.369573
   12.152819     4.874921    10.223245     8.529663   174.073587    70.852691
   12.103015     4.612371     9.696798     8.332472   174.921166    77.677987
   12.587746     4.880742     9.902972     8.522135  -173.769520    58.096662
   12.487568     5.082239    10.282886     8.276209  -178.983987    75.914632
   12.195655     4.714955     9.961029     8.237874  -178.414742    70.137633
   12.229751     4.689645    10.059799     8.559358  -179.148060    58.381103
   12.685938     5.070778    10.370826     8.330638  -173.458967    69.010110
   12.246912     5.183842    10.224807     8.516137   168.310548    81.879623
   12.546381     4.805660    10.149563     8.617362  -174.420283    59.049684
   12.249783     4.957227    10.002266     8.590110   174.921831    64.775746
   12.175349     4.905217    10.011594     8.443095   174.255964    72.678003
   12.483094     4.777193     9.967272     8.401338  -167.775188    40.825078
   11.788826     4.738866    10.288152     8.432666   173.555984    61.926410
   12.349639     4.785952    10.046893     8.262247  -166.878946    37.575239
   12.306394     4.666459     9.860085     8.479395   172.018954    92.576922
   12.359636     4.664944     9.807920     8.435266   179.299397    75.856022
   12.298376     4.428108     9.927801     8.465411   177.405024    86.286896
   12.228917     4.635076    10.039067     8.369685  -177.206071    65.271232
   12.318416     5.047841    10.330451     8.608509   175.837339    65.757273
   12.429762     4.805419    10.027835     8.567921  -175.658765    55.837450
   12.453069     4.867177    10.176301     8.637181   177.220662    75.781932
   12.201925     4.894210    10.239225     8.551967   176.075340    66.078577
   12.333649     4.816233    10.181515     8.335200  -172.566059    53.499847
   12.271293     4.822664    10.456408     8.473486   177.457584    76.240354
   11.799858     4.973545    10.212062     8.387718   163.201814    84.708597
   12.224465     4.670545     9.976897     8.556603   178.977270    63.615985
   12.403491     4.925827    10.135513     8.610571   176.259250    73.944946
   12.614000     5.008993    10.169607     8.686581   179.577825    71.721425
   12.209173     4.815491    10.154075     8.635810   172.533281    74.665988
   12.178426     5.088016    10.124385     8.383900   175.276492    66.337133
   12.395332     5.095114     9.971217     8.505788   179.781678    56.506244
   12.331595     5.012122    10.517725     8.391154  -178.205096    63.732656
   12.210188     5.001857    10.334313     8.431819   170.969856    85.564827
   12.521084     4.839932    10.050921     8.369627   177.691495    91.198201
   12.380886     4.994304    10.081039     8.251693  -178.308821    70.012554
   12.314571     5.032676     9.838353     8.513818   169.778736    82.912230
   12.302961     5.097748     9.898897     8.410803   170.975307    81.997869
   12.071155     5.023458    10.156239     8.497693   171.497845    67.726709
   12.024909     5.105946    10.084783     8.338518   173.596118    62.441450
   12.492383     4.797107    10.276940     8.232967  -174.113054    75.189388
   12.108055     4.920593    10.517919     8.603615   175.962032    59.021441
   12.272701     4.845944    10.114283     8.744410   171.269011    75.087964
   12.371676     5.071361    10.091169     8.393806   177.011298    73.529579
   11.970660     5.162658     9.947989     8.339770   169.790876    64.392996
   12.203258     5.076603    10.099069     8.263650  -175.691308    44.718845
   12.186639     4.669024    10.344696     8.441347   176.141860    81.595697
   12.150808     5.022746    10.263682     8.342300   172.685733    80.039994
   12.044872     4.887444    10.420344     8.493645   177.535559    57.311788
   12.103031     4.993060    10.230123     8.611205   167.181055    78.540068
   12.226515     4.708487    10.042140     8.577391   173.838456    77.852669
   12.463567     4.917225    10.184798     8.516251  -174.537517    54.417909
   11.827560     5.178759    10.022945     8.496167   155.229078    89.521627
   12.305677     5.026500     9.786650     8.223618   179.617564    65.562629
   12.496621     5.123827     9.950392     8.252101   179.072746    77.104077
   12.492268     4.748146     9.767242     8.334754   179.424709    85.193641
   12.201757     5.001299     9.928370     8.385255   164.405533   100.964258
   12.134091     4.896718    10.245924     8.647244   165.961521    86.222372
   12.103675     4.857719    10.411047     8.509753   175.204810    68.415508
   12.189670     4.970248     9.666968     8.343412   173.666281    69.674945
   12.267058     5.096424    10.062300     8.521703   175.236813    63.176098
   12.414744     4.989824    10.148990     8.608809   178.185057    66.154102
   12.466940     5.091380    10.024598     8.431390   177.470062    74.652954
   12.419252     4.831554    10.195731     8.436563  -173.363610    55.692821
   12.083153     4.879933     9.719230     8.373713   171.846719    72.284051
   12.087959     4.941337     9.703435     8.539897   166.769260    74.948400
   11.898745     4.606801    10.366813     8.393874   178.256874    64.706715
   12.225474     4.963972     9.967168     8.831415   166.785902    72.935499
   11.881593     4.898825     9.828903     8.499784   167.641456    64.859652
   12.274016     5.157338    10.182105     8.252212   179.092189    65.150445
   12.213126     5.052217    10.537175     8.206897   179.617705    74.602118
   12.424678     5.133466    10.242448     8.382858   173.083859    88.521302
   12.293611     4.997064    10.273434     8.673328   174.671323    65.668810
   12.254010     4.741305     9.794423     8.543226   172.383172    80.574247
   12.091672     4.588732     9.965038     8.563767   175.831832    66.378989
   12.136943     4.791551     9.821889     8.526964   170.638378    77.116578
   12.196237     4.864199     9.988437     8.369501   172.974271    83.164380
   12.309273     4.945458    10.349502     8.569306   174.815908    75.172578
   12.496290     5.052471     9.788702     8.277912  -177.715426    65.367706
   12.433497     4.726387     9.707676     8.367476   177.069734    86.658710
   12.132158     4.994714    10.272959     8.559218   165.012136    90.396240
   12.277012     4.833245    10.103714     8.776143   173.134108    68.094883
   12.166292     5.154283    10.248630     8.496305   171.025332    70.874839
   12.236042     4.861155    10.195187     8.676366   175.922070    62.287999
   12.108358     4.944520    10.209887     8.441570   176.074544    63.869906
   12.287852     4.881739     9.871277     8.400749   174.989324    78.580602
   12.055067     4.816383    10.063360     8.403490   170.632709    82.274006
   12.223506     4.945545    10.196008     8.579766   170.739889    79.606942
   11.737028     4.672296    10.258816     8.727937   155.719468    91.972981
   12.266289     4.872073    10.099970     8.528278   173.133819    80.053655
   12.580671     5.071271    10.446423     8.529012   176.556397    85.397027
   12.486088     5.192523    10.014225     8.478641   173.022997    82.452056
   12.343109     4.791847     9.975907     8.514968   174.924346    81.948141
   12.179441     4.824757     9.755436     8.469430   164.625276    98.251971
   12.209088     4.789403    10.097717     8.496363   173.882217    78.944460
   12.312952     5.018798    10.414934     8.372110   179.323324    69.979656
   12.587597     4.872663    10.336626     8.487822   179.777062    85.110729
   12.358040     5.179723     9.958566     8.462684   167.805225    89.981930
   12.068449     4.865113    10.443715     8.678290   168.200503    76.932277
   12.171308     4.658464    10.017896     8.569615   173.229304    77.764123
   12.383464     5.035635     9.872667     8.465171   174.978657    74.838383
   12.456341     4.799289     9.929500     8.560180  -179.880464    70.670907
   12.567705     5.085749    10.286318     8.451465  -179.061317    72.845815
   12.130662     4.916422    10.125536     8.477803   170.145507    81.210481
   12.516752     4.956784    10.137671     8.530677   178.706691    77.132807
   12.298217     5.131139    10.083030     8.291305   172.801605    83.989541
   12.888982     4.895093    10.101686     8.561929  -170.291851    69.607144
   12.224800     5.175370    10.076716     8.390810   172.157855    73.586564
   12.194296     4.538435     9.678476     8.379282   178.861398    71.135329
   12.295976     5.192660    10.221968     8.419267   175.819693    66.572578
   12.276055     4.728101    10.017380     8.697859   173.335606    74.884817
   12.264236     4.986835    10.375139     8.709409   167.929672    83.678323
   12.312363     4.617430    10.197147     8.783938   174.735940    74.120778
   12.353684     4.719147     9.901585     8.334647  -177.750381    71.309711
   12.719351     4.976293    10.289677     8.667697  -172.007309    54.256647
   12.554409     4.851831     9.841820     8.593970   178.375654    77.714188
   12.561525     5.025923    10.325450     8.424986   179.680244    80.502821
   12.461375     4.929453     9.857951     8.612015   172.180967    86.075511
   12.218347     4.773449     9.953660     8.162011  -179.281040    75.909638
   12.094084     4.995724     9.865370     8.173376   173.469695    78.178403
   12.150531     5.045182    10.000402     8.394884   170.317997    79.055649
   12.329066     5.134009     9.937294     8.320575   176.313945    70.667482
   11.599334     4.903293    10.318930     8.417912   161.726430    79.465241
   12.293137     4.745753     9.900578     8.548351   178.319252    66.846095
   12.444816     4.978909    10.184466     8.484877  -178.221079    64.325003
   12.475519     4.793154     9.877715     8.538801   178.653643    76.943511
   12.011716     5.010637    10.246277     8.207238   174.535419    74.873096
   12.521214     4.832195     9.845378     8.457775  -179.308127    75.568970
   12.504173     4.896384    10.009550     8.447561   179.593761    78.404118
   12.209851     4.920921     9.693139     8.360394   168.711281    88.859283
   11.967302     4.961457    10.501253     8.135460  -178.878335    66.463550
   12.392530     4.881843     9.779338     8.561534   175.979955    72.316616
   12.137655     4.922197     9.949868     8.473770   169.608062    80.454249
   12.368151     5.087823     9.785102     8.370413   175.786946    71.302792
   12.163862     4.918419     9.681657     8.271874   170.348560    85.595235
   12.410682     4.964404    10.209807     8.508111   178.184204    73.004227
   12.296516     4.668747     9.928074     8.653505   173.629747    78.770914
   12.307869     4.727746    10.089414     8.467004  -177.972466    64.569046
   12.330785     4.797328    10.178960     8.629249   173.278292    82.126493
   12.361422     4.896958     9.824569     8.353219  -178.919926    65.203764
   11.947529     5.252963    10.270968     8.258557   169.525765    71.556152
   12.202502     4.676670    10.451266     8.546837   173.704718    84.868174
   12.294168     4.931110     9.944970     8.351816   173.909384    83.976640
   12.293076     5.017773    10.251195     8.240954   177.239579    80.485183
   12.529273     4.713165    10.059068     8.416473  -177.570723    80.207277
   12.274660     4.696251    10.228915     8.282899  -174.961165    66.221686
   12.485824     4.844920    10.088525     8.724051   175.182858    79.789292
   12.322719     5.012565     9.779469     8.550112   172.251329    73.412953
   12.198270     4.962730     9.972009     8.500605   172.439907    73.223688
   12.409067     4.605278     9.978258     8.460408  -173.115741    58.995981
   12.375614     4.796107    10.274732     8.330558  -174.903497    65.762294
   12.483748     5.087949    10.365428     8.421484   174.547762    89.177420
   12.219849     4.744465    10.418803     8.295587  -177.816343    72.489522
   12.206877     4.982545    10.017812     8.001804  -176.927075    69.311533
   12.427282     4.979210    10.105884     8.177490  -177.528925    75.052985
   12.079377     4.734200     9.973985     8.337299   174.331643    78.616680
   12.153553     4.835954     9.529047     7.980704  -177.779106    62.785697
   12.408468     4.902805     9.814866     8.218821  -175.665107    64.105546
   12.155778     4.955535     9.955638     8.076951   178.707266    75.481373
   12.079439     5.085858     9.834903     8.118835   174.966646    70.342613
   12.073307     4.618042     9.724276     8.414186   172.567452    78.249762
   12.083402     4.725481    10.116645     8.284616   179.381057    69.534853
   11.914583     4.881318    10.125642     8.714463   162.592595    75.386558
   12.514082     4.814024     9.999741     8.360404  -173.112575    63.558619
   12.032924     4.939745     9.985940     8.088698   176.397060    76.350763
   11.786233     4.634650    10.232102     8.440862   174.906024    60.429705
   11.901357     4.651908    10.082728     8.353754   170.381797    83.371530
   12.272214     5.072037    10.241241     8.346709   171.779521    87.488713
   11.995421     4.645758    10.381620     8.330631  -179.830896    67.569038
   11.861145     4.701238     9.694516     8.566078   165.391473    70.608252
   11.863182     4.869381    10.214042     8.620362   164.402635    74.418212
   11.951166     4.966255     9.827126     8.362604   170.513605    66.664934
   12.270404     4.724496     9.866704     8.240948  -177.892689    70.689274
   12.108969     4.564428    10.029283     8.588437   172.873528    76.873736
   12.269171     4.854539     9.946053     8.356811  -178.581426    62.431922
   12.232595     5.114877    10.299893     8.002613  -174.424865    61.979023
   12.062980     4.683903     9.752635     8.228746   179.704924    65.134379
   12.120041     4.865952     9.947627     8.177546   177.627044    74.595055
   11.872032     4.833615    10.201343     8.208813   173.947775    75.658597
   12.047394     4.534618    10.004168     8.479759   173.907187    77.119949
   11.999328     4.478470     9.984212     8.245561   179.390231    75.094561
   12.270061     4.692628     9.845737     8.377290  -179.040249    67.603011
   12.423956     4.834099    10.029394     8.255421  -170.858791    54.848463
   12.106690     4.975867    10.006362     8.326607   176.470293    64.585598
   12.124658     4.809615     9.870431     8.559362   170.099466    76.259183
   11.897535     4.700579     9.772787     8.512221   171.024422    61.934569
   12.125490     4.688323     9.936538     8.509594   179.410075    56.601523
   12.119052     4.792434     9.888754     8.333699   177.427391    67.994491
   12.352790     4.977803    10.142143     8.594587  -179.750812    55.896326
   12.037501     4.721968     9.719254     8.327782   178.592453    57.675143
   12.140522     4.494893     9.843471     8.532742   174.362002    77.219514
   11.915605     4.867951    10.042291     8.187177   179.389471    58.290273
   11.993727     4.975248    10.140954     8.302007   177.619976    57.741283
   12.631733     5.035243    10.057689     8.469546  -176.252439    67.624234
   12.032850     4.566132     9.630532     8.307285   176.172177    70.742388
   12.201581     4.863616     9.804533     8.219899  -175.132974    49.948893
   12.001572     4.941492    10.168354     8.565851   174.097293    54.109823
   12.218488     5.000287    10.122643     8.432657   179.808274    55.921231
   12.005684     4.959355    10.175164     8.577981   167.924343    72.252052
   12.161869     5.090847    10.109957     8.582370   167.239821    78.224143
   12.090059     4.740372     9.935091     8.094560  -174.214538    58.114020
   12.025266     4.798327     9.785499     8.245242   174.344898    74.141750
   11.773613     4.940441     9.958151     8.391681   167.265764    67.038797
   11.907565     4.839329    10.365421     8.485385   170.668500    71.457465
   12.068006     4.680044     9.643526     8.378441   177.147683    60.685703
   12.180494     4.925059     9.643695     8.329593   176.075686    63.310912
   12.051933     4.662284    10.098660     8.118618  -169.668870    47.130599
   12.082004     5.020818    10.090633     7.877045  -174.700704    64.515228
   11.981933     5.152025     9.986026     8.132278   171.384579    75.164871
   12.309192     4.859215     9.849728     8.139691   176.777305    88.916444
   12.050084     5.109523    10.167342     8.012287   179.028665    70.040332
   12.225816     5.088470     9.830177     8.250690   172.863503    78.503283
   12.086519     4.895948     9.789922     8.402482   171.674674    72.507443
   11.994423     5.146138    10.538973     8.302916   172.859203    72.376224
   12.257684     5.147971    10.124239     8.380904   174.720362    70.505140
   12.265510     5.152152     9.914759     8.186042   179.146843    62.827477
   12.403760     5.014677    10.005622     8.488629   178.175738    68.606141
   12.315599     5.088345    10.386823     8.567490   175.145598    68.764153
   12.265334     4.764093     9.759434     8.310760  -176.616997    57.875733
   12.208175     4.786178     9.973966     8.417643   176.219094    74.668822
   11.950957     4.784798     9.875657     7.970016  -178.898526    70.612428
   11.807364     5.118178    10.275654     7.883214  -177.851577    61.642295
   11.853076     4.677261     9.922156     8.481215   168.358468    73.702858
   11.726972     4.537893    10.222407     8.368652   175.822380    63.614439
   12.135612     4.995292    10.301747     8.601453   170.337039    72.626315
   12.244796     5.180840    10.300512     8.444996   175.454092    64.487316
   11.910162     4.880999    10.045361     8.281443   177.462888    56.948220
   11.885670     4.548285    10.493102     8.337072  -176.197124    57.862359
   11.841629     4.739260    10.200907     8.348359   173.550074    69.336896
   12.304314     4.900911    10.067825     8.726748   176.969463    57.434006
   12.220809     4.636971    10.157159     8.505853   178.219924    72.324717
   12.200001     4.972413    10.059363     8.745057   172.604921    58.898208
   12.117234     5.103155     9.880692     8.354588   172.588495    66.436445
   12.145597     4.581950     9.977955     8.432854   179.834890    66.341303
   12.133602     4.534302    10.139510     8.442414   177.474364    76.391645
   12.294770     4.786080    10.140185     8.116801  -173.796146    68.420508
   11.946144     4.698971     9.838633     7.980598  -177.324866    67.863346
   12.376605     4.760385     9.677703     8.375549  -176.646032    59.752663
   11.944496     5.325235     9.914991     8.211975   164.387824    77.533103
   12.227502     5.046374    10.062399     8.184188   177.108055    75.936355
   12.301132     4.921562    10.030948     8.442721   176.825147    72.914689
   12.117914     4.940155     9.687763     8.103590   175.692760    74.984127
   12.118864     4.969901     9.918447     8.325247   172.322519    76.756874
   12.243789     4.759490    10.328717     8.421621   179.284509    72.831316
   12.047192     4.711012    10.272686     8.263921   178.733907    74.145154
   12.121177     5.126117    10.013042     8.468337   176.945152    46.247254
   12.279882     4.876964     9.933873     8.493243   172.921797    80.764328
   12.467183     5.243418    10.037895     8.199368  -178.430980    64.560806
   12.246490     4.834105    10.329500     8.706280   177.589325    58.236486
   12.282778     5.072019    10.006679     8.104105  -176.483074    60.783892
   11.870291     4.886786     9.975911     8.253933   169.396582    79.135336
   12.066870     4.926783    10.225404     8.148896   175.108732    83.565430
   12.078137     5.008952    10.049239     8.306601   174.554720    69.131158
   11.965201     5.134507     9.944706     8.257134   171.442884    65.625662
   12.235136     4.888584     9.905192     8.469478  -179.086167    52.261500
   12.179209     5.048430    10.150700     8.456364  -179.665578    47.459980
   12.186421     5.201176    10.225497     8.091300  -176.026542    51.706945
   11.953025     4.815285    10.544572     8.205697  -173.323434    51.414673
   12.119957     4.730939     9.804424     8.408566   177.168708    65.004552
   12.122922     4.943526    10.078936     8.243216  -177.862225    55.477815
   12.256453     5.051568     9.918916     8.389977   174.948209    70.248589
   12.218995     4.895686    10.060558     8.676859   172.956458    67.183907
   11.967059     4.676752     9.651572     8.408293   175.344555    57.470460
   12.304587     4.929464    10.069926     8.514863   176.631046    70.104219
   12.105217     4.885514     9.997407     8.332409   176.684959    67.573181
   11.998232     5.246371    10.283408     8.267433   169.290386    75.432704
   12.370116     4.925764    10.190318     8.453393  -175.020944    52.564111
   11.950560     4.839329    10.178738     8.598620   172.333197    58.645495
   11.839769     5.147943    10.073812     8.377143   169.683299    56.907598
   11.995483     4.831493     9.969975     8.415271   174.424298    64.064213
   11.774980     4.931041    10.066703     8.305438   170.873807    65.108909
   12.155086     4.989871     9.874614     8.217835   178.208573    64.926195
   11.864644     4.757733     9.889332     8.634773   169.262146    56.915600
   11.996227     5.136150     9.979526     8.399058   169.672338    65.118563
   12.384460     4.998626     9.863566     8.580512   177.764334    61.086062
   11.646674     4.617874     9.834011     8.312178   167.394712    74.869500
   11.771076     4.767547    10.317001     8.423522   173.168239    62.023230
   12.078842     4.931277     9.995958     8.647068   167.545751    72.675208
   12.061691     4.832084     9.998793     8.409678  -179.114086    48.581264
   12.004618     4.944775    10.063021     8.388584   172.469503    69.044073
   12.326893     4.887179    10.228477     8.455966  -172.674988    43.146935
   12.321186     4.897663     9.856965     8.467239   179.342803    62.562296
   12.214944     4.995592     9.887347     8.518344   173.820217    65.663476
   12.106237     4.924753    10.056027     8.506101   172.311031    70.079288
   12.121416     5.235666    10.424581     8.426670   170.406394    72.562458
   11.932145     5.060067    10.055372     8.294519   175.363290    55.169538
   11.878471     4.811790     9.842886     8.372650   176.651524    48.913611
   12.345152     5.118052     9.868505     8.351466  -179.878139    56.213354
   11.912090     5.130075    10.083368     8.059253  -177.352966    42.496045
   12.094632     5.090122    10.239041     8.453833   179.529063    43.316913
   12.285919     4.933775    10.044126     8.596966   173.964125    71.825926
   11.885847     5.126624    10.263674     8.211613   174.489963    62.108100
   11.953496     4.921386    10.471413     8.324988   174.266470    73.145804
   12.099088     4.753409    10.328908     8.153673  -177.391374    72.292542
   12.320257     5.133438    10.237226     8.222928  -176.941679    58.758954
   12.179263     4.805033    10.098131     8.560949   173.657276    73.337335
   12.123856     4.655022    10.039552     8.502420  -178.872215    54.631744
   12.286749     4.562175     9.935352     8.397762  -177.206665    68.374053
   12.028078     5.110205    10.105234     8.258582   175.942046    60.426105
   12.021784     4.626909    10.317478     8.241237  -176.203411    63.838302
   12.454521     5.170736    10.096126     8.334166  -178.123278    61.097784
   12.085869     4.871070     9.966946     8.288468   174.096447    76.815023
   11.777362     5.049887    10.301440     8.112907   174.366836    68.932831
   11.638490     4.856351    10.367463     8.116826   179.015009    59.422680
   11.991196     4.882843    10.147895     8.275410   174.730046    72.471776
   12.272673     5.024264    10.033093     8.230723  -179.331816    65.420815
   12.007846     5.079193    10.271767     8.230973   171.255067    80.359350
   11.809682     5.072925    10.052607     8.154097   168.836543    76.827253
   11.979334     5.025731     9.999821     8.278227   175.761875    58.708681
   12.064315     4.935377     9.976406     8.379994   174.743530    65.318979
   12.187132     4.709899    10.108087     8.675369   174.711731    67.421015
   11.968570     4.861631    10.261082     8.532369   169.911134    71.967859
   12.459667     4.682780     9.962179     8.456316  -175.939420    68.770234
   12.204497     4.594217    10.099415     8.249928  -178.300229    76.724097
   12.170256     4.551390    10.004256     8.524696   173.829966    82.030347
   11.919251     4.588009     9.862247     8.597155   169.635802    68.759300
   12.028888     5.065874    10.420603     8.371450   173.856413    67.795430
   11.958811     4.968598     9.904371     8.610155   163.163640    75.800822
   12.068726     4.822586     9.927322     8.493864   170.643630    75.256366
   11.782218     4.994671    10.368354     8.613013   158.505598    83.968964
   12.280789     5.113235    10.017815     8.359416   178.126271    62.129565
   12.194920     4.831890     9.719991     8.429397   175.123087    68.789817
   11.847869     4.816140     9.944697     8.398842   172.513252    61.074865
   12.061711     4.899897    10.224821     8.236797   177.309981    71.917580
   11.982784     5.033224    10.290012     8.018088  -175.581905    56.277867
   12.221387     5.192440    10.083314     8.277241   174.918149    70.194662
   12.144009     5.013538    10.211022     8.332484   172.448208    80.541369
   12.321598     4.842624    10.323111     8.512263  -177.564666    59.240302
   12.134210     4.764788    10.218723     8.168516  -176.850552    68.421044
   12.066709     5.000189     9.903658     8.160032   175.360809    72.126446
   12.289139     5.434100    10.169071     8.216847   176.268444    60.685874
   12.082871     4.772054    10.179615     8.560736   166.548373    89.991446
   12.202162     4.970571     9.939980     8.565775   177.050273    53.386291
   11.914835     4.920284    10.108764     8.300453   179.441113    48.936140
   12.090133     4.909284     9.817612     8.292516   174.528966    70.545384
   11.961973     4.910865    10.054798     8.227029   178.075630    60.689591
   12.070462     4.925703     9.937013     8.321130   174.505688    69.635649
   11.819639     5.056762     9.815904     8.179477   167.329640    74.566669
   12.061104     4.742421     9.892238     8.029106   179.922789    78.404709
   12.212394     5.150683     9.925106     8.390284   172.294588    70.534561
   11.968718     4.705749    10.013362     8.725707   167.367410    69.309171
   12.165035     4.856681     9.958533     8.563868   169.825782    79.435543
   12.084994     5.028870    10.226887     8.382854   169.744501    81.580868
   12.250238     4.722244     9.655430     8.554521   172.328827    77.284202
   11.998563     5.002190    10.398484     8.467592   171.192852    70.294671
   12.189037     4.965916     9.754400     8.359258   173.035255    73.622133
   12.237822     4.697992     9.709001     8.184023   179.645143    77.332675
   12.192100     4.614290    10.074024     8.659279   173.185641    76.306254
   12.196744     4.722645    10.025381     8.792061   169.579016    75.075888
   12.058735     5.234499    10.109345     8.051248   175.193452    71.673824
   12.249909     4.825251    10.163633     8.385742   175.809797    81.239653
   12.235291     4.724363     9.890485     8.325682  -178.547073    66.325802
   12.041973     4.721050     9.963808     8.446912   176.762143    62.487319
   12.318522     4.889796    10.071949     8.572281   177.861198    65.741043
   11.962876     4.908356    10.377047     8.265380   172.251857    82.402070
   12.095692     4.910376    10.328693     8.509708   170.668065    78.350699
   12.163188     4.904925     9.976250     8.394317   173.368460    76.638779
   12.113725     4.962963    10.391807     8.281419  -176.027145    51.176989
   11.847390     4.870734    10.015744     8.131130   174.908847    71.355835
   12.193037     4.978971    10.015341     8.340278   176.947246    67.996181
   12.143000     5.087503    10.334148     8.404787   176.319503    62.595417
   12.166073     4.923642    10.235264     8.523634   173.848415    70.915819
   12.391543     4.704987     9.930009     8.674853   177.568163    71.199424
   12.393504     5.037300    10.387587     8.593733   175.252335    74.631042
   11.980799     4.771734    10.015262     8.486796   170.851443    72.730425
   12.071345     5.120751    10.026831     8.370044   168.379916    77.960758
   12.085532     5.026097    10.167971     8.376516   171.287709    76.618772
   11.684606     4.666873    10.262872     8.369219   166.671341    83.236922
   12.053589     4.892056     9.854424     8.356247   174.863171    64.909090
   12.114570     5.020565     9.839046     8.329288   175.697510    60.993798
   12.262782     4.869625    10.119721     8.648749   170.567759    81.097875
   12.171269     4.934362    10.111554     8.257646  -178.782715    61.646623
   12.018515     4.951082    10.076274     8.442346   171.474591    69.642996
   12.040477     4.709994    10.519868     8.492245   177.009620    68.518918
   11.891410     5.077437    10.030485     8.361797   167.847119    70.255449
   12.175251     5.152884    10.248172     8.204939   175.093331    76.041055
   12.077268     5.041119     9.878680     8.211950   172.878462    74.666159
   12.341798     5.208862    10.563243     8.247556   178.172779    76.282095
   12.216213     4.923893     9.981672     8.185376   178.178217    76.123212
   11.756070     4.839834    10.300969     8.410262   167.057654    76.657443
   11.996248     4.949118    10.364288     8.369348   179.410799    52.985271
   11.992188     4.608698    10.161172     8.383407  -179.866395    60.932434
   11.980466     5.062423     9.961289     8.336902   167.667037    77.586180
   11.905713     4.760513     9.889452     8.274505   171.441326    77.580176
   12.100470     4.811250     9.956884     8.366411   174.888344    73.215370
   11.839382     4.900738     9.930815     8.138568   174.537878    67.966879
   12.002320     5.037104    10.258925     8.180496   169.551393    90.307258
   11.959281     4.823714    10.447963     8.344858   175.277511    72.859544
   11.988521     5.054988    10.163937     8.404453   164.977811    86.102900
   12.035751     5.078344    10.260986     8.013632   179.654490    71.268900
   11.950414     4.869704    10.024186     8.348601   170.746925    75.751290
   11.843330     5.175050    10.430008     8.078219   174.770927    71.469222
   12.101684     5.203377    10.336473     8.337388   173.667832    66.817193
   12.204145     4.926838     9.847636     8.418468   174.954947    69.508243
   12.273666     4.754685    10.018254     8.437433  -178.309886    63.029002
   12.119116     5.038032    10.236905     8.500605   176.875780    54.127898
   12.072828     4.702654    10.126327     8.538102   177.012669    61.408061
   12.414330     4.914264    10.052083     8.126997  -178.238245    81.219501
   12.312506     5.029829    10.141806     8.227954   179.359945    73.663529
   11.849811     4.827402     9.947831     8.463494   168.156154    69.726169
   12.025454     5.040905    10.462394     8.444181   175.781026    58.554645
   11.994825     4.855372    10.224949     8.323200   179.005248    59.163900
   12.077088     5.191154    10.026374     8.192037   172.327412    73.148543
   12.352381     5.132919    10.378730     8.372334   179.981236    64.435783
   12.131178     4.722862    10.364965     8.197807   178.006632    87.247025
   12.075879     4.985299    10.197365     8.048544   174.380171    90.131369
   12.163185     4.683426    10.364523     8.370395   178.582579    77.051850
   12.300184     4.636225     9.903284     8.700215   179.770777    57.515682
   12.002301     4.844549    10.402903     8.263559  -176.555713    53.997715
   11.785641     4.694784    10.497768     8.402959   174.976996    66.956758
   12.264827     4.475723    10.142756     8.333619  -175.751173    72.738795
   12.079629     4.682790     9.982960     8.524156   173.881131    70.889901
   12.195255     4.734434    10.280047     8.315250  -177.621812    67.156904
   11.574088     4.582046    10.181423     8.468425   164.399423    76.945554
   12.186082     4.722494    10.448742     8.514879   178.851308    68.171511
   12.175035     4.499731     9.852923     8.590041   173.288716    79.369045
   12.386194     4.931675    10.247039     8.516967   174.276978    84.322619
   11.918957     4.696198    10.381381     8.316546   175.492090    76.224209
   12.192334     4.994471    10.364396     8.281101  -178.893439    63.008983
   12.220021     4.810993    10.491507     8.341734   173.875786    93.716378
   12.035344     5.230975    10.386151     8.425165   164.742270    84.180235
   12.280856     5.088395    10.176444     8.388151   176.014931    71.341625
   12.158286     4.658859    10.222136     8.900221   167.910180    75.370701
   12.004225     4.757435    10.557136     8.405256   173.792772    81.334778
   12.250407     5.158191     9.969603     8.345653   173.359634    72.844934
   12.394769     4.899412    10.374346     8.468389   178.071652    78.273001
   12.272935     4.785384    10.000876     8.379546   174.908280    85.020917
   12.299526     4.944046    10.047705     8.546949   172.373898    79.944998
   12.350264     4.560919    10.157972     8.471290  -176.253870    68.317761
   12.539828     4.833767    10.174283     8.616586   178.847111    79.147074
   12.422382     4.901328    10.454530     8.193586  -171.754327    64.296437
   12.025248     4.631423    10.309912     8.532020   169.751194    85.963866
   11.885845     4.994540    10.439923     8.335091   176.690440    56.883637
   12.143259     4.958804    10.053552     8.613178   174.342663    57.965114
   12.084852     5.158392    10.342665     8.214076   175.204089    71.400636
   12.028454     4.662672    10.225605     8.487087   172.268931    78.998584
   12.098495     5.246746    10.180546     8.096594   175.758460    70.119499
   11.995217     5.022622    10.164463     8.635443   162.838351    80.214616
   12.262616     4.921513    10.405530     8.245537   178.097360    82.607207
   12.142736     5.077974    10.229056     8.372714   175.386827    66.431158
   12.286994     4.830147    10.459347     8.441670   179.354343    72.960571
   11.984985     4.943143    10.363598     8.445144   172.368110    69.364779
   12.173319     4.968305    10.010913     8.458867   168.158331    87.002894
   12.068822     5.080361    10.193633     8.192863   173.414701    78.254127
   12.083774     4.645467     9.894819     8.428764   179.374563    59.865844
   12.147728     5.115098     9.971705     8.469717   171.083025    68.144204
   12.522260     5.160223    10.052067     8.217841  -176.708732    66.436554
   11.812002     4.548302    10.048929     8.436999   174.303737    63.911234
   12.098933     4.819659    10.261157     8.589034   172.741324    70.300488
   12.203216     4.746234    10.110015     8.513842   174.524311    77.394622
   12.096270     5.102953    10.260745     8.486746   172.738457    63.949780
   12.329978     5.064901    10.246306     8.321627  -179.423296    65.697792
   12.274641     5.132615    10.337979     8.264008   176.641211    75.998256
   11.941598     5.072318    10.386487     8.208655   168.792818    88.494067
   12.040108     4.751770     9.951120     8.501170   172.206553    71.450729
   12.010985     5.087902    10.118513     8.365362   175.539390    55.068207
   12.119332     5.033990    10.047348     8.348521   172.884649    73.236282
   11.794484     4.905524    10.049598     8.310293   166.252890    80.567789
   11.845261     4.966725    10.251443     8.253541   168.949843    80.945802
   12.112273     5.127885     9.984138     8.043908   179.027078    65.659005
   12.068966     4.910844    10.007990     8.361565   172.407066    75.581850
   12.599573     4.937503    10.102279     8.559645  -179.308800    75.867924
   12.309471     4.632817     9.825564     8.619292   172.730336    83.794831
   12.600392     4.970003    10.104432     8.626146   178.302553    78.773882
   12.201742     5.088933    10.039855     8.330179   173.562429    74.739050
   11.846173     4.741444    10.248623     8.290764   177.898422    61.629963
   12.168666     5.134112     9.948088     8.446129   174.021740    59.786258
   11.981766     4.997399    10.126535     8.435063   174.818406    55.727486
   11.902964     4.882732     9.831323     8.189203   172.788960    72.019370
   11.834708     4.804684    10.423444     8.375268   172.548634    72.017860
   11.819389     4.606700     9.945041     8.324149   175.152462    65.297477
   12.078550     4.745546    10.260450     8.317649  -179.608119    65.587821
   12.115511     4.979419    10.223505     8.403372   176.409624    64.211281
   12.326410     5.066765    10.436438     8.244983  -177.876178    67.435445
   12.035497     5.035091    10.039391     8.427075   168.708484    75.554821
   12.442639     5.178339     9.978503     8.320270   178.726483    68.967657
   11.945614     4.803130    10.211154     8.267025   170.929550    86.331422
   12.401430     4.899742     9.987505     8.519128   171.693478    91.111266
   12.048751     5.000426    10.096526     8.435050   169.687872    75.609594
   12.365767     5.112454     9.966288     8.157006  -178.855095    67.728106
   12.183148     4.870948    10.037053     8.175331  -177.841084    65.831006
   12.149879     5.047804     9.893340     8.057543   177.857998    72.914765
   12.233359     4.702353     9.753232     8.381999   179.138172    68.071742
   12.092341     5.127738    10.222756     8.336938   169.400349    81.271634
   11.986754     4.647254     9.700028     8.372022   166.996326    89.856570
   12.518030     4.602044     9.833396     8.457468  -177.158309    77.125933
   12.361737     4.861515     9.999429     8.160417   177.727953    90.317862
   12.156242     4.624262    10.081474     8.238328   177.515901    85.851480
   12.454335     4.855908    10.333642     8.221673  -174.692828    73.802762
   12.169109     4.580222    10.193546     8.291650  -178.578071    75.108384
   12.498857     4.790984    10.038011     8.676616   179.387270    71.780565
   12.174155     4.950003     9.948956     8.116493   178.088153    76.147871
   12.428925     4.982028    10.106556     8.389641  -179.590722    71.340657
   12.011804     4.927821     9.949977     8.098517   176.829288    72.931983
   12.389772     5.081123    10.016476     8.487217   176.763760    69.060999
   12.081072     4.474329     9.736333     8.442988   175.624422    73.366327
   11.907136     4.993353    10.538647     8.259109   169.245050    89.375734
   12.236715     4.622415     9.893502     8.539317   175.774956    75.658461
   11.896036     4.904444     9.773653     8.447159   164.972815    75.847289
   12.540816     5.097782    10.399398     8.036102  -172.396191    71.797271
   12.022435     5.008397    10.339736     8.558625   166.644889    78.627163
   12.024865     5.070158    10.021648     8.246065   176.370286    59.942396
   11.916701     4.751369    10.058594     8.512205   167.544824    78.086506
   12.078856     4.980805    10.359962     8.502040   166.658233    87.187678
   12.023529     5.112825    10.102616     8.133921   176.596714    66.056171
   12.053154     5.132657     9.980960     8.408933   171.167784    63.992604
   12.277650     5.044280    10.162234     8.286291  -176.483497    54.430461
   12.101281     5.096130     9.961727     8.621357   165.516959    73.822586
   12.004613     4.663047    10.332211     8.394505   174.281320    79.489698
   12.250038     4.923588     9.949535     8.592144   176.880772    58.767216
   11.913484     5.118720    10.166632     8.235567   171.749779    68.861465
   12.313740     5.028131     9.914007     8.362858   176.853331    70.653930
   12.256461     5.138251    10.207693     8.289966  -177.215243    50.726930
   12.265271     4.792115     9.746743     8.541863  -177.698139    44.284635
   12.311769     4.825147    10.196258     8.371003  -178.091918    67.805696
   12.171499     4.865867     9.897570     8.494314   173.451068    71.434450
   12.078343     4.885389     9.995047     8.364722   175.026471    68.977577
   12.128541     4.942600    10.128833     8.622449   172.159315    65.315143
   11.683073     4.959482    10.028494     8.734638   156.535735    68.938646
   11.980977     5.029657    10.056675     8.587233   165.807689    71.194594
   12.039914     4.979444    10.103857     8.781572   166.660078    63.432777
   12.206076     4.985124    10.295110     8.730683   170.649370    69.210426
   12.316919     5.190636    10.123807     8.254811   176.978521    71.788067
   11.918547     4.746870    10.059811     7.996179  -173.185467    55.926275
   12.207389     4.759254     9.865581     8.457740   176.948945    69.068489
   12.323844     4.821052     9.849825     8.580008   173.659733    77.652490
   12.272309     4.644398    10.276040     8.562516   176.771072    77.847481
   12.358849     4.836687    10.304826     8.118013  -174.890388    75.894977
   11.989175     4.792133    10.085570     8.454314   165.835506    90.220197
   12.290379     4.985184    10.350319     8.674230   172.791590    72.520195
   12.009086     4.855432     9.960716     8.234919   168.619608    92.124299
   12.036557     4.896346     9.900114     8.481167   169.228257    74.348504
   11.862179     5.056740     9.961268     8.561844   163.841132    66.628405
   12.162681     4.807682    10.348849     8.624378   174.251427    69.309670
   12.084345     4.874300    10.383127     8.649652   167.505555    80.685717
   11.942638     4.706189    10.125993     8.364647   167.957284    90.852820
   11.973497     4.428520    10.051724     8.477361   173.476199    78.586227
   12.286598     5.160344    10.240596     8.210609   175.860777    79.351559
   12.438259     4.802652    10.082829     8.683883   176.915306    74.681755
   12.099152     4.944696    10.050019     8.260873   173.097622    80.478147
   12.091353     4.821024    10.135620     8.523957   173.595007    69.589685
   11.939084     4.564413    10.079107     8.427974  -179.153634    52.529222
   12.110120     4.873086    10.197851     8.401074   173.404582    77.376950
   12.286852     4.777808    10.155979     8.353811  -178.289284    69.261934
   12.125351     4.720255    10.033133     8.597428   170.048770    80.411005
   12.199315     5.288551    10.253555     8.273049   173.718923    70.779576
   12.289123     5.023677    10.376185     8.358374  -178.748121    62.450316
   12.136489     4.851789     9.795094     8.606947   171.034525    67.773054
   11.888332     5.035781    10.378531     8.032135   177.818844    73.833618
   12.171688     4.883973     9.781779     8.552860   167.631739    82.381343
   12.135861     4.962547    10.120188     8.544102   173.522547    65.412153
   12.271257     5.180435    10.161178     8.450953   176.888641    59.171757
   12.265324     4.915839    10.130472     8.448013   175.790076    75.052418
   12.214524     5.022302    10.249332     8.313042  -179.945366    62.719834
   12.275877     4.818313    10.162080     8.612783   174.616033    74.345069
   12.452814     4.981574     9.864215     8.417141  -175.590424    53.342486
   12.114171     4.818472    10.168253     8.642708   172.210086    68.572045
   12.111007     5.148997     9.913577     8.290134   171.250223    72.479951
   12.029567     4.894920    10.256433     8.272041  -178.159771    54.529549
   11.927361     4.739002    10.061659     8.643231   168.767044    67.131067
   11.860918     4.806118    10.177910     8.431554   169.974149    72.305479
   11.876281     4.921593    10.286160     8.514888   168.349107    69.529344
   11.971745     4.928507    10.295505     8.134088   177.482102    73.791178
   12.494296     4.946055     9.911165     8.462892   177.595787    79.419815
   12.238540     4.839076    10.111356     8.470881  -179.891451    61.594023
   11.694309     5.222084    10.354888     8.435515   158.903249    78.591101
   11.996472     5.194787    10.399791     8.405532   164.517830    85.612643
   11.960542     4.869967    10.214548     8.596861   168.459911    70.622117
   12.142054     4.799282    10.115106     8.404233   178.095376    67.160496
   12.109281     4.945772    10.183765     8.394161   178.976512    57.197884
   11.875290     4.920359     9.902272     8.418351   165.166911    78.216295
   11.791238     4.905055     9.907281     8.329499   165.940743    76.894592
   12.103020     4.535136     9.867555     8.484333   173.991272    77.810000
   11.849219     5.011653     9.768140     8.339518   165.182338    73.384343
   12.339879     4.901636     9.983115     8.275784  -177.712305    67.057515
   11.874882     4.908552    10.292213     8.510736   170.630518    63.484304
   12.223951     4.908656    10.199592     8.496045   175.034332    73.018007
   12.107051     4.823944    10.394253     8.625902   172.789796    69.869291
   11.941631     4.822189    10.290182     8.614008   164.297699    83.551064
   12.081727     5.007442     9.848528     8.111903   174.389738    77.352063
   12.089827     5.013914     9.972212     8.480442   166.986136    80.983573
   12.020586     4.741374    10.108944     8.536776   173.748093    66.235211
   11.900891     4.807136    10.012326     8.599767   162.558132    82.934887
   12.259420     4.621260    10.120778     8.472842   177.051454    80.293062
   12.022361     4.824536    10.119550     8.247365   177.692179    69.190137
   12.407414     5.001161     9.736720     8.192262  -179.676152    71.769308
   12.172086     5.199617    10.198589     8.404855   168.708778    80.722250
   12.201002     4.809634    10.353150     8.301045  -178.783965    69.961137
   12.039639     5.118749    10.269428     8.477112   167.619728    75.934704
   12.442037     5.208987    10.127912     8.258561  -176.838468    57.993387
   12.007422     5.001516    10.230368     8.318141   167.407015    88.913724
   12.327432     5.149324    10.153909     8.083832   179.983613    75.053532
   12.081768     5.040551    10.416789     8.586486   175.203787    53.688547
   12.079951     4.500146     9.832093     8.616557   169.707199    81.327975
   12.170878     4.797390    10.347389     8.213787  -177.123533    69.298412
   12.174254     5.032852    10.285562     8.600073   171.220620    70.849632
   12.023463     5.151926    10.193374     8.316178   176.747839    53.122244
   12.127919     4.843951    10.382419     8.650455   170.694337    75.181915
   12.036247     4.827761    10.199425     8.549347   169.077361    78.382961
   12.058779     4.845173    10.323388     8.461552   177.925020    59.482007
   12.370484     5.123837    10.047062     8.590412   174.340169    68.182301
   12.139309     5.090714    10.302166     8.156696   178.840620    69.407175
   11.908469     5.084173    10.112154     8.427108   167.247330    70.345853
   12.043614     4.981294    10.065166     8.524938   164.484382    85.625594
   11.977945     4.591196    10.146692     8.817934   164.378867    79.148864
   12.226700     4.989440    10.306375     8.411539   174.772194    76.480377
   12.150462     4.696075    10.333003     8.285652   179.901307    76.728380
   12.019630     4.876009    10.431920     8.514222   174.659548    64.028323
   12.039772     4.996425    10.215583     8.420236   168.629104    81.039021
   12.138613     5.078673    10.198761     8.288743   172.852906    78.418984
   12.227329     4.778853     9.706274     8.494600   173.851760    73.327874
   11.966351     4.881981    10.126664     8.364959   172.712518    71.054247
   12.211764     4.978022     9.886335     8.103477   176.356252    81.854605
   12.316189     4.763008    10.100685     8.416481  -179.175915    70.494524
   12.038925     4.917370    10.241273     8.484504   170.003158    76.730635
   12.252922     4.975655    10.059439     8.502820   176.425780    65.489243
   12.346290     5.003585     9.979648     8.524653   174.568145    74.023662
   11.952346     5.020385    10.480949     8.493621   166.494873    80.532773
   11.911124     4.745414    10.176041     8.318694   176.995035    64.452320
   11.999466     4.956574    10.209533     8.534138   168.644295    73.016713
   12.239536     4.886080     9.996815     8.700939   169.680824    76.766228
   11.989716     4.955800    10.194167     8.126695   176.548754    74.535483
   12.025910     4.932510    10.196954     8.527074   172.732045    63.674974
   11.969899     4.755893     9.937580     8.252620   177.450946    66.086484
   12.054756     4.810204    10.386722     8.392283   175.648676    73.244667
   12.531480     5.061696    10.041100     8.501817   179.199361    72.054002
   12.081231     5.074276    10.277894     8.395746   170.663411    76.554903
   12.149429     4.967226    10.220524     8.118790   177.627890    80.442459
   12.356077     4.769927     9.678349     8.347632  -178.949345    67.306745
   12.204680     5.107802    10.419586     8.181499  -178.320970    63.846482
   12.160478     4.823624    10.253996     8.545692   174.344937    71.956230
   12.170912     4.777550    10.367560     8.389821   176.885476    77.533435
   12.347656     4.950989    10.336743     8.164280  -172.456318    59.875451
   12.065823     4.783661     9.864347     8.134020  -177.203975    59.866281
   12.271266     4.702012     9.837593     8.383488   178.283353    75.084532
   12.235431     4.913270    10.267157     8.260837  -179.619538    71.149831
   11.983237     4.602065     9.957031     8.302135   178.377588    67.675103
   12.144376     4.843422     9.822988     8.417229   170.552895    82.082520
   11.827269     4.961248    10.117615     8.681396   161.300314    71.421854
   11.801549     5.006296    10.242817     8.089896  -178.027870    48.954247
   12.307261     5.032530     9.861666     8.656322   172.682119    65.674117
   11.986220     4.931116    10.261153     8.313999   172.630965    75.920449
   11.928446     4.922503    10.373281     8.493690   170.573630    69.070283
   12.050723     5.060783    10.035491     8.106038   175.503904    74.116113
   12.010569     5.000950    10.147482     8.497107   168.770934    72.820829
   12.079568     4.724134     9.859191     8.537735   173.814030    66.189299
   11.923599     5.178328    10.283363     8.186817   171.089938    74.466893
   12.116845     5.001016    10.139812     8.434247   174.166118    67.230059
   12.219571     4.950416    10.181129     8.473787   176.885435    66.296364
   12.050204     4.567854    10.089556     8.581237   172.213276    76.112912
   12.116718     4.660834    10.085880     8.325152   176.795594    78.913793
   12.168578     4.600372     9.781222     8.569934   175.025799    69.836295
   11.975876     4.705140     9.777188     8.418384   171.803230    71.467894
   12.151294     4.806213    10.164999     8.376817   176.475523    74.516624
   12.176858     4.714938    10.049693     8.472760   177.621701    69.120123
   12.272049     4.819549     9.832833     8.597482   174.553894    69.814149
   12.020627     5.044873     9.962512     8.484654   170.943784    61.846275
   11.951011     4.641310     9.955966     8.519017   168.193118    80.378919
   11.964578     4.759890    10.065601     8.191946   174.261934    81.694467
   12.249950     5.137038     9.967708     8.456053   170.630677    76.417115
   12.269146     4.594266     9.961869     8.635202   174.617638    77.942420
   12.254401     4.695433    10.020233     8.568165   176.995682    70.969960
   12.213664     4.971644     9.949698     8.467917  -177.949866    42.717651
   12.180561     4.995252     9.897320     8.460863   173.060942    69.227732
   12.008758     4.846531     9.743764     8.360905   169.233210    78.185964
   12.038036     4.776660    10.028067     8.598037   175.916328    53.692739
   11.851888     4.955214     9.955956     8.598133   169.177244    50.980572
   11.966368     4.880796    10.041143     8.648622   166.137153    71.505287
   12.245431     4.836266     9.845190     8.587303   178.595362    54.504946
   12.314686     5.108134    10.171044     8.360947   179.473970    62.916636
   11.889118     4.754135     9.744847     8.469205   164.708064    80.505609
   12.223482     5.230524    10.379588     8.267930   178.263385    63.190152
   12.326384     5.259083    10.069156     8.316651   175.492435    69.113492
   12.083447     4.738094     9.701200     8.230884   176.167091    73.618160
   12.036773     4.820912     9.892635     8.533802   170.856895    69.246467
   12.154127     5.132080    10.209630     8.500364   170.173618    72.987641
   12.220501     4.853632     9.742892     8.525781   173.865083    68.601373
   12.078258     4.825959     9.789801     8.358614   170.153896    82.260761
   12.183568     4.973379    10.385656     8.291652   179.338140    68.729414
   12.164577     4.794462    10.258903     8.403660   177.581186    71.981001
   12.138641     4.891754     9.950518     8.564154   170.129637    75.068160
   12.088410     4.910906    10.505977     8.192283  -177.922774    67.599442
   12.258327     4.841344    10.366311     8.427502   175.446839    82.272474
   12.151293     4.959540    10.077334     8.530108   167.829411    83.959973
   12.184886     4.734154    10.023138     8.412354   175.169875    79.304370
   12.200669     4.745077    10.153796     8.596357   173.136136    77.148704
   11.720160     4.930403     9.915486     8.397999   161.832459    78.501567
   12.059770     5.074752    10.162800     8.603643   164.732602    78.786814
   12.415716     4.972286    10.126459     8.609499   173.574776    80.971470
   12.262643     5.014381     9.970614     8.325944   175.929941    73.918196
   12.201925     5.086370    10.071298     8.539010   168.920546    78.033411
   12.053826     4.838024    10.325409     8.405424   176.840959    66.485382
   11.955348     4.859528    10.380621     8.429914   175.221048    63.824856
   12.314204     4.796923     9.942689     8.734236   171.230279    78.328923
   12.273825     4.747157     9.829905     8.681325   169.158614    84.400790
   12.229298     4.711529    10.016214     8.624239  -179.590235    54.031613
   11.857511     4.850418     9.926834     8.441651   164.533925    80.946922
   11.924619     5.195628    10.187123     8.152262   170.491836    75.664070
   12.174056     5.043168    10.194390     8.450008   171.910071    75.871041
   12.331338     4.847547    10.385738     8.437249   179.997323    72.263603
   12.291886     4.966191    10.458485     8.735955   174.569718    65.033378
   12.380682     4.887727    10.283955     8.429437  -174.402061    55.262505
   12.084761     4.741194    10.014305     8.691213   172.142942    64.256798
   12.081293     5.089331    10.243675     8.641122   174.265404    47.733562
   11.808653     4.618604     9.652029     8.523126   164.095756    75.596978
   12.131114     4.799831     9.759583     8.508791   173.388516    67.412715
   12.197816     4.750508    10.028056     8.409778   172.645012    87.033973
   12.099114     5.026785    10.116658     8.156750   173.298095    83.689694
   12.070315     4.922278     9.841443     8.243024   175.035184    70.629994
   12.092158     4.985502     9.892329     8.159397   173.840321    78.890598
   12.052636     4.657407    10.075295     8.654902   162.734965    95.993368
   12.080556     4.991447    10.084472     8.512035   169.388926    74.296593
   12.058870     4.876536     9.778247     8.197011   176.633262    68.272964
   12.049877     5.027532    10.381292     8.472530   171.624779    70.525396
   12.021361     4.794545    10.391941     8.562491   173.442379    67.495013
   12.032013     4.991644    10.092985     8.503757   175.317791    52.674065
   12.142437     5.163248    10.146481     8.465570   170.940887    69.291680
   11.625528     4.852742    10.219727     8.624255   158.854291    74.386436
   12.127511     5.177656     9.832794     8.401189   167.723793    74.606995
   12.029641     4.997185    10.142446     8.546324   169.587566    68.691909
   12.121831     4.765349    10.426019     8.431883   179.769605    64.619046
   11.700155     4.930607    10.060561     8.390419   164.362441    73.577139
   11.869233     4.925639     9.851776     8.416623   167.638529    68.944815
   11.826699     5.159234     9.958273     8.528214   161.444820    68.095247
   12.047601     4.817131     9.837815     8.435462   173.742666    66.137867
   12.271791     4.885283    10.277731     8.668056  -179.157378    48.810426
   11.950744     4.954861    10.037469     8.711225   170.837295    46.935193
   11.755652     4.838547     9.921135     8.385906   166.069020    73.626404
   12.450138     4.997223    10.287700     8.735251   175.204275    72.125382
   12.203188     5.033762    10.304505     8.526321   168.895388    84.281682
   12.110658     4.813013    10.151248     8.596853   176.548881    57.621828
   12.251197     4.883276    10.122095     8.492414  -178.560252    54.910635
   12.088320     4.961530    10.391090     8.465178   171.936063    75.522611
   12.078175     5.009455    10.181864     8.225008   175.943593    72.129359
   11.943025     4.977644    10.350934     8.204318   173.892540    76.987966
   12.223211     4.839090     9.871033     8.318208  -178.912133    61.629232
   11.996294     4.940073    10.031814     8.534540   171.653263    61.321323
   12.264902     5.025623     9.976107     8.361961  -179.196463    55.774488
   12.167825     4.706154     9.842711     8.457327   172.363841    81.867191
   12.290786     5.138883    10.357721     8.342656   178.170042    67.568285
   12.256683     4.979238    10.334976     8.515689   176.059762    69.298993
   12.135037     4.938428     9.827231     8.391797   179.512764    49.425268
   12.079938     4.670006    10.169967     8.477128  -179.670076    57.324750
   11.950838     4.755696     9.930048     8.222327   170.414376    87.827414
   11.920748     5.089700    10.116273     8.411125   170.119056    63.137088
   12.137836     4.939020    10.238420     8.372638  -179.866434    57.805968
   11.808412     4.938664     9.995391     8.485665   170.900037    52.298833
   12.353520     4.823505     9.948158     8.384721   177.691912    79.319339
   12.151745     4.897181    10.142579     8.511005   175.698515    64.991933
   12.013611     5.010874    10.057220     8.361127   169.790010    76.262226
   12.271688     4.949984     9.690110     8.281651   176.842001    70.494287
   11.889796     4.446575     9.934819     8.685204   171.325485    61.941267
   12.413983     4.984501     9.940920     8.416589  -175.821378    53.166470
   12.397093     4.959551    10.458643     8.398734   177.869529    81.244386
   12.035191     5.049690    10.447947     8.231501   177.263976    68.620347
   12.250670     4.923110    10.122587     8.143013  -178.653512    73.194838
   11.998914     5.073357    10.318631     8.519363   172.662769    57.659211
   12.010455     5.061663    10.481802     8.238817   173.334152    79.147436
   12.007578     4.780803    10.174991     8.648570   170.240712    68.199506
   12.107644     4.952171    10.558025     8.226715  -177.945693    65.450070
   12.407410     5.159586    10.506724     8.531109   173.934819    78.624426
   12.040784     5.076128    10.286246     8.331360   173.249523    70.158999
   12.082699     5.002611     9.733257     8.508251   167.849082    70.910685
   12.329160     4.914249     9.917320     8.241553  -175.424410    58.765753
   12.116951     4.993370    10.093575     8.484399   170.441972    75.302201
   12.345489     4.831645     9.963182     8.601261   174.578266    76.897322
   11.861562     4.910669    10.166901     8.687644   161.889483    74.809142
   12.241401     4.995439     9.906992     8.396482   168.445832    91.017150
   12.152237     4.861321     9.784203     8.334835   177.882641    62.917471
   12.357545     4.740783    10.391024     8.487423   178.345435    80.439638
   12.093405     5.071134    10.426375     8.375702   173.331884    72.907324
   12.127071     4.850169    10.384134     8.312878   171.780496    92.608262
   12.039654     5.112769     9.996247     8.419214   168.449721    72.434888
   12.146214     5.009843    10.055953     8.375234   173.574129    72.652364
   12.185587     4.849720    10.149741     8.704290   170.714689    73.045696
   12.139611     4.867221    10.209422     8.486819   170.511161    83.215390
   12.023590     4.754032    10.476861     8.524137   178.966002    56.310464
   11.996501     4.909109    10.009587     8.559309   168.915657    69.244793
   12.178196     4.955214    10.225113     8.685164   173.082060    62.807688
   11.919351     4.938522    10.258002     8.405828   177.850889    49.028249
   12.056408     5.030745    10.192158     8.307461   172.391232    75.756604
   12.355113     5.000302    10.380668     8.247502  -175.661005    64.059611
   12.020492     5.023942    10.172907     8.393576   172.652135    67.406944
   11.851778     5.059030    10.527969     8.362632   172.816139    63.892730
   12.384608     5.108273    10.178934     8.652101  -178.142770    41.244585
   12.036512     5.027065    10.141082     8.218955   176.457277    66.877549
   12.203414     4.916179    10.099571     8.173509   175.902444    85.335768
   12.091193     4.711672     9.927664     7.969247  -177.665567    79.187571
   12.253027     4.811526     9.943164     8.455549   168.791024    95.680926
   12.247700     4.680400    10.395458     8.204676  -172.864035    67.204520
   12.134436     4.651927     9.999521     8.203618   179.747771    77.510358
   12.190048     4.840540    10.172334     8.466046   171.287981    85.909783
   11.973946     4.280967     9.806109     8.258816   179.490417    76.431023
   11.933324     4.765044    10.274295     8.096177   178.389480    79.346132
   12.372077     4.903591    10.171230     8.127927  -174.197420    68.443814
   12.296207     4.645979     9.929481     8.235210   178.016267    89.263355
   12.229387     4.369046    10.079756     8.324403  -178.003304    81.545022
   12.228307     4.808524    10.154546     8.247807  -179.041451    72.531017
   12.130472     4.921175    10.172980     8.138847   176.929822    81.385625
   11.855145     4.739938    10.321471     8.230188   173.658505    81.261554
   12.162510     4.937091    10.219600     8.395326   169.702190    89.563127
   12.512393     4.797092    10.355328     8.586739   178.463167    82.351734
   12.122699     4.731383    10.072499     8.254327   176.908752    80.173054
   12.137702     4.626997     9.916814     8.396017   173.531282    84.270329
   12.132332     4.662039    10.215413     8.249749  -179.083621    74.211888
   12.098520     4.730697     9.869972     8.190660   172.976354    90.882526
   12.233342     4.717729     9.808120     8.061715   179.902607    85.078180
   12.369020     4.450183    10.145205     8.353820  -178.005575    85.692346
   12.286509     4.508954    10.105416     8.495195  -178.395398    70.717949
   12.096327     4.662426    10.018733     8.530611   168.836186    87.753056
   12.179960     4.728760     9.906458     8.557760   168.600895    88.335950
   12.305585     4.674470    10.131602     8.542012   175.093350    83.554807
   12.154039     4.707365    10.032507     8.347195   179.101818    70.506544
   11.930437     4.690224     9.723059     8.311534   175.840879    61.898565
   12.297250     4.888460    10.009370     8.152670  -178.110364    73.246744
   12.152065     5.005836    10.240854     8.307831   176.602726    70.642414
   12.137648     4.785445     9.832911     8.125311   176.929051    82.212528
   11.958374     4.830425    10.296124     8.117516   176.116647    83.231386
   12.183162     4.810885    10.518996     8.280989   179.388323    79.505869
   12.348232     4.843702    10.068886     7.972022  -174.538336    78.947648
   11.999469     4.655248    10.097515     8.383807   168.322144    93.557763
   12.021279     4.813905    10.237770     8.016542  -179.399611    80.039102
   12.253710     5.140581    10.213361     8.248448   171.868840    88.044095
   12.191801     5.105286    10.063943     8.271605   171.471044    83.369260
   12.445583     4.872530    10.283803     8.303789   177.237509    92.525988
   12.228285     4.637275    10.177341     8.556680   177.953513    70.872433
   12.270585     4.804707    10.134326     8.362247   176.813324    81.212102
   12.239017     4.890254    10.204545     8.508070   171.014804    86.021496
   12.426282     4.901484    10.329409     8.267456   177.516529    91.961371
   12.320838     4.710547    10.002522     8.471326   176.341385    81.865080
   12.446883     4.936319    10.261751     8.323731   178.219429    85.777132
   12.236501     4.546601     9.986672     8.064438  -175.531255    82.334959
   12.018176     4.911197    10.355015     8.190454   171.392448    92.907973
   12.659922     4.706474     9.751226     8.284564  -176.422720    86.840236
   11.992097     4.901597     9.829865     8.208249   166.011482    95.661133
   12.366198     4.834576    10.205142     8.211067  -178.452943    80.201623
   12.325575     4.993624    10.155342     8.232255   177.416588    81.984958
   11.980995     4.777101     9.876638     8.284033   172.536694    77.436906
   12.225098     4.853526     9.907775     8.226650   178.548522    74.981435
   12.203250     4.764367     9.731898     8.334822   176.660299    73.378366
   11.982433     4.699783     9.974459     8.585656   164.567258    87.040012
