   12.869800     4.902008    10.164076     8.622046  -177.484427    88.301681
   13.014072     4.739991    10.052671     8.597425  -172.549125    89.315395
   13.249896     5.163676    10.187699     8.638450  -169.092041    78.299162
   13.060270     5.093112    10.304243     8.398706  -167.887245    71.131420
   12.949607     4.984194    10.341685     8.582839  -169.490817    67.027717
   13.101847     5.093160    10.103264     8.681717  -171.531321    76.283075
   12.837845     5.093289    10.200701     8.396453  -174.334178    77.142852
   13.019347     5.006112    10.047461     8.240495  -162.070022    55.372535
   12.998388     5.063702    10.215705     8.725107  -168.321841    55.907551
   13.121770     5.132960    10.442694     8.227797  -160.733549    52.032825
   13.518598     5.045339    10.079605     8.549367  -157.828004    68.829107
   13.080434     5.330941    10.205715     8.432686  -173.896987    79.304864
   13.115079     5.121000    10.415580     8.510097  -163.249363    51.537186
   13.379809     5.026916    10.193541     8.291590  -157.779408    63.980278
   13.172269     5.104542    10.129801     8.599540  -169.741028    78.421282
   12.980325     4.870986    10.295686     8.744743  -171.415733    73.714557
   12.868342     5.152889    10.388997     8.278203  -164.981933    48.063156
   12.964618     4.919057     9.872493     8.490691  -168.328897    67.163147
   12.786067     5.075788    10.314848     8.597125  -176.856492    74.901694
   13.242580     4.986138    10.298461     8.297930  -157.209395    52.956082
   13.020082     4.993720     9.989022     8.533343  -171.533709    78.936626
   13.184785     5.196794    10.134381     8.829864  -168.584941    60.115093
   13.093862     5.077162     9.862410     8.486868  -168.770569    70.885489
   13.117694     4.723267     9.965868     8.161900  -158.681329    64.153176
   13.434492     5.216639    10.308989     8.546982  -165.492060    80.312106
   13.081745     4.953858     9.844027     8.602659  -169.231994    73.110202
   13.130218     4.987194     9.935919     8.586843  -169.382759    78.098911
   13.116505     5.229167    10.220059     8.572604  -171.640146    75.245743
   13.160816     5.193105    10.176494     8.513530  -166.324653    63.572743
   13.114875     4.836994    10.148817     8.520389  -165.607980    74.476352
   12.822584     5.162866     9.846999     8.359069  -177.502907    79.874058
   13.292866     5.003426    10.223856     8.518472  -164.679307    77.868644
   12.965150     4.857173    10.264857     8.279780  -169.365467    83.643635
   12.867432     4.782242     9.876198     8.532757  -175.536812    87.194094
   13.416026     5.039560    10.367941     8.422514  -159.472517    68.604573
   13.050080     4.818388    10.225572     8.589678  -168.627935    77.928954
   13.153268     4.809668     9.863598     8.659376  -169.831302    84.922953
   13.300965     5.006054    10.180057     8.405601  -163.681110    77.929605
   13.260400     4.779805    10.098401     8.049118  -154.787155    61.229841
   13.001042     4.682297    10.158911     8.086757  -160.786446    71.084055
   13.069242     5.148994    10.017963     8.193575  -168.053682    73.997491
   12.691098     4.901310    10.116162     8.626421  -177.006243    73.683068
   12.995111     4.984472    10.141033     8.478063  -165.139859    59.332337
   13.256942     5.126663    10.333732     8.378662  -158.492936    47.735396
   13.105882     5.104046    10.014990     8.193299  -163.878658    63.797820
   12.708321     5.073663    10.200155     8.541723  -178.947926    78.044430
   12.992399     5.211631    10.289822     8.554566  -179.194914    92.630223
   13.169910     5.175995    10.292559     8.285365  -166.342629    72.408350
   13.340164     5.033110    10.215571     8.605970  -162.175029    68.813439
   12.923628     5.112392    10.311385     8.651279  -174.266441    72.448817
   13.216487     4.820096    10.184715     8.772419  -165.788949    74.390877
   13.269658     4.972863     9.883181     8.614338  -164.797786    72.611945
   12.987420     4.803061     9.929739     8.726828  -165.534214    54.166098
   12.857313     5.284577     9.903903     8.510393  -177.469693    70.287290
   12.920501     4.780311     9.945675     8.605053  -170.453888    73.294254
   13.068434     4.827041    10.110620     8.317571  -167.027861    81.918415
   13.334670     5.250991    10.209164     8.714249  -171.517252    86.937230
   12.741375     5.088063    10.032004     8.609831   178.790165    82.248475
   12.966858     5.060887    10.087376     8.383426  -167.423775    64.303884
   12.881178     5.110715    10.087542     8.650321  -176.632303    76.046552
   13.423506     5.080631    10.255579     8.794324  -161.312104    62.899975
   12.990172     5.157592    10.345589     8.521652  -177.049282    89.353588
   13.250985     5.007782     9.902188     8.520835  -164.888196    73.107835
   13.041604     5.067519     9.920676     8.492735  -175.074197    89.152497
   13.282540     4.847013     9.643942     8.479852  -163.747410    74.716408
   13.272135     5.104378     9.916426     8.789561  -169.890853    78.587318
   13.215876     5.034466     9.924475     8.680876  -166.974341    70.975051
   13.035322     4.750211    10.232151     8.766374  -167.284300    67.497331
   13.550515     4.941584     9.946718     8.314664  -153.267220    62.632163
   13.226934     5.148379    10.297284     8.594411  -166.722871    70.187516
   13.154972     5.132177    10.221839     8.460587  -166.579619    69.507824
   13.261602     4.740687     9.785018     8.062747  -158.791865    74.480212
   13.152238     5.000488    10.269225     8.663116  -165.744858    65.703897
   12.978510     4.990253    10.314878     8.587760  -174.722194    85.850511
   12.851830     4.699096    10.117935     8.725720  -176.437400    86.224971
   12.877894     4.905677    10.438911     8.417167  -167.956828    66.841241
   13.133324     4.940234    10.232609     8.401522  -163.677872    69.029205
   13.261124     5.032786    10.038097     8.678328  -163.123235    62.222982
   13.184912     4.968477    10.013681     8.559570  -165.475198    71.965641
   12.964200     5.009461    10.409148     8.692423  -172.312565    71.816292
   13.425203     5.114553    10.150685     8.448454  -159.081543    64.417006
   13.175835     4.914377    10.049227     8.658919  -168.709399    81.074494
   13.359865     5.036993    10.091955     8.429525  -159.636224    66.159599
   13.296848     5.044281    10.152498     8.364246  -155.014928    41.156231
   12.743470     5.214150    10.005662     8.507174   177.139626    85.512946
   13.071325     5.056627     9.972030     8.556928  -170.711319    76.225926
   13.202832     4.913596     9.682177     8.469886  -162.880892    62.230874
   13.071481     5.019165    10.400621     8.486970  -168.436586    74.153705
   12.947015     5.030077    10.125952     8.583355  -173.742579    78.466432
   12.844899     4.804670     9.750126     8.676702  -171.180419    61.226677
   13.291035     5.031167    10.172336     8.426994  -160.274502    63.603394
   13.183689     5.081175    10.059524     8.675058  -165.303206    61.244025
   13.042545     5.232833    10.124974     8.768168  -174.655212    71.109290
   13.111489     4.970678     9.932241     8.641736  -168.786983    73.276482
   12.788883     4.579253    10.122361     8.526593  -166.777278    63.226049
   12.930634     4.755001    10.085645     8.393795  -166.756752    72.180255
   12.989586     4.920369     9.941218     8.143424  -165.459032    71.456196
   12.813466     5.086188     9.902444     8.275389  -170.656059    64.064556
   13.039621     5.133197    10.109777     8.198731  -165.918247    65.926607
   12.749372     5.311435    10.283106     8.577483  -175.893021    56.065658
   12.800714     4.948158    10.307498     8.359962  -170.178032    69.540315
   13.034177     5.010431    10.181889     8.716713  -163.579262    41.981999
   13.272867     5.216768    10.040754     8.464729  -161.944089    53.993131
   12.911982     5.181307    10.116879     8.301199  -165.453533    47.811809
   12.822629     4.990255    10.318083     8.662910  -174.714007    71.430815
   13.352727     5.133801    10.350264     8.493430  -158.651913    52.365893
   12.986984     4.683624    10.073958     8.511200  -167.396514    76.181874
   13.041391     5.067913     9.813911     8.449047  -167.256521    61.464378
   13.338636     4.888198     9.854964     8.551506  -165.422544    85.566187
   13.130121     4.659605     9.755800     8.434812  -166.307330    82.620663
   13.327020     5.205711    10.285540     8.608976  -168.757660    82.094393
   12.769574     5.079063    10.333166     8.316565  -176.363025    83.619371
   13.251641     4.784366     9.877507     8.692187  -165.254031    77.532716
   12.980710     4.560166    10.109307     8.260943  -163.469224    76.411678
   13.170888     4.786297     9.986728     8.623081  -167.458631    81.970907
   12.963254     4.790779    10.018548     8.415045  -168.973732    78.889183
   13.365234     4.867282    10.296010     8.582516  -162.671180    80.125374
   12.806751     4.368165    10.288065     8.472741  -167.556980    78.736375
   13.062108     5.085846     9.892235     8.285189  -169.098760    76.061654
   13.229864     4.729087    10.453407     8.586927  -163.081558    75.815522
   13.298657     4.984699    10.027783     8.417267  -158.975598    61.437089
   13.024252     4.940511     9.789323     8.621013  -172.512756    78.419567
   13.110827     5.053630    10.401880     8.314121  -163.945414    65.203261
   13.182326     5.187939    10.200980     8.400590  -165.896137    67.701635
   13.172887     5.093506    10.381519     8.560567  -166.950368    70.422419
   12.877847     4.889548     9.868610     8.573108  -172.395649    72.210760
   12.856880     4.883301    10.314519     8.413198  -172.347488    80.667726
   13.228468     5.406245    10.263340     8.537513  -169.371067    66.100216
   13.049358     4.886875    10.235779     8.717182  -167.609133    66.790039
   13.148068     5.047718    10.007022     8.633032  -165.475184    61.914145
   13.008061     4.954284     9.795740     8.363076  -170.410164    78.786265
   13.024789     4.943050    10.301196     8.371700  -169.608875    81.935657
   13.229018     5.188216    10.028388     8.645842  -168.693122    72.656205
   13.146533     4.744256    10.229044     8.586261  -164.935458    75.570776
   13.178710     4.975463    10.084123     8.774507  -167.161886    69.166509
   12.940095     4.756943    10.078568     8.549708  -168.191087    71.750116
   12.921467     4.877771    10.369110     8.684138  -168.409269    61.016478
   13.410726     5.095701    10.358241     8.511306  -164.140766    80.376316
   13.217472     4.923144     9.965411     8.578877  -166.230777    77.777792
   12.852516     4.928139    10.521756     8.591358  -174.063372    77.302152
   12.530586     4.813516    10.059153     8.437697  -175.471684    69.427620
   12.671905     4.933327    10.161229     8.316440  -166.926977    51.471155
   12.882709     4.875270    10.435861     8.253645  -162.496614    56.418600
   12.847382     4.986128     9.922937     8.523869  -170.386091    61.521292
   12.702327     5.220036     9.906792     8.366698  -175.702376    62.021872
   12.915136     5.059380    10.312547     8.232484  -169.236958    73.373208
   12.863307     5.115039    10.110452     8.187558  -170.825166    72.845022
   12.784385     4.842671    10.411469     8.475288  -168.749168    63.346395
   12.645694     4.924821     9.962907     7.946245  -168.019147    68.680282
   12.888743     4.769811    10.129936     8.329697  -164.650352    64.494191
   13.185896     4.880412     9.952374     8.180555  -163.077928    76.951755
   12.712736     5.378067    10.121001     8.384965  -178.961912    67.754455
   13.185706     4.822193    10.165312     8.398810  -164.872581    81.094816
   13.243092     5.094653    10.197707     8.345952  -166.164862    79.422960
   13.138721     5.182867    10.022405     8.304304  -169.506582    79.121536
   13.043975     4.693042    10.138510     8.703573  -167.147218    72.207867
   13.017432     5.005254    10.208020     8.552242  -166.264476    61.267129
   13.118439     5.035416    10.482927     8.436324  -171.398135    88.482597
   13.260569     4.932190    10.293656     8.635350  -169.053801    89.321401
   13.274165     5.152827    10.028048     8.370823  -169.291856    88.325371
   13.244745     4.828970    10.009255     8.470838  -160.543518    68.204617
   13.066078     4.908805    10.339395     8.741686  -173.519325    85.963356
   13.306541     5.043633    10.189222     8.446642  -166.007640    83.419777
   13.177337     5.183557    10.295436     8.313248  -170.889662    87.605283
   13.235228     4.942351     9.811977     8.553122  -165.080985    72.870730
   13.294566     5.166184    10.168497     8.574668  -165.336750    70.520930
   13.131494     5.185338    10.054504     8.449766  -169.181293    73.412739
   13.119075     4.861231     9.917047     8.600989  -167.851151    76.590476
   12.910819     5.157394    10.297965     8.065184  -169.115964    74.603419
   13.336869     5.075417    10.311184     8.442711  -164.867150    80.176398
   13.099676     4.706275     9.676776     8.242700  -164.631939    77.943685
   13.217943     5.077159     9.949836     8.350275  -164.315935    70.362411
   13.060020     5.293472    10.195323     8.239322  -174.423152    88.020820
   13.156537     4.719987     9.713360     8.605607  -164.866518    70.663203
   13.123779     5.016233    10.248250     8.540328  -176.125756   101.279768
   12.967814     5.059312    10.385518     8.574015  -173.785400    79.676587
   13.036010     4.958741    10.020272     8.800199  -177.243373    90.129314
   12.965335     4.973871    10.208063     8.700322  -172.197309    72.873461
   13.278070     5.002105    10.078227     8.606923  -166.553795    80.300202
   13.385256     4.889416    10.201274     8.806635  -167.003991    89.050282
   13.129096     4.853607    10.186647     8.624922  -170.103162    85.926393
   13.052649     5.011519     9.925757     8.546931  -176.358967    94.715627
   13.277996     5.185055    10.016045     8.524189  -171.576703    90.737897
   13.089329     5.296556    10.130922     8.608469  -175.915521    82.433684
   13.034702     5.060208    10.300191     8.284341  -168.391053    76.258816
   13.098815     5.029577    10.493205     8.789707  -169.903881    68.467732
   13.156352     5.018734    10.383989     8.441663  -170.662994    89.131177
   12.922720     5.208231    10.279395     8.696808  -178.433104    79.550226
   13.222070     4.952644    10.099673     8.256624  -164.096094    79.149162
   13.114856     4.849165     9.895612     8.523997  -169.812777    85.335983
   13.221690     4.943320    10.327764     8.521236  -165.939191    78.963786
   13.040280     5.046592     9.877428     8.523021  -171.536584    76.796430
   13.026351     5.024290    10.135401     8.619920  -172.668320    79.838202
   13.169279     5.142222    10.131766     8.604729  -170.762227    79.597892
   12.987540     5.333904    10.234446     8.425758  -174.041172    73.021802
   13.305914     5.177727    10.176653     8.339421  -163.465555    70.283971
   13.220537     4.801304    10.356289     8.328741  -159.640559    68.500146
   12.875030     5.007510    10.241792     8.490404  -175.506568    83.829650
   13.124065     4.665912    10.484746     8.454086  -163.046764    75.559294
   12.968407     4.986597    10.114271     8.727893  -177.464175    87.910637
   13.295608     4.970000    10.228939     8.623436  -163.582386    72.574817
   12.859618     5.020529    10.048283     8.706071  -176.099105    74.036764
   13.168062     5.068971    10.067767     8.569781  -169.458589    79.486816
   13.147198     5.014411    10.546793     8.640460  -172.047901    86.477398
   13.006572     5.054171    10.098884     8.263656  -162.192266    51.839095
   13.108750     5.023166    10.405833     8.142840  -167.196817    84.330757
   13.170000     5.011680    10.038824     8.539710  -165.416442    69.505794
   13.004748     5.013175     9.994458     8.516674  -172.870636    81.849608
   13.187479     5.004110    10.242260     8.260872  -162.074110    67.821358
   12.987796     4.763367    10.280267     8.461515  -166.368850    72.702701
   12.894359     4.869506    10.201924     8.628802  -175.716489    85.720384
   13.028604     5.086546     9.821432     8.682290  -173.083300    71.626823
   13.337850     4.845880    10.003689     8.619909  -165.503226    86.789610
   13.116863     4.649206    10.063234     8.623164  -160.100320    57.385018
   13.017734     4.956386    10.053159     8.546520  -168.866983    71.992436
   13.162061     4.691608    10.312652     8.618449  -162.266526    68.120754
   13.129960     4.534160    10.383568     8.592093  -161.588917    70.048851
   12.671095     4.874009    10.034317     8.687668  -178.398650    73.875110
   13.328581     4.740678    10.180370     8.817042  -163.321313    76.411257
   13.125794     4.932942    10.202045     8.472803  -166.717529    76.795337
   13.091686     4.864654     9.740106     8.639067  -168.851933    72.880526
   12.945918     4.873568    10.265767     8.560418  -169.583266    72.661761
   13.055251     4.842236    10.220553     8.506252  -169.216997    82.173350
   13.116629     4.736090    10.319458     8.457244  -159.349795    58.423605
   12.964216     4.944915    10.312962     8.609413  -169.134909    67.578225
   13.021998     4.606410     9.851658     8.288871  -159.000095    57.592083
   13.050819     4.602593    10.218674     8.363365  -156.363906    50.956806
   12.920588     4.984935    10.080641     8.456327  -170.295318    71.925331
   13.017619     4.916132    10.143855     8.581682  -167.637171    68.851780
   12.914213     5.179788     9.955067     8.547910  -175.626564    74.136334
   13.023503     4.746089     9.854548     8.655407  -168.551826    72.670350
   12.948558     5.028164     9.838906     8.524066  -175.862641    84.135621
   13.033288     5.039952    10.198260     8.112112  -166.532786    75.890765
   12.917057     5.262470    10.039858     8.575885   178.231247    90.389978
   13.273093     4.705458    10.017972     8.532344  -160.478114    72.295727
   13.146106     5.218971    10.035350     8.430332  -169.282946    73.394431
   12.974609     4.847253     9.770600     8.647203  -174.644353    83.968680
   13.119381     5.203764    10.092809     8.456172  -169.505728    72.697989
   12.882688     4.859720    10.017874     8.709128  -167.379139    51.820084
   12.948603     4.551598    10.133818     8.632305  -165.869995    68.015347
   13.101270     5.007705     9.980057     8.656302  -163.896230    51.730204
   13.063110     4.873743    10.326336     8.437784  -161.737971    58.376633
   13.005584     5.114235    10.539681     8.539495  -169.828306    67.245754
   13.150819     4.955471    10.365812     8.382368  -164.757813    73.417683
   13.260965     5.328320    10.248933     8.492233  -172.372164    86.411962
   13.481294     4.858405    10.250355     8.279375  -156.776089    75.567118
   13.555669     4.979388    10.233448     8.919414  -157.152076    58.542890
   12.947327     5.018094    10.178787     8.613452  -172.236212    73.261062
   12.931032     4.918270    10.207846     8.605821  -170.928327    72.410410
   13.161911     5.156605    10.396977     8.481623  -167.720003    71.677354
   12.899176     4.577950    10.149778     8.350043  -161.889409    61.893374
   13.112686     5.094104    10.108345     8.365945  -161.769082    52.587045
   12.796193     4.664929     9.960682     8.447571  -169.421987    71.622244
   13.135827     4.701354    10.367958     8.657983  -164.648332    72.520566
   12.940219     4.776350    10.110795     8.688883  -167.511577    62.954103
   12.746537     5.015013     9.853050     8.691667  -178.332664    69.959877
   13.303747     4.683677    10.038634     8.710792  -163.911551    81.566664
   12.996949     4.861775     9.942524     8.640627  -171.928961    79.326322
   13.193467     4.612613    10.011974     8.521412  -159.852863    67.225739
   12.957064     4.942295    10.230423     8.212468  -166.496808    72.331516
   13.252319     4.761252     9.767456     8.616823  -162.977309    71.138189
   13.130435     5.039419    10.205990     8.409114  -168.803228    81.200981
   13.358211     4.865482     9.954855     8.566379  -160.944332    73.441546
   12.803609     4.982170     9.924722     8.327294  -174.629411    80.311316
   13.065828     4.844974     9.635226     8.612524  -170.503659    75.755184
   13.040160     4.634430    10.092087     8.846893  -171.261128    81.171555
   13.058440     4.971864    10.110136     8.704092  -169.061707    69.179946
   13.137598     4.727590     9.690976     8.363993  -163.507298    72.003378
   12.974961     5.052841    10.054026     8.608321  -172.302136    73.269982
   12.806019     4.884146     9.837164     8.185503  -167.071580    63.594629
   13.081041     4.768529     9.967439     8.615893  -169.119071    81.180230
   12.927990     4.726991    10.122669     8.115645  -162.199884    67.959499
   12.986992     4.895028    10.107152     8.402647  -173.551859    91.903388
   13.032408     4.847696     9.958720     8.149730  -162.635683    67.668994
   13.321925     4.715617     9.934326     8.558335  -157.536456    63.530150
   13.262799     4.791879     9.829735     8.332431  -159.897457    69.499072
   13.075907     4.720233     9.947180     8.579668  -169.536307    84.763227
   13.336540     4.936763     9.994498     8.399951  -166.559258    92.320867
   13.173609     4.942389     9.713819     8.356629  -163.747863    66.669713
   13.211886     4.699898     9.863564     8.529095  -164.260293    79.085170
   13.133589     4.834588     9.955686     8.687782  -169.744191    82.260451
   13.431532     4.637729     9.822220     8.490060  -156.278910    70.837161
   12.979571     5.083177    10.252979     8.423725  -165.803386    57.478321
   13.294638     4.967562    10.480160     8.600946  -165.646004    79.314250
   13.183878     5.215694    10.200845     8.468802  -170.605366    80.896866
   12.734412     4.936133    10.172999     8.894739  -177.634270    63.984314
   13.084971     5.042751    10.000179     8.522195  -173.012966    86.806413
   12.650310     4.841430     9.782867     8.299825  -174.902966    75.774135
   12.862348     5.032105    10.033563     8.529188  -178.200685    87.380196
   13.274718     4.878787     9.751875     8.377992  -166.187372    86.725143
   13.072371     4.734096     9.844236     8.575062  -169.535288    82.971357
   13.322551     4.816986    10.052464     8.669712  -162.736892    76.055233
   12.826711     4.890577    10.141036     8.485277  -172.391969    75.431789
   12.987896     4.867062     9.952934     8.596941  -172.667829    82.547597
   12.875027     5.125389    10.039344     8.334578  -174.343289    78.845053
   13.137838     4.915300     9.933815     8.519648  -167.997555    79.310876
   12.990290     5.031417     9.986603     8.311412  -171.332956    81.470205
   13.125564     4.782996    10.331066     8.403833  -162.319596    69.770589
   13.375660     4.923652     9.961110     8.773741  -163.258546    73.783996
   13.239660     4.847510     9.959487     8.763309  -169.678251    87.559425
   13.083091     4.493711    10.125478     8.456970  -163.401400    78.273595
   13.169562     5.039507     9.952463     8.752161  -171.629115    80.663966
   13.163575     4.911566     9.899929     8.488532  -167.144245    79.096208
   13.084251     5.204137    10.219830     7.988865  -170.613511    91.021366
   13.112418     5.053415    10.266512     8.483286  -165.243749    64.952074
   13.410763     5.094732     9.799431     8.306665  -162.090404    75.370214
   13.343554     5.118330    10.369595     8.677929  -165.645681    74.218364
   13.079856     4.596187    10.296089     8.418368  -162.245321    72.882095
   12.935735     4.685094    10.137544     8.673021  -170.225465    75.625720
   13.097803     5.074938     9.931580     8.452627  -170.681080    80.148010
   12.996090     4.740159     9.938041     8.759693  -164.622010    52.341265
   13.198675     5.107497    10.036422     8.487022  -172.855426    93.404297
   13.071933     5.199359    10.405855     8.528780  -174.662628    85.270889
   13.440886     4.813200    10.220999     8.656705  -154.832708    57.216842
   13.205604     5.209367    10.063535     8.578980  -170.904170    79.984306
   12.997135     4.927696     9.740485     8.332139  -173.612631    89.931819
   13.109610     4.912341     9.905579     8.392324  -167.141494    77.948984
   12.902352     4.995758    10.032267     8.360607  -171.743277    77.460591
   13.168638     5.043574    10.257106     8.585394  -170.073593    82.662940
   13.299795     5.170419    10.166026     8.489689  -163.172420    65.221885
   12.708406     4.938874     9.879457     8.775484   174.246490    90.598834
   13.068809     5.159318    10.161148     8.406196  -169.057113    71.827507
   12.991877     5.026542    10.003575     8.817009  -177.981431    85.223656
   12.981638     4.944605     9.892019     8.672672  -172.022165    72.951492
   12.825505     4.784384    10.319069     8.587350  -175.641890    85.665419
   13.088370     4.876693    10.153445     8.554707  -173.734784    95.672908
   13.157201     4.803128    10.164342     8.926534  -165.382948    61.005214
   12.938906     5.142272     9.898000     8.426539  -171.581974    67.730959
   13.157397     4.923248     9.823241     8.490151  -171.230801    90.465520
   13.072079     4.773069     9.941916     8.261847  -168.881409    90.513529
   13.233455     5.157967     9.789567     8.458357  -171.090081    86.074798
   12.985134     4.798625     9.960775     8.484676  -171.607751    85.445468
   12.906331     4.933901    10.072447     8.695687  -171.998289    68.742085
   13.088685     5.114918    10.124684     8.573197  -172.062976    80.040254
   13.115082     4.945317     9.886031     8.375950  -165.427778    71.344709
   13.003868     5.092917    10.405792     8.205132  -172.088133    88.730471
   13.075045     4.788410    10.270941     8.438658  -163.938579    70.505026
   13.276273     4.742635     9.911869     8.619054  -164.539624    81.429181
   13.186581     4.722536     9.857619     8.487437  -162.546511    71.766055
   12.790322     5.011685     9.948352     8.281809  -173.615875    76.865245
   12.846090     4.901299    10.292056     8.357233  -165.393317    58.336040
   13.417996     5.206432     9.777590     8.181721  -158.032741    50.574262
   12.972093     5.030073    10.364015     8.387198  -164.043930    54.478666
   13.123239     5.100173    10.178094     8.226135  -167.681662    79.061050
   12.999153     4.922445     9.837841     8.273080  -166.964208    71.522249
   13.146048     5.222016    10.104315     8.830068  -171.216931    65.100070
   12.936662     5.048664    10.079036     8.308161  -167.540316    65.570625
   12.830793     4.938745    10.443262     8.458780  -169.065189    64.239478
   13.255935     4.703476     9.976851     8.210691  -163.657861    90.376927
   13.018143     5.034109    10.011341     8.464327  -174.583942    89.164641
   12.936007     4.883278     9.886027     8.703607  -171.348051    68.093323
   12.937878     4.925255    10.120034     8.559325  -170.466228    72.695383
   12.981523     4.906128     9.834973     8.588944  -166.151914    55.811076
   13.420923     5.118759    10.093827     8.448406  -163.688654    80.632620
   13.113039     4.963602     9.988357     8.632232  -167.677028    71.062378
   12.691656     4.629034    10.026989     8.415097  -169.729526    68.916756
   12.983032     5.143574    10.200958     8.480916  -173.056290    77.626871
   13.270340     5.339686     9.798119     8.262757  -171.123019    85.234411
   12.982423     5.032299    10.228695     8.399081  -169.556441    74.245190
   13.097382     4.823697     9.913911     8.425767  -161.986298    62.236743
   12.969210     4.699976     9.878075     8.438325  -167.106342    74.002076
   13.469171     5.131975     9.814383     8.486482  -160.614016    68.312160
   13.075592     4.987892    10.193871     8.724567  -170.223457    73.282041
   12.951330     5.091034    10.337928     8.568212  -173.192705    75.348171
   13.361906     5.176684    10.249469     8.578976  -162.841997    65.872729
   13.084922     5.219784    10.138730     8.477066  -168.975245    66.763031
   13.054937     5.032135    10.195579     8.525145  -169.560387    75.123301
   12.766782     5.062701    10.185235     8.430558  -177.078815    81.082174
   12.908039     4.827860    10.184937     8.443740  -169.553020    75.837660
   13.161726     4.608592    10.219109     8.127473  -153.540635    56.841248
   12.995718     5.147562    10.022407     8.523920  -167.815602    56.233277
   12.973185     4.915997    10.168859     8.672108  -167.976609    62.683833
   12.945954     5.031379    10.154034     8.390447  -168.868065    69.593401
   12.082981     5.068488     9.982091     8.102032   174.781183    76.910407
   13.212471     5.285115     9.918265     8.451210  -171.123038    79.522431
   12.978871     5.096944    10.333538     8.276619  -168.448947    71.433814
   13.371219     4.969576    10.042762     8.583697  -162.987262    77.573053
   13.335305     5.225967     9.929612     8.518625  -168.856939    83.419396
   13.021098     4.765062     9.938641     8.628227  -171.246182    82.833308
   12.968071     4.958293    10.104473     8.678545  -172.613050    75.573344
   12.954694     5.153615    10.231051     8.757509  -176.424765    75.323813
   13.339408     4.974498     9.967679     8.758888  -164.626124    73.873110
   13.135981     4.959965     9.962051     8.712170  -170.131278    77.980826
   13.304839     5.152486     9.842705     8.516275  -164.203920    65.847909
   12.611561     5.010330     9.888103     8.442327   178.078770    83.669378
   12.843573     5.016797     9.755753     8.667666   179.299726    84.747990
   13.092364     5.135174    10.206900     8.368705  -167.821993    71.845328
   13.041755     5.146524    10.419672     8.324098  -170.189081    77.671956
   13.108175     4.960817    10.349748     8.498019  -163.950908    63.590345
   12.957812     5.111736    10.162058     8.595567  -176.553288    84.265432
   13.220572     4.850159    10.078761     8.533112  -164.355868    76.954090
   13.531643     4.830665     9.983676     8.646767  -160.379570    85.184748
   12.894516     4.950201    10.322441     8.289986  -168.526624    72.593074
   12.843624     5.143624     9.999227     8.249429  -168.745254    58.684436
   13.028121     4.961132     9.865729     8.336153  -164.551970    61.669862
   12.811667     4.801104     9.732157     8.415468  -164.905528    46.326792
   12.649024     4.958328    10.031465     8.291380  -174.164221    72.810700
   12.921994     4.908276     9.771419     8.153354  -173.252176    91.387398
   13.001927     4.822291     9.910112     8.562729  -171.886527    83.455200
   13.006151     4.880055     9.882368     8.389727  -165.837095    67.199629
   12.862156     5.085399    10.311411     8.184625  -166.998017    62.912368
   12.865213     4.963333    10.002919     8.075253  -167.415231    71.705317
   13.037095     4.983942     9.706752     8.126495  -162.900678    57.327537
   12.708134     4.889377    10.155757     8.275941  -171.899670    74.194557
   13.092151     4.934749     9.602874     8.488730  -169.798333    75.149698
   12.837671     4.769166    10.037312     8.479797  -165.601822    57.733221
   12.883419     4.796481     9.681830     8.524816  -168.861023    61.731164
   12.866904     5.125338     9.705382     8.057406  -170.856700    70.857150
   12.895745     5.260247    10.131822     8.482547  -172.625262    62.260033
   13.188480     4.870867     9.928186     8.425377  -165.508298    79.296193
   13.158807     4.946320    10.058005     8.059721  -156.018175    49.733547
   13.093797     4.739372     9.618716     8.176595  -163.042352    71.381699
   12.959713     4.673990     9.840466     8.515881  -167.167702    70.977085
   12.987657     4.712530     9.850148     8.533860  -168.359028    75.139914
   13.058508     4.840052    10.204556     8.573777  -166.059440    69.932490
   13.114011     5.174412     9.999832     8.555067  -169.458001    69.410773
   12.980090     5.030070    10.165032     8.557091  -178.950700    98.125543
   13.337107     5.344189    10.128830     8.512637  -170.215289    83.302857
   13.077354     5.130295    10.588322     8.544203  -171.692164    78.132153
   13.375766     5.154628    10.240444     8.364001  -162.021137    70.957677
   13.092110     5.285216    10.120142     8.585040  -175.882172    83.926233
   13.189567     4.914330    10.195268     8.728697  -166.735817    73.526569
   13.049424     5.160505     9.951270     8.456380  -173.029513    80.213688
   13.128228     4.914664     9.974039     8.766161  -163.132445    50.325318
   13.027086     4.991448    10.080202     8.878098  -178.312924    88.784981
   13.182894     5.065576    10.085517     8.534797  -169.225109    81.202676
   13.036560     4.780123     9.732888     8.368313  -167.681169    77.682728
   13.234247     4.832597     9.917856     8.512663  -161.968084    69.634525
   13.086605     4.913797     9.787094     8.585486  -171.610748    82.866420
   13.188744     5.002991     9.726415     8.508114  -165.964382    68.457229
   12.947964     5.132550    10.246426     8.798497  -177.465508    77.536922
   12.920840     4.999748    10.047763     8.176704  -175.271484    96.129409
   13.148599     4.846645    10.138382     8.613206  -167.885993    80.815608
   13.160567     5.149077    10.103861     8.234312  -164.126151    65.853055
   12.897507     4.814602    10.100837     8.643957  -171.165807    72.569563
   13.162324     4.875920    10.056925     8.551603  -170.211779    89.726296
   13.094441     5.260338    10.119931     8.725022  -175.753011    79.794275
   13.148804     5.086623    10.134033     8.392378  -167.739265    77.108694
   13.009953     4.870587    10.213466     8.137743  -162.248687    66.662187
   13.287864     5.056153    10.033161     8.260384  -164.350550    79.539788
   13.189886     5.152611    10.039796     8.313359  -168.203951    79.831303
   13.029071     4.926188     9.910177     8.378946  -169.590032    80.085207
   13.380891     4.741369     9.837567     8.689703  -156.098671    54.663573
   13.296568     4.709228    10.131060     8.300819  -159.903954    78.606705
   13.207857     5.253038     9.970799     8.249932  -167.170055    72.926974
   13.152747     5.013920     9.969821     8.472009  -170.157467    85.154684
   13.055335     5.021421    10.099225     8.623244  -174.387051    87.250429
   13.297640     5.222712    10.229467     8.175253  -166.459270    82.296858
   13.240473     4.791283    10.375971     8.016247  -161.859295    91.285488
   12.826581     5.154893    10.039609     8.596109  -178.917113    78.826632
   12.916253     5.139923    10.306875     8.505451  -178.544229    90.178224
   13.139500     5.283711    10.309537     8.448299  -172.274524    80.473523
   13.325873     4.863425     9.836900     8.515332  -159.685366    65.906181
   12.907616     4.894309    10.063855     8.669596  -173.556270    76.648059
   13.193042     4.934681     9.901630     8.416994  -166.949548    81.747495
   13.188420     4.999653    10.034235     8.685586  -163.194586    57.231110
   13.255465     4.810503     9.852651     8.245046  -162.328386    79.343867
   13.302763     4.851467    10.232870     8.474955  -165.468201    88.392037
   13.302411     5.319165    10.406245     8.499647  -171.734474    87.584779
   13.058000     5.114873    10.172145     8.377652  -171.366785    81.899521
   13.128525     5.021408    10.194440     8.638286  -172.064267    85.256943
   12.991857     4.936540    10.234283     8.353072  -163.021663    58.390542
   13.142162     4.994764     9.996294     8.492141  -164.807932    67.146446
   12.992916     5.005078    10.173810     8.800603  -169.348502    58.454060
   12.974177     4.869562     9.991605     8.430636  -174.353030    92.666533
   13.034133     4.805256    10.247971     8.175807  -160.922822    65.301424
   13.102096     4.983491    10.426822     8.585072  -165.661917    64.515586
   13.012519     4.588286    10.112761     8.236791  -161.612196    71.994890
   13.078873     4.904188    10.266606     8.765852  -171.675620    80.188730
   13.117793     4.859469    10.109461     8.691889  -171.510974    86.781294
   13.105161     4.899253     9.813526     8.655767  -172.852963    86.975012
   13.090785     4.841687    10.037040     8.859757  -164.972616    53.870049
   13.181663     5.047662    10.213431     8.566495  -160.363151    48.098234
   13.128231     5.047398     9.791373     8.425199  -165.915281    65.238711
   13.148955     4.606391     9.992912     8.589558  -164.306577    76.857566
   13.094475     4.900587    10.135683     8.569115  -169.105821    80.256525
   12.957156     4.755018    10.257455     8.498778  -163.712309    60.377242
   13.198513     5.002170    10.146032     8.753084  -165.880353    66.186411
   12.915226     5.024285    10.102320     8.442904  -173.623370    80.935107
   12.838484     4.949255    10.043560     8.387919   179.200427   102.139536
   12.767870     4.866591    10.041100     8.687184   176.164963    97.785899
   13.182198     5.001409    10.368380     8.542317  -163.735968    64.782435
   12.867983     5.141845     9.963363     8.588427  -174.390397    66.625208
   13.239796     5.065971    10.230910     8.623161  -166.929131    75.366078
   12.977020     4.733927    10.199762     8.525505  -167.880805    75.458545
   13.052471     4.592157    10.069733     8.355973  -163.158271    75.043363
   13.066077     4.691599     9.919506     8.548329  -165.981291    74.244893
   13.099935     4.771387    10.224525     8.138131  -160.782757    71.556855
   13.048041     5.034039    10.258331     8.314387  -167.451602    74.198388
   13.074627     5.000557     9.897454     8.542081  -167.786835    68.557776
   13.143746     5.020284     9.956233     8.391224  -164.730963    68.180047
   13.246120     5.124212    10.302366     8.117642  -163.868984    76.308236
   13.225622     5.140752    10.168072     8.329632  -168.970723    85.814159
   13.231728     4.963704    10.061185     8.337606  -168.246534    90.920905
   12.989593     5.228193    10.182574     8.348350  -171.792793    73.781211
   13.043223     4.780543    10.043242     8.752768  -168.715357    71.817472
   13.273681     4.812949     9.787256     8.653109  -163.161211    70.699312
   13.080938     4.825898     9.867598     8.329073  -161.602210    61.579856
   12.971978     4.694226     9.710800     8.364326  -164.943329    66.511237
   12.802295     4.664975    10.067519     8.454492  -168.410089    69.559590
   13.207129     4.992784    10.069645     8.011441  -164.076490    83.146545
   13.077774     4.977184    10.363590     8.320437  -170.118301    87.554958
   13.156085     4.773162     9.754486     8.304629  -161.656290    68.008395
   13.057961     4.826052    10.256870     8.444665  -168.987405    84.245941
   13.117634     5.011589     9.906705     8.610582  -169.836155    76.245983
   13.060842     4.986022    10.226069     8.646232  -171.991309    81.150932
   13.202729     4.967114     9.827516     8.517193  -166.404003    75.219334
   13.071005     4.647366     9.852555     8.513017  -163.100344    66.526106
   13.030942     4.962064    10.055249     8.740529  -173.282781    79.579590
   12.891469     4.964571    10.129822     8.678667  -174.049272    74.267604
   12.902605     5.071734    10.092052     8.632543  -175.604017    77.017448
   13.066393     4.961425    10.139094     8.245488  -166.970206    78.480284
   12.916215     4.926868    10.082559     8.489384  -175.965218    90.315262
   12.964067     4.760133     9.783972     8.425813  -167.509238    71.596555
   13.102420     4.990257    10.282919     8.695089  -171.106118    79.440761
   13.178441     4.997473    10.122185     8.627914  -165.838182    69.684443
   13.220856     4.519369    10.230611     8.544084  -159.684396    72.136167
   13.259941     4.774319    10.013641     8.488341  -163.802944    81.429444
   13.170913     4.812260     9.793431     8.460795  -163.506155    70.248621
   13.218518     4.772526    10.344100     8.414669  -164.114826    82.556182
   13.080261     4.764270    10.282699     8.410614  -167.757551    85.266734
   13.359859     4.744124     9.959863     8.669274  -161.720750    77.437225
   13.251948     4.674635    10.356857     8.316101  -156.178353    63.802309
   12.967843     4.660343     9.870459     8.469233  -168.245384    77.740859
   13.158299     5.025972     9.969533     8.309133  -165.047458    72.402902
   13.135478     4.759937     9.989162     8.181866  -163.368932    79.802453
   12.737430     4.799983     9.831485     8.494073  -177.037807    82.894200
   13.000604     4.985013    10.096896     8.517470  -169.058836    71.529641
   13.472455     5.210693    10.214288     8.687276  -165.662212    81.049438
   13.119641     4.818187    10.268071     8.281042  -161.015895    67.229793
   12.970950     4.689258     9.822573     8.391477  -164.304535    65.781420
   13.173262     5.068365    10.125266     8.669029  -169.977422    78.579814
   12.722809     5.263223    10.252226     8.237047  -178.260506    80.736667
   13.462262     5.230934     9.962303     8.657952  -167.279727    85.169562
   12.989692     4.926431    10.004486     8.446393  -168.819306    74.033247
   13.233089     4.814491    10.167682     8.717159  -164.382912    73.226515
   12.876701     5.222826    10.092278     8.549198   179.789486    85.825482
   13.157056     5.130146     9.836923     8.571458  -171.056370    78.011871
   13.199067     5.038130    10.082107     8.364407  -164.329845    72.083706
   12.954687     4.955665     9.936649     8.492043  -175.636732    89.415028
   13.225381     4.769330    10.200413     8.362458  -161.559936    75.804111
   13.238202     5.180173    10.048126     8.661971  -168.834237    74.035934
   12.863140     4.929439     9.815752     8.380323  -178.537393    95.398447
   13.289875     5.168394    10.168806     8.623214  -167.437716    76.015988
   13.035756     4.847456    10.133001     8.753525  -171.868094    79.756528
   13.208187     4.913582    10.078304     8.788105  -165.531170    67.993186
   13.260218     5.014380    10.184298     8.414008  -166.716286    84.446761
   13.175420     5.014950     9.982691     8.588147  -165.154025    66.395741
   13.391148     5.016666    10.119163     8.544529  -163.681941    80.805353
   13.119275     4.864481     9.959014     8.557829  -168.678120    81.138706
   13.192176     4.585029     9.863268     8.726752  -164.421003    74.827021
   13.239723     5.007068     9.982278     8.769623  -167.133057    72.210185
   13.169597     4.833402     9.972474     8.469963  -163.542834    72.193146
   12.915576     4.898455     9.831304     8.542777  -176.089433    87.033296
   13.176259     5.094402    10.000994     8.382434  -170.569706    87.449380
   13.047253     5.141167    10.388254     8.647649  -177.603309    91.593948
   13.187496     5.159301    10.093639     8.337267  -167.654553    77.176839
   13.036309     4.975581     9.907451     8.612964  -168.518351    66.626455
   13.026074     4.904493    10.254871     8.407663  -166.210802    71.379170
   12.988960     4.902698     9.727729     8.323710  -169.195155    75.583603
   12.944502     4.895905    10.192174     8.288080  -168.700695    78.035553
   13.121164     4.992285    10.297656     8.578114  -171.667826    86.682020
   13.028602     5.255208    10.198251     8.589396  -173.622003    73.025757
   13.358648     4.965374     9.742192     8.545429  -159.556830    59.050761
   13.051666     4.854697     9.888503     8.684979  -167.889976    67.774576
   12.911184     4.860504     9.868077     8.545682  -172.358295    76.875261
   12.909354     4.925873    10.108159     8.478006  -167.585578    64.269828
   13.112260     5.052076    10.155830     8.503859  -170.915598    83.296711
   13.164234     5.108922    10.124016     8.642589  -172.856121    86.414610
   13.102630     5.028751    10.172126     8.756917  -172.086267    78.548638
   13.437562     5.025186    10.318049     8.493281  -159.363853    69.337263
   12.760911     4.723305    10.010756     8.348290  -173.092155    83.132797
   13.199054     4.895115     9.896847     8.632601  -165.953723    73.776479
   13.437375     4.908082    10.070984     8.306907  -155.540646    65.492892
   12.811863     4.847054    10.097475     8.684414  -172.858649    68.551136
   13.105483     4.650553     9.992728     8.742586  -165.510045    70.270348
   12.829990     5.148136    10.362744     8.383618  -175.664732    79.564858
   12.923049     4.777003    10.298663     8.667822  -170.104917    71.785036
   12.732503     4.792923    10.043364     8.538331  -176.486484    82.147626
   13.107497     5.079725    10.099797     8.341418  -167.412850    74.617046
   12.573279     4.644465    10.010884     8.455148  -177.460361    82.732504
   13.141035     4.860492    10.251055     8.451538  -165.149464    76.101510
   13.110671     4.899472    10.049586     8.606555  -167.046244    73.074598
   12.684345     4.929441    10.207204     8.503747  -178.160478    81.655146
   13.022757     5.143473    10.180052     8.459128  -171.438480    75.787748
   13.249898     4.864407    10.330954     8.541403  -161.961715    69.947275
   12.774370     5.270266     9.987834     8.491148   176.376829    87.829951
   13.219737     5.029308    10.208690     8.486354  -163.769681    69.084994
   13.004618     4.675206    10.010088     8.438089  -168.144400    82.041918
   13.177814     5.153388    10.196252     8.580618  -165.980197    63.733793
   12.936255     4.668555    10.008042     8.523002  -165.598727    66.227692
   13.060573     4.997390    10.063559     8.761147  -175.254724    86.101527
   12.732161     4.778311     9.864429     8.718770  -179.580534    81.928923
   13.056127     4.969478    10.231258     8.665590  -168.882825    70.470275
   13.131802     5.078242    10.073567     8.368664  -164.026820    63.692780
   13.091181     5.000637     9.898783     8.447039  -169.886832    80.158882
   12.818303     4.852579     9.761198     8.215184  -170.969483    76.603702
   13.004161     4.752284     9.961764     8.319400  -162.436876    64.003307
   13.138398     5.022366    10.112618     8.651323  -166.912419    68.041843
   13.089751     4.944072    10.238053     8.633321  -169.548265    77.570067
   13.070596     5.096715     9.868776     8.299635  -169.288562    75.991516
   13.012568     4.979652    10.037771     8.721997  -167.474396    57.377521
   13.077507     5.079704    10.359062     8.777400  -176.149503    87.046880
   12.811828     5.137727    10.124925     8.483773  -173.766229    67.221306
   12.925173     5.146163    10.163647     8.556252  -174.583853    75.345362
   13.064610     4.988137    10.180881     8.604605  -172.067627    82.985590
   13.210974     4.898210     9.963153     8.555662  -164.868396    74.451692
   12.988457     5.165262    10.102642     8.669238  -176.731647    81.445112
   12.851272     4.731480     9.996998     8.603388  -172.045643    75.668804
   13.011289     4.715439    10.072859     8.641046  -171.051465    83.793964
   13.173659     5.019630    10.036919     8.614843  -170.794294    84.791935
   13.443266     4.910508     9.963552     8.633286  -159.032002    69.838138
   13.455821     5.168985    10.064349     8.296953  -159.553321    68.207845
   13.051253     4.989967     9.964827     8.737290  -173.355566    79.483494
   13.134688     5.161405    10.191934     8.611981  -170.619633    75.344080
   13.233207     5.135402     9.957984     8.380582  -168.153230    81.336822
   12.990114     4.834536    10.146973     8.521829  -173.429584    90.275856
   13.125384     4.852674    10.242813     8.192388  -161.221816    69.414721
   12.958722     4.918874     9.976011     8.457031  -168.312527    69.790445
   13.035523     5.124273     9.915065     8.596356  -171.812880    71.208626
   13.052633     4.904064     9.804778     8.778181  -171.881783    73.910198
   12.926373     4.921933    10.082048     8.708908  -170.204697    64.153226
   12.965976     5.117808    10.135947     8.555810  -175.448272    82.369551
   13.353543     5.156213     9.908274     8.147870  -163.548553    78.064139
   13.350999     5.208742     9.858675     8.439133  -163.454381    66.069250
   12.940898     5.116573    10.097208     8.383406  -169.515253    66.750834
   12.944121     5.187634    10.162403     8.508176  -176.240295    81.841313
   13.318376     5.001985     9.745239     8.625797  -163.015418    64.768706
   13.148724     4.910535     9.773967     8.478862  -172.104425    92.853657
   13.168444     4.884708     9.858465     8.415320  -163.091481    68.258552
   13.280923     5.071296    10.166178     8.180457  -164.098125    79.817064
   13.129993     4.880107     9.932133     8.599879  -170.129614    84.343581
   13.073242     4.728856     9.713657     8.579448  -168.835275    78.523328
   13.058051     4.801954     9.890617     8.323822  -163.973837    69.883571
   13.044465     4.798496     9.921052     8.809474  -167.260290    61.702383
   13.019090     5.138934     9.983414     8.365610  -167.845709    64.379900
   13.273971     4.854492     9.765638     8.228130  -158.895824    65.249539
   12.680781     4.737994    10.184284     8.580884  -175.873419    77.739531
   13.014191     4.810383     9.899600     8.341168  -164.554269    68.119904
   13.124352     4.946268     9.971338     8.693409  -169.751804    77.174744
   13.421542     4.764282     9.707407     8.625320  -157.047948    60.785994
   13.039818     4.873593     9.811716     8.499036  -170.274307    79.884178
   13.163329     4.942070     9.931819     8.593933  -167.013269    74.436274
   13.186734     5.116207     9.979155     8.320546  -165.591679    71.583549
   12.957887     4.869511     9.858760     8.557175  -170.921596    74.731488
   13.190991     5.113121    10.035814     8.536822  -168.378059    76.299704
   13.011438     4.902982     9.923761     8.560627  -166.966187    65.071099
   12.954716     5.206854    10.279179     8.597246  -177.776540    83.901572
   13.234272     5.198076    10.012037     8.467436  -165.685366    67.171240
   12.938935     5.198049    10.376409     8.350449  -173.483823    78.421304
   13.235669     5.278612    10.286619     8.642230  -169.896545    73.429328
   13.042896     5.103071     9.974269     8.214395  -161.825955    49.189739
   12.985945     4.988075    10.163758     8.243551  -165.975512    69.068634
   13.232294     5.201979    10.046273     8.415990  -168.529445    78.957659
   12.778346     5.095099     9.815158     8.417545  -176.426875    73.488928
   13.178869     4.636607     9.947419     8.245133  -158.067556    66.754344
   13.280253     4.817866    10.065478     8.521943  -159.598525    66.823832
   13.080147     4.865255     9.904030     8.440253  -170.161520    85.978480
   13.147522     4.657777    10.168538     8.606377  -164.720411    76.967508
   13.269531     4.882637     9.948441     8.584144  -164.722855    78.045734
   13.362022     4.782224     9.967346     8.575486  -157.975465    66.035724
   13.129076     5.205383    10.202062     8.444376  -168.727197    71.546236
   12.982448     5.020017    10.163122     8.492906  -167.630479    64.993709
   12.919482     5.043758    10.366022     8.480081  -169.429557    65.989848
   13.323977     4.843192     9.927726     8.557187  -162.806662    77.907780
   13.376603     4.974262     9.784766     8.742469  -164.097652    72.879703
   13.029846     5.013718     9.876072     8.500262  -168.893276    69.311141
   13.018808     5.163683     9.842875     8.388849  -171.379732    72.350598
   13.269877     5.089023    10.308412     8.212456  -162.637282    72.428376
   13.144633     4.818630     9.762377     8.494992  -169.504521    86.815200
   13.022832     5.090401    10.289957     8.656776  -175.775927    85.705286
   13.217064     4.787659    10.064435     8.772484  -169.011711    86.031151
   13.156147     5.044245    10.256720     8.445242  -169.317739    83.474943
   13.065326     5.328923    10.277536     8.405750  -173.999612    79.846619
   13.039482     5.149576     9.943653     8.569539  -170.596880    67.269198
   12.805450     4.937725     9.910562     8.595868  -177.767075    81.723063
   12.807516     5.052302    10.521352     8.411617  -170.866169    65.912245
   13.070085     4.629843    10.198644     8.887699  -170.198586    78.976362
   12.817476     5.175871    10.026195     8.226062  -171.794884    67.417745
   13.227549     4.737416    10.136186     8.717647  -163.135873    71.062348
   13.173048     4.926565    10.121831     8.585405  -163.161490    64.682544
   13.161114     4.529539    10.048786     8.193166  -156.659285    67.581270
   12.995225     4.676701     9.805510     8.569555  -167.734745    72.740418
   13.198164     4.691741    10.210025     8.572112  -164.904156    81.546325
   13.273139     4.786632     9.810063     8.829066  -166.276903    76.544100
   13.155149     4.678145     9.797139     8.464293  -164.684125    78.028348
   13.136043     4.824182    10.131636     8.379111  -165.189009    79.111657
   13.282911     4.752787    10.175200     8.501688  -161.516577    76.572551
   13.060533     4.739146     9.819013     8.264845  -167.918908    86.478844
   13.488210     5.031313    10.189140     8.628086  -154.541337    49.583983
   13.096630     5.141369    10.429216     8.388185  -168.787324    74.580986
   13.055299     5.116689    10.047804     8.240142  -169.692183    79.238660
   13.037937     4.942300    10.234871     8.321963  -164.095621    66.092684
   13.063239     4.968898    10.173203     8.563731  -170.256861    79.301892
   12.963978     4.860431     9.934820     8.458397  -167.512570    69.278616
   13.112196     4.842601    10.355798     8.618921  -167.005738    75.060414
   13.151301     5.008465     9.922590     7.976611  -161.591513    69.265746
   13.083582     4.738862     9.870513     8.368480  -163.861258    72.005969
   13.056029     4.946742    10.171428     8.551632  -168.465926    74.349693
   13.310927     5.377219    10.094556     8.359496  -167.745198    73.759421
   13.242953     4.684415     9.831748     8.448339  -163.164912    80.239670
   13.043695     5.001673    10.035277     8.621487  -175.511860    90.311020
   12.985330     4.851929     9.728685     8.333436  -167.628722    71.826613
   12.937870     4.811140     9.822476     8.513651  -174.539489    88.059123
   13.111025     5.074970    10.276611     8.443649  -166.505217    69.484465
   12.964214     4.769362    10.239668     8.507479  -166.203001    68.604343
   13.236543     4.875770    10.017579     8.269633  -164.598138    84.097833
   13.102151     4.892005    10.299738     8.463788  -164.590088    69.791711
   12.985004     4.813751     9.782142     8.338364  -167.961346    75.478978
   13.169435     4.662149    10.200940     8.617069  -166.183958    83.084298
   13.461599     4.671198     9.910443     8.485409  -156.030516    72.616308
   13.308033     4.638248     9.826612     8.395081  -159.714173    76.178977
   13.076251     4.857894    10.005896     8.653185  -167.706980    72.036278
   13.052940     4.556364     9.741173     8.291655  -159.279730    60.475727
   12.792883     4.853261    10.108068     8.547068  -170.119872    64.415542
   13.240655     5.033702    10.069140     8.251593  -167.090103    86.934848
   13.089254     4.972803    10.377253     8.461037  -168.548352    78.736413
   13.054309     4.630232     9.949332     8.435941  -164.152475    73.481819
   13.309310     4.865097    10.195675     8.614743  -163.835860    79.080998
   12.954609     4.913348     9.722951     8.149730  -170.436169    83.229742
   13.394295     4.863577     9.888607     8.563304  -159.321052    69.845408
   13.018152     5.025956     9.966814     8.441120  -170.045763    75.295366
   12.801242     5.077816     9.697671     8.495983   178.936128    85.745774
   13.199022     4.881851     9.651514     8.266007  -165.197142    78.584995
   13.144047     4.732267    10.076673     8.606250  -166.036891    78.308360
   13.206859     4.833262     9.803340     8.855456  -168.326258    74.659991
   13.270817     4.919815     9.948536     8.102693  -161.697178    78.223456
   13.055832     4.799909     9.614651     8.202542  -168.432613    84.610823
   12.848059     4.935972     9.942685     8.416623  -166.313392    54.380970
   12.671291     4.982798    10.319529     8.219243  -172.853650    74.742216
   13.216897     4.992136    10.228527     8.502976  -165.524551    76.015285
   12.811638     5.110000    10.328168     8.559958  -174.592808    69.295173
   13.187917     4.908101    10.205402     8.654891  -163.146085    63.894033
   13.327828     5.074258    10.074900     8.514058  -163.779647    74.173417
   13.027940     5.348496    10.230914     8.368530  -173.883858    76.644493
   12.972959     5.089102     9.864387     8.427728  -171.436205    72.160046
   13.010541     5.005498    10.189106     8.475118  -172.688568    84.709953
   13.127948     5.212268     9.921414     8.275417  -166.929834    66.700628
   12.874119     4.819197    10.009717     8.668902  -175.357769    82.088712
   13.203037     4.833723     9.896025     8.515166  -164.904879    76.798027
   13.031492     4.566908     9.821389     8.711101  -168.520524    76.346139
   13.050896     4.829097    10.397540     8.550678  -166.809336    72.825195
   13.100709     4.865504     9.755653     8.367415  -167.779124    79.726393
   13.140593     5.011617     9.855345     8.657875  -168.144851    69.417992
   12.740093     4.989835    10.051486     8.162387  -178.705362    96.829464
   13.087778     4.719106     9.922576     8.361422  -162.113419    68.026857
   12.817042     5.101019    10.384256     8.710393  -177.213201    72.109321
   13.327223     5.270727    10.202202     8.167343  -162.431168    66.402494
   13.085715     4.856850     9.782675     8.463226  -166.092882    70.567719
   13.073102     4.906945    10.449420     8.395158  -168.860388    83.789317
   12.986866     5.125600    10.007300     8.263965  -170.902827    77.062057
   12.954796     4.926125    10.052762     8.471403  -170.274575    75.931242
   13.069329     4.700147    10.153122     8.521615  -168.505456    85.021467
   13.208999     4.870492    10.072674     8.357815  -163.432602    77.131384
   13.090961     4.889758     9.943336     8.633329  -166.105680    66.378781
   13.197521     5.172814     9.954171     8.321939  -163.996309    62.544176
   13.303525     4.967251    10.336188     8.699840  -166.577201    80.779259
   13.310428     4.822964     9.721345     8.252304  -162.416557    81.368184
   13.295582     5.114365     9.870309     8.748817  -170.626938    83.815738
   13.146389     5.137829    10.064083     8.040465  -165.238887    75.043189
   13.025140     5.024978     9.956398     8.537115  -172.217157    79.595275
   13.186541     4.911233     9.838169     8.462783  -167.038015    80.351857
   12.931220     5.124294    10.143305     8.536265  -175.886008    81.686726
   13.194201     5.150237    10.206740     8.596004  -168.938996    75.421908
   13.057289     4.949158    10.158569     8.645672  -174.871507    91.265600
   13.435572     4.906970    10.562937     8.494291  -158.520734    69.724325
   13.056092     4.912257    10.037860     8.751926  -168.578020    67.186397
   13.238779     5.131212    10.235459     8.478072  -162.280302    59.457655
   13.086502     5.105106    10.382216     8.184865  -163.309493    62.928127
   13.397550     5.127484     9.895210     8.199275  -165.119747    87.650315
   12.960789     4.895965     9.779805     8.655112  -171.848170    71.255479
   13.010371     5.043057     9.968236     8.634560  -170.376500    67.770516
   12.853236     4.921636     9.799389     8.501879  -168.389182    55.712068
   12.891119     4.849801     9.658859     8.529889  -174.235190    78.244259
   13.348870     5.105439    10.056893     8.191417  -164.082057    82.292593
   12.864414     5.137783    10.026976     8.522153  -172.828055    65.064434
   12.973750     4.856209     9.704139     8.495076  -167.285599    62.489546
   13.318123     4.627316     9.973972     8.500056  -156.369800    64.089031
   13.281988     4.766078    10.243791     8.320526  -158.528745    70.499083
   13.233323     4.947989    10.241507     8.396259  -164.780926    79.403328
   12.950169     4.526075     9.945922     8.542967  -169.218337    82.068328
   13.190704     5.262569    10.257083     8.321366  -168.077966    74.296162
   13.079033     5.022049    10.001364     8.577822  -163.880789    53.149951
   12.977005     4.904465     9.632936     8.369384  -168.335178    67.181957
   12.744244     4.872786    10.109930     8.214609  -164.871590    55.673786
   13.204432     4.720016     9.884042     8.633630  -157.247823    46.981552
   13.266924     4.978686     9.946015     8.289207  -162.811747    74.918599
   13.093114     4.928056    10.423160     8.541616  -165.286718    66.747185
   13.056268     5.026131    10.120964     8.575950  -173.434123    85.859733
   13.224805     4.688126    10.413174     8.275707  -156.291657    63.446383
   13.071793     5.070397     9.884852     8.290610  -170.784662    83.015190
   13.046617     4.657665    10.287013     8.543239  -166.006449    76.361273
   13.086564     4.841810    10.226808     8.372887  -165.181156    75.486447
   12.903074     5.042516    10.212303     8.434595  -167.626301    60.316037
   13.168565     5.245285    10.094021     8.414768  -166.448313    64.027152
   12.767659     5.164740    10.118342     8.527505  -177.758859    73.942866
   13.133986     5.069840    10.050647     8.483173  -162.946164    56.103668
   13.003350     4.952054    10.030001     8.487935  -159.536825    34.136578
   13.431315     4.811832     9.910833     8.667689  -154.642146    52.710099
   12.818372     5.039283    10.093333     8.538037  -174.133181    71.464631
   13.174986     4.832335     9.961008     8.126714  -158.828915    64.703697
   12.889676     4.912259     9.788300     8.646237  -169.618289    56.423473
   13.162575     5.176965    10.053230     8.515421  -172.260961    84.736756
   13.232708     4.895953    10.089694     8.774440  -168.394101    81.397921
   13.021167     5.253861    10.324811     8.598668  -171.527847    64.838149
   13.133851     5.100202    10.280377     8.589560  -169.509251    75.390404
   13.109255     5.063502    10.100452     8.564519  -168.813604    73.477939
   12.986439     5.250759    10.532434     8.553832  -172.282380    66.741783
   12.838281     5.039971    10.300215     8.484030  -176.135827    82.385572
   13.474962     4.793026     9.886840     8.647048  -163.036332    90.130039
   12.855125     4.703842     9.927248     8.580574  -169.177256    67.692854
   12.843601     5.094066    10.020781     8.631851  -175.262781    69.354685
   12.780654     4.463782    10.043926     8.658276  -173.605587    81.858180
   12.933295     5.153866     9.946347     8.372355  -172.837485    73.930598
   13.098181     4.852565     9.966708     8.312565  -159.449273    55.910217
   13.006882     5.094747    10.083653     8.583815  -173.284651    78.140323
   13.033860     5.026379    10.372625     8.442473  -168.900662    74.362724
   12.850659     5.114686    10.227649     8.571157  -175.382740    73.789622
   12.977641     5.241479    10.112922     8.570517  -177.001364    81.458433
   13.082801     5.024645     9.791625     8.732914  -172.122100    73.377565
   13.316700     5.004150    10.309159     8.611530  -162.769354    69.800651
   12.917486     4.858529    10.379484     8.400807  -170.584262    80.623316
   12.940693     4.988685    10.358122     8.370430  -170.320657    76.996809
   13.147390     4.910299    10.068664     8.187459  -162.319697    71.365721
   12.872473     4.705989     9.653186     8.568073  -174.887153    83.056021
   13.167636     5.109886    10.088763     8.284981  -164.685213    69.237056
   13.336477     4.928258     9.900572     8.616874  -163.970441    77.480970
   12.939809     4.761858     9.809573     8.264546  -168.033292    77.671773
   13.146541     4.874658    10.423637     8.417483  -161.203914    62.723454
   13.208595     5.022044    10.302720     8.556397  -165.891402    73.416421
   13.385733     4.857113    10.311941     8.289342  -158.221490    73.662924
   13.096181     4.614474    10.079142     8.610250  -166.896492    81.105584
   13.009883     4.568168    10.186167     8.502019  -163.241567    68.642991
   13.040316     4.612071     9.791691     8.677566  -168.137987    75.206317
   12.875916     4.637636    10.039258     8.437383  -167.116172    71.591975
   12.828859     4.883131     9.987674     8.501063  -176.054402    84.999809
   13.330841     5.153345    10.076876     8.474899  -165.846851    78.583616
   13.043727     4.843660    10.225149     8.550236  -170.853646    85.028685
   13.093802     5.012038    10.294648     8.753195  -169.146206    68.659938
   13.057618     4.819915     9.779256     8.812702  -169.102900    65.599575
   13.258554     5.082175     9.984784     8.809353  -168.512783    73.505785
   12.914395     5.007466    10.091160     8.589558  -175.698230    82.717898
   13.178276     5.311834    10.066374     8.575510  -169.496524    66.208112
   13.136952     4.997986    10.307277     8.483339  -169.008248    81.937375
   12.928235     4.976126    10.069610     8.570235  -174.332886    81.321000
   12.946429     4.787687     9.893462     8.324816  -173.953752    95.153214
   13.090412     4.714575     9.832752     8.629738  -169.885632    84.069397
   13.073890     4.855363    10.096952     8.289114  -166.940033    81.653159
   12.902639     4.779849     9.936198     8.800729  -179.665656    92.696436
   13.111666     4.878440     9.916374     8.475918  -170.873864    89.097782
   12.975330     5.116762    10.124658     8.447774  -170.739769    71.462780
   12.996241     4.740223     9.914995     8.778141  -164.937009    52.028665
   12.968770     4.868578    10.127464     8.296112  -165.508947    69.786779
   12.966432     4.904285     9.639132     8.458405  -171.769578    75.615342
   13.162190     5.387224     9.935928     8.446939  -172.671167    74.803137
   13.092212     5.215815    10.072946     8.588711  -175.642368    86.276593
   13.252625     4.800547     9.571054     8.416817  -162.353142    68.503524
   12.809577     5.150556     9.895490     8.492106  -177.226611    74.185611
   12.780218     5.228407    10.058526     8.628414  -178.401550    68.179900
   13.153040     5.158464     9.997040     8.729030  -170.151803    69.218879
   13.072828     5.128885    10.044399     8.646569  -167.344329    57.202307
   13.076462     5.109507    10.091081     8.348427  -164.995126    61.970481
   12.840643     5.110275    10.268915     8.395791  -167.442273    52.749390
   12.988157     5.161002    10.181222     8.368742  -172.189336    77.879150
   13.368766     5.162113    10.204621     8.499974  -165.130834    78.150557
   13.233840     4.909887     9.865502     8.363398  -161.666570    68.611651
   13.058469     5.170217    10.236168     8.324299  -166.643159    64.721377
   13.163350     4.591803    10.265945     8.720155  -164.833390    76.738934
   13.254076     5.082437    10.069676     8.595883  -167.647416    78.726947
   12.878862     5.071411     9.678817     8.458178  -171.911901    60.241639
   13.135608     4.930891     9.986059     8.378541  -166.259823    77.548172
   13.095040     5.268979    10.288610     8.425753  -173.766700    83.802979
   13.224291     5.223448    10.394573     8.637278  -170.130277    76.328391
   13.177579     5.197994     9.944707     8.452326  -172.996723    88.279523
   13.152857     5.154109    10.558745     8.483007  -168.949067    75.024376
   13.126867     4.781332    10.141722     8.784986  -166.726393    70.986535
   13.028844     5.093267    10.000393     8.610458  -176.590430    88.779545
   13.186474     4.956074    10.050981     8.701953  -172.065798    89.682281
   12.933033     4.901081     9.742654     8.366063  -168.459841    67.696704
   13.267230     4.903715    10.178628     8.660204  -164.053763    73.541044
   13.122649     5.014028    10.442426     8.572820  -163.461027    56.542433
   13.060763     5.047836    10.517161     8.568571  -168.810080    69.886212
   13.182656     4.737712     9.619637     8.573747  -160.840080    53.205860
   12.940178     4.906087    10.132785     8.454937  -162.340843    48.973202
   12.665135     4.973473     9.947181     8.551454  -174.255301    60.616002
   13.016168     5.117133    10.069102     8.602676  -170.800476    68.445431
   12.824915     5.084915    10.177742     8.720146  -178.475139    76.556544
   13.029881     5.005879     9.886008     8.401584  -170.553904    78.806615
   13.093693     5.186901    10.128212     8.276520  -165.359051    62.329074
   12.792345     4.964548    10.266437     8.151840  -163.806007    54.477129
   12.743925     5.124648     9.969576     8.472665  -179.844561    81.254949
   13.168504     4.917193    10.049767     8.613138  -166.476903    74.678427
   13.569516     4.884888     9.773072     8.397840  -154.107430    65.694220
   13.089324     4.694670     9.998702     8.350506  -165.030093    79.775659
   13.153000     4.767355    10.216425     8.679795  -167.009256    78.850283
   13.197407     5.163389     9.988675     8.512470  -168.047932    73.228184
   12.986002     4.801430    10.068762     8.627923  -165.619084    61.559859
   13.228793     5.040877    10.203991     8.696576  -160.401861    46.497545
   13.115376     4.868402    10.279115     8.530402  -161.320238    57.726006
   13.246155     5.001343    10.143607     8.476828  -165.702946    79.087999
   13.154834     5.264274    10.153794     8.304725  -169.115775    75.430330
   13.090118     5.172295    10.271102     8.516322  -168.396330    66.933957
   13.227883     4.990844    10.085903     8.756517  -169.468819    81.412280
   13.447501     5.006071    10.392268     8.662731  -162.322467    76.680253
   12.700381     5.050055    10.124876     8.464569  -176.714468    74.231627
   13.048119     5.051978    10.160313     8.118447  -162.720581    62.127597
   13.185290     4.966661    10.331025     8.514334  -169.093247    86.019268
   13.412837     4.964272    10.126789     8.571079  -159.659559    70.189359
   12.967754     5.059120    10.351967     8.457318  -170.623706    73.591963
   13.075446     5.172966    10.131976     8.469032  -171.497243    77.745801
   13.126696     4.923434    10.553265     8.711181  -164.684116    59.327301
   12.939734     4.897139     9.971582     8.650866  -167.036920    56.243928
   13.221888     4.888120    10.193596     8.478848  -161.489729    67.927132
   13.177217     5.005049     9.906470     8.629935  -168.352103    75.657113
   12.846757     5.315894    10.051625     8.373526  -178.030561    77.767846
   13.202694     5.094078    10.448797     8.560405  -168.776789    78.808431
   13.006633     4.934902     9.849077     8.819938  -179.347133    92.591836
   13.252654     4.702337     9.913366     8.600510  -161.407865    70.734552
   13.069898     5.184304    10.121171     8.546389  -169.873661    68.335295
   13.244847     4.589140     9.953945     8.572451  -160.802608    72.985851
   13.313945     4.972559    10.140138     8.582229  -166.281376    84.320921
   13.097890     4.955057    10.338445     8.635057  -164.485157    59.608450
   12.883339     4.915838     9.778220     8.648445  -175.145404    75.530141
   12.781082     4.916927     9.844865     8.631564  -177.062612    75.850096
   12.935974     5.037940    10.047570     8.711544  -179.840239    90.857165
   13.140495     5.259754    10.134501     8.248054  -169.346471    77.012147
   12.995310     5.093543    10.381617     8.464515  -174.275277    85.686794
   12.989028     4.757688     9.676030     8.431839  -168.468807    74.280737
   13.059151     5.224420     9.833053     8.395371  -176.569173    90.093242
   13.198709     4.882491     9.849246     8.393485  -164.802372    77.004429
   13.160399     5.142519     9.786208     8.331731  -168.636117    75.694465
   13.197884     5.039854     9.915936     8.782001  -170.192667    76.427541
   12.976928     5.111484    10.125880     8.651875  -175.934477    81.391062
   13.052627     4.850524    10.056810     8.598931  -169.683957    79.422782
   12.733948     5.104659     9.973036     8.413599  -176.272795    72.469506
   12.848470     5.247259    10.307260     8.541562   179.027946    86.767590
   12.889178     5.170737    10.156940     8.465434  -172.573010    68.048987
   13.158175     5.178498     9.908831     8.561187  -166.513686    59.463466
   13.169595     4.914988    10.018376     8.678670  -169.258739    81.432826
   13.270894     5.177981    10.029574     8.435656  -165.833567    73.100508
   13.284211     4.988666    10.203817     8.571788  -163.115917    70.988053
   13.182617     4.785490     9.744928     8.540093  -167.585919    82.877543
   13.075461     4.765495    10.070713     8.221814  -161.295863    68.210381
   12.918398     4.950516     9.877852     8.706599  -176.488562    80.672492
   13.216137     4.996990    10.034514     8.569509  -168.323369    82.416882
   13.231168     4.654367     9.978214     8.609435  -162.035767    73.183918
   13.083051     4.913886     9.928665     8.760913  -173.804560    85.332118
   13.248377     4.594473    10.115335     8.415288  -156.614512    64.370366
   13.135366     5.097016    10.226660     8.603406  -170.554125    78.728257
   13.240951     4.913364     9.984092     8.501834  -161.717367    67.347015
   13.427289     4.894240     9.896126     8.561242  -161.417705    79.065949
   13.221988     4.746707     9.985357     8.691286  -165.918566    79.895754
   13.132152     4.856254     9.999799     8.693117  -168.907176    78.861376
   13.362749     4.797834    10.113672     8.592875  -157.753337    65.170235
   13.457371     4.802771    10.037668     8.578159  -160.356990    81.918002
   13.242504     5.133320     9.753071     8.455534  -168.094488    76.555956
   12.939726     4.980200     9.964865     8.401569  -171.410555    77.466975
   13.066994     5.022654    10.387320     8.312838  -166.631529    73.358100
   13.168460     4.998848     9.886632     8.042638  -163.950937    76.966524
   13.143981     4.815726     9.916969     8.136922  -160.275202    67.834757
   13.239608     5.075899     9.837595     8.314173  -166.934015    80.763461
   13.263143     5.019766    10.198017     8.547981  -167.173079    82.423619
   12.910136     4.809172     9.592552     8.298491  -169.380057    72.326318
   13.014681     4.761514     9.823317     8.495398  -169.002071    78.441386
   13.151848     4.939514    10.093097     8.446107  -164.930473    73.210688
   13.004808     5.016353     9.999806     8.155929  -168.165713    77.564687
   13.063610     4.758648     9.862946     8.475012  -163.397063    64.625342
   13.257145     5.007101     9.773211     8.214839  -162.148438    69.388781
   13.144119     4.880001    10.381710     8.393025  -167.645645    85.614599
   13.128190     5.103518    10.292717     8.347583  -165.984725    70.276692
   13.069194     4.854839     9.889722     8.730270  -167.956691    67.464316
   13.133830     5.007272    10.048739     8.210489  -164.813463    73.970323
   13.279902     4.924589     9.898795     8.548109  -162.563829    70.157042
   13.079224     5.039673    10.156250     8.267305  -168.199397    79.444414
   13.091746     4.801365     9.707974     8.467209  -166.707148    73.728242
   13.090427     4.857664     9.890575     8.181995  -165.370068    78.659112
   13.040548     4.483538    10.041893     8.365662  -161.137557    70.604344
   13.157264     4.615220     9.800051     8.582295  -165.764996    80.087632
   12.949792     4.785349     9.982914     8.631727  -172.217629    80.267582
   12.970150     5.096972     9.802284     8.409416  -171.036293    69.365937
   13.213893     5.110189     9.905011     8.645990  -173.127987    89.467012
   13.174525     4.926646    10.049190     8.616315  -166.612925    75.097606
   13.095674     5.059955    10.176923     8.520299  -169.643411    77.195439
   13.086713     4.897895    10.324210     8.243273  -160.529428    61.072068
   13.139977     4.902075     9.712594     8.303451  -164.114106    69.103428
   13.037192     5.124784     9.857797     8.652905  -173.501443    73.877774
   13.158230     4.994361     9.840751     8.506226  -168.204345    77.208584
   13.062368     5.156499     9.864964     8.405312  -172.472206    79.921935
   13.018954     4.791405     9.907595     8.678589  -170.495442    77.023797
   13.383766     5.038560    10.001907     8.742891  -166.378944    82.077218
   13.059296     4.693738     9.797786     8.563166  -164.640877    66.468204
   13.061047     4.953458     9.878583     8.473908  -168.703805    74.915792
   13.313761     5.036410    10.151893     8.587475  -165.055584    77.345611
   13.038101     4.862577    10.319823     8.721141  -170.054113    74.968796
   13.585400     5.038904    10.033797     8.678882  -156.342600    65.079291
   12.958065     4.826820     9.914833     8.583297  -168.370031    67.910601
   13.122520     5.242814    10.070929     8.410871  -170.441117    75.228548
   13.207407     4.816546     9.802574     8.805659  -167.242632    73.671068
   12.988063     5.077753     9.947136     8.444492  -175.551207    88.137314
   13.343804     5.170181    10.281259     8.390583  -166.608269    83.500988
   13.072470     5.085560     9.828780     8.333033  -167.515845    68.539029
   13.267104     5.054303    10.255122     8.447942  -160.804316    61.490528
   12.965912     5.084803    10.157124     8.493842  -169.777346    67.754365
   13.127573     5.026646    10.150114     8.495398  -167.365952    74.299984
   13.064712     5.002001     9.723391     8.381251  -165.372831    59.736410
   12.902135     5.015164    10.123344     8.366985  -165.916366    57.562761
   12.939829     4.734304     9.668660     8.399026  -171.665499    83.488001
   13.137557     5.104481    10.064595     8.073178  -164.414192    72.031493
   13.131174     4.811222    10.148013     8.481364  -158.333858    51.987006
   12.813810     5.154642     9.925753     8.534807   175.431180    96.694339
   12.966585     4.816372     9.936343     8.634633  -175.002184    88.487516
   13.285609     5.059732     9.961860     8.191239  -161.922392    71.396947
   12.972142     4.929291    10.245020     8.624032  -168.352497    65.636354
   13.189281     5.049639    10.334976     8.410447  -169.942567    88.641793
   13.254951     5.080730    10.011245     8.677922  -166.696610    72.258233
   13.489837     5.295748    10.335408     8.400908  -163.186682    75.011567
   13.211118     4.801706     9.867931     8.285581  -165.046392    84.942811
   13.139462     5.089341    10.377371     8.476110  -171.364898    86.061078
   13.218521     4.925008     9.998807     8.439479  -168.791456    90.286993
   12.953940     4.943519     9.887145     8.313716  -168.872909    73.441740
   13.250444     5.188950    10.119718     8.473922  -169.858660    84.444053
   13.006823     4.850388    10.144200     8.922262   179.647491    97.429883
   13.192583     5.046722    10.118764     8.374770  -166.688036    78.987118
   13.401138     4.995360    10.351885     8.556861  -159.546094    66.471216
   12.908430     5.134580    10.053799     8.558767  -175.255415    75.809956
   13.051179     4.969298    10.279277     8.599470  -175.441052    93.732975
   12.975567     4.913222    10.110883     8.091768  -160.992202    58.804725
   13.418124     5.146326    10.253805     8.485456  -164.260949    80.015348
   12.991167     4.882021    10.054607     8.612615  -169.516245    72.656972
   13.201726     4.713192    10.325248     8.362894  -160.717186    73.560368
   13.211755     5.054019    10.184662     8.010486  -161.155977    70.520063
   12.992717     4.924112    10.312719     8.442043  -164.835334    62.234653
   13.254750     5.150260    10.133196     8.332285  -166.419687    78.583576
   13.164790     4.776882    10.197600     8.665643  -163.213128    67.001837
   13.148868     5.097665    10.097541     8.233066  -167.994961    81.356399
   12.960791     4.795203     9.810912     8.404972  -172.451139    87.334834
   13.177199     5.113963     9.936822     8.582732  -172.527747    86.655255
   12.855693     4.711145    10.247912     8.331604  -171.299062    86.552001
   13.176349     4.949954     9.877711     8.440132  -164.298801    69.837473
   13.184977     4.810697     9.993347     8.157798  -162.880976    80.094456
   13.061972     4.825180    10.234636     8.612106  -173.721220    93.935631
   13.014021     4.786056     9.895259     8.631990  -168.174476    70.822797
   13.015899     5.101790    10.234648     8.582887  -171.446426    73.178973
   13.026866     4.712714    10.140447     8.788586  -166.408938    63.739118
   12.984947     4.939136    10.064538     8.504356  -170.092063    75.899401
   13.133993     4.815726     9.860217     8.349771  -167.918474    86.575391
   13.112769     5.089722     9.947337     8.663684  -175.217878    88.768612
   12.899436     4.677189     9.953486     8.417354  -169.779767    80.245749
   12.910077     5.100181     9.892721     8.528814  -177.140311    82.687060
   13.061337     4.918766    10.162761     8.466289  -164.336791    65.117052
   13.098223     4.809757    10.363490     8.630833  -168.600452    80.158285
   13.121563     4.780401     9.962977     8.533945  -164.988581    73.149010
   12.955157     4.855696    10.038423     8.754050  -177.810592    91.302488
   12.918640     4.760192     9.979470     8.499351  -171.297408    80.917444
   12.971055     4.735788     9.888321     8.612257  -168.189678    70.067350
   12.928385     4.551774     9.919837     8.568607  -168.486398    76.026632
   12.832627     4.576738    10.068408     8.654138  -172.342086    78.544186
   13.030797     4.767678     9.765366     8.363689  -167.702385    78.556977
   13.169442     4.923756    10.249534     7.883215  -158.547865    71.947989
   12.770598     4.608293     9.980644     8.642885  -177.041753    87.438104
   13.022270     4.685622     9.960725     8.139797  -161.558482    70.498299
   12.937636     4.381028    10.034492     8.435750  -166.329251    81.894754
   13.131071     4.648753    10.334657     8.461072  -165.628812    84.689429
   12.930778     4.870815    10.038582     8.330554  -165.283797    64.807680
   13.135204     4.640651    10.439820     8.546169  -163.111541    73.774716
   13.555060     4.818972    10.518438     8.354248  -154.331717    71.424649
   13.214476     4.508785     9.856139     8.356498  -159.058949    72.906777
   13.032888     4.663188     9.893799     8.554872  -168.972489    81.915475
   13.096848     4.702722    10.071618     8.406223  -165.744062    81.223337
   13.091233     4.448402     9.978624     8.418179  -161.551884    74.194621
   13.045277     4.666249    10.264196     8.393687  -161.119122    64.724662
   12.821084     4.693282     9.894940     8.636677  -174.989325    81.330157
   13.412456     4.687492     9.792530     8.439056  -156.980595    71.035064
   13.161910     4.569307     9.979614     8.505777  -164.791040    83.282990
   13.392729     4.725960    10.344790     8.203245  -158.683130    84.498835
   13.127784     4.866233     9.686518     8.140097  -162.746820    69.523190
   12.788897     4.554786    10.010222     8.473329  -170.563652    77.717158
   12.720019     4.777068    10.419396     8.565248  -174.305843    75.801651
   12.706800     4.576103    10.094568     8.342036  -169.462682    74.604665
   13.033268     4.674037    10.449372     8.281322  -163.531243    77.877088
   12.848340     4.542467    10.232991     8.426480  -167.611856    76.446899
   13.125815     4.829512    10.309850     8.383146  -165.888355    80.693858
   13.549944     4.773741    10.191906     8.376942  -153.114345    69.115645
   13.050543     4.692926    10.143884     7.965026  -157.748193    68.403646
   13.534140     4.807379    10.220690     8.487646  -158.292715    83.134348
   12.956201     4.824068    10.295264     8.489438  -169.172325    76.509732
   13.060444     4.575648     9.899810     8.422524  -166.664519    83.887773
   13.080612     4.941759     9.882694     8.251770  -167.770672    80.390406
   13.130516     4.861291    10.117011     8.438936  -164.730009    74.373256
   13.065263     4.799747     9.860507     8.015234  -164.604568    82.705808
   13.182593     4.657700     9.837557     8.440561  -164.317013    80.837990
   12.782030     4.909998     9.800253     8.402204  -176.983499    84.569756
   13.146591     4.578214    10.198408     8.317532  -159.288453    70.941082
   13.385911     4.653112    10.323255     8.258846  -155.525743    73.625954
   12.956502     4.691995     9.756941     8.246211  -167.719477    80.384188
   13.384949     4.655518    10.389819     8.483515  -157.550878    74.340205
   13.128147     4.755633    10.261868     8.394739  -160.378063    64.548551
   13.002243     4.878228    10.195268     8.430822  -168.682996    77.971759
   12.870034     4.833805    10.179169     8.465726  -168.475258    68.902509
   13.208193     4.599662    10.015669     8.415552  -160.526588    74.407926
   13.081527     4.798675    10.001584     8.356428  -166.680686    80.849882
   13.064002     4.917136    10.526947     8.693190  -168.491070    69.836118
   13.047752     4.538084    10.152790     8.449674  -167.355048    87.858182
   12.976800     4.610505     9.979334     8.327435  -164.834600    75.107226
   13.523838     4.835387    10.288307     8.149844  -154.154056    72.464233
   13.020820     5.006838    10.421926     8.052388  -167.308464    84.705552
   13.351156     4.752600    10.539245     8.577078  -157.683088    64.211048
   13.158118     4.779406    10.138551     8.487136  -166.394262    82.976941
