   14.895428     5.201214    10.062766     8.037634  -128.013314    67.714310
   15.223508     5.049217    10.160467     8.157277  -116.814804    79.943052
   14.949134     5.081462    10.603464     8.245297  -125.703629    72.767662
   15.128379     4.849541    10.338878     8.095922  -117.916081    67.288855
   15.147794     5.000108    10.456906     7.995660  -119.677897    67.321178
   14.931250     5.070258    10.359079     8.176751  -126.103532    77.308082
   15.093430     5.113394    10.320943     8.049747  -122.314424    75.588893
   15.009100     5.228864     9.912564     8.330691  -123.719334    69.144307
   15.012029     5.102609    10.247242     8.447641  -121.603896    73.669892
   15.259003     5.162368    10.161687     8.451927  -114.065409    73.363134
   14.949381     4.836317     9.967797     8.101308  -121.588326    65.723644
   14.735814     5.263001     9.977773     8.629051  -130.921307    69.569506
   15.308307     5.389008    10.226043     8.148693  -117.563697    65.179683
   14.791531     5.114585     9.935816     8.432851  -126.773376    60.898801
   14.966791     5.070647    10.123812     8.748715  -120.167987    51.236137
   14.935347     4.891301     9.907915     8.447840  -121.722977    78.113875
   15.231358     5.089376    10.367182     8.371058  -115.104735    68.467460
   14.920085     5.007680     9.711737     8.490057  -124.642446    81.905449
   14.780899     5.010264    10.068562     8.521705  -126.287272    71.071939
   15.052418     5.284419    10.195623     8.545435  -121.514856    65.671032
   14.794617     5.121684     9.964292     8.395982  -127.268790    65.617664
   14.996853     4.874814    10.180879     7.984385  -122.001439    67.875676
   14.991703     5.008485    10.305102     8.002970  -123.859428    69.124683
   15.217936     5.091859    10.221228     8.153783  -117.068657    72.442462
   14.918992     5.096926    10.147108     7.872665  -127.005093    68.824653
   14.814657     5.060103    10.276223     7.994567  -128.125850    57.580121
   15.057226     5.260085    10.407857     8.279994  -122.962736    47.968172
   15.117479     4.858756     9.784873     8.084958  -117.810187    53.814089
   15.095440     5.237148    10.090685     7.923770  -123.571604    61.814999
   14.631168     4.827945    10.072705     8.175203  -129.777751    70.262066
   14.811480     4.778602    10.182323     7.930810  -125.884064    69.088066
   15.100249     4.850700    10.163212     7.984822  -118.827628    65.738989
   14.798137     5.164109    10.024514     8.118687  -130.240500    74.845323
   14.617398     5.005398    10.284443     8.240364  -134.510703    85.004726
   15.296955     5.272643    10.165137     8.293279  -115.498242    75.198190
   14.910539     5.148760    10.080512     8.035137  -126.749083    64.464164
   14.719365     4.857437     9.886565     8.241326  -128.274752    76.841571
   15.015012     4.766514    10.320182     7.982263  -120.350047    62.053336
   14.909929     4.609907    10.038992     8.184897  -120.286328    67.359623
   14.955194     5.118419     9.860458     8.301247  -124.389942    74.403082
   14.691802     4.999191    10.212772     8.048610  -131.577709    74.184893
   14.900476     5.013788    10.137555     8.195800  -125.224680    74.438135
   14.919472     4.797362    10.098338     8.282971  -121.405917    70.470637
   14.970796     5.193011    10.527297     7.964211  -127.347685    76.635221
   14.593815     4.712274    10.147411     8.149243  -128.273240    57.969243
   14.913629     5.027389    10.086605     8.103206  -125.566717    74.709362
   15.023259     5.119993    10.024453     8.087666  -123.329286    70.353442
   14.952118     4.888490    10.267786     8.194811  -122.391121    68.910968
   14.529459     4.978188    10.094029     8.217333  -136.699382    88.435397
   15.155548     4.844639     9.902016     8.124425  -115.672664    55.909352
   15.001292     5.102264    10.295586     7.931065  -124.436393    58.886841
   15.022332     4.882601    10.088630     7.945070  -121.172737    62.646889
   14.975623     4.930945    10.208832     7.948297  -123.547491    70.035090
   14.727870     4.751325    10.093663     8.068606  -126.929054    68.337885
   14.970803     4.685888     9.797178     7.906259  -120.758784    62.500214
   14.874307     4.641406     9.855790     8.679719  -119.228984    56.343544
   14.904422     5.182177    10.153866     8.066314  -127.834798    72.541282
   14.927245     4.843992    10.212051     7.882751  -123.456576    61.638361
   14.732281     4.882543    10.433492     8.269302  -128.934258    73.229292
   14.948743     5.017411    10.103371     8.127310  -123.165555    60.747739
   15.222180     4.688137    10.113690     8.380007  -110.667830    59.306014
   14.690738     4.791211    10.429411     8.181442  -128.642336    67.925352
   14.887536     5.231760    10.100284     8.253841  -126.431294    49.746689
   15.160623     5.124217    10.034396     7.898022  -120.596296    56.432352
   14.819538     5.313227    10.129268     8.142182  -130.601263    61.799880
   15.008071     5.118326    10.350035     8.205143  -123.327279    66.210434
   14.972873     4.901042    10.278074     8.033754  -123.266506    72.808406
   14.696911     5.097951     9.892353     8.009036  -130.957420    55.637230
   14.595568     5.033466    10.183610     8.093799  -133.704170    70.930885
   15.180894     4.806214    10.039892     8.085069  -115.671519    37.693631
   14.826383     5.152961    10.447198     8.136195  -129.518354    67.415764
   15.061940     5.106615    10.335952     8.009369  -123.008304    68.721739
   14.844007     5.028716    10.155549     8.091484  -126.813100    65.686384
   14.951781     5.086560    10.308622     8.149750  -125.908101    79.651213
   14.987677     4.785599    10.338729     7.886446  -122.608362    78.355190
   14.906473     5.162668    10.116477     8.051218  -127.298778    69.151236
   14.805581     4.974819    10.598699     8.278756  -127.521957    62.645618
   14.928678     4.818864    10.069423     8.151082  -121.644529    64.957109
   14.966094     4.993009    10.253340     8.140134  -123.437887    69.425364
   14.831451     4.845604    10.256407     8.102064  -125.108391    63.075639
   14.761689     5.058192     9.976648     8.274505  -127.611676    63.491662
   14.938311     5.371555    10.232924     8.123914  -128.718139    66.511255
   14.791351     5.051505    10.439707     8.125593  -130.458470    79.443019
   14.941115     4.749421    10.056870     7.981493  -121.204772    55.937375
   14.985999     5.043397     9.838252     8.094100  -123.227211    62.882181
   14.692348     5.051418    10.093943     7.829643  -132.472278    74.628741
   14.857199     4.984211    10.102695     8.163524  -126.084264    73.201173
   14.951812     4.839907     9.887076     8.342825  -120.234573    68.538267
   14.817847     5.147059    10.272476     8.260879  -128.589007    69.390861
   14.957270     5.379484    10.146834     8.101316  -128.044043    56.012606
   14.993989     4.959486     9.967704     8.163113  -120.770561    58.286961
   15.056191     5.076308     9.898656     8.346704  -119.780653    65.145032
   14.921072     4.800613    10.182729     8.136164  -122.420203    68.636327
   15.045161     5.030942    10.397173     7.964996  -122.757665    64.737931
   15.003834     5.069608    10.067613     8.146039  -122.563109    67.110451
   14.797114     5.085150    10.146334     7.892649  -129.451907    64.147257
   15.145078     4.908033    10.205791     8.378255  -114.624504    56.960341
   15.203437     5.313429    10.174703     8.118152  -120.439671    74.203160
   15.036527     5.083472     9.824183     7.893852  -123.834258    61.336416
   14.868749     5.251024    10.288120     8.048179  -129.384061    64.385909
   14.741555     4.946266    10.161132     8.225907  -127.625190    66.372885
   15.107283     5.040064    10.056160     8.040549  -119.948405    62.163671
   14.929630     5.036140    10.301000     8.107351  -125.234060    68.737200
   14.762846     4.920351     9.876424     8.325481  -125.166337    56.104215
   14.914318     4.920448    10.353910     8.034484  -124.812560    67.844023
   14.890537     4.754395    10.043463     8.120151  -122.043496    63.024833
   15.145568     4.805874     9.839982     8.229244  -115.168126    65.590434
   14.917207     4.808883     9.977657     8.099803  -122.613551    70.830647
   15.017206     4.840479    10.292427     8.089124  -121.018265    70.587684
   14.975218     5.265291    10.035882     8.268967  -125.454911    70.842610
   15.309202     4.674351     9.721413     8.119102  -112.189910    44.501879
   14.908486     5.077585    10.125047     7.813049  -127.239616    70.115045
   14.993623     4.574522     9.863866     8.143302  -118.034258    68.041555
   14.992431     5.042319    10.052655     8.111623  -122.596090    64.052372
   14.834362     5.135929    10.281587     8.061885  -129.102515    68.513188
   14.737722     4.857819     9.899945     8.306130  -126.069290    66.004044
   14.907509     4.891919     9.967710     8.163318  -122.950889    67.336807
   14.708351     4.846936     9.912096     8.034664  -128.170059    65.831382
   14.814078     4.984271    10.375071     7.944812  -128.130378    65.639322
   15.055571     4.958728     9.567392     8.030505  -123.982611    51.858742
   14.616873     4.975322     9.807421     8.560530  -130.380195    66.299898
   14.923268     4.980215    10.320186     8.001555  -125.466816    70.021112
   14.924648     5.047910    10.032695     7.911939  -125.829104    65.303883
   15.144017     5.059171    10.420234     8.069991  -119.660242    57.415957
   14.961051     5.049168     9.917724     8.240685  -122.911236    67.727599
   14.739976     4.988755     9.919262     8.068651  -128.384386    59.958492
   14.777181     4.935927    10.173621     8.094860  -127.813887    69.100754
   14.970855     4.962815    10.227271     8.181168  -123.110222    74.902165
   14.995930     5.114440    10.158389     7.889022  -124.859292    62.184606
   15.143130     4.915053    10.146631     7.846541  -118.852222    54.664130
   15.199803     4.964217    10.056855     7.974613  -117.019052    54.943938
   15.225932     5.069144    10.260700     7.850206  -119.033755    40.168900
   15.001381     5.077503    10.488532     8.035437  -123.812026    51.923032
   15.084617     5.018782     9.983904     8.230252  -118.368200    56.922846
   14.890481     4.869306    10.404775     8.008932  -124.633411    62.581294
   14.929181     5.183758    10.120702     7.921573  -128.588322    82.199246
   14.812153     4.804185    10.254790     8.107159  -126.321015    75.086388
   14.887403     4.936408    10.180698     8.312183  -123.469267    69.049186
   14.640327     5.116024    10.305058     8.396162  -131.562060    62.524178
   15.100130     5.105029    10.259263     7.941714  -122.211817    70.429344
   14.929878     5.171655    10.277195     7.991887  -127.955313    77.034194
   14.661099     5.265794     9.919708     8.058057  -134.632055    66.369777
   14.647706     5.079678    10.168826     7.997032  -133.625597    73.538358
   14.875312     5.096751    10.256539     8.399323  -126.408713    77.546576
   14.920645     4.866741     9.891334     7.979816  -123.280337    61.808880
   15.128002     4.901630    10.105064     7.891716  -118.898093    60.246519
   15.044578     4.755666     9.792646     8.115929  -118.215328    55.334238
   14.696488     4.980787    10.019631     8.236570  -129.222628    69.372021
   14.939143     4.636585    10.076566     8.069683  -119.515601    50.736058
   14.960165     4.886504    10.285104     7.917631  -123.855287    72.277086
   14.853278     5.025988    10.217469     8.421998  -125.272655    71.968743
   15.216533     5.070660    10.387505     7.980033  -118.459290    70.597478
   15.171409     4.749559    10.127068     8.108654  -114.724058    45.795614
   14.744811     4.901467    10.204750     8.004963  -129.024304    72.021163
   14.758943     5.071860    10.445668     8.014167  -130.343285    64.351852
   14.846981     4.720187    10.126674     7.870633  -124.115281    65.368764
   14.809223     5.013777    10.098771     8.115450  -128.012484    73.155603
   14.740608     5.161556    10.474856     7.868059  -132.421264    71.010668
   14.877810     4.967785    10.265139     8.142773  -125.634076    69.894408
   14.841469     4.841171     9.768301     8.257796  -124.545368    72.652157
   15.133884     4.968018    10.068170     7.983761  -118.735582    53.605105
   14.680589     4.927892    10.301258     7.843057  -131.564800    76.446913
   14.984204     4.873642    10.125927     7.932417  -122.668016    70.681619
   14.940675     5.012251    10.350126     7.888239  -125.071515    59.238214
   14.749279     4.855888    10.013118     7.939248  -128.293669    71.775162
   14.814787     5.138215     9.991597     7.893335  -130.428588    74.906887
   14.863242     5.021427    10.351182     7.903709  -128.222661    75.512410
   15.089660     4.810290    10.139129     8.165819  -117.074403    61.378036
   14.849760     5.173270    10.034882     8.166332  -128.552032    73.387593
   14.809515     5.176384    10.275724     8.187386  -131.057512    82.610964
   14.967451     4.999623    10.399115     7.805608  -124.033575    53.292187
   15.054891     5.028249     9.965593     7.859731  -122.405332    51.473033
   15.196066     4.786450    10.273976     8.317144  -113.187929    58.181260
   14.839978     5.109297     9.900254     8.423946  -125.736819    62.931685
   14.663985     4.720560    10.127524     8.400775  -127.404413    72.083457
   14.853160     4.791879    10.164116     8.399112  -123.434301    75.739880
   14.936515     4.885224    10.033263     8.270808  -120.395084    57.394863
   15.240076     4.785925     9.892191     8.166573  -112.472551    59.602129
   14.670640     4.974186     9.624057     7.970978  -133.012102    79.935981
   14.926873     4.904241    10.260691     8.079302  -123.470890    63.038226
   14.862196     4.878431    10.075762     8.080675  -124.545908    65.727494
   15.235702     4.901692    10.079859     7.874907  -116.178155    53.441990
   14.854323     4.695003    10.330224     8.165202  -123.302576    66.854136
   15.064280     5.006740    10.183258     7.910312  -122.181035    70.676035
   14.740151     5.083693    10.226396     8.147086  -131.352608    77.718163
   14.810573     4.915693     9.995896     7.976017  -126.860205    66.785424
   14.594698     5.039444    10.278406     8.111129  -134.557039    75.334376
   14.763292     4.990829     9.994494     8.191936  -126.849179    59.561518
   14.682811     5.048843    10.050254     7.896655  -132.491888    73.762905
   14.843190     5.227732    10.220341     7.957651  -129.668033    59.022644
   14.912086     5.125487    10.205143     8.041795  -126.578498    64.589610
   15.063939     4.780454    10.343945     8.049203  -119.053321    62.780057
   14.671871     4.807996     9.923798     8.248006  -127.485421    65.682768
   14.817261     4.904343     9.939284     8.038219  -126.398643    68.787667
   14.832346     4.940515    10.195779     7.962259  -127.004043    67.372419
   14.674800     5.056802    10.249820     8.254110  -131.990138    75.214562
   14.894329     5.053426    10.344714     8.074823  -126.432609    65.476610
   14.791739     4.938954    10.234387     7.894166  -128.509541    70.887174
   14.749130     4.949223     9.983945     7.926255  -128.754423    64.746430
   14.686150     4.886671     9.985718     7.854850  -128.977913    57.053549
   14.918110     4.843430    10.142390     8.141452  -122.219276    62.574421
   15.123809     5.088623    10.018461     8.176580  -118.904784    63.034039
   14.945452     4.812932    10.128202     8.009324  -122.434400    67.778946
   15.077209     4.831740    10.346372     8.143948  -118.303451    49.358184
   15.130259     5.289695    10.268995     8.427890  -120.363415    41.398916
   14.926382     4.874356     9.686463     8.358461  -122.011331    52.438511
   14.736439     5.147824    10.183721     8.025467  -130.486412    53.821022
   15.167379     4.970993    10.351667     8.158351  -117.189230    54.009358
   15.161925     5.242141    10.290731     7.923947  -121.890376    65.296669
   15.156986     5.300195    10.402879     7.928452  -122.697818    48.373485
   14.650169     4.939677    10.299040     8.182094  -129.278980    53.595393
   15.027978     5.075690    10.250856     8.060753  -122.430910    47.264991
   15.208129     5.197915    10.120227     7.884107  -120.231466    64.864083
   14.978694     4.949227    10.520454     7.842285  -123.080541    54.092934
   15.088039     5.220659    10.235902     8.377419  -120.458908    64.783082
   15.335618     5.116521    10.065298     7.835440  -116.497827    49.584858
   15.059879     4.987255     9.922647     7.855495  -121.861878    55.401613
   14.916714     5.337295    10.164373     7.926042  -129.808525    69.243154
   15.066442     5.211359    10.070975     7.995078  -123.663662    64.313808
   14.839088     5.104929    10.138743     8.390724  -125.660352    64.749671
   15.245615     4.747043    10.184923     7.874355  -114.899435    39.516826
   14.820929     4.914160    10.345377     8.494200  -124.585103    64.429107
   14.910523     4.747437    10.295449     8.366033  -120.027847    45.874074
   14.874116     4.829989    10.162889     8.119803  -124.525072    74.047427
   14.772358     4.941310    10.362880     8.202236  -127.337892    61.658774
   15.052253     4.947944    10.270184     7.865315  -122.014871    68.474963
   14.825655     5.149213     9.956927     7.937957  -129.427997    65.139394
   14.712289     4.788387    10.025988     8.234344  -127.770859    76.238515
   14.703957     5.161089    10.355176     8.098426  -132.708391    67.986547
   14.779154     4.821320    10.186360     8.000952  -125.706015    54.481801
   15.005150     4.903395    10.257195     8.211322  -120.239797    59.864544
   14.951999     4.970673     9.995331     8.150593  -123.293628    73.411836
   14.765735     5.022369     9.870409     7.895389  -130.052165    72.456754
   14.883448     5.163866    10.172132     7.914784  -128.607254    68.998894
   14.530078     4.789715    10.167178     7.974557  -132.330997    68.764567
   14.742849     4.926200    10.254002     8.369496  -126.587653    63.225135
   14.956165     4.784570    10.401508     7.971059  -121.723690    54.303143
   14.711407     5.074842    10.337502     8.147212  -131.051815    66.454813
   14.932940     4.959325    10.403192     8.041080  -124.076446    55.074232
   14.649060     4.947354     9.683653     8.109955  -130.851479    60.473266
   14.921086     5.159940     9.869390     8.059981  -126.481542    56.616399
   15.044269     5.298955    10.299357     8.395575  -122.981968    65.236762
   14.848729     4.820690    10.075387     8.154292  -124.368733    71.138729
   15.189287     5.171281    10.225884     7.949364  -120.569708    77.222488
   15.000840     5.303952    10.435613     7.959605  -126.866170    61.348580
   15.053771     5.085431    10.245834     7.981124  -122.586066    59.763193
   14.691510     4.927196    10.250045     8.090788  -129.738396    66.080497
   14.737070     4.605410     9.918257     8.023560  -125.123104    66.808472
   14.953747     4.921475    10.391775     8.238748  -123.792869    78.385869
   14.836703     4.720063     9.840928     8.162742  -123.816540    73.295218
   14.849497     5.035819    10.337454     8.243220  -126.361186    65.041997
   14.857483     5.001259    10.208816     8.206427  -125.830410    69.115378
   14.836812     4.788558    10.069327     8.092121  -124.518529    69.191598
   14.815025     5.018729    10.096031     7.900935  -127.977005    61.707423
   14.811749     5.148343    10.445148     8.101393  -129.803141    65.373443
   15.046676     4.869880    10.572869     8.131530  -120.437760    59.719170
   14.961729     4.795313     9.974692     7.887501  -121.978966    63.192933
   14.963409     4.976100    10.247517     7.721474  -125.077391    75.106290
   14.923192     5.234352    10.099857     8.315603  -125.606002    63.260412
   14.867943     5.034759    10.457583     8.275238  -127.783181    81.238911
   14.865030     5.182098    10.127040     8.031657  -128.482224    65.348840
   14.955306     4.739212     9.993021     8.060663  -120.036639    47.652585
   14.932789     4.973826    10.156728     8.168400  -122.457078    54.646656
   14.726446     4.816297     9.958562     7.961782  -127.321323    61.526324
   15.071042     5.119984     9.993681     7.921412  -122.787303    60.532516
   14.604887     4.759030    10.062181     8.079484  -129.593480    66.249457
   15.031216     5.156500    10.224866     8.323890  -122.556243    75.751435
   14.821814     4.943955    10.131485     8.275994  -124.473496    61.925001
   14.959381     4.984696    10.215521     8.192730  -123.209577    71.506888
   14.814669     5.128568    10.037888     8.325627  -128.401066    76.964196
   14.858941     4.845379    10.224332     8.020384  -124.755727    63.172855
   14.881303     5.061624    10.055116     8.187394  -125.845118    70.833900
   14.969492     4.981780    10.177073     8.181235  -123.457968    77.552868
   14.704914     4.855511    10.217473     8.033090  -129.677376    74.313909
   14.786439     5.043866    10.373819     8.276206  -129.181416    75.034542
   14.938069     5.365145    10.324603     8.242356  -128.952017    78.080076
   14.696794     4.684009    10.085322     8.327705  -125.865296    68.044468
   15.250738     5.118855     9.955885     8.031192  -117.113172    63.258057
   14.970296     5.319298    10.300748     8.009975  -127.609727    61.906157
   14.957990     5.336005    10.382514     8.404671  -126.316191    65.182933
   14.941721     5.347333    10.233375     8.390565  -127.014646    70.608295
   14.812450     5.546488    10.285275     8.204416  -134.656114    72.619823
   14.942297     4.932166     9.907775     8.103631  -122.800819    65.111193
   14.648606     4.993740    10.161957     8.671768  -128.485108    59.395389
   14.531272     5.030031    10.211185     8.378091  -133.855155    69.732307
   14.990579     5.154842    10.317400     7.982557  -125.660647    69.458647
   14.840047     5.034868    10.268841     7.846201  -128.784479    73.764893
   14.757007     5.107397    10.116522     8.295550  -129.287410    71.608341
   14.928175     4.948956    10.119777     8.068884  -124.302753    71.858259
   14.964530     5.096056    10.282457     7.974412  -124.986134    56.362510
   14.836686     5.033757    10.380185     8.114086  -128.317922    73.361303
   14.563758     4.868711    10.225767     8.175123  -132.892228    74.725080
   14.797604     4.633286    10.137891     8.143015  -122.962237    58.726771
   14.820960     5.104955    10.306790     7.973356  -129.123067    64.203804
   14.676359     4.935235     9.994147     8.117948  -129.021017    61.602569
   15.211053     5.210624    10.039518     8.089587  -118.866155    65.503218
   14.435321     5.009442    10.157764     8.041988  -136.766154    67.516052
   14.899942     4.783985     9.965867     7.885759  -122.983729    55.983319
   14.894286     5.333284    10.422205     8.057361  -129.508743    56.713851
   15.222626     4.977904     9.903173     7.963231  -117.745346    42.730974
   14.916661     4.751652     9.846979     8.326999  -119.571631    48.598516
   15.238862     4.927157    10.394182     8.366329  -114.064695    38.676114
   15.119069     4.927050    10.099011     8.027256  -118.323992    55.427697
   14.730939     4.821830    10.020574     7.862404  -129.004152    76.690565
   14.812151     5.089777    10.193557     7.879325  -129.943576    72.942402
   14.538828     4.884849    10.058848     7.927985  -132.092458    59.097412
   14.997275     5.310465    10.228802     8.058444  -126.431563    42.876106
   14.900148     4.997557     9.957732     8.130459  -123.801579    54.629312
   14.950355     5.008471    10.142922     8.059540  -123.330653    40.288042
   14.928967     4.951132     9.861198     8.165734  -122.490189    51.914208
   14.924021     5.415938    10.385343     8.038771  -129.636113    48.719816
   14.775952     5.044756    10.145598     7.930785  -128.641790    54.139824
   15.091892     4.969641    10.112350     8.261664  -117.043774    52.882358
   14.858895     5.133095     9.858688     7.968562  -128.176429    47.410056
   15.245767     4.894690    10.179515     7.852798  -116.256818    45.706897
   15.089297     4.999208    10.022365     7.847634  -121.202327    50.687434
   15.005966     5.494870    10.373296     7.863265  -129.115512    64.821848
   15.041760     5.242310    10.486191     8.151315  -124.847175    72.731521
   14.769891     4.889578    10.402760     8.046417  -128.440889    71.096704
   14.682550     5.174703    10.007015     8.063611  -133.008972    68.998523
   14.614943     4.964662    10.428033     8.275916  -133.914303    81.301301
   14.943703     5.008110    10.352639     7.932107  -125.228954    65.618841
   14.972274     4.903633    10.247045     8.071764  -123.062408    73.257769
   14.658843     4.902748    10.026807     8.276700  -129.599960    72.808552
   15.018423     5.286860    10.086633     8.238018  -124.206364    61.053384
   15.028208     4.920574    10.223592     8.180065  -120.178352    64.623548
   14.863195     4.853963    10.402264     8.141343  -124.853441    64.967603
   14.868845     4.994728    10.011887     7.867080  -126.334527    58.412665
   14.719715     5.130273    10.349134     7.910211  -132.744012    72.398727
   14.910358     4.826542    10.402148     8.145330  -123.049181    60.704215
   14.841186     4.855328     9.986964     8.152170  -125.195522    74.665635
   14.987386     5.061087     9.768756     8.251174  -122.709727    59.066965
   14.910861     5.086363    10.031678     8.147797  -125.243614    66.549908
   15.230931     5.016063    10.342905     7.831189  -117.848451    56.658722
   14.996306     4.951160    10.350812     8.079195  -123.483828    77.359508
   15.092633     5.198296     9.813133     8.141164  -122.497390    63.764495
   15.027249     4.880668    10.166942     8.191784  -119.809825    68.430839
   14.739474     5.025379    10.237422     8.125655  -129.556242    66.712405
   14.883534     5.054728    10.265901     8.278078  -125.279985    67.258627
   14.711323     4.881867    10.067908     8.188151  -127.683254    66.009770
   15.028975     5.009552    10.392316     8.232023  -121.303283    61.948648
   14.932278     4.999191    10.130325     7.814448  -125.331954    63.492429
   14.870604     5.156877    10.271219     8.455084  -126.771764    75.125829
   14.952270     5.070857    10.371758     8.286079  -124.311470    70.883002
   15.127645     4.881672    10.220422     8.083596  -117.614422    60.638649
   14.883020     4.781951    10.210581     7.744546  -123.955696    64.945082
   15.071439     5.022835    10.058217     7.983402  -121.598566    70.846337
   15.004710     5.280427    10.185977     8.525779  -122.719792    58.734995
   14.826484     5.100976    10.658637     8.012298  -128.832811    61.301205
   14.733549     5.292095    10.245985     8.435852  -130.490750    47.135026
   14.831975     4.869019    10.184983     8.127268  -124.855083    62.045850
   14.915238     5.255636    10.302026     7.991857  -128.777987    69.159499
   14.963306     5.134589    10.380942     8.191770  -124.894720    64.667547
   14.940185     5.420609    10.343022     8.218802  -129.342909    72.810501
   14.927124     4.750748    10.129420     8.133371  -121.057734    61.299372
   14.624184     5.017736    10.072420     8.153536  -133.153190    77.250361
   14.835833     5.377330     9.994661     8.233178  -130.880056    63.804471
   15.054478     5.358136    10.185351     7.969408  -125.906661    59.141858
   14.915423     4.865287    10.324626     7.795817  -124.375554    66.312767
   14.992840     4.942808    10.020567     8.011319  -122.845415    73.648773
   14.784342     5.022849    10.012980     8.284549  -126.040854    60.073599
   14.806437     4.776874    10.432681     8.106145  -125.444258    63.058971
   14.815166     5.196917    10.141715     7.989154  -130.879411    74.158876
   14.851359     4.986602    10.251917     7.978489  -127.934468    76.568986
   14.980488     4.759135    10.238134     7.760282  -120.880562    52.448319
   14.881708     5.285106    10.218261     8.042866  -129.113699    59.284402
   15.053073     4.888852    10.204683     7.938401  -120.661272    62.242755
   14.812812     4.975315    10.197859     8.178735  -126.003257    60.601919
   15.052350     4.963509    10.058176     8.095234  -119.800313    55.569205
   15.032628     5.128031    10.223563     7.779143  -124.474251    64.110952
   14.799808     5.304098    10.172589     8.297155  -131.702000    78.476307
   14.945483     4.874081    10.210422     8.023961  -123.174152    67.588011
   15.046027     4.828957    10.098885     8.027751  -119.294498    58.779011
   14.953956     4.950298     9.769478     8.072402  -123.186640    53.810828
   15.028746     4.971254    10.336284     8.211534  -121.555056    72.889473
   14.942574     4.915556     9.982287     8.439830  -119.544334    56.970379
   14.737374     5.221608    10.411375     8.376061  -130.791973    58.894721
   14.593886     4.818273     9.852346     8.361639  -129.596504    68.469111
   15.044996     5.140018    10.032089     8.461708  -120.492635    71.900643
   15.362198     5.187296    10.017550     8.109495  -114.194474    51.576280
   15.080435     4.961045     9.837513     8.339493  -117.810910    63.141087
   14.936540     5.381255    10.282267     8.166156  -128.795159    67.566123
   15.039717     5.272917     9.969856     8.108568  -124.511100    56.385179
   15.164034     5.383392    10.202044     8.199054  -121.674109    59.740615
   15.223208     4.956860     9.631328     8.328837  -117.842564    44.950218
   14.630265     5.211431    10.095025     8.281654  -132.319646    53.864236
   15.054497     5.166093     9.847205     8.201447  -122.805436    46.012410
   14.821606     5.234220    10.422606     8.654338  -127.539667    53.058693
   15.230188     5.510438    10.200001     8.369834  -120.229273    62.539120
   14.983599     5.323385    10.106932     8.099157  -126.642246    47.343517
   15.024435     5.076245    10.012113     8.310621  -120.129487    58.327637
   14.816058     5.012394     9.928247     8.458059  -124.613531    61.608718
   15.242064     5.067388    10.369978     8.385083  -114.642350    72.134607
   15.094277     4.818960    10.178436     8.340141  -116.098356    65.766009
   15.302034     5.004817     9.888530     7.979071  -114.895383    67.497871
   15.048977     4.899782    10.386279     8.033207  -121.323493    71.177044
   15.093234     5.128238     9.856090     8.307128  -121.245095    83.549748
   15.033415     5.130364     9.962912     8.259033  -122.322371    74.885278
   15.318718     5.217779    10.128769     8.397397  -113.035939    71.674684
   15.036294     4.956692     9.870551     8.079934  -121.499415    74.891993
   15.143413     4.817936    10.346415     8.078024  -117.594559    72.205182
   14.988577     5.009396    10.243713     8.095067  -124.079757    78.959420
   15.080399     5.195311    10.164184     8.262672  -121.273173    68.545381
   15.006944     4.645492     9.911183     8.331398  -117.178941    69.217457
   14.898840     5.028836     9.978942     8.364135  -124.165142    74.144236
   15.220618     4.579663    10.124102     8.314822  -110.711039    63.451561
   15.281484     4.993047    10.113539     8.057678  -114.456877    67.352096
   14.948760     4.948566    10.311817     8.486687  -121.949690    72.971199
   15.114684     4.878179    10.255892     8.504002  -115.518831    68.526833
   14.854826     4.867343    10.180113     7.868746  -125.621955    64.536644
   15.083125     4.691443    10.187254     8.226618  -116.459431    68.127346
   15.184869     5.295131     9.934312     8.254127  -119.912572    66.152731
   15.079770     4.962406    10.452153     7.920508  -121.757422    73.782960
   15.343335     4.946077    10.084101     7.971512  -112.801088    64.847276
   15.038539     4.860386    10.392709     8.286110  -119.483576    65.853252
   15.380804     5.134974    10.330729     8.212469  -111.811398    70.018181
   15.317644     4.914260    10.064487     8.414261  -108.868931    57.924446
   14.970539     5.260997    10.117415     8.545639  -123.547665    63.852451
   14.975537     4.914902     9.885533     8.058073  -122.075545    64.558044
   15.081559     4.965565     9.927222     8.598613  -116.238962    62.812438
   15.158594     5.169825    10.255898     8.414365  -117.907511    73.061069
   15.084842     4.860773     9.958690     8.453980  -116.175458    71.847520
   15.415750     4.704903    10.121959     8.138735  -107.122681    67.283225
   15.080467     4.896973    10.038549     8.207809  -118.090608    69.436529
   15.074332     4.920039    10.138128     8.147080  -119.404209    71.935582
   15.073762     4.950848    10.272924     8.316663  -118.110877    61.176977
   15.150297     4.546933     9.833467     8.154141  -113.605598    68.342062
   14.997160     4.949533    10.172600     8.198571  -121.920321    74.950655
   15.197791     4.983269    10.196572     7.909783  -117.928126    60.525187
   15.004797     5.142519     9.882369     8.167413  -124.560998    80.413524
   15.015906     4.999437    10.330788     8.315448  -120.425803    58.249094
   14.962846     4.915437     9.972135     8.386765  -119.765664    63.377418
   14.885112     4.986910    10.316846     8.219891  -125.364599    69.845721
   15.021689     5.096216    10.280209     8.591071  -120.329968    69.919722
   15.305620     4.826413    10.049164     8.140648  -111.250078    66.654510
   15.065123     4.989696     9.807348     8.141889  -120.580623    70.913018
   14.873580     4.773545    10.188756     8.002441  -123.763759    64.949707
   15.265136     5.013204    10.125292     8.015161  -115.794842    73.039810
   15.103055     4.908920    10.173399     8.190898  -118.281985    72.681216
   14.884292     4.834046     9.885307     8.189872  -122.625867    64.701567
   15.290864     4.770226     9.890152     8.049436  -112.009724    58.390037
   15.164332     5.020286    10.234304     8.539057  -114.356920    49.174999
   14.902749     5.045292    10.115811     8.147633  -125.034480    66.509206
   15.110652     5.007837    10.067572     7.949356  -120.896604    76.314261
   14.843065     4.801180     9.982262     8.492822  -120.904147    55.145951
   15.083968     4.782967     9.957059     8.152215  -117.090794    66.163896
   14.752618     5.178180     9.917356     8.510266  -129.737056    72.219430
   15.140848     4.846662     9.989223     7.986461  -117.199375    56.948798
   14.863463     5.064900    10.096395     8.134313  -126.729841    70.082088
   15.050837     5.082308    10.202082     7.986689  -123.065040    71.384376
   14.849451     5.235746    10.262208     8.206619  -129.096006    68.496404
   15.080341     5.068165     9.941466     8.374932  -119.382735    74.915686
   14.835862     4.878404    10.050603     8.384350  -124.129789    73.380574
   15.167951     5.152837    10.094345     8.120328  -119.038201    64.553013
   14.749906     4.800432     9.950827     8.359026  -124.511010    62.921367
   15.203538     5.217373    10.547766     8.212342  -118.959521    57.790652
   14.998807     5.143076     9.760814     8.508238  -122.892490    69.609417
   15.027424     5.107741     9.824084     8.103263  -123.473762    72.745223
   15.152073     5.389549     9.957156     8.401862  -121.387858    62.620739
   15.144298     5.092940    10.044574     8.367055  -117.420820    72.566202
   14.805423     4.856014    10.223954     8.544007  -124.583974    72.174288
   15.003135     4.955543    10.045172     8.322901  -121.005382    78.061414
   14.941121     4.982632    10.316414     8.201142  -124.437958    75.677952
   14.954900     5.291662    10.422553     8.115554  -127.378191    61.523283
   15.155768     4.937373    10.241354     8.417871  -114.895199    64.631988
   15.094686     5.067208    10.176279     8.057605  -120.452022    51.253249
   14.898670     5.004600     9.936575     8.211108  -123.701829    61.687683
   14.730048     4.784314    10.182889     7.992925  -126.390897    54.499512
   14.907388     4.778358     9.889865     8.484770  -119.237971    44.374059
   14.864809     4.816569     9.669861     8.290152  -123.450495    48.168813
   14.692405     4.955859     9.887493     8.079069  -128.491616    37.679691
   15.317191     5.432045    10.202521     8.164024  -118.766252    46.284353
   14.771858     4.859453    10.324762     8.086008  -125.882826    48.288929
   14.916664     5.022021     9.989717     8.102067  -123.846075    44.885901
   15.410000     5.095275    10.464161     8.226639  -113.157398    32.626146
   14.965766     4.786799     9.966947     8.480328  -117.777937    58.514010
   15.383439     5.100614     9.859042     7.966653  -116.004183    41.632111
   15.245385     4.834442    10.206470     8.293499  -112.066843    44.996324
   14.746192     4.747360    10.244980     8.423800  -124.255588    58.651424
   15.055059     5.208465    10.363768     8.331808  -121.822452    46.901011
   14.597219     4.767112     9.946753     7.943674  -129.706542    61.679097
   14.977850     5.195111    10.395200     8.090437  -125.574733    59.088431
   14.969147     4.878436    10.150765     8.300322  -119.170611    49.560412
   14.892851     4.926493    10.408867     8.208872  -125.365276    74.182438
   15.101801     5.203610    10.449793     8.249817  -121.460664    63.228307
   14.957589     5.025547     9.876866     8.291341  -121.919388    58.851250
   15.112937     4.981886    10.212310     8.175972  -118.690041    69.311487
   14.885241     4.932738    10.462628     8.595414  -124.476978    77.211378
   15.230264     5.001935    10.119038     8.448496  -113.234048    73.682363
   14.865533     5.043905    10.044798     8.123810  -127.366404    79.124990
   15.092394     5.104361    10.037835     8.613009  -118.050436    73.885354
   15.114685     4.790775    10.114252     8.037022  -117.223418    62.272726
   14.935467     5.072991    10.122549     8.217870  -123.961032    66.766381
   14.939599     4.932668     9.924136     8.241806  -121.371590    59.429364
   15.215573     4.810462    10.014386     8.075430  -115.002524    77.842431
   14.967184     4.849185    10.127141     8.285055  -121.304023    76.857515
   14.962545     4.786817    10.008829     8.271623  -119.804267    68.367157
   15.008652     5.028457    10.363627     8.312103  -122.492533    76.357573
   15.043998     5.150475    10.411529     8.150741  -123.975317    77.806255
   14.865204     4.924623     9.944951     8.054978  -126.500013    80.788378
   15.174002     4.781617    10.076353     8.525486  -111.726260    59.566931
   15.127433     5.011887    10.171893     8.486236  -115.691472    63.511570
   15.153315     5.415878    10.004640     8.369118  -121.751701    65.746612
   14.890817     4.900939    10.037802     8.348351  -122.448929    69.251415
   15.147348     5.171717    10.350507     8.157365  -120.070416    47.936116
   14.986323     4.690535    10.000529     8.241446  -118.074852    62.038980
   15.168697     5.303287     9.882177     8.455912  -120.337371    48.535142
   15.146305     5.180308    10.282328     8.185205  -119.611644    54.585632
   15.130070     5.099540     9.980899     8.310182  -117.560745    54.674858
   14.970476     5.003775    10.271744     7.935147  -123.754412    51.598656
   14.869597     4.775655    10.236784     8.208645  -122.162591    54.610474
   14.892613     4.721484    10.238695     8.330569  -120.271045    50.564038
   15.206357     5.146219    10.010561     8.069565  -119.585753    38.277202
   15.161720     4.814188    10.206711     7.916404  -117.025551    49.992364
   15.055512     5.445207    10.381796     8.235759  -125.697078    62.458563
   15.036789     5.100042     9.988034     8.204525  -121.033187    55.411940
   14.901505     4.855847    10.256185     8.199205  -123.759206    72.802443
   14.903762     4.827810    10.117179     8.519622  -120.848309    69.226791
   15.058019     4.988491    10.250132     8.270668  -118.823939    54.638146
   14.928788     4.783083    10.294155     8.400023  -120.043463    56.403551
   15.030568     5.233804    10.221905     8.348550  -122.172375    55.607051
   15.373954     4.845414     9.892913     7.974230  -111.107351    58.991725
   15.050602     5.083392    10.112880     7.942471  -123.146223    70.366163
   15.016382     5.003608     9.891866     8.179506  -121.509243    70.397214
   14.856972     5.035105    10.040010     8.069832  -125.958676    58.051296
   14.711052     4.906055     9.833379     8.187430  -127.505529    59.332521
   15.105767     5.071657    10.162570     8.111011  -119.715642    56.786021
   15.051197     5.351616    10.240644     8.474630  -122.854822    62.745534
   15.101319     5.004644     9.869608     8.359129  -117.764888    43.476129
   14.679580     4.627951     9.956988     8.316391  -124.515150    56.461927
   14.902590     4.904920    10.113590     8.413345  -121.457442    65.094070
   15.231436     4.950971     9.797380     8.332276  -113.827441    52.878067
   14.797643     5.111648    10.195512     8.259786  -126.907246    53.169540
   14.853494     4.872420     9.931821     8.297773  -122.013866    43.396774
   15.090192     5.397613    10.086058     8.187221  -124.337073    53.594309
   15.094353     5.104513    10.325110     8.236214  -119.868379    53.819466
   14.960275     5.107798     9.812831     8.502769  -122.599282    53.960034
   14.991528     5.488042    10.147057     8.178171  -128.397920    62.160603
   14.989840     4.913706    10.207687     8.277918  -120.230394    63.496313
   14.955063     5.047940     9.979634     8.192898  -122.978642    63.568153
   15.116921     5.011109    10.067436     8.494624  -115.829238    64.083916
   15.050955     5.233213    10.295420     8.190844  -123.583890    69.945465
   15.210226     5.277873    10.491703     8.379015  -118.221967    50.686392
   14.968997     4.858211    10.182521     7.963453  -121.990382    56.089368
   15.047006     4.933787     9.879749     8.022180  -120.579089    48.564944
   14.718206     5.135992    10.136325     8.107950  -130.894945    62.526528
   15.098663     4.870152    10.359580     8.276665  -117.799670    35.171940
   14.949461     4.801266    10.094090     8.057689  -121.255465    59.065050
   15.099176     5.259286    10.203971     7.911322  -123.765751    51.893903
   15.001278     4.824330    10.271852     8.033467  -120.602438    53.902391
   15.075520     5.113121    10.458749     8.109541  -121.933205    53.339034
   14.878246     4.675043    10.056384     8.168390  -121.014841    58.080135
   15.112334     4.819197    10.232187     7.892534  -118.428970    53.514204
   14.850978     4.894919    10.018291     8.000464  -124.436616    45.932862
   15.032580     5.242602    10.131879     8.014395  -124.948468    66.010019
   15.045380     4.886568    10.395159     8.125962  -120.110466    57.136889
   14.964545     4.787040    10.116394     7.960907  -121.543786    62.370365
   15.060857     5.248302    10.445985     8.096460  -124.100499    62.772865
   15.508513     5.109402    10.385813     8.260687  -108.172326    42.491073
   15.157741     5.296582    10.310923     8.502782  -118.578728    60.230480
   15.287170     5.025612    10.133992     8.131129  -113.702234    52.978160
   14.719951     5.237282    10.373291     8.250471  -131.860723    58.926430
   15.014006     4.862392    10.490105     8.233907  -120.232341    49.137935
   15.211439     4.735322     9.754410     8.344030  -112.473537    51.543885
   15.008550     5.235810    10.282520     8.325201  -123.358441    60.654669
   14.758618     5.126865    10.323344     8.263027  -128.598482    51.664053
   15.063405     5.150532    10.334348     8.095302  -122.963373    69.146700
   14.889966     5.083407    10.220369     8.416864  -123.924024    62.898790
   14.998868     4.782540    10.406297     8.394313  -119.065348    60.691928
   14.911235     5.022886    10.273880     8.210573  -123.621703    51.752521
   15.088445     4.858494    10.158781     7.858384  -119.537722    55.709760
   14.790828     5.185441    10.093665     7.988108  -130.125882    58.994822
   15.068558     4.819273    10.432380     8.437801  -117.076470    45.722190
   14.880826     5.170489    10.219473     8.084169  -127.259838    56.688702
   14.685081     5.040541     9.897208     8.371242  -128.719176    59.984759
   14.932674     5.253248    10.106682     7.986294  -127.474183    54.021357
   15.143050     4.676039     9.932495     8.190023  -113.920466    55.142303
   15.312018     5.309100    10.113793     7.907721  -118.533046    58.112994
   14.674607     4.727478    10.028552     8.348266  -126.248683    65.518701
   14.880266     4.842355    10.123122     8.210655  -122.737287    63.994127
   14.928520     5.235855    10.247557     8.480262  -124.392469    54.174001
   15.239631     4.755823    10.276162     8.412218  -111.234638    45.355234
   15.253344     4.992227    10.374101     8.020347  -116.183373    50.767460
   14.850153     4.662372    10.143128     7.933068  -122.721543    57.322285
   15.008637     5.141154    10.079629     7.984640  -124.087107    51.531754
   15.203931     5.112136     9.799828     8.143905  -118.500651    53.011686
   14.992014     5.123411     9.982932     8.317349  -121.650447    52.359193
   15.207777     5.330029    10.110694     8.105670  -120.381993    60.275258
   15.109724     5.108780    10.067149     8.247889  -118.575137    53.324092
   15.039063     4.893455    10.162543     7.978252  -120.532382    56.182625
   14.879773     4.758003    10.087821     8.295467  -120.379820    50.020944
   15.044593     4.639115    10.063905     8.124667  -116.986226    61.152624
   15.313152     5.091774    10.298789     8.055880  -115.925479    39.359779
   14.935487     4.777593    10.003801     8.074898  -121.044055    57.555084
   15.048485     4.863938    10.175182     7.885991  -120.398077    51.775054
   15.098708     5.067396    10.317211     8.223492  -119.840864    38.879619
   15.288368     4.761561    10.266686     8.019742  -113.454416    37.837567
   14.619999     5.066195     9.827315     7.952979  -133.299796    65.337625
   15.149612     5.081899    10.442313     8.503796  -117.248336    41.210294
   14.866655     5.009195    10.017717     8.133992  -124.664309    54.487365
   15.362812     4.956146    10.126487     8.157085  -110.403929    60.704517
   15.057675     4.787697     9.825901     8.158712  -117.767303    48.713404
   14.702721     4.692815    10.171371     7.992619  -126.247509    58.110617
   15.068987     4.764116    10.039770     8.346950  -115.236004    46.293461
   14.816850     4.779040     9.853700     8.395263  -123.276415    69.013110
   15.191789     4.788971     9.986801     8.220745  -113.154426    49.269040
   15.076576     4.790733    10.035474     8.344821  -115.437522    58.534606
   15.075373     5.110655    10.100520     8.126925  -121.519490    71.157287
   15.297527     5.147654    10.345663     8.218834  -114.564524    63.097705
   15.399607     5.435550    10.031480     8.403470  -114.810341    49.802980
   15.081993     5.145014    10.282647     8.074942  -122.398197    69.773120
   15.175335     5.300723    10.012739     8.328995  -120.679754    40.103784
   14.939472     4.612572    10.130037     8.145509  -119.473512    61.042642
   15.208108     5.196325     9.761820     8.195889  -120.404020    47.855461
   15.003221     5.042703    10.381400     7.806336  -123.791239    54.428737
   14.868207     4.745012    10.117531     8.155455  -121.785385    53.582400
   14.959350     5.037139    10.174572     8.066454  -123.553146    38.699195
   14.852963     4.648777     9.982982     8.309214  -120.342790    35.026319
   14.815521     4.648740     9.768377     8.083913  -122.920158    50.767038
   15.171942     4.686813     9.828132     8.317521  -112.620721    57.542995
   14.922809     4.695972     9.844467     8.019460  -120.996026    46.286868
   15.184520     4.944610    10.277376     8.304232  -114.861110    46.370901
   14.728994     4.689910     9.972978     8.367869  -124.000684    61.471720
   14.720284     4.918106     9.892597     8.551036  -125.226995    43.060825
   15.109781     4.743724    10.020191     8.156946  -115.590516    56.269317
   14.919787     5.148476    10.151034     8.123563  -125.450515    54.176168
   15.033189     4.835478    10.224676     7.898394  -120.527332    55.441065
   15.130875     5.114416     9.733884     8.283378  -119.902366    67.662805
   14.650278     4.726953     9.920622     8.412039  -125.248413    51.587462
   14.833381     4.732340    10.240755     8.088656  -122.824362    44.732312
   15.177906     4.983411    10.070849     8.358324  -115.015489    37.137867
   15.132670     5.042400    10.190053     8.659819  -115.083061    49.112963
   15.217794     5.189536    10.167675     8.179553  -118.315697    40.568269
   15.102373     5.042163     9.981495     8.172342  -119.156741    42.814225
   14.947916     5.141374    10.353075     8.272033  -124.849384    65.918642
   15.284509     5.029461    10.022257     8.474722  -110.788888    57.190815
   14.856403     5.088804    10.256535     8.007066  -127.237792    54.790258
   15.273780     5.051391    10.090029     7.805849  -118.220624    39.372637
   14.899527     5.252231    10.317194     8.338755  -126.508585    56.052166
   14.978998     4.922216    10.163279     8.040364  -121.716426    45.530807
   14.680326     5.212881    10.179137     8.389258  -130.704787    32.690967
   14.825023     4.953413    10.187926     8.340224  -123.652560    56.085733
   14.910711     5.214996    10.502814     8.416955  -126.810594    68.320189
   14.768858     5.203206    10.458025     8.149934  -130.657273    55.325930
   14.801207     4.877972     9.951851     8.123307  -124.712123    52.708721
   14.928899     4.838320     9.998545     8.356749  -119.718815    58.921663
   14.817655     5.157349    10.130213     8.641991  -125.685709    54.927508
   15.038685     4.885906     9.788476     8.296048  -118.595520    48.656681
   14.885503     5.046360    10.347960     8.531348  -123.450690    56.980376
   14.970211     4.933999    10.043679     8.560611  -118.873228    61.048552
   15.060312     5.086660     9.808131     8.154727  -121.732737    50.723600
   14.872716     4.865398    10.068395     7.966132  -125.131698    69.832315
   14.722584     5.111133    10.178111     8.202034  -129.133855    53.298302
   14.926512     4.834530     9.901218     8.221347  -121.302854    65.116868
   14.939549     5.049485    10.095743     8.179108  -123.286839    60.147009
   15.153820     4.828679    10.019569     8.554081  -112.588811    44.945027
   15.002098     5.029127    10.215954     7.961209  -123.280616    58.475075
   14.955477     4.707216    10.297615     8.217821  -119.480295    37.914297
   15.165475     5.210573    10.408721     8.439802  -119.270452    34.421811
   14.888546     4.838453     9.856991     8.357675  -121.134816    58.189402
   15.054494     4.879383    10.119585     8.148085  -118.505946    56.808058
   14.991265     5.100379    10.215463     8.358801  -121.063591    54.090824
   14.856910     4.769076     9.869929     8.391518  -121.226944    59.852917
   15.178183     5.153528    10.372313     8.064897  -119.764318    47.824576
   14.622740     4.895616    10.269206     8.580590  -128.783154    61.577847
   15.207755     4.631841    10.260648     8.258997  -112.116692    52.974961
   14.966997     5.316360    10.480865     8.349404  -126.466395    66.119657
   14.786811     4.799911    10.502071     8.068633  -125.217798    47.816709
   14.745514     4.938417    10.331280     8.154051  -128.061904    61.503577
   15.270612     5.010228     9.696078     8.239117  -116.374323    47.094392
   15.285631     4.890908    10.062137     7.943477  -114.138915    56.571026
   14.655848     4.848692    10.103084     7.937319  -128.861421    55.377340
   15.109984     4.688879    10.036482     8.035352  -116.164382    46.104185
   14.990587     5.152519    10.175537     7.944556  -124.938898    46.735225
   14.606661     4.813169     9.991578     8.211394  -128.838226    61.975261
   14.816642     5.111780    10.127692     8.230299  -126.335236    48.029410
   15.035611     4.843016    10.293501     8.324160  -118.002483    42.324202
   15.180368     5.173230     9.943752     8.323040  -117.446961    61.311512
   14.933797     5.322930    10.584898     8.496294  -126.737405    55.301444
   15.149900     5.088009    10.154576     7.933437  -120.373195    46.234116
   15.180737     5.144400     9.771807     8.270593  -118.638051    62.916519
   14.832453     5.257634     9.986375     8.345430  -128.500530    64.443310
   14.922592     5.013182    10.101636     8.396453  -122.774198    70.943857
   15.101835     5.000261     9.961324     7.853264  -120.980506    51.729644
   14.590298     4.922301    10.322039     8.533099  -130.181089    61.294912
   14.769658     4.759111     9.982439     8.230412  -123.558873    53.850279
   14.724746     5.207944    10.102893     8.221062  -130.481811    55.768151
   15.156284     5.242592    10.392520     8.565550  -118.309235    43.413669
   14.901671     5.130626     9.835088     8.366504  -124.794921    55.723580
   15.345378     4.927296    10.137254     8.278919  -109.273157    52.761199
   15.251262     4.674691    10.351386     8.122802  -113.231802    35.836089
   15.037841     4.945797    10.236762     7.973221  -121.399474    58.395658
   14.734302     5.075036    10.172612     8.293487  -127.675753    55.049224
   14.960214     4.988944    10.105100     7.919751  -124.886921    74.480950
   15.132934     4.891584    10.052602     7.959899  -118.089437    53.014669
   14.894469     4.796133     9.931240     7.789749  -123.688705    59.108300
   14.938868     4.549085    10.028253     8.055989  -118.729774    44.088304
   15.130362     5.049951    10.274547     7.946894  -120.454100    44.568187
   15.109477     5.146859    10.263667     8.013134  -121.575649    51.271639
   14.967009     4.785410     9.971297     8.024738  -121.034036    64.026039
   15.061357     5.198658    10.064947     8.058335  -123.044254    58.605409
   14.922647     4.882324    10.224507     8.069531  -123.302509    63.207867
   15.160577     4.798416    10.312043     8.007368  -116.601368    50.288056
   14.971451     5.133091    10.414446     8.147213  -124.895539    62.079450
   15.087474     5.129021    10.183167     8.622622  -117.541113    53.991936
   14.970931     5.109179     9.969961     8.317447  -122.725403    66.681897
   14.891429     4.698695     9.896819     8.206441  -120.274127    48.053876
   14.943346     4.876414    10.343107     8.119135  -122.426699    56.565719
   14.871546     5.084744    10.496135     8.403669  -125.998210    61.735150
   14.968892     4.802995     9.936488     8.009669  -121.030755    59.404313
   15.028065     5.270589     9.882833     8.391765  -123.414768    61.244757
   14.747764     4.968361     9.901167     8.022300  -128.947864    68.451685
   14.894804     5.159518    10.427238     8.173121  -126.938960    58.176169
   15.145058     4.881406    10.134562     8.259413  -114.905727    48.682335
   15.118621     5.187134     9.778060     8.239270  -121.515241    53.282772
   14.975795     4.944509    10.416254     7.971222  -122.842289    43.379754
   15.096431     5.035086    10.288233     8.252950  -118.635749    53.441689
   15.189610     5.163747    10.076950     8.476220  -116.119647    43.036058
   14.713917     4.696355    10.246157     8.010977  -126.511421    62.531054
   14.962147     4.790007     9.959141     7.887054  -121.630540    56.046732
   14.799985     5.211040    10.086428     8.191525  -129.868168    68.947691
   14.957702     4.716083    10.118339     8.038487  -120.232461    55.700324
   14.924029     4.912666     9.997391     8.111178  -122.149084    49.243991
   14.777123     4.753955    10.265745     8.023361  -124.417871    42.051482
   15.099426     4.854486    10.115777     8.198872  -116.448978    51.263945
   14.824238     5.052900    10.197791     8.299708  -124.868020    45.571912
   14.751952     4.723172    10.028740     8.146190  -124.159821    52.766223
   14.919346     4.918347     9.918918     8.126025  -122.659529    59.055382
   14.639584     4.867580    10.297147     8.261635  -129.366949    63.232790
   14.887053     5.209154    10.008969     8.062086  -128.020636    64.982081
   15.089524     5.151144    10.024388     8.237244  -120.014775    52.598964
   15.128968     4.973620    10.202430     7.969421  -119.221016    52.694528
   14.948440     5.211323    10.202701     8.086638  -126.593297    67.592937
   15.130346     4.935794    10.063732     7.986610  -118.711771    65.832041
   15.161440     5.018418    10.292619     8.463801  -115.060302    52.683164
   15.205804     5.028379    10.222161     7.840867  -118.585776    54.397582
   15.117228     4.786625     9.915250     8.149148  -115.884739    50.278612
   14.981841     5.484910    10.151622     8.231715  -128.280980    55.422930
   15.047287     4.946199    10.450799     7.839651  -121.593429    54.508923
   15.000685     4.928348    10.173175     8.158649  -120.345868    53.387229
   15.248098     5.022229     9.998266     8.324128  -112.879213    58.075146
   15.205971     5.149238    10.455840     7.898436  -119.724987    56.657994
   14.605962     4.944023    10.374635     8.391409  -130.913626    63.486040
   15.082754     5.142670    10.204458     8.042001  -121.907977    54.688190
   14.929795     5.039862    10.175329     8.306171  -123.338601    68.341151
   15.170569     5.203735    10.019881     7.945246  -121.039576    60.840472
   15.053881     5.323060    10.112099     8.091749  -124.803012    51.270026
   14.976897     5.027866     9.965865     8.208131  -121.623944    56.581351
   15.099878     5.225738     9.978455     8.169016  -121.688329    61.517430
   14.869663     4.969974    10.108166     8.598893  -121.590630    52.985137
   14.647830     5.005405     9.879435     7.892028  -131.113161    53.108905
   15.203318     5.065728    10.561928     8.240779  -117.527961    46.053957
   15.255900     4.998958     9.705936     8.609142  -116.219628    40.166030
   14.990256     5.302585    10.249127     8.424098  -123.997809    52.050988
   14.906313     4.992479     9.924732     8.483626  -121.713414    40.359566
   15.120829     4.831020    10.312973     8.158360  -117.072724    58.689800
   15.210474     4.911460    10.152652     8.045496  -115.650868    53.055650
   14.972667     4.995740    10.184626     8.074077  -122.533312    50.307508
   15.135426     5.109309    10.194211     8.262258  -118.019519    59.463119
   14.467608     4.479113    10.107012     8.389390  -128.706522    59.321386
   15.084456     5.174539    10.576927     8.179776  -122.241842    51.955577
   15.086596     5.191927    10.025431     7.994541  -122.850212    51.258145
   14.914130     4.788057    10.298533     8.643244  -119.380071    47.898290
   15.051752     5.016713    10.248654     7.856520  -122.318245    56.144145
   14.874941     4.519984    10.171382     8.274848  -119.485307    55.248740
   14.828084     5.132533    10.382233     8.103673  -128.912895    63.863734
   15.095383     5.140199    10.120715     8.084456  -121.076554    51.682903
   14.984196     5.006182    10.055521     8.169743  -121.215742    49.580095
   15.011444     5.030276    10.145391     8.327678  -119.489484    44.088294
   14.940197     5.006808     9.938020     8.289452  -122.808909    70.422201
   14.871299     5.011526     9.767818     8.507111  -123.868070    53.237292
   15.075510     5.208715    10.295150     8.417273  -120.287607    55.673488
   15.007081     5.157105    10.129481     8.585614  -120.388215    55.886417
   15.027507     4.865811     9.722535     8.533550  -118.276865    54.680877
   15.058751     5.165803    10.400238     7.905175  -123.854925    58.876940
   14.832299     5.102023     9.844077     7.962195  -128.477822    59.069702
   15.046032     5.271339     9.946866     8.162836  -124.411858    46.005946
   14.883914     5.339383     9.961703     8.097331  -129.802398    63.816035
   14.746365     4.759625    10.176401     8.478175  -124.124659    61.401215
   14.921693     4.878862    10.250288     8.361269  -121.145972    59.786947
   14.521441     4.855615     9.875618     7.855573  -131.476309    48.506168
   15.095810     5.095597     9.904986     8.015012  -121.482492    50.465357
   15.171373     5.302283    10.410849     8.447055  -118.914560    53.470397
   14.959021     5.352379    10.337453     8.554072  -125.409062    59.453681
   14.929723     4.984568    10.213394     8.598738  -120.384180    51.177873
   14.700684     5.038225    10.057262     8.466237  -126.793515    51.104524
   15.175024     4.905624    10.464617     8.187171  -117.545379    31.737719
   15.347328     4.921763    10.512661     8.216428  -112.246169    43.543032
   14.853812     4.914457     9.812012     8.482576  -122.585477    54.619763
   14.980408     4.711677     9.866424     8.191572  -118.468728    49.812027
   14.653541     5.144277     9.823400     8.390586  -131.082984    50.484315
   15.283014     5.325589    10.317739     8.324177  -116.350101    53.420649
   15.052361     5.087609    10.018518     8.422786  -119.615522    70.062347
   15.093408     4.916756     9.888067     8.058924  -118.899661    62.985639
   15.049693     5.059004     9.920460     8.099684  -121.358560    61.108164
   15.082043     5.153663     9.972739     8.493498  -118.789494    55.692583
   14.999265     5.133650    10.020217     8.326142  -121.800386    62.177617
   14.898492     4.704470     9.795054     8.208568  -120.831073    58.784325
   15.143167     4.878147    10.414521     8.366144  -116.209042    39.260538
   14.930156     4.849457    10.089494     8.572220  -119.462954    63.375399
   14.969798     5.001236     9.886618     8.296234  -121.554372    39.692389
   14.773556     4.638360    10.378672     8.567104  -123.218129    61.125656
   15.277967     4.936137     9.783922     8.223881  -113.562480    49.971146
   14.875786     4.802338    10.059445     8.223857  -121.343150    52.088902
   14.668186     4.607829    10.068761     8.202214  -125.164615    56.423975
   15.122533     5.005623     9.859730     8.510221  -117.196140    39.533087
   15.466343     4.842567    10.370553     8.098449  -108.166409    48.436204
   14.945016     4.721996     9.989887     8.079728  -120.569268    63.073229
   14.757972     4.912718     9.984031     8.299573  -125.393437    60.822298
   15.277385     4.922846    10.372077     7.892230  -115.813974    42.564658
   15.046119     4.962560     9.950990     8.283774  -118.478705    59.964401
   15.164671     5.036820    10.085618     7.991760  -118.740262    50.689151
   15.175924     5.070724     9.795811     8.412653  -117.668186    42.888388
   14.881347     5.287636    10.181163     8.069283  -129.226935    64.051306
   14.729574     5.106710    10.315419     8.349698  -129.650140    64.891301
   14.698053     5.096379    10.072501     8.452731  -131.729729    83.367414
   14.965150     4.926083    10.033663     8.142588  -122.986976    77.916225
   15.219875     5.320479    10.108352     8.735144  -115.881680    60.662886
   14.700930     5.181562    10.448786     8.167149  -132.893430    66.484764
   14.731332     4.668246     9.996366     8.472136  -123.823643    64.615099
   15.167721     4.714757     9.979147     8.217521  -113.293248    56.725705
   14.777529     4.830406     9.729348     8.730764  -125.207815    68.821018
   14.864863     5.193224    10.119084     8.323911  -127.927352    77.097698
   15.054536     5.176035    10.425144     8.039136  -123.950247    67.925598
   14.783865     5.269466    10.307272     8.154299  -131.556290    66.732448
   14.663743     5.097424    10.111225     8.099892  -132.350854    68.531927
   14.984032     4.692950     9.948475     8.019535  -119.430609    57.817027
   14.682522     5.005659    10.323522     7.999894  -131.546307    67.903709
   14.968906     4.893477    10.358702     8.125874  -122.449357    64.726247
   14.934564     4.788858    10.363608     8.268970  -121.421597    62.643738
   14.814283     4.833690    10.406565     8.235619  -124.477458    51.523236
   15.123706     4.842819    10.080334     8.117091  -116.461530    49.189648
   14.939967     4.893664    10.287567     8.593382  -119.633935    51.029865
   15.028098     4.875964    10.331832     8.138662  -119.934578    49.715368
   14.802509     4.856368    10.184810     8.271878  -124.995003    66.647334
   15.041780     5.299257    10.359891     8.424152  -123.209001    67.945776
   14.838180     5.096551    10.169114     8.274100  -125.896402    59.849116
   15.043143     5.287371    10.266242     8.022735  -125.183748    63.095036
   14.718756     5.075827    10.032634     8.394968  -128.170262    62.839652
   15.048973     5.094742    10.701159     8.202691  -122.355236    45.522549
   15.006839     5.250830    10.371065     8.661554  -122.152908    57.081725
   15.294796     4.854185    10.322244     8.236228  -111.889205    47.846598
   15.079246     4.774454    10.032960     8.458700  -114.406544    47.757041
   14.875524     4.677453    10.145855     8.310054  -121.132997    65.381381
   15.142720     4.720358    10.311882     8.173833  -115.391270    57.685814
   14.871665     4.609410     9.988187     8.187023  -120.279451    54.628854
   15.050627     4.680288     9.832188     8.061599  -117.688263    47.645646
   14.988771     4.936283    10.043345     8.567509  -117.910196    47.947766
   14.806338     4.816238     9.871684     8.673198  -122.652055    60.809758
   15.181030     4.878701     9.959911     8.293027  -113.531570    53.534079
   15.052591     4.760958    10.005566     8.539334  -114.808412    54.079841
   15.151710     4.831973    10.332795     8.405365  -114.462731    48.691141
   15.127016     4.803683    10.425369     8.088080  -117.358932    48.967147
   14.922688     5.022608    10.162405     8.347355  -121.410334    49.115582
   14.938621     5.150639    10.120910     8.532066  -122.559107    59.717180
   15.149358     5.366968    10.138887     8.172561  -122.663466    45.150115
   14.967467     5.207163    10.357386     8.467722  -123.337048    49.107464
   15.117295     5.174009    10.332650     8.195024  -120.614229    46.133202
   15.088545     4.612126    10.035676     8.226044  -114.649373    52.796779
   14.784483     5.030784    10.199051     8.195696  -126.954249    57.420717
   15.074888     4.808605    10.224336     8.024187  -118.498768    49.279362
   15.406629     5.345018    10.415988     8.373189  -113.934359    38.072419
   14.865862     4.794484     9.855386     8.380362  -121.099883    56.290249
   14.797910     5.016551    10.343209     8.525958  -126.727798    69.926284
   14.898620     5.207402    10.335473     8.553496  -125.047362    58.208639
   15.068268     4.880207    10.176051     8.391161  -116.635309    38.075424
   15.197598     4.965295     9.991510     8.430101  -113.013574    58.787534
   15.073890     5.032139    10.004763     7.984039  -121.073642    53.180312
   14.123146     4.760131    10.265819     8.500047  -139.277322    60.353915
   15.099509     5.038285    10.151761     8.132888  -120.187780    73.582480
   15.005021     5.441658    10.189174     8.514963  -125.675115    68.162376
   14.921759     5.002967    10.199946     8.355319  -123.668199    74.668503
   15.212502     5.372319    10.241340     8.208634  -120.513546    80.039919
   14.814747     4.783536     9.907902     8.603979  -122.662542    68.326680
   15.030830     5.086310    10.193015     8.319073  -122.114841    79.859595
   14.688157     4.932877    10.228838     8.543703  -129.278333    76.555971
   14.806059     5.186781    10.027276     8.323086  -129.715466    79.163072
   14.744224     5.059511     9.865138     8.571033  -129.285746    79.788927
   15.032396     5.403283    10.387651     8.385185  -125.388099    72.117480
   14.765712     5.283193    10.049993     8.659507  -130.923608    76.684931
   14.841250     5.186248    10.078815     8.498877  -126.378862    64.997040
   14.907598     5.102728    10.067798     8.145946  -126.445716    75.870993
   14.735236     4.992284    10.200269     8.211269  -130.991071    84.872379
   14.970330     5.154838    10.244235     8.199048  -125.427888    77.342151
   14.886892     5.289374    10.118154     8.401726  -128.624828    81.045798
   14.957079     4.935339     9.868071     8.122797  -121.936729    54.025433
   15.003347     4.818912    10.125570     8.075381  -119.733128    51.362233
   15.154965     5.060128    10.303663     8.304549  -116.913119    50.225286
   15.150402     5.339575    10.030279     8.086270  -123.215424    44.496179
   15.054096     4.602388     9.975458     8.225335  -115.669267    41.150929
   15.087812     4.495720     9.932567     8.510215  -112.608094    50.231271
   15.030675     5.077354     9.666608     8.209175  -125.902256    36.253962
   14.983987     4.845664    10.319021     8.240830  -120.018260    51.295090
   15.130172     5.022203     9.920162     8.230384  -117.529754    48.438247
   15.062305     4.998690     9.914360     8.329260  -118.110757    51.936849
   14.736153     4.754307     9.964875     8.249982  -124.813857    60.827782
   15.022129     5.237752     9.962716     8.460371  -122.365855    47.882920
   14.816765     4.728797    10.181112     8.346836  -122.119643    55.698675
   15.000519     4.862229    10.410162     8.137046  -120.773401    49.363886
   14.866640     4.624889     9.948763     7.989389  -121.515293    53.025405
   14.683476     5.149563    10.086146     8.552818  -130.386197    67.475695
   14.581935     4.853539    10.037476     8.440312  -131.080794    76.137067
   14.990745     4.829764    10.322672     8.310754  -119.492778    57.124847
   15.009745     4.754915     9.952768     7.947553  -119.748091    51.521056
   15.023486     4.743303    10.133654     8.006620  -118.982452    45.614143
   14.884618     4.995418    10.056988     8.161948  -123.830063    55.464020
   14.805476     4.947469    10.336156     8.026502  -126.704894    53.147186
   15.029044     4.967229     9.694058     8.307519  -121.678324    43.378558
   14.986153     4.983808    10.388508     7.977394  -123.062240    46.329851
   14.819441     4.872886    10.332691     8.539202  -123.306053    55.676572
   15.158476     5.003674    10.129653     8.099627  -117.549451    59.779507
   14.807052     5.169613    10.374063     8.014292  -130.342553    65.647185
   15.154093     4.960847    10.047870     7.851174  -119.325981    45.270940
   14.957749     5.043947    10.160537     8.171923  -122.512827    49.370138
   15.135328     5.031485    10.343462     8.007728  -119.764677    54.690660
   15.143903     5.284021    10.032538     8.120496  -121.719040    52.215238
   14.916113     4.754304    10.199891     8.131580  -121.510365    59.993927
   15.067760     5.248101    10.020767     7.963270  -124.558192    46.053453
   14.957834     4.752867    10.285605     8.133518  -120.337362    51.426081
   15.429708     4.777489     9.856991     8.001568  -109.141263    51.667372
   14.987982     4.795767    10.241283     8.331147  -118.630269    55.888033
   14.844368     4.918714     9.774268     8.336421  -123.827658    57.971780
   14.990195     4.789082     9.920933     8.056812  -119.881656    54.791070
   15.040279     5.022849     9.867721     8.419130  -118.903668    57.179421
   15.156639     5.104021     9.871804     8.094717  -119.602382    50.039770
   14.845944     4.840783    10.112999     8.162486  -123.092620    53.425329
   14.873651     5.162069    10.268201     8.054352  -127.806423    60.087518
   14.782164     5.263852    10.103196     8.253464  -129.574749    50.013010
   14.794709     5.129401    10.207169     8.259921  -127.451731    55.708800
   14.948055     4.608108    10.371709     8.331168  -118.515864    42.776887
   15.301155     5.114152     9.968811     8.165580  -115.017717    44.835916
   14.937728     4.658357    10.193227     8.347878  -118.491895    52.331999
   15.048995     5.260615    10.423519     8.049345  -124.607244    56.010805
   14.770545     5.072707     9.927683     8.279358  -127.408853    60.398923
   15.045913     5.288902    10.222014     8.347094  -122.722047    60.306460
   15.027542     5.033863    10.474061     8.392380  -120.659212    50.712974
   14.866994     4.832325     9.792818     8.287618  -122.407699    42.210181
   14.975393     4.836606    10.255510     7.840457  -121.935975    52.408369
   15.115668     4.776458    10.051759     8.182823  -115.676723    42.284103
   15.031017     4.636048     9.862805     8.266270  -116.163124    49.860318
   14.713970     4.818625     9.734452     8.491554  -125.661024    47.423029
   14.852220     4.838263    10.404811     7.968947  -124.597982    52.687640
   14.831859     4.958863    10.215105     8.412799  -122.956852    45.902184
   14.717330     4.862396    10.095370     8.211201  -126.674024    61.291563
   15.012891     4.973013    10.073776     8.431054  -120.658041    81.089309
   14.590571     4.802621     9.666914     8.311437  -130.652518    69.086828
   14.809985     5.029247     9.952561     8.228226  -127.821970    77.079730
   15.001904     4.778679    10.314220     8.308272  -119.389813    67.179914
   14.687016     4.744637     9.912411     8.275632  -126.779409    68.735867
   15.002726     5.045299    10.223452     8.309041  -122.580396    78.918297
   14.978705     4.884948    10.138253     8.268734  -121.345442    76.048702
   15.210955     4.864056    10.079151     8.086365  -115.549614    76.646860
   15.124203     4.805755    10.061405     8.221099  -115.128871    55.038570
   14.821272     4.705163    10.061757     8.212183  -123.804958    72.294210
   14.797160     5.023518    10.145359     8.042709  -128.983705    73.533453
   14.740995     4.692140    10.192843     8.459988  -125.423965    74.133453
   14.739905     5.040992    10.062937     8.205322  -128.963732    68.450668
   15.172136     4.574623     9.838769     8.274274  -112.930359    40.733736
   14.837854     4.750238    10.098572     7.917288  -123.455489    45.841025
   14.836157     4.692080    10.049861     7.950221  -122.726061    44.896785
   14.935388     4.634601     9.951582     8.357197  -117.793683    49.686430
   15.198654     4.719916     9.842459     8.361293  -113.180353    36.945296
   14.999191     5.369938    10.299961     8.378336  -125.185572    54.036221
   14.986990     5.176619    10.196567     8.529817  -121.438580    51.106173
   14.910490     5.073145    10.118356     8.198264  -123.943015    55.642659
   14.954440     5.046263    10.441796     8.258738  -123.359401    51.268193
   14.898232     5.114821     9.899178     8.194296  -125.249248    47.979572
   14.812856     4.755726    10.132361     8.206516  -124.279189    68.794369
   14.925898     4.816210     9.718428     8.292577  -121.461371    46.115486
   15.021363     5.018284    10.032381     8.209140  -120.552928    62.918513
   15.151514     5.233879    10.006540     8.143652  -120.470996    57.875924
   14.804801     4.793613    10.408480     8.166065  -125.444444    63.323430
   15.261043     5.211877     9.912746     8.196844  -116.872092    61.476996
   15.159520     5.214051    10.324730     7.947493  -121.461276    55.545245
   15.199001     5.164900    10.333349     8.016528  -120.026278    39.961588
   15.030285     5.230000    10.491119     8.272346  -123.645382    53.931433
   14.755785     5.206240    10.249665     8.431334  -129.258656    60.870328
   15.089213     4.825671    10.022143     8.085648  -117.486469    46.382911
   15.043270     5.243785    10.519976     8.228958  -123.870395    58.885679
   14.860887     5.207846    10.089449     8.514703  -125.776098    60.540987
   15.141426     5.026795    10.521785     8.395847  -117.611657    51.649745
   15.122152     5.014515     9.909010     8.360372  -117.141165    68.982548
   14.998547     4.829396     9.765162     8.425297  -118.463099    51.193982
   14.985379     4.968840    10.004533     8.064575  -122.191056    62.902332
   15.046930     4.886206    10.095183     8.164067  -118.565525    57.121237
   15.527087     4.853777     9.962980     7.941857  -107.856988    45.977809
   14.970556     4.675045    10.079681     7.914745  -120.040526    55.144718
   14.760197     4.671581    10.024391     8.550811  -122.202140    56.616424
   14.704581     4.878658    10.095911     8.127038  -126.438657    41.305207
   15.076474     5.258070     9.996047     8.035252  -123.755425    57.699276
   15.031737     4.779206    10.063217     8.265686  -117.076428    56.129130
   15.144517     4.877858    10.066392     8.363161  -113.849605    52.568814
   14.901903     5.293128    10.016677     8.265900  -127.206895    51.074409
   14.934484     5.060768    10.212512     8.444602  -121.664418    55.693254
   15.042590     4.489747     9.971882     8.210941  -115.161216    56.590145
   14.868344     4.764646    10.158917     8.418841  -120.210938    46.429384
   14.921701     4.777241    10.152273     8.386071  -119.156071    49.521382
   15.200159     4.845694    10.341217     8.037249  -115.937463    56.357950
   14.986535     5.074003    10.409379     8.361173  -122.006128    50.633986
   14.938963     5.214342    10.563642     8.373259  -125.747689    55.105452
   15.104198     5.134819    10.413975     8.051625  -121.664273    56.865777
   15.231434     5.497331    10.232212     8.457678  -119.688034    53.160529
   14.991242     4.761148    10.317029     8.182683  -119.366195    47.418148
   14.852510     4.692773    10.159578     8.347353  -121.741885    65.638068
   14.896503     4.551500    10.037044     8.327805  -118.381927    47.524990
   14.958006     5.276564    10.122443     8.159714  -126.120462    56.249161
   14.880840     5.040506    10.167018     8.601518  -123.428799    68.294392
   14.771461     4.999479     9.832361     8.395894  -126.810700    67.073631
   14.921942     4.863244    10.326270     8.453210  -120.904819    58.041477
   14.969327     4.819086     9.498692     8.237471  -124.293022    52.325885
   15.253294     4.758294    10.026531     8.150568  -111.864320    53.589963
   14.987374     4.966694    10.147335     8.142048  -121.623773    62.129152
   15.022550     4.682134    10.136377     8.080853  -117.989927    50.535827
   15.222758     5.116152    10.387173     8.233641  -116.631752    53.121873
   15.019252     5.037471    10.296556     8.331080  -120.328650    56.926793
   15.000289     4.798881    10.275040     8.345393  -118.221782    45.163158
   15.065717     4.772870    10.392825     8.164835  -118.310785    58.811578
   14.895931     4.877465     9.964323     8.395782  -120.714713    58.077190
   14.972667     5.256585    10.353108     8.002392  -126.640202    54.434051
   15.001754     4.952229    10.376261     8.212111  -121.107624    51.509217
   14.802565     5.102125    10.162444     8.113235  -127.869762    55.652341
   15.089991     4.688969    10.028996     8.241277  -115.076372    56.961784
   15.042141     5.087077    10.110659     8.413041  -119.043807    58.678037
   15.092476     4.524197     9.743660     8.272143  -114.497059    53.069450
   15.062801     5.108475    10.496560     8.172123  -122.104834    59.617226
   15.377743     4.986354    10.065888     8.446768  -107.438017    54.922177
   15.153969     4.803452    10.176759     8.621317  -112.277153    53.205712
   14.905012     4.704741     9.987431     8.353281  -119.707257    62.680880
   15.277339     5.193093    10.176528     8.140261  -116.216211    51.797158
   14.850342     4.805726    10.125110     8.029537  -123.919046    58.515266
   14.895180     4.803498    10.168694     8.295478  -120.701856    37.129883
   14.975944     4.992336    10.380348     8.064023  -123.137945    52.264470
   15.164725     4.863834    10.017784     8.586907  -112.471372    45.782978
   14.945480     4.962332    10.601405     8.371794  -122.737249    47.527207
   15.123645     5.157714     9.946969     8.678368  -118.333089    41.973429
   15.304942     5.012952    10.090153     8.153995  -113.164830    44.698109
   15.103989     5.206930     9.808501     8.196469  -122.779047    46.093604
   15.292203     4.945635     9.771286     8.174488  -116.001186    36.276950
   15.113078     4.640473    10.173122     8.352163  -113.726723    50.387762
   15.028991     5.212141    10.111186     7.994328  -124.477818    54.294641
   14.853805     4.554065    10.041536     8.381848  -119.827715    60.177301
   14.689544     5.051175    10.154289     8.284104  -128.879288    59.515068
   14.925845     4.972640     9.820428     8.585792  -121.242919    53.124097
   14.831452     4.890465    10.087889     8.250475  -124.439544    67.331909
   14.980740     4.940025     9.713770     8.107140  -122.670957    63.137638
   14.842519     4.971528     9.965658     7.861782  -127.073461    65.017019
   14.841205     4.891324    10.367486     7.853482  -126.342610    64.867691
   15.193682     5.016397     9.913734     8.413000  -114.220827    52.247001
   14.950129     4.906523     9.706876     8.526246  -121.056948    54.891774
   15.027404     5.153157    10.200233     8.267883  -121.851651    61.706630
   14.897770     4.920571    10.331111     8.461764  -122.944409    68.537313
   14.946729     5.200091    10.219109     8.223259  -124.828214    52.902089
   14.867473     4.944905    10.115051     7.883988  -126.365182    67.773990
   15.067645     5.313405    10.125673     7.884494  -125.401597    54.034653
   14.815576     5.307606    10.351210     8.526182  -129.089156    59.344102
   15.024188     5.197601    10.428971     8.367820  -122.836778    62.756210
   14.869919     4.765618    10.358134     8.236208  -122.565895    56.368259
   14.931790     5.258076    10.253913     8.323668  -125.481060    51.469997
   14.796171     4.951420     9.956376     8.271187  -124.485709    52.380380
   15.146776     4.845401    10.227047     8.506391  -113.431928    51.860017
   15.094228     5.099878     9.948747     8.073595  -121.273156    43.570465
   14.685354     4.761332     9.887814     8.183618  -125.797530    50.619506
   14.758385     5.036000     9.969346     8.556627  -125.836357    57.496433
   14.960919     4.701172    10.094169     8.419508  -117.439510    52.732426
   14.615228     5.054871     9.769651     8.491370  -131.470167    62.734947
   15.028139     4.909598     9.647144     8.454925  -119.975782    59.722582
   14.751375     5.210588    10.084275     8.201929  -130.115820    57.757284
   14.859722     5.047963     9.870036     8.231771  -125.349195    61.054472
   15.110282     4.700239    10.137327     8.247754  -114.915314    42.248100
   14.752377     4.694242     9.790198     8.370703  -123.511447    56.385156
   14.853443     5.027547    10.320572     8.089576  -125.959440    46.922774
   14.870658     4.728748     9.943231     8.533311  -119.523991    52.417623
   14.995227     4.915260    10.084636     8.233395  -119.437821    55.805942
   15.126248     4.710717    10.174277     8.434615  -113.296459    48.846113
   15.108177     4.723368    10.378066     8.152316  -116.592683    51.127175
   14.744459     4.638731    10.380066     8.369134  -124.350485    60.096721
   15.049450     4.969262    10.484226     8.323267  -120.156959    61.364644
   15.213157     5.025692    10.301907     8.216683  -115.643616    52.453833
   15.151771     4.835916    10.095215     8.290343  -114.682227    66.591041
   15.201966     5.298242    10.390004     8.363713  -118.428719    53.157585
   15.035950     5.435075    10.291542     8.373656  -125.156306    59.440350
   15.071597     4.819495    10.220775     7.749026  -119.654252    53.556814
   15.196203     5.081484    10.823209     8.119669  -118.399413    57.620234
   15.065330     4.841190    10.301832     7.964737  -119.551842    46.267393
   14.910061     4.969164    10.467909     8.282384  -123.700166    53.049431
   14.955629     4.678594    10.352725     8.117262  -119.997779    52.504536
   15.008508     5.081108    10.238770     8.162613  -122.123867    52.549333
   15.137744     4.860376    10.260553     8.522411  -113.923938    50.415616
   14.856002     5.187876    10.374350     8.220501  -127.373952    40.913591
   15.127090     4.789625    10.201069     7.991956  -117.298965    43.500208
   15.059161     5.248104    10.367598     8.134282  -123.577475    54.441349
   14.911104     4.787158    10.279181     8.439761  -120.524624    60.243654
   14.839229     4.999490    10.239520     8.320035  -126.497160    75.734248
   14.864864     4.996558    10.152555     8.764304  -122.183109    50.791995
   14.972029     4.852731    10.381644     8.255750  -120.789496    55.775382
   15.226031     5.100968     9.873060     8.358628  -117.501342    35.231771
   15.050754     4.940316     9.817391     8.174405  -120.695685    37.249766
   14.779175     4.893005     9.995442     8.057837  -126.252430    59.037876
   14.959700     4.916809    10.323271     8.234672  -121.524365    55.579077
   14.987371     4.789618     9.799914     8.488159  -117.877391    48.631681
   14.947608     4.892587     9.740161     8.040446  -124.015948    38.222086
   14.924556     5.079498     9.689940     8.450946  -125.289363    46.717568
   14.875734     4.959907    10.056538     7.999202  -124.721654    48.849415
   14.788341     5.073939     9.937541     8.341753  -126.635220    61.105753
   15.276325     4.833596    10.066816     8.387006  -110.416473    39.904025
   14.869371     4.981588     9.871912     8.292097  -123.349231    50.947577
   14.838765     4.977391     9.943576     8.063804  -125.865450    59.942940
   14.943979     4.884467    10.165367     7.954247  -123.022189    58.731971
