   17.422769     5.149362    10.434591     8.215556   -45.931490   -28.978320
   17.384941     4.967948    10.477652     8.040561   -41.705792   -25.527221
   17.440829     4.643938    10.384976     7.890509   -42.219396   -24.948833
   17.522793     5.004643    10.279783     7.885305   -48.171709   -26.904063
   17.419578     5.102980    10.459420     8.071818   -46.920124   -30.089872
   17.277681     5.153738    10.335126     8.017700   -47.921854   -13.355742
   17.468224     5.260067    10.248688     8.145207   -53.079168   -24.434162
   17.247456     5.217814    10.454537     7.946754   -49.079207   -17.054919
   17.078770     5.264386    10.373708     7.920846   -54.080594    -3.608387
   17.259021     5.009769    10.396545     8.085269   -45.235856   -13.610482
   17.412036     4.847270    10.345606     8.267064   -51.769111   -26.746473
   17.701106     4.913092    10.119684     7.965209   -43.508351   -26.290534
   17.282848     4.891496    10.401143     8.070718   -53.161691   -20.239701
   17.336863     4.983679    10.518359     8.136864   -49.769893   -28.897440
   17.358709     4.922058    10.497332     7.941583   -50.463807   -29.011097
   17.264761     5.107091    10.612035     8.282817   -46.631964   -26.976977
   17.067970     5.200148    10.808972     8.161807   -47.822321   -18.630596
   17.273180     4.934432    10.239792     8.079975   -48.959347    -9.308776
   17.170953     5.256526    10.184032     8.249397   -54.921667    -4.887145
   17.553750     4.940338    10.476172     8.079124   -40.587908   -39.409871
   17.640300     5.181738    10.475703     7.972113   -42.332561   -47.156187
   17.195894     5.181038    10.484071     8.299039   -54.809922   -20.403731
   17.279060     5.182682    10.511957     7.907641   -50.823605   -23.158882
   17.263111     5.025844    10.335547     8.276366   -54.699364   -17.626223
   17.288652     4.834367    10.209848     7.936199   -53.194389   -10.332205
   17.029071     5.174471    10.355289     8.127672   -57.256191    -3.538714
   17.506729     4.958341    10.387259     8.168235   -38.775145   -28.864599
   17.488915     4.921117    10.410992     8.237800   -46.028903   -33.078054
   17.300904     4.991850    10.337422     8.109235   -55.545296   -19.585059
   17.438141     5.079980    10.272642     8.007680   -40.563719   -17.336323
   17.519149     5.171781    10.460881     8.165616   -44.383669   -37.180771
   17.404075     5.071609    10.464196     8.114550   -39.774887   -25.462947
   17.478284     5.217082    10.638906     8.057368   -43.919556   -44.660455
   17.382397     5.040816    10.604142     7.965027   -41.718762   -32.170133
   17.590677     5.306150    10.419508     7.848496   -40.256189   -37.298022
   17.470847     5.290156    10.593775     7.953036   -43.448974   -40.284015
   17.141098     4.961113    10.336359     8.203087   -63.420245   -14.399156
   17.264927     5.102332    10.454112     7.680337   -49.308357   -16.909232
   17.454850     4.967987    10.316737     8.148562   -48.710842   -25.634045
   17.481625     4.976079    10.570865     8.215117   -34.314185   -36.037911
   17.361530     4.948438    10.430440     7.944729   -57.412935   -28.980727
   17.245962     5.215082    10.603908     8.016766   -49.219714   -24.810705
   17.529750     5.224926    10.473670     8.339217   -39.966185   -37.220302
   17.324067     5.246485    10.514412     8.010360   -52.143951   -28.069539
   17.606472     5.065521    10.495710     8.116477   -37.828961   -43.960650
   17.352391     5.312409    10.473995     8.081623   -49.291763   -26.928254
   17.434246     5.256945    10.362720     7.757603   -44.558341   -22.905463
   17.312654     5.196367    10.641829     8.041396   -46.452808   -31.052440
   17.221671     5.021938    10.395411     8.311618   -50.523877   -15.510212
   17.694865     5.313749    10.284456     7.771277   -46.944406   -38.393830
   17.299941     5.421818    10.347662     8.176749   -60.982428   -23.084915
   17.320821     5.142611    10.372350     8.222018   -55.153305   -23.081372
   17.365656     5.058671    10.517456     8.269388   -51.325950   -32.682689
   17.226302     5.260155    10.513589     8.111320   -46.017226   -17.328862
   17.276459     5.122685    10.292485     7.947284   -47.383613   -10.429963
   17.382828     5.142462    10.532532     8.097609   -44.307775   -30.034790
   17.512386     5.133827    10.262129     8.247635   -45.145621   -24.820305
   17.391967     5.321876    10.484530     7.960845   -48.658180   -29.660119
   17.436279     5.139386    10.671507     8.038556   -35.373322   -37.794151
   17.503703     5.161522    10.487083     8.252441   -38.084345   -34.625809
   17.434084     5.044298    10.314110     8.059057   -47.272563   -23.006123
   17.510031     5.094857    10.411031     8.058652   -45.864037   -33.650887
   17.249023     5.126584    10.492785     8.059758   -51.883668   -21.338960
   17.445776     5.220334    10.630139     7.938510   -39.939748   -38.355290
   17.131077     5.090090    10.403665     8.276652   -54.747756   -11.998894
   17.263474     5.058122    10.594630     8.141405   -48.554155   -26.221772
   17.327549     4.877702    10.421821     8.204833   -46.796964   -21.753803
   17.306664     5.025508    10.406844     8.387332   -53.044381   -24.048617
   17.277568     5.323969    10.578109     7.951383   -51.284991   -26.966861
   17.479581     5.145991    10.296152     8.514697   -52.229196   -29.402432
   17.437956     5.111254    10.482183     8.235692   -53.849914   -37.168858
   17.469535     5.163381    10.406106     7.921263   -43.642696   -28.621270
   17.595386     5.132194    10.375650     8.006115   -43.838086   -36.896813
   17.342597     5.199766    10.465009     7.874918   -51.065841   -25.612157
   17.387193     5.316077    10.402718     7.874757   -53.172296   -26.492711
   17.292522     4.988884    10.591469     7.868439   -48.919674   -27.332532
   17.132616     4.827952    10.597729     7.934118   -45.143204   -11.030796
   17.475312     4.982266    10.270759     8.177269   -50.310285   -25.101833
   17.295837     4.788743    10.569407     8.121020   -52.757338   -30.754912
   17.412251     5.207330    10.382165     8.265872   -49.067934   -27.025707
   17.483435     5.237447    10.513483     7.859335   -38.592116   -33.494615
   17.263947     4.824672    10.451173     8.138659   -46.578424   -17.901002
   17.444893     4.721872    10.335982     8.178863   -43.352117   -23.884835
   17.360462     5.100585    10.504242     8.156183   -43.428075   -26.397701
   17.170604     5.256809    10.379550     8.041056   -52.814765   -10.832727
   17.337853     5.226962    10.542271     7.982331   -42.983593   -25.450193
   17.168546     5.285719    10.536707     8.290245   -52.988431   -19.701255
   17.518325     4.922827    10.290922     8.265402   -44.655968   -26.972737
   17.354712     4.962592    10.458372     8.080339   -41.255582   -21.866201
   17.488482     5.130050    10.377321     7.936377   -48.466885   -30.647113
   17.535815     5.121060    10.442496     8.032556   -40.771865   -35.235257
   17.079121     5.076242    10.493333     8.335403   -50.470547    -9.448331
   17.307702     5.201563    10.314712     8.429158   -43.466210   -13.484769
   17.227566     5.059731    10.592947     8.047110   -46.301170   -21.036103
   17.280169     4.944198    10.471966     8.036166   -44.801233   -18.440531
   17.532050     5.153909    10.396932     8.064587   -45.589180   -34.290140
   17.416034     5.164372    10.378097     8.219271   -42.813250   -23.585957
   17.329534     5.244658    10.581052     7.903413   -36.267248   -22.170026
   17.247835     4.980952    10.429082     8.241518   -50.733616   -18.668021
   17.307752     5.390617    10.413673     7.880560   -48.181780   -18.514899
   17.316149     4.850799    10.558733     8.082685   -50.067863   -29.685643
   17.300354     4.963102    10.642721     8.214765   -46.393325   -31.294033
   17.458929     5.305529    10.362074     8.140833   -43.388317   -25.774376
   17.480619     5.310770    10.395268     7.886524   -41.442688   -27.434201
   17.291169     5.275418    10.347848     7.943765   -57.927272   -19.659236
   17.313415     5.118504    10.385542     8.180117   -52.703432   -21.769858
   17.357847     5.058390    10.384112     8.265177   -51.515086   -24.637727
   17.422952     5.164264    10.446742     7.914474   -47.113256   -29.035426
   17.508545     5.188239    10.496946     8.336108   -38.483410   -36.180587
   17.482679     5.215778    10.637058     7.946821   -43.991272   -44.588109
   17.385690     5.168988    10.520929     8.114217   -37.636400   -25.792227
   17.440220     4.882235    10.287620     8.058932   -45.268113   -20.995215
   17.402103     5.053413    10.258725     7.982302   -50.823009   -19.173544
   17.296247     4.946030    10.429495     7.999312   -52.347658   -21.741663
   17.525513     5.071688    10.419377     7.871331   -46.107361   -34.996849
   17.585295     4.843801    10.401704     8.157626   -33.652314   -33.735919
   17.102757     4.920532    10.119374     7.939946   -53.856725     5.653999
   17.499125     5.152561    10.415408     8.327366   -37.584453   -29.614741
   17.438306     5.058109    10.561494     8.258425   -36.820240   -33.002156
   17.218467     5.270283    10.403804     8.117264   -39.911253    -7.130387
   17.563656     5.247861    10.498887     8.276488   -40.396942   -41.822757
   17.299328     5.100177    10.399086     8.022308   -49.826103   -19.096444
   17.500237     4.971635    10.496087     8.111350   -38.001736   -34.689468
   17.357138     5.110454    10.131569     8.127587   -49.689377    -9.918884
   17.479628     4.887529    10.385877     8.151402   -46.713494   -30.828918
   17.360436     5.155569    10.562126     8.229337   -43.908145   -30.267219
   17.216098     5.190327    10.539616     8.199620   -47.646166   -19.367178
   17.252355     5.172045    10.564647     8.037394   -46.605932   -21.874737
   17.485554     5.254775    10.447174     8.129148   -40.765544   -31.573894
   17.363536     5.178764    10.521358     8.079212   -49.120793   -30.326385
   17.558041     5.223563    10.340534     8.089417   -50.417083   -34.660932
   17.347164     5.157248    10.421369     8.159712   -48.147482   -23.516207
   17.543199     5.082035    10.372403     7.832171   -50.633926   -35.156946
   17.326737     5.085356    10.327265     8.250476   -50.594934   -18.983547
   17.602004     5.322549    10.496425     8.280501   -44.443577   -46.991768
   17.268369     5.289568    10.524138     8.333742   -46.173924   -22.718230
   17.124752     5.211425    10.494303     7.943578   -56.881886   -14.284400
   17.480334     5.086350    10.474616     8.280855   -44.639509   -35.631941
   17.425473     4.943075    10.280119     7.969932   -56.715285   -24.474724
   17.394048     5.178084    10.456186     8.138900   -44.947546   -27.137902
   17.239084     5.116615    10.532376     7.878552   -49.586123   -20.080115
   17.301364     4.810857    10.427601     8.438833   -53.003437   -25.834556
   17.495386     4.889189    10.274117     8.138559   -48.390970   -25.744407
   17.310881     5.082102    10.458326     8.023731   -53.072139   -24.692207
   17.233024     5.061257    10.336529     8.127015   -40.172264    -5.413617
   17.213555     5.016151    10.373217     7.865584   -48.513480    -9.684135
   17.354040     5.163744    10.183332     7.952767   -45.377658    -8.917793
   17.413848     5.099994    10.297819     7.870244   -46.021717   -19.217638
   17.364056     5.002593    10.370206     8.076902   -48.229454   -21.712936
   17.325762     5.250239    10.502212     8.250544   -47.693727   -26.454021
   17.431534     5.177179    10.288319     8.086427   -41.545693   -18.548304
   17.334009     5.132209    10.470055     8.205979   -49.623967   -26.184480
   17.278836     4.878188    10.331824     8.280105   -51.894907   -17.060014
   17.456469     4.834600    10.317180     8.186285   -42.733454   -23.065494
   17.521141     5.241740    10.394918     8.233710   -46.708767   -34.377287
   17.276273     5.230677    10.365677     8.019091   -50.751439   -16.311795
   17.345995     5.100260    10.606241     8.199904   -45.912889   -32.618600
   17.203559     5.035929    10.624199     7.760431   -48.404768   -20.134388
   17.567838     5.268588    10.292962     7.975424   -36.832401   -25.771051
   17.298688     5.239232    10.383979     7.994488   -55.174854   -20.914894
   17.421472     5.025555    10.523890     8.139732   -39.554167   -30.415461
   17.325956     5.167075    10.593828     8.156736   -45.726158   -29.779966
   17.490482     5.094214    10.428688     7.894821   -51.335258   -35.209864
   17.270692     5.278300    10.506906     8.165698   -51.620318   -24.216137
   17.363981     5.191733    10.409014     7.965044   -44.216665   -21.072326
   17.299402     5.064062    10.495429     8.208672   -54.604536   -27.752455
   17.444433     5.194016    10.543077     7.920478   -43.442583   -34.696181
   17.213144     4.977819    10.651167     8.156593   -48.210253   -24.779150
   17.542605     4.977923    10.310750     7.811836   -45.740358   -29.060340
   17.405315     5.112772    10.442581     7.788487   -53.290940   -30.028493
   17.369642     5.248297    10.498241     8.003540   -51.332013   -30.265037
   17.330320     5.328124    10.389897     7.947153   -58.017908   -24.487496
   17.529264     5.182358    10.523586     8.119636   -42.538982   -41.131475
   17.333194     5.185758    10.567553     7.985550   -51.533446   -31.287054
   17.373500     5.047060    10.478254     8.006520   -45.905631   -26.747081
   17.264658     4.885909    10.496325     8.101991   -39.356242   -15.044252
   17.303537     5.260865    10.296546     8.438049   -49.339615   -16.014974
   17.354113     5.004485    10.335746     8.275078   -48.404123   -20.213865
   17.529211     5.087688    10.335770     8.235334   -46.162630   -31.016066
   17.419614     5.311292    10.384165     8.135752   -46.387296   -25.702532
   17.404777     5.065661    10.325695     8.429284   -50.951046   -25.236516
   17.332624     5.018603    10.462540     8.037144   -45.136942   -22.358511
   17.332313     5.001312    10.452528     8.175700   -45.933854   -22.959089
   17.466075     4.997600    10.403165     8.078680   -48.852231   -31.389809
   17.355833     5.323824    10.358863     8.083056   -56.138104   -24.401973
   17.488978     5.309683    10.161193     8.160376   -50.358111   -19.274844
   17.271352     5.095804    10.424788     8.109660   -56.194464   -22.244743
   17.193667     5.204275    10.456768     8.106513   -44.287970   -10.813488
   17.279026     4.900957    10.416507     8.106190   -48.898112   -18.477330
   17.140460     5.037919    10.390681     8.364448   -53.839108   -12.206519
   17.569760     5.074696    10.399265     8.081319   -36.354846   -33.168532
   17.304718     5.123829    10.323539     7.995993   -37.376639    -7.795555
   17.347791     5.230087    10.472537     8.362407   -44.093657   -25.053165
   17.447238     5.287544    10.448824     8.078465   -34.506166   -24.791860
   17.151959     5.050964    10.341715     8.052321   -60.319389   -12.378575
   17.078853     5.165461    10.293779     8.066863   -69.091752   -10.976577
   17.155334     5.263205    10.596814     7.973342   -54.980414   -20.340696
   17.312842     4.988688    10.477564     8.217052   -44.049446   -21.858377
   17.548815     5.447329    10.417402     8.235111   -48.178207   -38.524415
   17.322933     5.063402    10.480691     8.321077   -54.649753   -29.550613
   17.491512     5.015840    10.291610     8.200184   -39.650432   -22.305478
   17.286392     5.351472    10.504089     8.221807   -49.177397   -24.219680
   17.305918     5.170545    10.367799     7.863436   -51.874683   -18.180177
   17.187718     5.024424    10.330479     8.187521   -48.441517    -7.999123
   17.495530     5.011080    10.438722     8.179064   -39.656591   -31.652457
   17.333083     5.023657    10.343717     8.140143   -51.578626   -20.188927
   17.429760     5.053501    10.503737     8.300528   -42.273018   -32.151167
   17.361593     5.131606    10.465902     8.134840   -47.621391   -26.594086
   17.504419     4.844250    10.371604     8.051570   -47.746407   -32.055617
   17.365558     5.122070    10.457977     7.955835   -41.486686   -22.267210
   17.375542     4.706990    10.315379     8.153909   -51.986409   -22.467959
   17.437123     4.989828    10.342220     8.061280   -44.617097   -23.538661
   17.325027     5.132997    10.548647     8.055587   -50.898836   -29.614878
   17.383040     5.129434    10.399720     7.974995   -49.877249   -24.993637
   17.254351     5.272944    10.411207     8.052878   -58.065778   -21.066410
   17.256364     5.310303    10.558620     8.303001   -44.350345   -22.118703
   17.458742     4.946712    10.296798     7.958624   -53.240571   -26.069807
   17.245825     5.206896    10.528785     8.063786   -49.390747   -21.431238
   17.281714     5.350663    10.555711     8.023732   -48.871579   -25.146910
   17.314172     5.112306    10.427551     7.989709   -52.839762   -23.020977
   17.394284     5.016028    10.374301     8.446612   -51.211685   -27.702799
   17.590273     5.039769    10.244785     8.239064   -47.252518   -29.792191
   17.409720     5.087914    10.273868     7.952594   -44.709389   -17.370287
   17.456711     5.142014    10.455897     7.900987   -41.191239   -29.276037
   17.319942     5.215086    10.455855     7.948163   -48.556436   -22.416539
   17.272838     5.143241    10.357444     8.247462   -60.106779   -21.892268
   17.507803     5.039700    10.374870     7.886905   -36.963859   -26.376554
   17.235033     5.032862    10.263385     8.374813   -52.434406   -11.747722
   17.160240     5.192595    10.471996     8.409735   -48.117859   -13.662989
   17.478246     4.929028    10.327072     8.215681   -43.522552   -25.637273
   17.282340     5.183047    10.286230     8.083933   -50.257559   -13.071552
   17.304320     5.100188    10.450613     8.318074   -55.257227   -26.825117
   17.550174     5.063323    10.239826     7.864266   -53.477470   -28.212131
   17.425650     4.925646    10.454814     8.165986   -36.341754   -24.962749
   17.294395     5.227072    10.487863     8.060779   -57.598672   -27.550721
   17.448052     5.020136    10.491745     8.079874   -41.425838   -31.588142
   17.548338     4.875381    10.357498     7.990000   -42.360771   -31.691482
   17.365187     4.932507    10.446040     8.084648   -54.642709   -29.424372
   17.554791     5.200776    10.335164     8.068898   -48.388415   -33.184080
   17.261156     5.028036    10.505704     8.011066   -57.309337   -25.755970
   17.425081     5.222324    10.559015     8.041557   -47.461314   -36.547557
   17.422678     5.143884    10.385596     8.027889   -50.095200   -27.403226
   17.434973     4.890569    10.290787     8.039681   -55.277048   -25.468496
   17.475464     5.100558    10.416244     8.168383   -42.013622   -29.758589
   17.405825     5.181190    10.426674     8.346742   -42.777045   -26.073267
   17.495691     5.223236    10.310025     7.971924   -48.313208   -27.089531
   17.468443     5.095719    10.468669     7.902036   -53.235317   -36.928931
   17.467173     5.338982    10.537950     8.077579   -47.267627   -38.811343
   17.458957     5.213597    10.328173     7.910228   -48.286690   -25.331148
   17.292771     5.211868    10.516923     8.012479   -48.761912   -23.901970
   17.398519     5.010997    10.394007     8.048793   -48.016020   -25.282464
   17.443015     5.208667    10.297689     8.082318   -53.171297   -25.411982
   17.350365     4.962403    10.429750     7.918223   -43.751083   -20.691406
   17.078680     4.910316    10.447070     8.045585   -51.063673    -5.366226
   17.257465     4.962689    10.506893     7.963765   -47.163062   -19.392882
   17.326873     5.480113    10.354763     8.329048   -56.698310   -23.874245
   17.434491     5.103441    10.413316     7.911883   -48.271496   -28.580994
   17.385600     5.336277    10.592618     8.125417   -44.155720   -33.722877
   17.371521     5.086574    10.490770     8.087946   -50.566261   -30.089672
   17.520252     5.156980    10.477164     8.100505   -40.339067   -36.122967
   17.162559     5.081968    10.434667     7.896528   -55.409761   -13.211516
   17.335931     5.124424    10.606066     8.077494   -45.634542   -30.857120
   17.308175     5.223473    10.387005     7.783492   -49.922302   -17.734114
   17.150383     5.173653    10.490907     8.241243   -54.870591   -17.002546
   17.358229     5.317031    10.414192     8.288302   -45.531086   -23.078170
   17.186797     5.010259    10.377003     7.930912   -52.191577   -10.666448
   17.338167     5.345250    10.373419     7.973430   -44.696150   -17.361800
   17.172279     5.054013    10.620259     7.950086   -46.893523   -17.231241
   17.112062     5.185808    10.489505     8.136733   -63.211975   -18.484195
   17.530558     5.150337    10.400182     8.025614   -44.667164   -33.851198
   17.457209     5.082310    10.401067     7.933071   -47.242599   -29.201077
   17.376342     5.260323    10.487402     7.904522   -48.861327   -28.456356
   17.156915     4.945226    10.354704     8.246404   -48.664599    -7.304811
   17.294104     5.016992    10.398892     8.147553   -51.475377   -20.293922
   17.389384     5.220407    10.514372     8.063058   -39.212055   -26.462803
   17.365598     5.227203    10.372735     8.037477   -47.078780   -21.145496
   17.115088     4.986912    10.457074     8.213611   -54.191945   -12.260042
   17.269612     5.192136    10.434876     7.958454   -50.451745   -18.654010
   17.305071     5.026998    10.484784     7.959479   -49.411638   -23.368907
   17.545912     5.281549    10.268770     7.948980   -43.158564   -25.558507
   17.477854     4.985714    10.279983     7.999240   -58.800272   -28.687032
   17.532333     4.911396    10.152130     7.963049   -50.118059   -20.723694
   17.008386     5.202649    10.287341     7.818473   -63.468015    -0.683193
   17.246095     5.215772    10.553890     8.064617   -51.844043   -24.160591
   17.029965     5.012401    10.330712     8.116050   -58.805276    -3.555505
   17.326970     5.198663    10.439630     8.149949   -50.155759   -24.018997
   17.332571     4.974691    10.252324     8.070270   -51.596663   -15.196435
   17.302586     5.093393    10.602674     8.172171   -49.331806   -30.578190
   17.201086     5.157089    10.565058     8.228180   -56.158498   -24.966156
   17.335913     5.474588    10.439292     8.216322   -49.060084   -24.309929
   17.246900     4.989515    10.340239     8.039707   -61.590769   -18.910720
   17.344803     5.246823    10.515866     8.166512   -48.808886   -28.821412
   17.289965     5.140495    10.451879     8.129867   -47.521366   -20.322398
   17.415971     5.059375    10.528051     7.982694   -44.147317   -32.079398
   17.502849     5.360147    10.362491     8.263538   -35.827630   -25.112360
   17.299147     5.095341    10.443484     8.200506   -53.013085   -24.036020
   17.207547     5.089192    10.552326     8.077495   -53.865866   -22.352082
   17.354755     5.152918    10.478096     7.956217   -51.342544   -27.806627
   17.225655     5.289328    10.499761     8.137569   -52.222487   -20.642071
   17.134867     5.146119    10.404564     7.834276   -58.907026   -11.565346
   17.354502     5.185274    10.646224     8.000317   -41.619214   -31.984765
   17.366516     5.100467    10.463646     7.856624   -47.883850   -25.726399
   17.404612     5.079878    10.579653     8.094563   -46.371683   -35.856428
   17.190406     5.014660    10.493402     7.896777   -54.278647   -17.356286
   17.101842     4.837501    10.649784     8.237176   -50.278280   -17.287233
   17.149685     5.310048    10.509171     7.931424   -51.741039   -13.448228
   17.417137     5.146770    10.548516     8.003663   -47.306949   -35.054265
   17.474018     5.004993    10.273605     7.819722   -45.634114   -21.699074
   17.287312     4.929189    10.334854     8.194432   -55.421215   -19.086844
   17.331205     5.280455    10.481765     8.061277   -49.563767   -25.767345
   17.322290     4.992195    10.360438     8.084494   -51.214349   -19.849752
   17.232891     5.035172    10.425002     7.894237   -49.669531   -14.550002
   17.200349     5.079539    10.490662     8.058368   -53.819390   -18.687413
   17.272114     5.098705    10.540667     8.406385   -52.002089   -28.170892
   17.445309     4.889220    10.272415     7.932063   -50.288245   -22.402111
   17.433712     5.381100    10.395484     8.131725   -46.439261   -27.325922
   17.372358     5.315912    10.381305     8.326867   -46.325403   -22.925721
   17.342850     5.261989    10.550418     8.010166   -50.985574   -30.919180
   17.262066     5.370453    10.288707     8.300969   -48.931466   -11.770177
   17.403862     4.935680    10.369941     7.994059   -50.696000   -25.497572
   17.390753     4.900814    10.481875     8.201063   -47.846810   -30.582840
   17.426568     5.047656    10.297699     8.082733   -51.377838   -23.562274
   17.342988     5.016805    10.490725     7.886087   -45.326445   -24.096730
   17.432815     4.894006    10.396331     8.066398   -53.131959   -30.744694
   17.262734     5.257175    10.518102     8.181968   -43.385061   -19.221307
   17.232163     4.966960    10.273067     8.389007   -56.526237   -14.606421
   17.222284     5.242201    10.533542     8.027808   -46.145911   -17.504320
   17.137419     5.117970    10.382167     7.953973   -53.992781    -8.630744
   17.266201     4.975940    10.462323     8.280463   -46.928244   -19.609321
   17.295396     5.036061    10.655025     8.139037   -43.582260   -29.105180
   17.268145     5.214304    10.446432     8.072527   -50.738046   -19.939095
   17.366570     5.198298    10.547284     8.352461   -34.674779   -24.625353
   17.419623     5.175956    10.488990     7.908328   -42.840168   -28.997420
   17.379384     4.861175    10.384530     8.218743   -48.915512   -24.855033
   17.364503     5.233023    10.327643     7.993093   -43.011842   -16.220422
   17.434368     4.742916    10.396143     8.057026   -43.479582   -26.240363
   17.420900     5.496011    10.419454     8.245906   -61.326791   -35.672710
   17.470744     5.041062    10.573525     8.204783   -51.234368   -44.527310
   17.413611     5.424491    10.541075     8.238635   -48.637233   -36.085537
   17.514499     5.234167    10.489388     8.131480   -44.667389   -38.627992
   17.352908     5.121144    10.614887     7.862132   -47.629678   -33.003731
   17.609017     5.252286    10.249948     8.251019   -47.420734   -31.357633
   17.373966     5.025574    10.467085     7.991882   -42.996410   -24.515321
   17.370961     5.245740    10.509744     8.297402   -44.819952   -29.029832
   17.645674     5.304811    10.520070     8.222300   -41.730608   -51.240859
   17.243788     5.342441    10.693574     8.148878   -48.652485   -29.825944
   17.393065     5.368085    10.418617     8.097095   -43.033407   -23.627663
   17.279314     5.220901    10.345608     8.330187   -52.769792   -18.442045
   17.550056     5.296407    10.361270     8.085287   -48.879438   -34.750385
   17.239175     4.884632    10.482464     8.187762   -54.378288   -22.684059
   17.372792     5.146141    10.416884     7.918917   -50.021620   -24.984847
   17.405463     5.164756    10.292338     8.014748   -49.282617   -20.637455
   17.310633     4.907396    10.503073     8.244294   -51.295741   -27.725885
   17.557290     4.927734    10.454782     8.018689   -39.126742   -37.377454
   17.240622     5.202295    10.150173     8.491728   -55.774607    -8.848018
   17.413147     4.851123    10.259853     7.940430   -45.326892   -17.061237
   17.274741     5.449474    10.385972     7.729873   -56.219331   -17.966544
   17.202752     5.318089    10.531151     7.921565   -48.273250   -16.433777
   17.393307     5.207175    10.554783     7.877017   -47.176909   -32.761088
   17.303697     5.393266    10.453022     7.938407   -52.408634   -22.988913
   17.550491     5.177430    10.313732     8.281997   -48.335195   -32.190651
   17.265159     5.127845    10.383505     8.007816   -52.021543   -17.009422
   17.328180     5.061959    10.499049     7.944852   -55.918844   -29.336211
   17.362143     5.196785    10.233511     8.073576   -56.727771   -18.538896
   17.350661     5.108364    10.398156     7.997629   -53.795919   -24.598566
   17.403786     5.319106    10.347710     7.791567   -45.947068   -20.507443
   17.432690     4.930850    10.506513     8.140182   -43.888803   -32.938748
   17.497484     5.181993    10.375559     8.048324   -41.623118   -28.372993
   17.221150     5.361586    10.113710     8.014062   -53.906805    -1.233274
   17.602861     5.217157    10.285354     7.929886   -46.415263   -32.084011
   17.346445     5.017954    10.521676     8.207878   -45.154769   -27.560419
   17.439797     5.329510    10.474635     8.013296   -40.715636   -28.990842
   17.589407     4.914572    10.366637     8.005516   -44.208495   -36.358496
   17.379570     5.268214    10.421321     7.947866   -52.049788   -26.808866
   17.187990     5.155535    10.553783     7.934492   -51.397166   -18.390074
   17.392342     5.185225    10.474033     7.911393   -46.921394   -28.048135
   17.163575     5.005375    10.259207     8.068682   -50.529467    -3.790645
   17.224161     5.136377    10.453827     7.965952   -53.297180   -17.840667
   17.218762     5.000650    10.375745     7.954834   -49.192004   -11.266708
   17.480154     4.952155    10.501719     7.929566   -45.444993   -36.665304
   17.259556     5.140974    10.396821     8.122181   -44.531061   -13.471973
   17.401049     5.071218    10.209704     8.292114   -49.483008   -17.092180
   17.571967     5.448638    10.320344     8.074050   -43.040342   -30.721640
   17.387334     5.321941    10.363354     8.006453   -46.204644   -21.518018
   17.319981     5.100710    10.419261     7.812886   -48.294025   -19.686499
   17.276843     5.236838    10.551337     8.192664   -46.062408   -23.828022
   17.406863     4.962792    10.427956     7.850576   -48.237507   -27.224024
   17.364998     4.886995    10.197853     7.937467   -49.257899   -12.468735
   17.432265     4.858448    10.082122     7.721997   -52.919166   -10.527480
   17.149192     5.208725    10.309662     8.040314   -53.006481    -6.465287
   17.500606     5.162882    10.199681     7.988908   -53.872962   -23.221061
   17.290104     5.294224    10.443946     7.916299   -49.854041   -20.027985
   17.249146     5.299767    10.395251     7.781716   -45.995821   -11.053950
   17.304550     5.101600    10.504606     8.040475   -41.722878   -20.196215
   17.307932     5.028095    10.528732     7.942404   -41.317328   -20.986340
   17.460806     5.181995    10.354262     8.038822   -47.402675   -27.122806
   17.292494     5.240035    10.139822     8.179940   -53.907826    -8.960959
   17.386352     5.070597    10.475563     8.040371   -50.528702   -30.145023
   17.382793     5.081427    10.485280     8.044834   -49.278762   -29.795001
   17.459315     4.895491    10.398803     8.122799   -40.979375   -26.951909
   17.196655     5.292835    10.474403     8.182260   -47.815920   -14.775514
   17.242757     5.149724    10.595052     8.164321   -57.046909   -29.763496
   17.294902     5.180209    10.430509     7.980860   -48.206620   -19.210619
   17.137800     5.107547    10.551958     8.254851   -59.688102   -22.066070
   17.395018     5.408320    10.392859     7.808996   -48.705225   -23.807863
   17.354077     5.066761    10.370151     7.878852   -46.780469   -19.249035
   17.118722     5.076533    10.547183     7.862602   -50.793712   -11.358132
   17.460535     5.224044    10.316848     8.102109   -46.341815   -24.667995
   17.296663     5.305614    10.573629     7.918260   -47.654691   -26.017947
   17.591462     4.966081    10.344111     8.198158   -38.381850   -32.540131
   17.396624     5.087359    10.090063     8.218870   -51.770883   -11.287495
   17.480168     4.782246    10.410287     8.057964   -45.980566   -32.015876
   17.216701     4.960356    10.375960     8.111554   -56.658223   -16.525396
   17.541464     4.684031    10.278653     8.202955   -40.852391   -26.222093
   17.309008     5.091958    10.303189     7.809084   -55.388045   -16.631810
   17.473296     4.989805    10.382504     7.984217   -43.599805   -27.842139
   17.286724     4.974762    10.309817     7.863260   -54.311613   -15.312931
   17.460200     5.102272    10.514497     8.164704   -41.933436   -34.509991
   17.517709     5.047275    10.393791     7.899842   -45.637864   -32.622354
   17.561374     5.169741    10.352461     8.058956   -48.636041   -34.881713
   17.429688     5.062251    10.337867     8.198195   -47.055101   -24.453600
   17.520681     5.169946    10.484236     7.979098   -38.144894   -35.140946
   17.421298     5.190854    10.438723     8.134486   -47.324822   -29.445806
   17.588965     4.890910    10.415745     8.023020   -39.140033   -37.508709
   17.465629     4.996164    10.468022     8.111672   -37.285418   -29.479511
   17.435163     5.166569    10.361151     8.268198   -47.253526   -26.528148
   17.242632     4.932283    10.515573     8.116635   -41.003748   -15.345900
   17.214553     5.108605    10.435781     7.866226   -49.653407   -13.431171
   17.301053     5.241258    10.533891     8.122504   -43.802764   -23.122001
   17.401547     5.150484    10.413306     8.071385   -41.417910   -23.148539
   17.217231     5.033776    10.200836     8.206898   -48.841591    -4.523674
   17.402137     5.123425    10.522871     7.988712   -44.177841   -30.572015
   17.558761     5.005703    10.271148     8.008419   -49.273667   -29.642292
   17.469383     4.886020    10.619037     7.822833   -40.304932   -40.433792
   17.535754     4.842449    10.313240     8.226308   -35.680203   -24.949007
   17.289383     5.231736    10.442200     8.109412   -44.617903   -17.962704
   17.314321     4.940665    10.284084     8.076053   -50.157725   -14.868462
   17.494195     4.912921    10.336208     7.922711   -46.369110   -27.812085
   17.407996     5.039794    10.513254     8.070717   -37.862102   -27.343419
   17.226697     5.045950    10.575344     8.097545   -48.317185   -21.730533
   17.435873     4.960024    10.487109     8.088890   -37.880383   -28.383133
   17.322886     4.989306    10.524189     7.881434   -53.339087   -28.808814
   17.327235     5.113728    10.344853     8.030054   -51.099575   -19.060116
   17.210666     5.113013    10.414598     8.040350   -51.383117   -14.383849
   17.347641     5.065751    10.426093     8.098014   -51.520021   -25.268966
   17.198172     5.450118    10.551872     7.991042   -54.994999   -21.766862
   17.441729     5.292796    10.375877     7.950696   -45.894800   -25.829738
   17.319081     5.243863    10.535048     7.821457   -48.399686   -25.782590
   17.412045     5.283350    10.520458     7.972628   -40.995606   -29.363489
   17.472162     5.280472    10.289933     8.014948   -52.350381   -26.182572
   17.423360     5.220827    10.503703     8.374169   -47.433939   -34.787360
   17.372682     5.063496    10.479979     8.335418   -48.589417   -29.966020
   17.517740     5.273579    10.389821     7.900942   -48.077557   -33.214219
   17.433899     5.392530    10.483104     7.821766   -47.342418   -31.606688
   17.436205     5.205669    10.413357     8.112006   -51.619379   -31.037861
   17.244911     4.893669    10.321902     8.099343   -53.546438   -14.103263
   17.256214     5.252900    10.653204     8.131307   -48.319087   -28.407838
   17.473526     5.307457    10.546149     8.062860   -44.771106   -38.557978
   17.411118     4.952058    10.433956     8.278654   -48.529014   -29.999171
   17.133783     5.010851    10.195018     8.055489   -57.089415    -3.336631
   17.268451     5.058009    10.586984     7.972902   -46.528661   -23.988787
   17.497555     5.134108    10.523089     8.013086   -47.751372   -40.593376
   17.347811     5.201288    10.494317     8.075060   -55.970540   -31.089618
   17.284598     5.258249    10.398699     7.891771   -44.354515   -13.945174
   17.171481     5.607282    10.450723     8.191676   -53.539033   -15.053647
   17.425279     4.752016    10.306742     8.190330   -48.970402   -23.783832
   17.476480     5.154704    10.487128     8.214313   -47.000858   -36.932264
   17.249519     4.940851    10.490033     8.158228   -51.615354   -21.844699
   17.362019     4.945061    10.441644     7.930124   -39.501679   -19.825019
   17.354081     4.889733    10.217802     8.001237   -52.583095   -14.898624
   17.310682     5.172205    10.224435     8.090620   -51.311363   -12.536636
   17.508184     4.795309    10.201992     8.203494   -45.786451   -21.253428
   17.229027     5.134057    10.421632     7.950198   -48.801638   -13.937808
   17.530107     4.954609    10.268309     8.084172   -43.524298   -25.283229
   17.421209     4.922671    10.498245     8.059926   -41.109572   -29.585698
   17.348962     4.916642    10.302270     7.944602   -44.063815   -14.100336
   17.074664     5.137730    10.454639     8.148892   -52.859172    -7.731122
   17.358345     4.895433    10.474313     8.154621   -40.372200   -22.881137
   17.386128     5.008289    10.376150     7.940940   -48.476905   -23.152796
   17.408462     5.154087    10.362556     8.182024   -45.096974   -23.263826
   17.023849     5.124991    10.284247     7.959723   -64.192773    -3.637211
   17.332955     5.287101    10.206297     7.928300   -53.822503   -12.932895
   17.164066     5.117396    10.456362     8.387742   -52.584911   -16.165923
   17.437547     5.328560    10.377732     7.898210   -41.230748   -22.903968
   17.388332     5.277306    10.462496     8.180206   -40.745643   -24.814140
   17.080124     4.991462    10.432521     7.985623   -50.967105    -4.365716
   17.340282     5.145269    10.397221     8.173434   -46.275850   -20.794372
   17.334290     4.929884    10.360110     7.905698   -49.616262   -18.982643
   17.487141     4.975417    10.448707     8.040336   -40.069636   -31.430395
   17.312124     5.245986    10.434353     8.069911   -49.578266   -21.924966
   16.993674     5.337841    10.400395     7.931712   -62.282312    -4.293097
   17.471000     5.220787    10.436637     8.130412   -42.943996   -30.920502
   17.368768     5.158107    10.445650     8.017758   -46.936660   -25.123249
   17.257039     5.123471    10.323206     7.882226   -52.366134   -12.954960
   17.331175     5.243629    10.179698     7.886800   -47.807920    -7.852186
   17.282013     5.216036    10.417358     7.942363   -55.747882   -21.427704
   17.156467     4.905935    10.529182     8.230037   -53.980417   -18.728071
   17.290292     5.221560    10.355133     8.108289   -43.405615   -12.958751
   17.112956     5.162443    10.282671     7.977870   -54.811541    -3.485721
   17.344352     5.184354    10.282920     8.062671   -46.203833   -14.685025
   17.399244     5.286475    10.216110     8.028578   -51.186577   -16.951859
   17.329435     5.029164    10.451137     8.071690   -40.311177   -18.766186
   17.631338     5.096029    10.431845     8.162540   -27.650831   -36.182145
   17.186746     4.942422    10.384369     8.223215   -56.354243   -15.547316
   17.303899     4.955310    10.595340     8.087916   -45.674404   -27.742343
   17.385676     5.277288    10.146020     7.888551   -55.857648   -13.428828
   17.339807     5.364191    10.384883     7.901427   -49.406198   -20.250916
   17.283169     5.017718    10.344507     8.047200   -50.167576   -15.589737
   17.441473     5.099704    10.383960     7.803051   -43.871708   -24.796829
   17.373637     5.336938    10.342705     8.091663   -51.981169   -22.780223
   17.410535     5.046219    10.151193     8.047130   -43.585211   -10.412278
   17.241887     5.067705    10.311454     8.329896   -55.393614   -15.880797
   17.294394     5.125810    10.458349     8.120485   -51.995194   -23.419239
   17.573570     5.009063    10.307150     8.082909   -41.802706   -30.042714
   17.500868     5.068262    10.478935     8.132204   -44.386523   -36.865411
   17.235599     5.204555    10.615290     8.032900   -47.005466   -23.206931
   17.266904     5.341216    10.614123     8.087686   -46.475085   -25.872526
   17.567433     5.094366    10.306951     8.028397   -45.394415   -30.958482
   17.521259     5.295058    10.326111     7.929697   -42.253739   -26.878959
   17.292883     5.281896    10.552236     7.865779   -54.583554   -28.249461
   17.427997     5.238458    10.330863     8.175967   -51.648095   -26.034635
   17.208030     5.174777    10.502262     8.116969   -51.895083   -19.056947
   17.250870     5.218869    10.367787     8.145064   -63.158606   -21.843813
   17.367998     5.122379    10.288126     7.871145   -55.121430   -19.918845
   17.388418     5.387537    10.495199     7.944812   -50.461575   -30.817033
   17.560384     5.327650    10.464034     7.878593   -45.459787   -40.263599
   17.455497     5.060990    10.565344     8.157660   -47.702083   -40.455067
   17.089965     5.154534    10.605357     8.043508   -53.586927   -14.908682
   17.468225     5.023447    10.448383     8.256299   -46.690956   -34.045879
   17.305644     4.957030    10.461859     7.799851   -52.527796   -23.287796
   17.472477     4.851548    10.276937     7.786631   -59.233956   -28.339099
   17.447334     5.098401    10.449567     7.965633   -50.423570   -32.955823
   17.383382     5.120821    10.425170     8.021116   -54.088317   -28.657452
   17.299061     4.842024    10.349630     8.015770   -53.717504   -18.841677
   17.418718     5.112522    10.276167     7.968737   -44.022401   -17.842581
   17.270782     5.133824    10.399875     8.233377   -52.859799   -19.973294
   17.334582     5.164323    10.370389     8.116759   -46.545229   -18.893524
   17.376645     5.169127    10.444244     8.005109   -51.080884   -27.682147
   17.317067     5.189346    10.461911     7.980162   -47.913105   -22.330177
   17.403875     4.789013    10.475763     8.202717   -35.757710   -24.231265
   17.438886     5.052672    10.101770     8.116116   -49.957143   -12.991497
   17.675664     5.047027    10.359971     8.119430   -42.351433   -41.914054
   17.540369     5.068889    10.410214     7.988825   -42.111125   -34.085825
   17.529207     5.034811    10.507004     7.985864   -35.358828   -36.128918
   17.422837     5.073302    10.556911     7.951725   -45.538696   -35.015572
   17.288093     5.123859    10.524630     7.982384   -52.036376   -25.626816
   17.532525     5.198998    10.374592     8.121064   -43.372311   -32.013703
   17.454448     5.029577    10.617259     7.911335   -39.790229   -38.470705
   17.413272     4.893227    10.388508     7.975577   -49.559720   -26.705090
   17.305171     5.020723    10.568238     7.865032   -48.882035   -27.075261
   17.515611     5.257582    10.404508     8.380656   -39.681413   -31.459240
   17.413195     5.397647    10.597883     8.048044   -41.106629   -34.341898
   17.446442     4.971348    10.388090     8.155877   -45.650071   -27.787060
   17.360555     5.186351    10.433326     8.086104   -45.893075   -23.586616
   17.465242     5.264488    10.400352     8.230567   -43.046360   -28.669312
   17.188121     4.963976    10.394489     8.091613   -57.750968   -15.940879
   17.482524     5.181210    10.250307     8.184172   -42.580597   -20.693255
   17.257444     5.234958    10.532453     7.848911   -47.162063   -19.911318
   17.273805     4.923033    10.308138     7.839476   -62.840428   -18.852199
   17.477930     4.990711    10.316926     7.833973   -47.246013   -25.426798
   17.285736     4.996575    10.532535     8.039010   -48.344319   -24.141979
   17.480525     4.974981    10.530067     7.951603   -50.067201   -40.909276
   17.457883     5.083095    10.495281     8.040583   -39.615562   -31.451599
   17.414931     5.073572    10.588533     8.088557   -44.029171   -35.993745
   17.303482     5.262064    10.489633     7.906781   -51.283350   -24.151829
   17.443627     5.326355    10.438145     8.147285   -56.135354   -35.337179
   17.343408     5.037503    10.337079     8.077245   -42.349262   -15.212171
   17.465165     4.994988    10.421255     8.050993   -50.929668   -33.314121
   17.485736     5.122539    10.453702     8.034632   -48.933351   -35.758631
   17.256656     5.399575    10.416984     7.929391   -48.959760   -15.556771
   17.334300     5.389828    10.432045     8.120538   -55.424600   -26.719772
   17.665343     4.972985    10.482671     8.060093   -42.095116   -50.692309
   17.368076     5.182581    10.371184     7.837478   -53.811494   -23.590766
   17.391839     5.114533    10.289412     7.747648   -57.006639   -21.834954
   17.662520     5.112768    10.374813     8.223351   -45.800317   -43.598790
   17.708853     5.153157    10.381760     7.890344   -35.009198   -42.733593
   17.443508     5.112183    10.470329     7.901420   -43.118271   -30.065416
   17.372035     4.693928    10.379030     7.958521   -46.978333   -22.039790
   17.170110     5.259965    10.463321     8.137602   -53.556788   -15.638984
   17.333843     4.930475    10.528673     7.932138   -47.286592   -26.865248
   17.221709     5.148619    10.306521     8.466822   -65.439789   -21.101011
   17.519501     5.281875    10.467522     8.161101   -41.583473   -36.141029
   17.555268     5.122372    10.576083     8.312000   -42.715743   -48.213177
   17.420643     5.027996    10.452174     8.223654   -47.915131   -31.038821
   17.361558     4.972016    10.320714     8.300676   -45.333108   -18.322664
   17.429575     5.069489    10.575712     8.020480   -40.325358   -34.176809
   17.314047     4.943692    10.344815     8.270249   -51.011926   -19.433163
   17.365444     5.236286    10.463506     7.898371   -46.537829   -25.028835
   17.341229     5.130105    10.487473     8.168558   -54.309761   -29.941096
   17.491416     5.168255    10.340490     7.928329   -44.003898   -26.543374
   17.736498     5.185057    10.228427     7.840329   -42.944994   -36.050447
   17.399321     5.105737    10.225908     7.858887   -51.658616   -16.908536
   17.207047     5.145601    10.645489     8.396989   -51.431835   -28.048846
   17.432237     5.255670    10.589936     8.079337   -43.375355   -37.036204
   17.415405     4.922331    10.517818     8.000680   -44.943389   -32.162308
   17.228327     5.211124    10.523649     8.143846   -49.127979   -20.144806
   17.395823     5.206723    10.431989     8.106365   -53.490357   -30.039398
   17.087402     4.989677    10.311331     8.000445   -58.307519    -5.345017
   17.447701     4.896018    10.434688     8.078411   -43.602992   -29.453045
   17.375565     4.882942    10.320513     7.956922   -48.993351   -19.781527
   17.375682     5.039871    10.268048     7.908372   -44.443695   -14.267321
   17.319416     4.886277    10.510244     8.074534   -44.048963   -23.478752
   17.351506     5.353936    10.326472     8.093454   -50.414246   -19.627672
   17.088704     5.329032    10.424862     7.858890   -56.919607    -7.843172
   17.249430     5.128627    10.527850     8.134361   -57.169546   -26.596283
   17.321848     4.941705    10.470433     7.946272   -49.092997   -23.790364
   17.210690     5.017743    10.557127     8.038546   -50.868479   -20.773056
   17.435388     5.068015    10.337517     8.077600   -51.029170   -26.214991
   17.357085     4.908729    10.467975     8.337669   -40.192531   -23.194697
   17.348792     5.140361    10.603355     7.969482   -53.228020   -35.546672
   17.516373     4.944748    10.487197     8.118053   -43.800454   -38.654491
   17.412207     5.181168    10.330259     7.804745   -55.105628   -24.826843
   17.286273     5.027306    10.289677     7.982653   -57.060264   -16.347760
   17.246927     5.476715    10.319087     7.732929   -57.820170   -13.198854
   17.448245     5.064720    10.382504     8.194795   -45.092755   -27.366243
   17.669784     5.018614    10.404471     8.201317   -40.983219   -44.508344
   17.438215     5.054798    10.373025     8.405018   -53.985031   -31.720900
   17.540811     5.051636    10.382604     7.660920   -39.662310   -30.165584
   17.351314     5.376302    10.477783     7.966331   -45.900253   -24.582000
   17.492121     4.986220    10.397969     8.097997   -41.293747   -29.464046
   17.253954     5.340026    10.532985     7.982091   -50.909571   -22.701481
   17.582719     5.103951    10.352303     7.923680   -43.138163   -33.851251
   17.598681     5.323299    10.352629     7.718231   -37.383417   -31.437736
   17.539700     5.230755    10.502177     7.882204   -42.794753   -39.952818
   17.342577     5.214427    10.198282     8.092634   -68.649050   -20.653450
   17.499319     5.064164    10.543124     8.141993   -36.320197   -36.666528
   17.357032     5.172515    10.379868     7.883182   -50.774173   -22.020101
   17.494887     4.905267    10.474196     7.917366   -40.012769   -33.430067
   17.192823     5.171119    10.363240     7.807654   -59.366483   -13.795059
   17.406079     5.010459    10.472481     7.911383   -52.406268   -32.022861
   17.347201     5.057570    10.471137     7.951251   -39.583261   -20.295539
   17.143122     5.089239    10.277289     8.152590   -57.954457    -8.592206
   17.423149     5.356644    10.503417     8.011074   -40.194294   -28.963363
   17.236468     4.964258    10.531334     8.288067   -49.635223   -22.597294
   17.447564     5.304607    10.491525     8.065008   -38.480906   -29.621479
   17.575308     5.137442    10.385288     8.164108   -44.338538   -36.608238
   17.297781     5.046975    10.532247     8.043736   -49.656959   -25.845867
   17.464751     5.211920    10.342302     8.210508   -42.085153   -24.646608
   17.289355     5.097090    10.586188     7.899404   -50.135282   -27.507918
   17.429490     5.129606    10.404960     7.985133   -46.881217   -27.319121
   17.365541     5.259168    10.309213     8.064479   -46.843919   -17.789305
   17.177256     5.106010    10.557517     8.099151   -54.831263   -20.976411
   17.431613     5.325442    10.446564     7.787768   -48.002287   -29.479706
   17.467164     5.114140    10.460196     7.981242   -48.638265   -34.369246
   17.478636     4.963234    10.476603     8.190704   -51.460911   -38.934489
   17.362437     5.027952    10.472125     7.977498   -43.957450   -24.325159
   17.482248     5.115920    10.489296     7.902568   -31.606172   -28.237989
   17.318684     5.099886    10.326577     8.117210   -54.308641   -19.617459
   17.493518     4.972292    10.495985     8.118470   -36.369479   -33.198098
   17.361406     5.008067    10.499090     8.108074   -42.362213   -25.406231
   17.355926     5.424522    10.337673     8.122087   -44.159580   -16.982881
   17.315803     5.251877    10.577352     8.044058   -43.144442   -25.837105
   17.573456     5.159048    10.382139     8.436315   -49.864263   -39.982247
   17.411182     4.749620    10.421295     8.142396   -48.652831   -29.215258
   17.237772     5.101700    10.443087     8.053043   -54.710231   -19.643402
   17.339759     5.191438    10.370522     7.958089   -48.982088   -19.768392
   17.371178     5.330460    10.374148     7.960006   -49.130557   -22.197561
   17.165597     5.332549    10.662460     8.132907   -54.253805   -25.083090
   17.459837     5.252533    10.364955     8.330965   -46.372712   -28.273586
   17.518509     5.097728    10.438009     7.879696   -50.073554   -37.428780
   17.318887     5.050623    10.333901     8.331805   -44.144709   -15.427971
   17.550146     5.072771    10.383925     7.974318   -42.439383   -33.256981
   17.484669     5.080285    10.447507     8.084025   -40.899910   -31.589286
   17.266951     5.081256    10.497127     8.097206   -41.725878   -16.948388
   17.410565     5.056204    10.451761     8.243239   -45.860497   -29.209258
   17.500381     4.936965    10.436409     8.180206   -44.201626   -34.414039
   17.242560     4.953255    10.372643     8.244574   -51.564839   -16.090390
   17.475552     4.868507    10.427715     8.126653   -47.544695   -33.543975
   17.335785     5.207766    10.511978     8.084733   -48.624112   -27.358325
   17.356108     4.739913    10.507689     8.078349   -46.790968   -28.495318
   17.344650     5.122753    10.398914     7.918590   -43.256415   -18.281415
   17.463920     5.376360    10.442116     8.113216   -43.481684   -30.800082
   17.380863     5.255547    10.318415     8.110904   -49.325643   -20.820108
   17.331194     5.460802    10.407424     7.986443   -45.976660   -19.194501
   17.336319     4.896260    10.423946     8.288673   -50.571389   -25.199031
   17.329192     4.842445    10.504595     8.143656   -48.219747   -26.989040
   17.594121     4.992336    10.299026     7.870804   -42.695455   -30.943549
   17.318179     4.952007    10.357595     8.148297   -44.199035   -15.795449
   17.405778     5.156432    10.392068     8.097496   -43.576220   -23.572624
   17.424988     4.884124    10.372794     8.381089   -45.794478   -26.612445
   17.366303     5.348098    10.461649     7.939327   -45.357411   -24.477734
   17.366163     5.161432    10.215196     7.890737   -45.937295   -11.370912
   17.372795     5.192391    10.455756     7.882082   -52.526329   -28.190701
   17.452985     5.046270    10.394375     8.014588   -50.201017   -30.190812
   17.476746     5.014249    10.541567     8.298417   -38.827449   -36.640655
   17.355107     5.201182    10.483878     8.154368   -49.948449   -28.404401
   17.121569     5.022429    10.303190     7.914589   -60.193597    -7.751584
   17.424332     5.001857    10.516225     8.007592   -42.906444   -31.598336
   17.542396     4.992007    10.314276     8.016389   -37.220853   -25.828564
   17.418560     4.936675    10.423640     8.023680   -49.403018   -29.187992
   17.308859     4.998761    10.490120     8.093766   -51.683703   -25.948453
   17.320516     4.992456    10.409819     8.230267   -46.320947   -20.328748
   17.172058     5.068658    10.541252     8.093320   -50.499564   -16.999764
   17.351267     5.267389    10.335774     7.943222   -57.215670   -22.626952
   17.512160     5.066328    10.362557     7.979929   -47.307203   -31.182749
   17.343716     4.903168    10.271882     8.008583   -48.773459   -15.114743
   17.330858     5.107311    10.363097     7.884020   -46.316047   -16.905425
   17.304640     5.216422    10.120214     8.315877   -55.130053    -9.830571
   17.250240     5.239695    10.609873     8.078546   -47.927324   -25.060508
   17.364920     5.144923    10.257849     8.190769   -56.293745   -20.329065
   17.469713     5.128957    10.505348     7.904245   -38.075808   -31.766015
   17.383655     4.893925    10.349385     7.969352   -50.434521   -22.727097
   17.282074     5.039411    10.558006     8.058202   -56.437806   -29.931586
   17.454454     5.214678    10.493524     7.977914   -41.278962   -31.608433
   17.322691     5.108801    10.419869     7.875709   -55.409539   -23.990016
   17.459796     5.041372    10.363257     8.070418   -48.911687   -28.454518
   17.340967     5.097826    10.271064     8.174106   -51.943632   -17.402330
   17.551427     5.123702    10.432755     8.235747   -39.854800   -35.971636
   17.396892     5.245025    10.427232     8.073106   -50.062704   -28.037741
   17.527891     4.798160    10.344326     8.099625   -42.783619   -29.927153
   17.416433     5.172214    10.310474     8.196158   -53.092969   -24.886066
   17.471235     5.248609    10.453522     8.183901   -37.487716   -29.177404
   17.406250     5.140154    10.529045     8.187254   -45.155879   -32.676177
   17.420894     5.096906    10.338991     8.341884   -48.099284   -25.059499
   17.565645     4.831162    10.358278     7.998813   -43.486712   -33.780025
   17.111671     5.307013    10.474713     8.054929   -59.735301   -15.126083
   17.352520     5.275545    10.430709     8.019660   -48.413872   -23.843462
   17.360251     5.013208    10.379868     8.040559   -48.273451   -21.806114
   17.428846     5.141504    10.417728     7.855364   -55.244066   -31.431388
   17.311928     5.091541    10.471237     8.024472   -49.348732   -23.454236
   17.357564     5.110650    10.509623     8.016631   -53.463677   -31.192191
   17.386940     5.050591    10.244728     7.998348   -51.671752   -17.935356
   17.291310     5.102309    10.541614     7.883704   -54.210686   -27.530984
   17.451158     5.231660    10.585750     8.018286   -44.448428   -38.806303
   17.693971     5.358019    10.302032     7.850064   -47.600917   -40.009304
   17.295441     4.991504    10.561047     8.264582   -49.545119   -28.612800
   17.185113     4.891598    10.470933     8.129719   -51.541433   -15.803463
   17.305402     5.373703    10.422630     8.270872   -51.331535   -22.915090
   17.384918     4.847295    10.438587     8.126749   -43.772896   -25.033258
   17.458803     5.000671    10.307579     8.024307   -60.895848   -30.087100
   17.443099     5.176630    10.362539     7.818784   -43.580996   -23.515238
   17.457682     5.009698    10.411182     8.154925   -54.494146   -34.214578
   17.423223     5.211035    10.455343     8.161406   -39.626729   -26.535381
   17.271520     4.970280    10.568126     8.174696   -47.695720   -25.287409
   17.492514     4.998031    10.432166     8.089409   -41.503917   -31.697895
   17.199572     4.898915    10.333869     8.102026   -52.887801   -11.212559
   17.304278     5.056757    10.503618     7.988921   -39.721960   -18.574793
   17.428221     5.138348    10.563718     8.283310   -44.790478   -36.952184
   17.601257     4.924827    10.341754     8.305076   -49.651903   -38.907271
   17.453415     4.903771    10.364797     7.993180   -50.336565   -28.680285
   17.275828     4.986042    10.465218     8.172266   -52.018139   -22.824603
   17.323006     5.103809    10.326668     7.977359   -60.268014   -21.936467
   17.395461     5.373650    10.590365     7.928132   -37.517422   -29.650125
   17.305192     4.983574    10.405121     8.136952   -55.037240   -23.248857
   17.405849     4.866594    10.298841     8.367222   -47.962026   -22.080918
   17.360361     5.233031    10.603437     8.092428   -56.461163   -38.833842
   17.310466     4.961162    10.518294     8.206223   -45.180837   -24.501561
   17.295935     5.293765    10.584854     8.154956   -47.220246   -27.638471
   17.170416     5.113207    10.473726     7.901496   -57.825318   -17.056419
   17.350742     4.888493    10.334154     8.106587   -56.754551   -23.435018
   17.367138     4.927916    10.343334     8.189705   -50.786591   -22.401614
   17.370459     5.013331    10.392847     8.185490   -45.925276   -22.656884
   17.364689     4.767525    10.400562     7.960183   -52.228811   -25.482199
   17.216890     5.023321    10.494997     8.246482   -48.009654   -17.838858
   17.238949     5.529400    10.532205     8.210146   -54.035821   -24.863464
   17.447070     5.210303    10.485762     8.186774   -47.123835   -34.373534
   17.418940     5.074248    10.471369     8.068294   -54.258985   -34.373403
   17.341780     5.337105    10.487530     8.231421   -48.743337   -27.373240
   17.309113     5.200789    10.607337     8.114516   -45.360402   -28.602430
   17.403256     5.224855    10.475673     8.030743   -48.182626   -30.145714
   17.290670     5.311522    10.353629     8.255065   -46.338067   -15.357524
   17.451481     5.011634    10.556702     8.038972   -41.545050   -35.825771
   17.213970     5.300298    10.574092     8.198573   -50.230628   -22.561315
   17.216930     5.062044    10.507492     8.240204   -45.185244   -16.500407
   17.211854     5.178694    10.309888     8.202801   -48.493338    -8.977947
   17.231911     4.809190    10.380071     8.172944   -49.390784   -13.993112
   17.362534     5.113964    10.373656     7.900169   -44.559929   -18.966602
   17.557336     5.201705    10.450373     8.056400   -37.859571   -36.094887
   17.429346     5.124802    10.460513     7.885233   -50.140754   -31.750835
   17.663988     5.239406    10.335657     7.995466   -47.968328   -40.897485
   17.201580     4.909370    10.559063     8.174196   -54.790731   -23.779953
   17.055779     5.345260    10.540193     8.107250   -57.753065   -12.982764
   17.213330     5.121389    10.626335     8.219132   -50.855136   -25.641202
   17.269359     5.386689    10.422132     8.375295   -50.546680   -20.503622
   17.419349     5.415256    10.433095     7.995768   -45.803184   -27.454808
   17.274262     5.278377    10.542661     8.228829   -43.746462   -21.920228
   17.363362     5.283231    10.353323     8.179434   -54.640253   -24.423259
   17.509045     5.379815    10.477500     7.841530   -41.415149   -34.647254
   17.439958     5.255434    10.537879     8.252074   -38.607404   -32.559630
   17.384495     5.106420    10.465640     8.009038   -51.728259   -29.854077
   17.494696     5.253919    10.426531     8.340725   -44.165239   -33.552764
   17.050925     4.879604    10.450427     7.843978   -57.947034    -6.869332
   17.335839     5.134692    10.223806     8.010295   -61.285913   -18.103297
   17.193254     5.336739    10.529176     8.032821   -53.646683   -19.740202
   17.537357     5.227330    10.534818     8.207702   -41.324246   -42.257505
   17.295302     5.269123    10.462984     8.286289   -54.884973   -26.373557
   17.489648     5.222275    10.463142     8.305986   -37.796004   -31.865935
   17.155871     5.090271    10.497874     7.952542   -59.658754   -18.540205
   17.400088     5.141560    10.261453     8.115330   -54.991046   -21.669010
   17.365887     5.230589    10.527852     8.096473   -47.778382   -30.235086
   17.433353     5.194045    10.467301     7.954527   -57.157639   -35.975547
   17.345701     5.190195    10.581902     8.142218   -50.829326   -33.589344
   17.483796     5.225542    10.293501     7.898432   -41.093752   -21.527317
   17.402451     5.235279    10.392287     8.109583   -54.096735   -28.559542
   17.148688     5.102291    10.481809     8.086560   -61.495219   -19.257136
   17.370619     4.956243    10.336374     7.787417   -59.023879   -24.503636
   17.226536     5.101077    10.523502     8.036370   -52.072460   -21.082069
   17.132857     5.238382    10.491464     8.192433   -52.492814   -13.836970
   17.510150     5.157994    10.402894     7.998653   -45.993409   -32.953108
   17.493585     5.112715    10.129386     7.993727   -46.910454   -15.756785
   17.420889     5.046945    10.384657     8.147032   -48.192540   -26.859792
   17.257459     5.277322    10.573584     8.021822   -45.612656   -22.045198
   17.118148     5.076234    10.495511     7.851273   -52.583330   -10.238807
   17.370447     4.947372    10.473540     7.907452   -48.790314   -27.491224
   17.605249     4.944543    10.441923     8.210357   -34.674782   -38.773252
   17.337661     5.146565    10.562704     8.148256   -48.716021   -30.719136
   17.269598     4.998469    10.540758     8.361473   -50.325501   -26.686936
   17.170669     5.103176    10.420722     8.140249   -60.370362   -17.693969
   17.398744     5.042591    10.405317     8.116840   -47.457397   -25.917159
   17.359064     5.062435    10.486866     7.868039   -44.892604   -24.856347
   17.202445     4.939307    10.546162     8.120105   -53.594357   -21.955311
   17.507905     5.297140    10.571806     7.866090   -46.154866   -43.324449
   17.290796     5.282976    10.658941     8.290150   -52.918536   -35.680990
   17.472381     5.092913    10.437338     7.993981   -37.249323   -27.729610
   17.471160     5.441407    10.570190     7.965582   -40.851147   -37.340839
   17.461983     4.995790    10.412427     8.193075   -40.837753   -28.024409
   17.671752     4.963507    10.372057     8.119773   -37.001698   -40.316496
   17.448007     5.042387    10.441142     8.047797   -41.776538   -28.592842
   17.285932     5.028975    10.338069     7.807219   -58.096674   -18.314288
   17.244670     5.017906    10.401646     8.130183   -48.771605   -15.229565
   17.428142     4.868058    10.184635     8.191653   -52.588737   -18.441356
   17.384915     5.116910    10.322133     8.062400   -48.448452   -20.658420
   17.452889     5.151102    10.379324     8.262460   -46.207043   -28.305998
   17.402992     5.074777    10.297185     7.918434   -49.191324   -20.238967
   17.256885     5.093276    10.515491     8.140467   -55.107884   -25.420915
   17.287816     5.145276    10.529465     8.234195   -52.590519   -27.693014
   17.421460     4.950793    10.412657     8.204848   -44.277169   -26.857178
   17.417743     5.203619    10.461132     8.161643   -49.279883   -31.579562
   17.215446     5.000578    10.372150     7.943917   -55.042857   -14.284200
   17.436231     4.938579    10.419083     7.954301   -41.490938   -25.946421
   17.552930     5.082515    10.477438     8.121251   -37.216952   -37.514410
   17.289933     4.924779    10.251049     7.951970   -54.077006   -13.034415
   17.280425     5.263361    10.366120     7.955992   -53.136356   -17.495563
   17.070949     5.001872    10.457137     7.748119   -61.488367   -10.457161
   17.360861     5.036821    10.560479     7.979350   -38.068016   -25.562665
   17.378774     5.061151    10.516761     8.085208   -46.851546   -30.203284
   17.230182     5.231061    10.533386     8.134520   -56.590163   -25.110232
   17.403758     5.033857    10.533653     8.036484   -47.035283   -33.180077
   17.620333     5.267578    10.317084     8.113593   -41.671521   -33.921758
   17.357677     5.039530    10.326199     8.237662   -50.624015   -20.919306
   17.429370     5.283455    10.547342     8.211107   -46.051024   -36.232330
   17.321688     5.225630    10.461079     8.317989   -48.449114   -24.785422
   17.610286     5.314460    10.353969     8.157444   -45.044865   -37.269399
   17.160138     5.007836    10.524120     8.059337   -53.875156   -17.241241
   17.134782     5.438837    10.416179     8.205765   -58.116677   -14.309348
   17.557058     5.128335    10.288698     8.064814   -52.521350   -32.003558
   17.518503     5.019686    10.370531     8.145194   -44.381611   -31.392170
   17.548421     4.862792    10.273003     8.029161   -38.810908   -24.532330
   17.424333     5.083844    10.282819     7.806827   -51.103710   -21.220860
   17.355402     5.099585    10.537907     8.020069   -51.958277   -31.884020
   17.241251     5.043194    10.497242     8.295500   -44.651550   -17.967361
   17.167029     5.026501    10.314122     8.017121   -61.556640   -12.581350
   17.553252     5.105990    10.381199     7.787576   -39.841981   -31.538363
   17.368375     5.134753    10.190105     7.934051   -56.413820   -15.707271
   17.337257     5.126187    10.510683     8.098179   -53.544782   -30.127985
   17.520936     4.947889    10.535093     7.917020   -40.890924   -40.170143
   17.632297     4.908739    10.400171     8.366793   -34.901345   -38.625616
   17.447580     4.999930    10.492921     7.777022   -50.528664   -35.344416
   17.373015     5.220697    10.648637     7.970460   -48.046416   -37.406479
   17.600690     5.226963    10.233170     7.961751   -46.982276   -28.756442
   17.306159     5.204467    10.548543     8.199971   -53.023587   -30.129044
   17.136239     5.240572    10.458562     7.935213   -57.161482   -13.684271
   17.130557     5.236088    10.323630     8.141881   -62.416399   -12.175284
   17.534020     5.007132    10.211387     8.002482   -47.018231   -23.317038
   17.361631     5.336559    10.410130     8.052543   -48.777783   -23.743634
   17.413340     5.207763    10.333068     8.178539   -53.741104   -26.155720
   17.462931     5.257683    10.303044     8.167141   -46.808385   -24.466383
   17.148345     5.064286    10.530282     8.384221   -51.069290   -17.364577
   17.472360     5.213095    10.324712     7.832775   -37.650192   -20.396638
   17.337850     5.082218    10.243293     8.376553   -48.884070   -15.011293
   17.228226     5.112103    10.434909     7.943414   -55.998669   -18.627097
   17.474461     5.057231    10.478072     7.885368   -51.168541   -37.077176
   17.460477     4.990469    10.201820     7.929729   -49.519139   -18.872994
   17.271505     4.997173    10.477445     7.885806   -57.562190   -24.631513
   17.275266     5.189936    10.553142     7.921804   -47.412537   -23.044575
   17.303752     5.006202    10.435940     8.191185   -52.100289   -23.492789
   17.316904     4.815606    10.439876     8.136115   -48.704911   -22.776601
   17.335024     5.020286    10.468541     7.999223   -42.733381   -21.282960
   17.217227     4.908073    10.444678     8.046932   -51.347077   -16.318144
   17.246804     5.032940    10.643057     7.937530   -38.718723   -19.379524
   17.318945     4.923988    10.548986     8.209070   -48.321439   -28.885720
   17.441792     5.086003    10.422612     7.992670   -45.826145   -28.827380
   17.377440     5.016830    10.435558     7.937330   -43.482751   -23.097229
   17.462648     5.092378    10.361911     8.095620   -45.910518   -27.239861
   17.504728     5.185732    10.398266     7.983142   -45.924922   -32.142560
   17.234231     5.059949    10.350025     8.364220   -45.165235   -11.004106
   17.255806     5.467967    10.310875     8.281245   -59.855007   -18.494049
   17.462282     5.293882    10.266199     8.076930   -49.082557   -22.989614
   17.049468     5.209430    10.423781     8.021870   -60.270856    -8.697895
   17.416978     5.020305    10.244313     8.190988   -54.720498   -21.934012
   17.582569     5.261749    10.486676     8.163598   -40.491149   -42.283325
   17.406587     5.091514    10.544675     8.248852   -45.153594   -34.014920
   17.356984     5.237453    10.486210     8.105309   -43.320575   -24.790717
   17.325251     5.004339    10.430031     8.182764   -48.159470   -22.532195
   17.478352     5.120945    10.401291     8.056545   -42.094664   -28.752134
   17.384826     5.200245    10.466289     8.066131   -49.041414   -28.786671
   17.594854     5.169344    10.328948     7.951156   -50.336071   -36.122715
   17.620325     5.217991    10.329548     7.895382   -47.814811   -36.871108
   17.412810     5.240747    10.460701     7.949983   -46.377061   -28.772998
   17.289508     5.015456    10.491456     8.083014   -46.630622   -21.531406
   17.027804     5.362289    10.398638     8.279787   -56.631379    -5.849241
   17.452532     5.182127    10.411174     7.948613   -43.507790   -27.614411
   17.539946     5.211380    10.485734     8.169089   -35.692198   -36.064349
   17.266246     5.148732    10.524148     8.090084   -46.425011   -21.196870
   17.379225     5.136756    10.444523     7.871529   -48.034884   -25.785576
   17.450611     5.441346    10.427621     7.995424   -43.703936   -28.423361
   17.337272     5.136825    10.640056     8.098589   -43.913251   -31.967453
   17.434666     4.923302    10.526384     8.122838   -40.785464   -32.524458
   17.323240     5.180220    10.369326     7.927313   -60.743741   -24.135044
   17.432829     4.976832    10.476037     7.945017   -47.379992   -32.048080
   17.474324     5.012422    10.500318     8.146115   -44.593650   -36.287088
   17.297601     5.242642    10.463477     7.849245   -47.397803   -19.838266
   17.020258     5.254545    10.404792     8.326077   -55.299315    -5.077878
   17.511987     5.188943    10.456012     7.997953   -45.799172   -36.365490
   17.363666     5.129159    10.529576     8.061241   -46.868487   -29.526505
   17.334914     5.079447    10.338455     8.002253   -52.045640   -19.584365
   17.250402     4.965834    10.558497     7.829721   -48.320108   -21.385695
   17.348729     5.238472    10.561792     8.183188   -40.943803   -27.190855
   17.303434     5.085146    10.531331     8.111248   -52.040643   -27.935207
   17.051218     5.299890    10.471652     8.075622   -59.499910   -10.711112
   17.159813     4.992225    10.542841     8.412402   -56.139128   -22.702225
   17.365102     4.985117    10.289236     7.974679   -49.385463   -17.624008
   17.373270     5.344715    10.483455     8.015073   -51.242135   -29.716857
   17.164046     5.125080    10.376524     8.381923   -63.517541   -19.139689
   17.322412     5.234535    10.606111     8.086246   -41.558349   -27.205942
   17.056078     5.264482    10.569236     8.112565   -50.017205    -8.506359
   17.405688     5.241123    10.614862     8.223975   -48.439925   -39.790569
   17.283726     4.974170    10.442972     7.975809   -44.364160   -16.660687
   17.269260     5.013391    10.506801     8.146589   -48.694457   -22.311915
   17.249654     5.104807    10.618748     7.912904   -46.799917   -23.782281
   17.455381     5.012264    10.209657     7.974871   -49.811797   -19.340101
   17.502494     5.274661    10.350289     8.199591   -57.801221   -34.971160
   17.412543     5.266700    10.413170     8.101694   -40.687841   -23.639416
   17.391113     5.178141    10.498267     8.289775   -50.115283   -32.880864
   17.419797     5.161916    10.304714     8.000892   -55.779260   -25.047176
   17.394700     5.235054    10.501146     8.158795   -48.084686   -31.488556
   17.289166     4.892655    10.465014     7.960343   -47.548420   -20.129706
   17.302628     4.917658    10.402323     8.274891   -55.049502   -23.994412
   17.446240     5.065614    10.503568     8.146667   -41.517144   -32.398111
   17.620756     5.414774    10.382637     7.982004   -32.151620   -33.295557
   17.222336     5.160505    10.602979     7.988261   -56.781075   -27.233041
   17.363584     5.109434    10.411078     8.098349   -44.022916   -21.670202
   17.285217     5.126322    10.502556     8.138744   -51.021475   -24.575395
   17.523463     5.106111    10.327955     8.441782   -40.914462   -28.119862
   17.463678     5.182266    10.400946     7.936138   -43.701457   -27.926804
   17.435160     5.068302    10.605804     8.158843   -37.139208   -35.225836
   17.519495     5.100844    10.643459     8.069038   -31.979353   -42.528936
   17.501595     5.020601    10.258198     8.296034   -45.642201   -24.279459
   17.504386     5.101668    10.549143     8.122940   -32.338339   -35.113983
   17.374531     5.344862    10.281244     7.894752   -55.211237   -19.903384
   17.273321     5.105033    10.432768     8.216648   -44.921816   -17.003332
   17.238620     5.119558    10.485730     7.941288   -52.977118   -20.131904
   17.404940     5.078983    10.487328     8.193325   -44.031406   -29.582001
   17.360439     5.024831    10.408467     8.218218   -51.400126   -25.851395
   17.463797     5.401767    10.435289     8.114065   -49.951983   -33.585951
   17.230252     5.046891    10.544075     7.886443   -47.951917   -18.959982
   17.354327     4.843795    10.178865     8.230252   -47.292119   -11.060517
   17.175765     5.006023    10.361678     8.220584   -47.239513    -7.862917
   17.317906     5.072377    10.313004     8.390515   -44.780499   -14.922622
   17.438224     5.161636    10.474543     7.956262   -43.205038   -30.085617
   17.423067     5.090848    10.456998     8.080651   -39.905904   -26.554164
   17.432867     4.891187    10.473417     7.851827   -45.819363   -30.945635
   17.374334     5.126712    10.440558     8.117895   -45.464926   -24.951243
   17.444672     5.211110    10.339496     8.018779   -42.056850   -22.391991
   17.525872     5.115191    10.541363     7.947177   -50.078654   -45.282061
   17.381386     5.022592    10.619851     8.164985   -44.688355   -35.738849
   17.281692     5.154389    10.453714     8.079314   -47.949227   -19.757142
   17.515644     4.885389    10.374764     8.057170   -43.463047   -30.961692
   17.200470     5.222623    10.695512     7.997814   -48.718030   -25.029545
   17.299988     4.968134    10.531392     8.208664   -44.306346   -23.794124
   17.314471     5.078424    10.494001     8.220413   -45.274219   -23.570894
   17.217509     5.200350    10.355576     8.159767   -44.963598    -8.835268
   17.408910     5.503053    10.270143     7.941344   -60.782827   -23.868247
   17.257498     5.243823    10.305744     8.080429   -56.879423   -15.842496
   17.342838     4.961265    10.312163     7.959579   -50.988342   -18.049741
   17.320228     5.065668    10.292312     8.017411   -54.251676   -17.459264
   17.252574     5.420351    10.547030     7.952486   -55.269961   -25.668783
   17.185476     5.126406    10.321130     8.013682   -65.168515   -15.832071
   17.301476     5.230483    10.517794     7.978776   -49.242468   -24.727372
   17.203017     5.233679    10.690023     8.082258   -49.217849   -25.892685
   17.375743     5.208826    10.436926     8.075956   -46.585716   -25.251904
   17.369522     5.317921    10.578241     8.377112   -54.511309   -39.014267
   17.377574     5.126089    10.521935     7.760073   -49.974655   -30.640648
   17.382203     4.915862    10.418483     8.020740   -51.771930   -27.374071
   17.291881     5.190791    10.458625     8.023983   -55.286614   -24.434789
   17.261494     5.015424    10.450391     8.228377   -47.729972   -18.797319
   17.526143     4.934920    10.561216     8.129746   -39.900310   -42.619948
   17.415621     5.170541    10.402546     7.981385   -45.866184   -25.601961
   17.203742     5.151704    10.467093     8.045039   -54.444075   -18.117972
   17.403882     5.241514    10.554446     8.292287   -40.514883   -31.778001
   17.303100     5.271011    10.392633     8.146696   -50.716331   -20.207394
   17.042938     5.122842    10.408511     7.967210   -55.632358    -3.907547
   17.200219     4.951747    10.527383     8.204703   -47.092817   -17.172600
   17.396056     5.123600    10.551118     8.046924   -38.975256   -28.982409
   17.552450     5.388202    10.315622     8.105610   -41.585565   -28.549834
   17.476535     5.038922    10.451896     8.166269   -43.566666   -32.903564
   17.252095     5.233683    10.629625     7.978071   -50.051364   -26.936631
   17.388499     5.109896    10.426962     7.972326   -40.449288   -21.929947
   17.507944     5.228695    10.424955     8.220775   -44.713231   -34.287975
   17.238967     5.078408    10.571441     8.036920   -49.303714   -22.783494
   17.514744     5.213860    10.491401     7.932168   -44.738579   -38.164364
   17.389209     5.025136    10.199822     8.064964   -50.414761   -15.435429
   17.332271     5.049756    10.424809     7.842289   -50.221851   -22.165444
   17.399599     4.924999    10.398172     8.127892   -48.838084   -26.475134
   17.466203     4.838971    10.450086     7.955342   -47.449883   -33.622825
   17.238703     5.226867    10.514897     8.004956   -56.190872   -23.758169
   17.458132     5.275158    10.456486     8.138198   -40.298227   -29.685442
   17.280787     5.340845    10.383872     7.896740   -45.909928   -13.753434
   17.248491     5.276094    10.522427     8.099073   -53.428622   -23.918503
   17.387444     5.058795    10.306182     7.889908   -56.053303   -22.715813
   17.382631     5.139295    10.357780     7.746069   -53.399467   -23.303488
   17.292470     5.097583    10.402551     8.323343   -50.969267   -21.132005
   17.416612     5.121554    10.480332     7.980937   -40.268015   -27.174747
   17.488543     4.983989    10.423368     8.267986   -46.124467   -33.882760
   17.343714     5.367019    10.471533     8.079294   -48.615546   -25.746658
   17.543826     5.227776    10.353325     8.201563   -51.433653   -35.336001
   17.224539     5.157489    10.370996     7.879401   -51.570147   -12.412341
   17.355246     5.231200    10.387841     8.014963   -50.813946   -22.987899
   17.546967     5.166200    10.359718     8.222283   -46.322906   -33.825643
   17.401119     5.176001    10.382269     7.979986   -48.223659   -24.554685
   17.301321     4.730843    10.651358     7.923938   -40.654352   -26.782930
   17.246985     4.993874    10.560567     8.143482   -46.284857   -21.709187
   17.434982     4.842868    10.351749     7.896750   -51.333866   -26.850441
   17.609144     5.163675    10.347851     7.941489   -43.159750   -35.574756
   17.225064     5.105974    10.593094     8.136638   -48.222034   -22.653077
   17.461599     4.902922    10.500711     8.161585   -43.084104   -34.754938
   17.448674     4.976079    10.307901     8.156636   -53.621756   -26.956963
   17.442994     4.934123    10.450892     7.925579   -42.355929   -28.760835
   17.436474     5.403092    10.481592     8.100753   -40.193101   -29.092872
   17.356609     4.982219    10.581668     8.250873   -42.795874   -30.703332
   17.528739     5.017646    10.468252     8.053781   -43.212037   -37.752773
   17.612216     5.321744    10.352892     7.976027   -41.572304   -35.336376
   17.385956     4.895682    10.429881     8.006070   -46.477278   -25.511548
   17.337205     5.139276    10.610592     8.010930   -41.062957   -28.128475
   17.360344     5.372624    10.531900     7.750116   -50.052755   -29.548254
   17.312392     5.007683    10.326682     8.140611   -44.421172   -13.927632
   17.466122     5.201924    10.383077     8.068920   -50.147852   -30.555634
   17.412098     5.131487    10.481086     8.096293   -46.818071   -30.794914
   17.374797     4.838128    10.493619     7.939187   -43.623253   -26.432640
   17.520686     5.087346    10.574287     7.913652   -41.070529   -42.566859
   17.540746     5.351914    10.320426     8.047271   -47.191209   -30.528431
   17.298832     5.086822    10.433060     8.055923   -58.970606   -25.683746
   17.383101     5.196162    10.426301     8.229523   -45.319990   -25.239448
   17.436458     5.152985    10.549712     7.891438   -39.793451   -32.360682
   17.298075     5.069307    10.466166     7.994154   -44.437986   -19.134604
   17.517244     4.928603    10.497626     7.820375   -37.702556   -35.416034
   17.130992     5.141306    10.362382     7.994812   -55.021304    -8.330558
   17.347896     5.130921    10.382885     8.180924   -40.781810   -17.414750
   17.401189     4.953963    10.442811     8.132121   -37.731397   -22.919216
   17.477347     5.085647    10.316358     8.212651   -41.671742   -23.858034
   17.382599     5.185863    10.389804     7.994496   -49.759716   -24.437383
   17.523726     4.861368    10.318830     7.864838   -46.138436   -28.732882
   17.361673     4.966365    10.469709     8.126380   -46.502675   -26.299550
   17.291357     5.252782    10.511813     7.949729   -48.884640   -23.247329
   17.226256     5.351187    10.364434     8.063548   -48.396699   -11.405601
   17.406279     5.199864    10.313813     8.236127   -50.060632   -23.168016
   17.615664     4.963429    10.253016     7.978287   -41.591075   -29.198141
   17.466088     5.161365    10.583888     7.817464   -46.029018   -40.265504
   17.474375     5.250418    10.374507     7.915915   -49.749247   -29.840254
   17.236345     5.075424    10.586046     8.134557   -48.738188   -23.568951
   17.379246     5.098160    10.414092     8.261398   -51.987116   -27.990536
   17.308118     5.062691    10.104684     7.968035   -53.864361    -6.844784
   17.456740     5.299588    10.334171     8.022542   -49.826722   -26.646418
   17.322638     5.165048    10.352677     8.005469   -51.479470   -19.202068
   17.321022     5.294658    10.415494     8.158683   -47.480550   -20.916217
   17.373389     5.335421    10.393886     7.858944   -50.514181   -23.580819
   17.523905     4.996944    10.381066     8.041865   -45.265725   -32.608681
   17.424427     5.101666    10.186248     7.997375   -51.204464   -16.895439
   17.400012     5.002367    10.379777     8.094886   -50.068466   -25.812109
   17.588999     5.093281    10.347348     7.749510   -37.735115   -31.081537
   17.222094     5.294522    10.438730     7.958616   -49.985123   -14.952073
   17.082591     5.052719    10.362580     7.989320   -59.302675    -7.623823
   17.558237     5.265890    10.324077     7.884643   -49.371613   -32.463637
   17.509735     5.015832    10.449686     8.041559   -49.556308   -37.920331
   17.538856     4.918637    10.404710     8.122664   -37.966594   -32.112983
   17.434003     4.898398    10.387359     8.134334   -45.150756   -26.575933
   17.189492     5.118131    10.468540     7.706821   -57.115827   -16.662287
   17.158635     4.884724    10.326715     7.952697   -51.878646    -6.269080
   17.546030     5.059820    10.374325     7.960470   -39.411712   -30.862092
   17.299966     4.784365    10.361188     8.070684   -46.029388   -15.379675
   17.363766     5.294320    10.521645     7.903954   -48.647609   -29.239581
   17.370961     5.039818    10.575369     8.062329   -51.900584   -35.652346
   17.562998     5.325848    10.331830     7.872094   -50.620969   -33.721656
   17.201318     4.870324    10.434234     8.228871   -58.654205   -20.516036
   17.512686     5.237936    10.384550     7.977097   -43.981852   -30.942416
   17.288004     5.095704    10.531501     7.960903   -48.766862   -24.024167
   17.457397     5.154391    10.506721     8.121827   -46.611490   -35.994627
   17.500575     5.083988    10.426525     7.921778   -47.170121   -34.072061
   17.490149     5.489721    10.402745     8.141528   -43.121698   -30.124475
   17.406466     4.970959    10.348411     8.160789   -52.947156   -26.214207
   17.315368     5.018161    10.412646     7.904012   -49.457879   -20.164515
   17.373259     5.017539    10.495063     8.298547   -42.835894   -27.367046
   17.324684     5.007288    10.199736     7.862618   -51.349058   -10.635166
   17.417056     5.034960    10.476414     7.970132   -47.226464   -30.704313
   17.485662     5.071456    10.342938     7.990211   -39.519957   -24.331688
   17.177136     5.254101    10.524613     8.003675   -50.907152   -16.331953
   17.644082     5.129068    10.359732     8.125281   -49.214580   -42.101752
   17.338861     5.000348    10.586816     8.146444   -49.420996   -32.782515
   17.495668     4.987981    10.184626     8.191259   -45.271052   -19.017483
   17.289680     5.131040    10.240861     8.161412   -56.037611   -14.863672
   17.462700     4.816605    10.412862     8.151442   -49.899501   -33.100898
   17.204801     5.140957    10.484386     8.184595   -51.974319   -18.475318
   17.461702     5.117410    10.504639     8.011148   -38.942592   -31.854839
   17.295442     5.333562    10.434145     8.301133   -54.020604   -24.518387
   17.534983     5.047726    10.225538     8.066875   -42.466137   -22.416696
   17.316008     4.938677    10.458268     8.162616   -51.198601   -25.017054
   17.452303     5.259574    10.419195     8.126195   -47.294831   -30.572365
   17.380489     5.128595    10.528712     8.133013   -47.757819   -31.688889
