   18.167980     5.081300    10.069183     7.896792   -38.114130   -52.160709
   18.060174     4.814188    10.083587     7.975286   -32.494946   -44.667683
   17.959075     4.927229    10.288345     8.119008   -35.887962   -58.340929
   17.949066     4.786520    10.117175     8.389253   -52.642676   -47.071392
   18.286854     4.999481    10.047255     8.004830   -31.321785   -57.553345
   17.974130     4.972698    10.235427     7.966631   -36.605028   -54.299628
   18.232892     4.619171     9.968598     8.243923   -29.729929   -44.890487
   18.239691     4.938608    10.066585     8.082526   -26.570681   -54.627424
   18.267268     4.987992     9.981677     8.214259   -28.357153   -45.351557
   18.262597     4.801961    10.041581     8.312153   -33.401494   -56.021885
   18.318207     4.924868     9.885002     8.046876   -49.741671   -42.622022
   18.090650     4.982412    10.196224     8.138425   -32.243821   -58.699087
   17.954477     4.676150    10.092326     8.402401   -38.959958   -40.452851
   18.050173     4.871982    10.188708     8.411819   -33.905930   -55.048087
   18.028675     4.804922    10.082861     7.827552   -36.459787   -43.984548
   17.894915     4.690657    10.156529     8.223807   -39.201211   -42.085771
   18.159132     5.062808     9.997271     8.082536   -22.423520   -37.214890
   18.139415     5.156922    10.191595     7.793939   -34.187917   -64.065563
   18.284324     4.777823    10.049999     8.227897   -41.288608   -62.488041
   18.312326     5.347544    10.090222     8.075520   -41.626410   -66.600051
   18.114442     4.951416    10.186208     8.105618   -41.864994   -63.630203
   18.093814     5.098151    10.209734     8.387572   -38.669781   -62.087312
   18.231279     4.701337     9.954495     7.997307   -36.949236   -45.365334
   18.033628     5.104067    10.085719     7.912342   -52.684501   -47.743857
   18.132891     4.789888    10.146263     7.911523   -39.454339   -61.731266
   18.315233     4.590850     9.917862     7.959368   -49.637795   -53.738514
   18.136278     4.936867    10.211846     7.974794   -30.391252   -65.685552
   18.124292     5.208710    10.071948     7.861570   -39.876429   -48.948307
   18.425018     4.683470     9.974560     8.114592   -36.635577   -65.484389
   18.176430     5.060419    10.064269     7.999092   -50.764337   -55.641007
   18.084836     5.260668    10.209684     8.070706   -29.523681   -57.491902
   18.499182     4.847880     9.941573     8.117403   -25.747584   -60.987824
   18.408834     5.011259    10.011312     7.760889   -36.077621   -68.513804
   17.919428     5.105675    10.335310     7.886599   -41.703460   -61.202363
   18.279649     4.715973     9.979281     8.436413   -33.847353   -49.824720
   18.103525     4.851759    10.124052     8.009030   -38.134027   -54.488141
   18.218116     5.010609     9.975257     7.936063   -35.296749   -43.796513
   18.010949     4.950091    10.151141     8.257045   -41.972466   -49.884955
   17.998499     4.999254    10.224462     8.039193   -27.828824   -51.737224
   17.829415     4.916363    10.329859     7.922375   -43.356270   -53.385391
   18.253711     5.034533    10.034690     8.001037   -35.881900   -53.834602
   17.752324     4.917445    10.356553     8.183206   -37.504316   -46.475396
   18.257302     4.996430    10.136946     8.399165   -21.621945   -62.611350
   17.981574     4.859700    10.140660     7.669551   -37.055639   -46.557435
   17.952406     5.129735    10.258472     7.839612   -32.704666   -52.812269
   18.539372     4.718250     9.932755     7.866770   -23.528398   -68.422767
   18.040976     4.927433    10.199750     7.891810   -36.268734   -56.969926
   18.166291     5.031895    10.005343     7.835640   -36.721709   -44.436549
   18.314423     4.938335    10.117961     7.908576   -31.503872   -73.229000
   18.177543     4.745900    10.139543     8.222145   -26.984847   -59.787485
   18.138218     5.050446    10.144622     7.761218   -43.589344   -62.177200
   18.012441     4.912304    10.192934     7.947987   -43.028012   -55.834427
   17.867792     4.898493    10.341214     8.054705   -43.931531   -58.492678
   18.242702     4.935823    10.095222     8.202473   -26.437750   -58.305680
   18.228419     4.716668    10.025453     8.086750   -38.016772   -54.073911
   18.247506     4.760984     9.970794     8.211132   -26.936173   -44.044638
   17.902716     4.765672    10.111731     7.935966   -36.068843   -36.978250
   18.183375     4.882559    10.041245     7.927788   -37.549590   -51.073950
   18.361063     5.093467    10.034948     8.178455   -32.651185   -61.032140
   18.163142     4.809751    10.088819     7.829357   -28.073177   -53.338846
   18.068519     4.949702    10.089933     7.921101   -33.222052   -45.640314
   18.170353     4.942963    10.088072     7.910279   -37.992522   -55.679609
   18.120332     5.069272    10.151820     8.108775   -37.491478   -57.321571
   17.972952     4.763543    10.043623     8.061854   -41.973104   -37.398065
   18.292213     4.722471     9.950359     8.165965   -38.227208   -48.872515
   18.165216     4.695979    10.062327     8.214433   -33.317098   -51.552391
   17.849525     4.911944    10.359521     8.074146   -34.755036   -54.537316
   18.382804     4.916287    10.132552     8.405540   -34.825048   -82.537682
   18.289940     5.271433    10.073786     8.207122   -47.464230   -63.672888
   18.182931     5.200553    10.196281     8.297016   -39.567787   -68.970194
   18.075212     5.025733    10.223841     8.099464   -42.141381   -64.161045
   18.195138     4.972215    10.162519     8.063196   -27.285133   -63.419894
   18.075856     4.870871    10.247394     8.063440   -28.079865   -62.898396
   18.136662     5.274682    10.137561     8.156071   -50.023128   -60.062231
   18.264163     4.964645    10.163312     8.333413   -36.972287   -73.907678
   18.425184     4.777319    10.023662     8.152622   -48.206853   -77.014705
   18.172567     5.152383    10.133555     8.527791   -40.935407   -59.687697
   18.380591     5.083398    10.110638     8.263873   -35.868777   -77.143564
   18.407034     4.832249    10.119399     8.026062   -28.868350   -85.519013
   17.863906     4.862942    10.103993     8.253278   -56.122652   -40.076266
   18.200878     5.098766    10.076262     8.227938   -40.509410   -54.946356
   17.854910     5.150352    10.323037     8.228675   -49.549559   -56.769942
   17.963860     5.394895    10.321514     8.348405   -50.539222   -66.372725
   18.327229     5.147589    10.028653     8.388754   -30.741844   -55.286700
   18.269547     4.827210    10.115463     8.002167   -27.512093   -66.587559
   18.228734     4.818829    10.211646     8.180861   -22.972428   -73.637339
   18.328780     4.728705    10.052894     8.055389   -37.777193   -68.217155
   18.140575     4.652964    10.056378     7.925747   -40.211777   -52.715013
   18.042075     4.784742    10.142699     7.984989   -40.290225   -52.657871
   18.157305     4.830621    10.211568     8.016633   -35.925061   -71.094458
   18.008429     5.075528    10.198543     7.925194   -42.153867   -54.936572
   18.144408     5.121875    10.195335     8.105042   -35.707309   -64.465906
   18.375881     4.956661    10.042650     8.134086   -41.309693   -68.639151
   18.402966     4.782774    10.011058     8.377728   -32.729780   -64.717974
   18.273173     4.712742    10.083128     8.295698   -37.057112   -65.651564
   18.243364     4.944515    10.054473     8.268112   -30.942885   -53.926427
   18.138117     4.984679    10.152475     8.286615   -34.951408   -58.356922
   18.307827     5.015739    10.079730     8.367568   -50.052522   -69.222389
   18.284635     4.782574    10.079880     8.211573   -31.515154   -63.664229
   18.239273     5.491487    10.157605     8.193310   -41.780254   -67.804186
   18.177958     4.672238    10.120352     8.404173   -35.981458   -61.225306
   18.189786     4.869187    10.164004     8.131867   -39.185996   -68.204592
   17.991944     5.019339    10.233252     8.032340   -42.034387   -57.303649
   17.957545     4.883694    10.292299     8.267200   -27.908463   -55.247552
   18.058530     4.868592    10.106423     7.894753   -46.192926   -51.566389
   17.926870     4.878638    10.098701     7.739685   -45.415110   -40.664076
   18.088819     4.946866    10.210732     8.037056   -34.084576   -61.572923
   18.333937     4.851958     9.884606     7.743884   -43.251246   -46.204938
   18.085339     4.878467    10.082518     8.051669   -49.714246   -51.287263
   18.271699     4.988560    10.057538     8.324752   -48.001204   -61.724697
   18.052293     5.304856    10.181766     8.171790   -36.818632   -53.571357
   18.233790     4.763560    10.051737     8.176732   -41.273487   -58.259866
   17.785741     5.105174    10.352424     8.506677   -41.025641   -50.731437
   18.251809     4.823875    10.061326     8.295739   -34.780291   -58.034070
   17.964738     4.917061    10.207206     8.426437   -41.897067   -52.654202
   17.972105     4.930937    10.243026     7.876282   -35.323074   -54.894025
   18.328858     5.148787    10.108664     8.390558   -40.937696   -71.292041
   18.240195     4.985562    10.184005     8.119952   -25.872999   -70.661312
   18.137866     4.509287    10.089918     8.126288   -37.536666   -56.687459
   18.619815     4.835180     9.907050     8.518205   -54.280554   -72.570023
   18.208462     4.870919    10.196349     8.133443   -31.694349   -72.194651
   18.261802     4.658391    10.022938     8.112892   -43.297724   -59.415382
   18.383704     5.151792    10.089732     8.285550   -45.855041   -76.388922
   18.202782     5.087724    10.210214     8.083653   -26.865302   -69.889809
   18.150902     4.965083    10.132567     8.231311   -44.742249   -60.556490
   18.135042     5.145615    10.225419     8.039569   -30.388814   -65.626655
   18.292346     4.965981     9.988052     8.239096   -44.305270   -52.053866
   18.259972     5.101285    10.060492     8.270555   -32.470058   -55.341708
   18.063884     4.757828    10.182066     8.411507   -34.049281   -56.496710
   18.227223     4.916672    10.010794     7.700912   -40.078737   -53.176612
   18.282831     4.812765    10.146240     8.054237   -24.880946   -71.770427
   17.820391     4.673890    10.270660     8.030749   -45.681825   -49.561394
   18.110415     4.947979    10.054725     8.252847   -40.591457   -46.190374
   18.232924     4.861508    10.062330     8.209800   -31.279424   -55.118960
   18.345102     4.937091    10.146251     8.027574   -16.407846   -74.891601
   18.164264     5.230348    10.135210     7.920417   -41.036737   -60.361920
   18.440966     4.756015     9.925355     7.992649   -44.668999   -61.063243
   18.291440     4.986436    10.118775     8.173184   -30.506484   -67.794513
   18.304738     5.229439    10.194580     8.478528   -32.981780   -78.447147
   18.313321     5.032341    10.121885     8.244771   -30.177398   -69.796373
   18.342304     5.132559    10.040219     8.268952   -28.187226   -58.164100
   18.355307     4.945787    10.089931     8.344071   -29.893020   -69.688478
   18.221028     4.927375    10.088666     8.110215   -35.906646   -58.765170
   18.287933     5.091812     9.992738     8.103818   -52.067846   -54.217823
   18.104881     5.037215    10.241980     8.020046   -24.584458   -62.969333
   18.125271     4.824389    10.216471     7.957028   -30.871175   -66.315055
   18.172689     4.757535    10.167882     8.374015   -24.101525   -61.281913
   18.098396     4.978351    10.304007     8.085732   -26.924248   -71.465716
   18.458847     5.032003     9.868433     8.552298   -43.846313   -45.474316
   18.357139     4.884079    10.010070     8.223947   -28.227724   -57.812262
   18.178367     4.833280    10.054339     8.216602   -48.171253   -54.984717
   17.919088     5.014163    10.209159     8.041710   -41.956741   -48.371711
   18.205838     4.856125    10.071007     7.959669   -33.664564   -55.782369
   18.472648     4.930477    10.044927     8.069293   -37.564784   -81.065133
   18.167598     4.898818    10.107943     8.444280   -53.405554   -62.754477
   17.996481     4.875819    10.104225     8.377773   -51.825088   -47.949098
   18.233744     4.949409    10.160884     8.087510   -47.903312   -75.695222
   18.472531     4.837989    10.022726     8.106126   -29.496957   -74.606221
   18.217258     4.907396    10.047526     8.283840   -44.441842   -55.148372
   18.054269     4.837487    10.236498     8.287851   -37.796043   -63.125569
   18.259025     4.843950    10.032975     7.988769   -49.562020   -60.778007
   18.460704     4.605681     9.913056     7.995750   -37.546127   -61.706212
   18.249978     4.807696    10.081853     8.075711   -31.542997   -60.725875
   17.800088     5.172141    10.178779     8.057688   -48.567071   -38.739545
   18.035748     5.363982    10.261910     8.117450   -35.767827   -60.764047
   17.745723     4.897869    10.264381     8.177275   -44.516426   -41.229181
   18.327502     4.895989    10.076467     7.976837   -30.442297   -67.382310
   18.093499     4.759354    10.270032     7.973164   -18.173243   -64.478297
   18.345075     4.639019     9.957839     8.205942   -30.071323   -52.968719
   18.357260     4.948558    10.027676     7.848138   -26.524846   -61.901256
   18.472906     5.044593    10.033498     8.242136   -14.263264   -67.197236
   18.021343     4.858831    10.327307     8.199764   -33.684556   -68.986896
   18.478367     4.854386     9.945217     8.053780   -37.729283   -63.288437
   18.176330     4.768525    10.160389     8.446123   -36.591968   -65.645046
   18.382563     5.062982     9.917501     7.684836   -49.609904   -55.559608
   18.095104     4.893728    10.201035     8.083039   -38.934468   -63.075726
   18.206058     4.608513    10.109132     8.293606   -35.057942   -63.147399
   18.152398     4.645705    10.011478     7.967008   -48.503911   -51.046578
   17.941056     4.966217    10.266299     8.152654   -38.680104   -55.099916
   18.502949     4.898492    10.053624     7.999397   -26.153059   -84.061151
   18.335632     4.738132     9.973773     8.046798   -47.966919   -59.709647
   18.564448     4.894268     9.899322     7.792179   -42.383795   -69.566609
   18.049467     4.874906    10.179047     7.918679   -41.993764   -57.700806
   18.150080     4.620711    10.027928     8.122293   -44.128625   -50.998672
   18.080388     4.950919    10.149152     8.146433   -42.646415   -55.773967
   18.251920     4.854452    10.057549     7.980680   -48.690390   -63.433629
   18.154834     4.754766    10.150288     8.157456   -44.621736   -65.924676
   18.382328     4.933808     9.976146     7.746758   -40.475972   -62.479798
   18.009250     4.813218    10.218531     8.573573   -26.463977   -51.592596
   17.881880     4.936193    10.373979     8.045682   -42.386674   -62.464614
   18.119042     4.702777    10.102115     8.087426   -34.672676   -53.154820
   18.152280     4.961946    10.090631     7.875712   -43.066477   -56.111538
   18.114538     4.895348    10.308906     8.260314   -27.935047   -74.680127
   18.565053     4.961745     9.955388     8.187329   -32.373446   -69.822736
   18.083233     5.142323    10.234393     8.075741   -35.823444   -63.340615
   18.053192     4.934250    10.119863     8.378245   -50.692903   -53.118068
   18.029382     5.108299    10.259295     8.263714   -33.257632   -59.783983
   18.241507     4.652928    10.091834     8.530241   -32.949809   -62.171453
   18.141617     4.854043    10.113893     8.309532   -35.434491   -54.961797
   18.144395     5.054486    10.155370     8.407480   -38.301025   -59.943474
   18.103998     5.251101    10.249798     8.345240   -29.705988   -63.654063
   18.164875     5.029321    10.096948     8.278688   -46.870014   -57.135302
   18.177319     4.912911    10.087548     8.252764   -47.633026   -58.273947
   17.978110     5.193364    10.233796     8.188516   -36.672400   -53.276923
   17.931969     4.972382    10.213055     8.272662   -46.010761   -51.508692
   18.271331     5.110751    10.237737     8.137055   -23.203009   -80.727730
   18.234443     5.266967    10.194414     8.179545   -28.074353   -69.714251
   18.088522     4.757329    10.180106     8.024856   -40.249068   -61.731947
   18.193821     4.972274    10.128928     8.251382   -30.223338   -59.023624
   18.314166     4.743243    10.072165     7.885201   -16.817992   -62.682377
   18.621157     5.100693     9.952283     8.083014   -34.848957   -75.505441
   17.844853     5.193490    10.391656     8.287088   -27.401984   -52.563626
   18.224988     5.145410    10.203106     7.885147   -27.353387   -72.268225
   18.068867     5.358264    10.286564     8.264270   -21.262313   -60.320123
   18.539788     4.980273     9.982410     8.222857   -15.968903   -67.132867
   18.118297     5.016005    10.265518     8.023609   -29.478323   -69.715728
   18.578467     5.022634     9.887455     8.153570   -33.467567   -56.797380
   18.576041     4.990538     9.962750     7.984124   -16.861299   -69.746618
   18.439797     5.127959    10.043670     8.348542   -13.993524   -63.261631
   18.289302     5.083436    10.142750     7.904114   -13.634461   -65.530089
   18.115608     4.686822    10.197842     7.978400   -24.783100   -61.393136
   18.108847     5.160518    10.213954     8.171178   -31.060449   -61.162588
   18.530964     5.101769     9.984691     7.917352   -35.249606   -74.026506
   18.082793     4.888831    10.203357     8.182723   -36.063691   -60.829625
   18.534100     4.882861    10.055605     7.949031   -18.774332   -87.050351
   18.154737     5.126325    10.241475     8.005944   -36.126041   -72.624511
   18.315234     4.993924    10.094704     7.821278   -31.699676   -69.668923
   18.461717     4.720596     9.988222     7.987530   -31.522400   -70.936213
   18.501944     4.742158     9.983863     8.033734   -22.871228   -70.990297
   18.054301     4.831265    10.265675     8.004085   -36.677912   -66.924969
   18.362599     4.972561    10.125348     8.248522   -30.705946   -77.189156
   18.442032     4.811168     9.987638     7.970895   -23.912963   -64.353533
   17.970448     5.053905    10.419830     8.405446   -21.331104   -66.358493
   18.386377     4.787608    10.014941     8.247165   -35.713809   -65.123304
   18.400804     4.560652    10.004066     7.996912   -22.900030   -65.905566
   18.586682     4.616340     9.866411     8.120766   -40.505562   -65.918723
   18.156205     4.773733    10.130518     8.301764   -21.555729   -53.812014
   18.067543     4.927025    10.282814     8.167085   -32.213427   -67.514196
   18.374232     4.986459    10.026835     8.069785   -25.167486   -60.786284
   18.164022     5.085440    10.278520     8.176297   -15.066759   -69.408892
   18.312202     5.031204    10.039032     8.089707   -32.435845   -58.108791
   18.216129     4.984751    10.118200     8.113827   -34.767918   -61.563690
   18.457401     4.870462    10.026627     8.001313   -19.307628   -70.283330
   18.458400     5.190958    10.023624     8.233913   -21.730647   -64.282878
   18.181147     4.997695    10.227561     7.986342   -15.214411   -66.106606
   18.251044     5.103455    10.110332     8.103548   -39.133109   -64.423443
   18.063074     4.858703    10.276135     8.004013   -27.901440   -65.279755
   18.127849     4.883863    10.266408     7.982018   -26.011922   -70.702044
   18.356355     4.710509    10.094587     8.076236   -22.465874   -72.672089
   17.990005     5.105710    10.314390     8.093338   -29.534840   -60.893387
   18.062788     4.927796    10.097123     7.847195   -47.432850   -51.037365
   18.532575     5.184283    10.000424     8.007983   -30.404727   -73.010729
   18.071726     4.952078    10.203641     7.989286   -32.309691   -58.449533
   18.576862     4.857105     9.957668     8.034441   -25.024133   -73.592377
   18.284549     5.313198    10.111650     8.114470   -36.810201   -65.576103
   18.274952     5.325133    10.190419     8.271136   -28.790454   -72.876542
   18.387105     4.731467    10.010075     8.069077   -33.663282   -65.872308
   18.032237     5.194703    10.358396     8.187148   -30.786430   -70.692904
   18.117341     5.034214    10.314398     8.200007   -24.354034   -73.225652
   18.230541     5.163832    10.140050     7.729726   -38.278128   -68.696629
   18.250944     5.299725    10.086504     8.171227   -32.565737   -57.151350
   17.975638     5.048324    10.233840     7.947751   -33.671596   -52.878234
   18.332043     4.936036    10.120591     8.216411   -30.138653   -73.024795
   18.427917     4.934482    10.007374     7.921896   -37.135401   -69.347181
   18.288564     4.859182    10.217742     8.035355   -22.205603   -82.806284
   18.560145     4.967460     9.981285     8.536575   -32.506942   -71.702109
   18.215666     4.888517    10.145279     7.992803   -31.649190   -65.940928
   18.447780     4.780740     9.972176     8.132248   -40.377790   -66.669653
   18.380047     4.724172    10.022152     8.121967   -30.513371   -65.749987
   18.374843     5.106758    10.149392     7.917205   -16.022869   -77.965807
   18.425324     5.000758    10.076295     8.245084   -25.296135   -73.640815
   18.407669     4.816232    10.058838     8.198843   -32.290471   -73.961267
   18.401422     4.878518    10.057972     8.063701   -29.695375   -72.126852
   18.399101     4.775336    10.050894     7.956220   -32.278190   -74.379781
   18.192481     4.779063    10.230050     8.026706   -29.927021   -76.129265
   18.401222     4.973066    10.092818     8.365356   -27.785333   -74.257281
   18.670694     4.878838     9.939572     8.248685   -27.410759   -79.694308
   18.155363     5.134992    10.287061     7.852917   -23.320946   -74.446937
   18.567939     5.223714    10.007627     8.205284   -28.321088   -75.182963
   18.426794     5.093842    10.063438     7.883919   -18.318504   -70.646018
   18.404921     4.895312    10.074171     7.976300   -26.326688   -74.870748
   18.486892     5.128169    10.010797     8.030240   -30.855829   -70.348914
   18.506242     5.078884    10.028339     7.889491   -38.028497   -82.378881
   18.294363     4.892740    10.049358     7.872415   -41.282020   -64.341021
   18.150488     5.011285    10.264224     8.057277   -31.305786   -74.079511
   18.435102     5.062665     9.968579     7.841837   -32.732959   -60.815246
   18.347522     5.028213    10.062614     8.342728   -29.066601   -63.170249
   18.416641     5.119894    10.036283     8.099508   -33.327275   -67.417567
   18.522528     4.853172    10.017636     8.069324   -23.518495   -78.135760
   18.187960     4.909530    10.161235     7.775317   -39.342750   -69.494224
   18.180111     5.036317    10.149782     8.000912   -33.132362   -61.991678
   18.392894     5.243977    10.026844     8.070535   -40.291391   -64.557061
   18.273524     5.062007    10.107786     7.992752   -18.494155   -60.301416
   18.654243     5.225840     9.940487     8.103918   -25.573691   -71.094829
   18.254535     5.118715    10.179863     8.296464   -36.726069   -73.903017
   18.375136     5.364386    10.081795     8.161754   -34.770238   -68.415893
   18.456599     5.139608     9.964098     7.849481   -38.904029   -63.211549
   18.428420     5.291593    10.025112     8.285984   -37.783914   -64.888926
   18.225546     5.173707    10.181206     8.106963   -20.725190   -65.032817
   18.127713     5.165203    10.301968     8.082410   -30.694059   -75.126560
   18.338307     4.873244    10.157119     8.089548   -20.044518   -77.730369
   18.252756     4.916702    10.114298     8.084818   -25.832800   -62.515594
   18.506763     5.294335     9.958423     7.932808   -45.893023   -66.778113
   18.063368     4.830180    10.230487     8.092906   -42.633684   -65.617396
   18.434038     5.035693    10.041462     8.015057   -16.313799   -66.596363
   18.330354     4.948211    10.128165     8.087907   -18.560257   -70.361947
   18.165898     5.021123    10.167926     8.089889   -32.431953   -62.478338
   18.340608     4.850626    10.020752     7.936999   -37.521593   -63.209080
   18.619199     4.880665     9.943435     7.996247   -22.838151   -75.354269
   18.264867     5.065621    10.113746     8.323928   -50.886836   -70.263412
   18.489773     5.208948    10.046874     8.259563   -47.876032   -80.765693
   18.244902     5.162500    10.151395     8.095523   -45.833162   -72.298893
   18.204619     4.933267    10.213266     7.810286   -42.509110   -80.508830
   18.313010     4.918641    10.116112     7.892235   -38.805602   -76.186354
   18.257432     5.044025    10.229500     8.049011   -40.257413   -86.411940
   18.370453     4.911109    10.004787     8.142308   -40.038440   -61.543590
   18.491119     4.957629     9.949351     7.981276   -36.014333   -63.848557
   18.305807     4.786537    10.059512     8.134776   -48.018739   -69.204028
   18.100721     5.040899    10.288859     8.396028   -34.957000   -72.029002
   18.534085     4.882383    10.005011     8.285227   -44.308344   -81.919752
   18.371723     5.000587    10.104386     8.164411   -38.708667   -77.823898
   18.227623     4.742049     9.977167     8.100283   -49.328214   -50.741662
   18.137132     4.945978    10.170695     7.889823   -44.210065   -65.859670
   18.440944     4.908263     9.987599     7.925609   -49.648513   -72.735688
   18.233314     4.877759    10.126473     7.986163   -49.838726   -72.478364
   18.149335     4.990555    10.119699     8.232975   -49.565913   -60.156610
   18.267010     5.103127    10.072616     8.165281   -40.891596   -60.488134
   17.997947     5.062696    10.326038     8.163646   -34.315477   -65.221087
   17.889772     4.788028    10.277383     8.159514   -36.433417   -51.639570
   18.361441     4.996582     9.986203     7.901865   -55.237839   -64.631172
   18.059903     5.072864    10.169634     7.962748   -50.953205   -59.140359
   18.291961     5.059123    10.111770     8.242566   -43.266047   -70.240939
   18.057196     4.901516    10.119790     7.845742   -62.501323   -59.500700
   18.067016     5.126308    10.142829     7.926605   -48.819171   -55.627757
   18.013863     5.042352    10.280402     8.258825   -44.970299   -65.909514
   18.189327     4.930472    10.175752     8.002682   -44.423982   -72.012455
   18.249461     5.153314    10.018337     7.834499   -53.616042   -57.378855
   18.438777     4.938016    10.004775     7.924757   -30.670695   -67.708949
   18.147524     4.826958    10.144521     8.003418   -36.339136   -60.942486
   18.370786     5.086709     9.976939     7.916290   -36.899313   -56.157613
   17.851678     5.201656    10.340086     7.938657   -36.760388   -52.731267
   18.292241     5.144683    10.037717     8.191671   -41.999417   -57.426067
   17.958389     5.034710    10.169085     8.215024   -45.524031   -48.423450
   18.032763     5.251018    10.230212     7.996244   -34.072077   -56.954840
   18.014544     4.972561    10.272568     8.158271   -24.229497   -56.908337
   18.232208     5.023484    10.137746     8.017131   -26.843565   -63.489647
   18.354130     5.100925    10.055042     8.305519   -34.717029   -63.693600
   18.286248     5.045248    10.099071     7.898711   -26.417890   -63.937250
   18.521117     4.769128     9.881703     8.018842   -35.840776   -57.791564
   18.314866     4.889970    10.059931     8.088081   -33.446220   -63.561282
   18.168210     4.709574    10.165226     8.246014   -36.243117   -66.373319
   17.881668     4.980502    10.355850     7.959825   -29.535460   -54.877259
   18.119252     4.779975    10.026443     8.060155   -42.689945   -46.065558
   17.993981     4.866358    10.321497     7.910091   -35.949314   -66.684422
   17.957493     5.112306    10.243492     7.963074   -45.981776   -56.398965
   18.538941     4.712065     9.973387     8.144993   -31.131407   -76.060927
   18.148916     4.971814    10.197684     7.861774   -35.367555   -67.419018
   18.326169     4.880104    10.017288     7.826446   -42.684708   -63.843076
   18.072135     5.172861    10.240339     7.738771   -30.725263   -61.915862
   17.894981     4.884783    10.213764     7.890403   -45.231234   -48.855448
   17.956293     4.875199    10.183073     7.892320   -43.238720   -50.277460
   18.519532     4.859073    10.068934     8.031351   -29.252665   -91.979957
   18.129431     4.704022    10.228131     8.128411   -34.895410   -70.652815
   18.306082     5.174904    10.091529     7.973977   -44.690991   -69.595785
   18.100352     4.807909    10.213393     8.062385   -46.438282   -69.281427
   18.255853     4.847053    10.100726     7.980269   -44.506246   -69.147624
   18.092950     4.657256    10.114860     8.136156   -57.487533   -61.989128
   18.175565     5.029484    10.097514     7.881693   -47.603115   -60.167123
   18.144475     5.014419    10.206418     8.137393   -44.354161   -70.004469
   18.253194     5.099687    10.115277     8.189748   -49.661671   -68.909499
   17.948839     4.914402    10.379354     7.998398   -53.548658   -75.937527
   18.243746     5.066013    10.190027     8.342132   -49.561641   -79.926889
   18.138267     4.728920    10.202420     8.176747   -47.352815   -73.112707
   18.364341     4.932185    10.026636     8.159218   -53.922197   -69.687949
   18.147298     4.943168    10.277256     8.094384   -46.431051   -82.886170
   18.384819     5.051355    10.174852     8.080691   -32.642576   -91.045823
   18.118121     4.973611    10.262855     8.128181   -41.813092   -74.488584
   18.182372     5.126996    10.191328     8.126190   -48.144271   -72.608911
   18.136230     5.017479    10.126443     8.067360   -51.480000   -60.749017
   18.234229     4.971786    10.171916     8.185048   -44.954724   -75.538308
   17.884894     4.760766    10.248414     8.244838   -51.211167   -54.843708
   18.152002     4.920786    10.136276     8.197114   -46.548003   -62.317826
   18.016338     5.237205    10.268014     8.066400   -40.722722   -62.170371
   18.204128     5.163028    10.153598     8.125427   -37.627614   -65.067429
   18.304669     5.036387    10.082283     7.897031   -40.312769   -68.414403
   18.029100     5.129819    10.198217     7.882992   -52.375897   -60.306770
   18.198422     5.025878    10.146493     8.082661   -35.556059   -63.904295
   18.096040     5.056913    10.221037     8.143509   -29.291191   -60.742363
   18.196432     5.114657    10.236774     7.964649   -35.216787   -76.962244
   18.083454     4.891598    10.104531     8.065644   -50.485106   -53.917307
   18.281859     5.061868    10.117997     8.117232   -39.531644   -69.358107
   18.096086     5.225508    10.275446     7.906448   -44.563464   -73.690473
   18.116863     5.204588    10.140392     7.824037   -48.299010   -59.783311
   18.240114     5.024882    10.187823     8.006948   -33.327701   -74.500682
   18.056775     4.819272    10.234483     8.321545   -33.308998   -61.353132
   17.990519     5.103324    10.231999     7.941080   -49.216368   -59.422222
   18.459930     5.200500    10.104767     8.200214   -46.371865   -89.663861
   18.257805     5.160251    10.180180     8.171847   -46.779533   -78.578380
   18.004957     4.762191    10.244866     8.049168   -49.562265   -65.028821
   17.994427     5.224968    10.363374     8.020378   -29.971581   -66.763073
   18.380588     5.210340    10.064544     7.819253   -44.394094   -74.792615
   18.165876     5.166683    10.158411     7.981236   -44.150528   -64.858340
   18.480020     5.189570     9.986322     7.932631   -45.487908   -70.598670
   18.323320     5.076124    10.111558     8.104110   -30.586939   -69.669420
   17.920794     5.167940    10.363835     8.035801   -53.603055   -68.967735
   18.623258     5.009048     9.938847     7.855764   -43.002062   -83.165834
   18.005162     4.994845    10.215269     8.103906   -59.024704   -63.010378
   18.026467     4.923647    10.333013     8.248468   -49.837760   -77.206004
   18.307796     4.907405    10.051920     7.960955   -54.233341   -70.362680
   18.145732     5.086279    10.258212     8.101993   -42.638532   -76.621295
   18.273331     5.031613    10.127764     8.107451   -45.425480   -72.698208
   18.343307     4.952547    10.000141     7.960915   -46.723765   -61.535034
   18.067789     5.035595    10.242563     8.064556   -46.211058   -67.440026
   18.141831     5.026380    10.244285     7.946181   -43.460839   -75.634779
   18.278676     5.003667    10.017671     7.808913   -46.096212   -58.967592
   18.215480     4.799052    10.046687     8.203839   -30.773083   -52.008176
   18.325507     5.027728    10.081109     8.120442   -22.646472   -62.787484
   18.168993     5.162745    10.124428     8.315516   -38.402935   -57.506001
   18.033886     4.712150    10.174407     8.256332   -41.758174   -56.444345
   18.195610     4.949976    10.114406     8.009070   -26.252913   -57.025261
   18.559208     4.912683     9.890164     8.092610   -31.502466   -57.878239
   18.211579     4.781602     9.987073     8.257328   -39.161556   -46.695669
   18.156514     5.161666    10.103697     8.120913   -30.143768   -51.616030
   18.216626     5.280904    10.060174     8.162483   -28.749050   -49.667448
   18.355142     4.922274    10.024007     8.173583   -25.435122   -58.719043
   17.960236     4.993340    10.231066     8.096391   -30.532732   -49.919843
   17.897228     4.998229    10.308894     8.175143   -32.172782   -52.584179
   18.009549     5.063481    10.218838     7.804677   -35.467125   -55.364772
   18.058539     5.186477    10.246723     8.098839   -27.184871   -58.712629
   18.183210     4.998389    10.028223     7.965202   -25.701295   -44.735649
   18.346708     4.932911     9.969015     8.179654   -29.401523   -50.728305
   18.379363     5.026212     9.927001     7.816029   -42.383176   -52.713360
   17.779750     5.000550    10.372299     8.358511   -28.401974   -45.695453
   18.250078     5.105980    10.073214     8.051089   -36.222603   -58.174904
   18.219771     4.790122    10.068849     8.041688   -33.581115   -57.018740
   18.316392     5.386891    10.085389     8.223231   -39.692981   -64.279604
   18.010639     5.014322    10.097897     8.024757   -37.038801   -42.659784
   18.202215     4.786576     9.996892     7.860052   -32.617959   -46.847325
   18.117338     4.807871    10.025786     7.982223   -36.985258   -44.156301
   18.093521     4.783456    10.109587     8.059462   -32.960779   -50.509208
   18.373856     4.997895    10.053860     8.173172   -41.787370   -69.752515
   18.100969     4.938068    10.008337     8.430897   -29.062842   -36.371194
   18.126904     5.072850    10.225363     8.168678   -26.620606   -63.259776
   18.072178     5.119992     9.979527     7.814172   -48.747189   -38.094465
   18.074450     4.977801    10.123390     7.936507   -36.094730   -50.598519
   18.189502     5.210782    10.164274     8.174084   -23.257647   -59.390563
   18.174960     5.219366    10.165157     7.989325   -39.812260   -64.802796
   18.541451     4.732293     9.844425     7.719695   -37.122101   -59.017909
   18.305281     5.039029    10.091268     8.175807   -34.844819   -65.773746
   18.343259     5.103427     9.980954     7.814916   -31.339496   -53.494533
   18.061671     4.914865    10.201459     8.266143   -29.861360   -55.805914
   18.189972     5.118388    10.095812     8.515052   -33.211770   -53.652569
   18.135571     5.176041    10.012297     8.040494   -31.139893   -39.736400
   18.231896     5.004274     9.980208     7.717641   -34.616947   -46.693611
   18.481600     4.963786     9.938724     8.017023   -33.485967   -59.545003
   18.106041     5.231355    10.221189     7.899630   -32.771044   -62.948523
   18.118405     5.345996    10.093116     8.112837   -44.556732   -50.988809
   18.176669     5.078513    10.086426     7.915915   -34.002832   -53.733577
   18.235139     4.817262    10.146925     7.995853   -22.986479   -65.769785
   18.030317     5.311896    10.216343     7.841342   -37.098323   -56.311873
   17.845828     4.932364    10.189060     7.950366   -42.545548   -41.374364
   18.089959     4.979812    10.131098     8.112270   -31.894923   -50.806709
   18.091234     4.839392    10.136723     8.207680   -30.352152   -51.727789
   18.207067     4.834624    10.125070     7.860825   -39.570855   -66.590716
   17.935632     4.917916    10.246198     8.055196   -39.703940   -53.210735
   18.212296     4.665645    10.029654     8.210385   -41.509277   -54.686327
   18.427607     4.950690     9.990704     8.356618   -37.091471   -62.491404
   17.805080     5.241448    10.235768     8.004576   -47.114908   -43.266317
   18.271491     4.859111    10.028896     7.781493   -39.760051   -59.700388
   18.364886     4.872321     9.980238     7.947237   -49.427209   -62.879407
   18.056285     5.024319    10.228024     8.167573   -47.711894   -64.827666
   18.435619     4.909678     9.967120     7.960007   -46.686288   -66.203483
   18.099544     5.133102    10.200925     8.017066   -48.062429   -65.429066
   18.194421     4.859033    10.157151     8.302068   -45.994986   -70.076889
   18.193252     4.964742    10.149578     7.941412   -40.421256   -66.956878
   18.018051     5.098435    10.254943     8.062648   -48.768511   -64.458364
   18.030820     4.800433    10.221272     8.261208   -47.339410   -63.224741
   18.230590     5.055143    10.101796     8.080235   -46.625145   -64.214055
   18.172247     4.977642    10.063416     8.092411   -52.171661   -55.766370
   18.240848     4.764767    10.145158     7.991155   -35.168594   -71.719618
   18.418776     4.771221     9.925023     8.130892   -42.332980   -56.284762
   18.418264     5.174888     9.954453     8.155009   -45.186783   -55.833683
   18.252086     5.065676    10.157428     8.274801   -36.015044   -70.367872
   18.433437     4.859044     9.987959     7.883641   -31.539506   -66.188813
   18.020684     4.951910    10.259111     8.138070   -34.236011   -60.319814
   18.245595     4.974832    10.126882     8.010818   -33.626513   -66.196856
   18.237291     4.998302    10.085783     8.186105   -30.550889   -57.297777
   18.142461     4.917247    10.159572     8.262411   -29.168581   -58.130669
   18.274397     4.991453    10.066130     8.294663   -36.169249   -59.387866
   18.094338     5.249563    10.179784     8.146726   -34.141285   -56.339520
   18.222261     4.828941    10.008279     7.929893   -44.215179   -52.710846
   18.134203     4.918266    10.154737     8.117628   -35.409791   -59.317248
   18.003871     4.862101    10.225868     8.128075   -35.938626   -56.105250
   17.853677     5.307738    10.309576     8.325130   -45.131087   -53.324165
   18.282016     5.332657    10.031884     8.411549   -40.997375   -53.453298
   17.996123     5.048028    10.242433     8.307360   -40.027699   -57.668067
   18.276626     4.942884    10.107040     7.974136   -38.849614   -69.101469
   18.385682     4.797656     9.967570     7.937401   -46.050401   -63.079646
   18.332107     4.932882    10.021407     7.739882   -35.791827   -62.879360
   18.424393     5.098526    10.024057     8.128618   -35.300434   -66.640181
   18.185335     5.276674    10.115268     8.131934   -43.047850   -59.074485
   18.116933     4.915868    10.226926     8.043781   -36.435334   -67.853028
   18.014198     5.031293    10.312778     7.947768   -38.307078   -67.679801
   18.081948     5.089746    10.264477     7.660587   -34.490104   -68.491957
   18.234967     5.043327    10.126647     7.893825   -35.623790   -65.930149
   18.129541     4.698114    10.100216     8.350501   -40.305269   -55.564698
   18.134687     4.790207    10.113872     8.213241   -29.425740   -52.925506
   18.174004     4.877381    10.189663     8.234565   -27.265477   -65.041541
   18.479529     4.803728    10.053720     8.215793   -23.899335   -79.215812
   18.121283     4.966878    10.098544     7.850224   -27.615123   -49.283912
   18.480029     4.817644     9.952892     8.083126   -27.579810   -62.339878
   18.073887     5.119482    10.207140     8.053187   -29.797713   -57.012044
   18.241715     4.643422    10.054778     8.170348   -37.607466   -59.949723
   18.045203     4.960461    10.166978     7.955257   -39.912038   -54.373957
   18.185246     4.991076    10.168304     8.133222   -23.379678   -61.270216
   18.198398     5.248090    10.126840     7.713598   -37.327936   -62.346814
   17.890481     4.983660    10.207274     8.275791   -51.117339   -49.464216
   18.193172     4.802542    10.127134     8.046446   -37.606060   -63.768539
   18.245792     4.870475    10.063097     8.063893   -34.473395   -57.900757
   18.214421     5.085550    10.100181     8.055645   -42.035762   -60.684969
   18.185138     4.895324    10.136274     7.923973   -29.838492   -61.091744
   18.156248     4.966164    10.163729     8.212109   -32.548188   -60.995437
   18.135636     4.795803    10.068216     8.129150   -26.494922   -46.675061
   17.906605     4.928576    10.233296     8.335227   -39.599739   -49.319200
   18.103106     5.081056    10.140613     7.879718   -27.569000   -51.829937
   18.042674     5.181508    10.255776     8.377036   -30.081543   -58.783059
   18.146101     5.012170    10.090109     8.296064   -29.866441   -49.372666
   18.328867     4.803849     9.972766     8.283152   -42.314233   -54.610831
   18.027116     5.060827    10.123120     8.446000   -34.459250   -44.895331
   17.989684     5.321509    10.252616     8.368925   -45.309532   -59.149391
   17.949125     5.163113    10.281712     8.186141   -36.262053   -55.711977
   18.103655     5.216770    10.313772     8.105382   -25.926683   -71.273787
   17.975324     4.945161    10.197836     8.253483   -43.238189   -52.579919
   18.100741     5.360838    10.092620     7.899666   -35.890101   -47.198198
   18.487406     4.970695     9.951361     8.306497   -31.563463   -59.753738
   18.191896     5.079714    10.089186     8.380996   -41.169049   -56.177962
   18.206862     4.868591    10.097406     8.030661   -38.354897   -60.501140
   18.168829     4.879043    10.117875     8.112401   -27.539310   -55.483524
   18.053567     4.936577    10.250347     8.324601   -33.398904   -62.123376
   18.095881     4.861374    10.092869     8.100951   -22.905679   -44.489407
   17.998085     4.794329     9.993394     8.147256   -39.105967   -32.901217
   18.115426     4.930884    10.145664     8.177549   -22.688236   -51.571625
   18.218555     4.930057    10.234640     8.185068   -14.642430   -70.962620
   18.239740     4.843725    10.005377     8.030609   -29.807444   -48.657867
   18.189526     5.086630    10.026186     8.340482   -32.033078   -45.147567
   18.228069     4.792423    10.056843     7.858289   -26.141452   -54.681226
   18.297844     5.270366    10.051709     8.291596   -31.525144   -55.642934
   17.961675     5.257738    10.044157     7.839466   -41.304469   -34.598889
   17.997791     5.221304    10.318062     8.413908   -25.383749   -58.998421
   18.112112     5.131287    10.221851     7.991851   -24.615268   -60.749071
   17.866029     5.074114    10.331101     8.066745   -30.019366   -50.706885
   18.046339     4.745359    10.112973     7.980828   -37.257835   -48.937285
   18.422111     5.136368    10.007338     8.302061   -38.299108   -62.929648
   18.154559     4.962939    10.178508     8.302599   -31.851823   -62.377384
   18.412274     4.989510    10.049218     7.903951   -15.359303   -66.551389
   18.384201     5.039037     9.962556     8.128904   -11.757404   -46.771083
   18.523525     4.830304     9.951856     8.358308    -8.131812   -58.419134
   18.004432     4.888717    10.115416     7.977788   -23.569825   -39.769382
   18.310841     5.024838     9.965369     7.924858   -16.393359   -43.690635
   18.089476     5.116244    10.123057     7.923751   -21.217470   -45.831843
   18.243923     5.041202    10.018540     8.051932   -26.884718   -48.087057
   18.128770     5.091324     9.989124     8.085776   -23.876842   -34.426223
   18.529880     4.927535     9.810553     7.934327   -30.680761   -43.333868
   18.386957     4.952903    10.047716     8.087398   -11.672490   -61.320297
   17.940055     5.189995    10.304946     8.062812   -16.304237   -48.403405
   18.200931     4.775204    10.106829     8.023644   -24.187832   -57.259147
   18.256644     4.854706    10.146787     8.084447   -25.593641   -68.336449
   18.404422     4.920186    10.012692     7.991399   -14.111405   -59.470748
   18.499366     4.737888     9.877842     7.791047   -14.937758   -51.395668
   18.289551     4.925250    10.051008     8.277736   -11.577817   -51.009908
   18.119535     5.175945    10.217264     7.953862   -19.491656   -58.683575
   18.166943     4.738774    10.056303     7.974721   -20.473823   -46.697474
   18.498597     4.937416     9.922225     8.111770   -15.769766   -53.607146
   18.338774     4.851390    10.065838     8.013440    -4.157801   -57.207935
   17.988678     5.008519    10.146390     8.059030   -25.601238   -41.819264
   18.379709     4.979490     9.960908     7.936922   -15.783983   -49.261589
   18.250046     4.746755    10.109277     8.044851    -7.247234   -55.812685
   18.197067     5.085297    10.146078     8.314263   -10.964941   -52.829413
   18.249382     5.001127    10.146417     7.960009    -7.896356   -59.501531
   18.261902     4.986472    10.084799     7.787491   -14.352395   -55.929866
   18.597486     5.073452     9.883170     7.736581    -9.060346   -54.928046
   18.351567     4.990927     9.978207     8.030088    -2.121860   -42.977718
   18.633773     4.918735     9.841730     8.184742   -19.887570   -52.819007
   18.358570     4.935133     9.996164     8.196397   -10.797981   -49.826698
   18.530249     4.947148     9.902039     7.949614    -9.392173   -52.088686
   18.372936     5.020721    10.046946     7.980684   -12.032844   -59.661431
   18.100831     5.190048    10.149731     8.115764   -38.866872   -55.223512
   18.090783     5.256075    10.192220     8.158670   -31.663273   -56.541136
   18.295771     5.042328    10.018528     8.028391   -32.683158   -54.038447
   18.128299     4.745028    10.130874     8.175312   -29.817043   -55.080086
   18.085943     5.001084    10.180341     8.069602   -31.871200   -56.268125
   18.287850     5.190810    10.101358     7.964720   -28.689591   -63.459807
   18.535596     5.196201     9.898491     7.918341   -36.835680   -56.544029
   17.954354     5.334070    10.106400     8.188118   -39.782224   -39.203545
   18.205646     4.966108    10.167418     8.207902   -16.160701   -60.299247
   18.119452     5.082098    10.105134     8.063472   -24.206265   -47.278079
   18.563562     4.966225     9.925511     8.382345   -20.417516   -59.437396
   18.201827     5.357583     9.941354     7.981862   -42.308092   -37.938853
   18.109018     5.171341    10.108631     8.228213   -41.402864   -51.600166
   18.092434     5.254241    10.175015     8.202542   -27.561022   -52.963653
   18.376942     5.157410     9.839642     8.046449   -38.621339   -35.655493
   18.074962     5.150277    10.063618     7.791709   -31.860047   -42.050635
   18.355397     4.899778    10.063876     8.032762   -31.655991   -68.345283
   18.571040     4.781154     9.858479     7.933142   -34.937385   -59.180563
   18.147844     5.103903    10.168796     8.024034   -30.356328   -59.793524
   18.425344     4.744514     9.988662     8.001037   -25.743603   -64.115638
   18.305065     4.910869    10.078552     8.012864   -32.874456   -65.579663
   18.091436     4.911706    10.229261     7.954856   -33.057663   -64.392933
   18.373085     4.949793    10.022497     8.252336   -44.156343   -65.133302
   18.019583     5.119163    10.192405     8.363886   -49.233293   -57.214901
   18.043311     4.890080    10.244182     7.835893   -36.868203   -63.248034
   18.148706     4.949390    10.218034     8.217680   -42.172410   -71.675747
   17.772482     5.223093    10.368281     8.174090   -48.126543   -52.891951
   18.052908     5.046584    10.223651     8.027804   -34.700643   -59.207359
   18.034475     4.946963    10.220167     8.101945   -41.726763   -60.009560
   18.101461     5.325163    10.219980     8.178403   -26.391891   -58.354133
   18.190215     4.816435    10.021102     8.196597   -32.764109   -47.145018
   18.361285     5.104734    10.002941     8.173730   -29.720250   -55.249234
   18.085768     5.078732    10.158943     8.105339   -32.334394   -53.350742
   18.126920     4.916604    10.173764     8.099037   -51.660800   -67.415193
   18.417445     5.168683    10.057340     8.089082   -27.698701   -69.016577
   18.059931     4.848088    10.265281     8.094688   -34.968217   -66.381873
   17.922050     4.946090    10.268201     8.002213   -35.032722   -52.389818
   18.238027     4.798526    10.100786     8.020011   -41.743523   -66.454774
   18.241088     4.853421    10.110878     8.141327   -33.664823   -63.917810
   18.221877     5.418654    10.164788     8.135398   -22.431297   -60.670511
   18.017092     4.688139    10.285840     8.164068   -26.155464   -61.373631
   18.046562     4.807744    10.119726     7.826854   -49.111794   -54.103864
   18.410359     5.014002     9.940181     7.900290   -36.383413   -54.733323
   18.289004     5.029308    10.141336     8.265447   -29.791206   -70.007789
   18.288378     5.160081    10.067948     8.131002   -27.092248   -57.378870
   18.582991     5.050610     9.851353     7.912870   -33.277841   -53.368876
   18.224888     5.264760    10.123527     8.306133   -45.078241   -64.041900
   18.163720     4.968801    10.200071     8.135130   -31.287638   -66.496850
   18.373354     5.116097     9.995777     8.200221   -45.874798   -59.244348
   18.035899     4.918157    10.216142     8.101598   -36.715412   -57.989514
   18.659031     5.104085     9.905250     8.137816   -29.240119   -66.625330
   18.257918     4.997387     9.948899     7.860181   -32.273112   -43.093698
   18.071838     5.232499    10.002939     8.264428   -56.158457   -41.216157
   18.115853     4.776841    10.126923     8.076765   -39.735066   -57.020467
   18.510448     4.908452     9.867537     7.863495   -28.233564   -51.519384
   18.136544     4.681381    10.030725     8.089138   -44.447881   -49.602648
   17.900705     4.983483    10.280268     8.136811   -26.124605   -47.543441
   18.217783     5.312956     9.896352     8.360185   -52.041208   -35.179224
   18.127307     4.998036    10.030605     8.429602   -33.678899   -42.088450
   17.993567     5.008427    10.159470     8.262573   -28.670765   -44.283780
   18.315338     4.703779    10.096234     8.000195    -9.204611   -62.920071
   18.212723     5.068463    10.028554     8.177598   -29.817340   -47.094176
   17.884194     4.746338    10.133516     8.073385   -50.204128   -42.800254
   17.848123     5.096917    10.201025     8.050722   -37.181328   -40.224255
   18.165158     5.169652    10.131558     7.833042   -25.839285   -55.424096
   18.107979     5.042100    10.191752     8.033979   -27.731494   -58.162161
   18.081304     5.113145    10.120312     8.048640   -39.314554   -50.728430
   18.102127     5.325044    10.114757     7.985112   -39.217448   -51.035125
   18.053172     5.143191    10.186747     7.837838   -43.854492   -58.253555
   18.073223     5.170876    10.141662     8.269035   -38.064955   -51.517566
   18.221618     4.855450    10.125564     8.045010   -33.115753   -64.293939
   17.905699     4.983785    10.244194     7.824339   -45.939668   -52.686592
   17.991757     5.054770    10.159458     7.890293   -35.109386   -47.092150
   18.145279     5.254925    10.027023     8.069518   -44.582423   -45.548115
   18.148691     4.995954    10.131099     8.262531   -38.587134   -57.740334
   17.990260     4.911060    10.216219     7.974584   -32.037036   -52.307102
   17.772575     5.388150    10.364624     7.994871   -28.710742   -43.524006
   18.056934     4.784144    10.240690     8.166931   -24.263275   -58.741989
   17.978400     5.160986    10.221798     8.046043   -27.331386   -48.780672
   18.117756     5.278632    10.024590     8.053561   -37.346375   -41.230478
   17.691827     4.987753    10.345951     8.184739   -44.163890   -43.189736
   18.492290     4.966834     9.941747     8.234291   -33.664450   -59.222313
   18.083340     4.694757    10.152619     8.132194   -46.008978   -60.438100
   18.408061     5.079243    10.103645     8.088429   -30.268950   -78.594729
   18.282289     4.861805    10.144734     7.998057   -32.755867   -74.432272
   18.061106     5.259800    10.129835     8.044651   -47.242401   -52.213992
   18.139763     5.045861    10.130414     7.958593   -34.000610   -56.003288
   17.962430     4.885726    10.264494     8.091392   -43.493833   -59.349071
   18.109671     4.912667    10.187590     8.174000   -44.123910   -64.380312
   18.001060     4.886562    10.293599     8.298914   -37.722485   -64.179260
   18.138730     5.161678    10.108400     8.109693   -40.697645   -54.024689
   18.480738     4.996576    10.003343     7.940637   -39.868988   -74.856397
   18.218703     4.925649    10.057948     7.924747   -48.335449   -59.614412
   17.759097     5.164744    10.360158     8.072209   -46.454526   -50.257006
   18.194749     4.802532    10.046493     7.933550   -40.087753   -54.366489
   18.325886     4.914601    10.028906     8.293584   -35.119841   -59.109271
   18.053772     4.803254    10.089412     8.281599   -38.369119   -46.274858
   17.759275     5.355989    10.249868     8.169974   -55.065978   -44.082904
   18.169216     5.039544    10.122830     8.351129   -43.670014   -59.894483
   17.903317     5.034446    10.307927     8.328013   -29.628936   -51.667627
   18.180677     5.064945    10.250299     8.235563   -22.560319   -70.790414
   17.948374     4.915780    10.216851     7.932248   -44.117955   -53.100825
   17.802912     4.890495    10.215371     8.192293   -41.214722   -40.136078
   18.303628     5.112838    10.032521     8.091537   -41.748434   -58.281564
   18.182674     5.055450    10.011729     7.903662   -39.736468   -46.768988
   17.869140     4.905476    10.199451     7.980545   -49.512347   -46.620056
   18.049113     5.000578    10.209199     8.142783   -27.287569   -54.279703
   18.409198     4.971499     9.945384     8.264211   -43.356063   -54.540430
   18.534693     5.110482     9.922110     8.154458   -45.964258   -61.425389
   17.948423     4.782979    10.190453     8.158681   -35.089340   -47.499079
   17.800838     5.096571    10.355988     8.287234   -36.574813   -49.838093
   18.049740     5.036477    10.144111     8.184941   -33.905457   -49.132901
   18.207820     5.235374    10.058575     8.359662   -41.726730   -52.591359
   17.788712     5.284188    10.164279     7.859682   -39.251540   -32.950854
   18.122573     5.150222    10.212770     8.045652   -31.017536   -62.842241
   18.031681     5.044807    10.162530     8.292351   -40.489932   -51.851529
   18.265972     4.674131     9.974100     8.072509   -37.459943   -50.871570
   17.945770     5.144062    10.280381     7.959225   -35.201147   -55.188175
   18.112087     5.237888    10.143206     8.048865   -51.718184   -59.672786
   17.944120     4.920762    10.226717     8.140516   -40.612613   -52.159360
   18.185849     5.001998    10.086995     8.326567   -42.350843   -56.320448
   18.195783     4.659892    10.003432     8.099120   -50.662997   -53.525000
   18.122342     4.913311    10.137424     8.213885   -35.509485   -55.826721
   18.278908     4.834399    10.125320     8.244110   -24.114911   -66.471580
   18.004313     4.986786    10.293087     8.249659   -27.321344   -59.273631
   17.980546     4.903561    10.251477     8.121243   -40.441226   -58.267255
   17.802592     5.175887    10.318321     8.086904   -43.451037   -49.114107
   18.212258     5.286334    10.133751     8.146414   -37.010762   -61.947164
   18.036748     5.142719    10.201190     8.038146   -45.616769   -58.395069
   18.343648     5.038773     9.883470     7.801387   -39.579855   -42.787771
   18.108074     5.082149    10.206052     8.296458   -37.184513   -62.592933
   18.000537     5.128120    10.263292     8.115312   -27.676248   -55.339811
   18.065429     5.224006    10.293214     8.009428   -30.478162   -66.474939
   18.247257     5.100120    10.057746     7.975986   -38.764442   -57.032224
   18.059281     4.857728    10.091318     7.865415   -45.100226   -49.766446
   18.119267     5.131736    10.185513     7.877333   -36.646502   -61.855646
   18.220952     5.358539    10.078766     7.820954   -37.499676   -56.367032
   18.354915     5.043521    10.037163     8.039435   -30.378417   -61.575261
   18.345681     4.976429    10.113309     7.778520   -13.862018   -69.735027
   18.077153     4.976213    10.125882     7.800148   -34.405156   -51.123085
   18.192295     5.218520    10.193937     8.132872   -24.907193   -64.445485
   18.119932     4.996549     9.981865     7.860932   -42.742064   -40.253657
   17.939742     4.955881    10.151574     8.149097   -34.759993   -41.950278
   18.021476     4.623867    10.127098     8.291245   -41.515442   -50.782917
   18.406177     5.177858     9.886450     8.137923   -43.437686   -44.149658
   18.160017     5.075109     9.986938     7.798949   -44.927648   -44.133393
   17.919200     5.267275    10.167374     7.887786   -46.069289   -45.121509
   17.873942     5.241254    10.387578     7.992300   -33.537061   -57.981184
   18.263504     4.938087    10.009458     8.073200   -38.093874   -52.147881
   18.354761     5.140415     9.987392     7.984949   -34.548840   -54.531329
   18.332228     4.826468     9.913778     7.912785   -37.627504   -47.002475
   17.958273     4.894346    10.274667     8.071446   -35.090313   -56.693421
   18.214833     5.346271    10.070243     8.142923   -35.152678   -52.526831
   18.104513     5.154051    10.060522     8.242082   -42.206106   -45.937714
   17.823210     5.265610    10.411820     8.309371   -40.595088   -58.510192
   18.169836     5.097606    10.167935     8.055357   -34.456383   -63.218228
   17.915820     5.083460    10.371701     8.019460   -24.930588   -57.422761
   17.847946     5.132801    10.403677     8.034506   -27.051571   -54.278570
   18.017175     4.928141    10.244945     7.975822   -32.583738   -58.195920
   18.192994     5.230492    10.110128     7.869100   -35.655381   -58.126769
   18.310951     5.023640     9.988499     8.261690   -45.659015   -53.344729
   18.458540     4.935113     9.960625     7.803520   -20.810341   -60.177135
   18.032436     5.179816    10.314724     7.984952   -39.329645   -69.437705
   18.034631     5.048156    10.283022     7.914973   -27.695482   -61.976625
   18.034308     5.186032    10.119568     7.860850   -39.455192   -47.250531
   17.722646     4.969583    10.327109     8.249435   -47.954943   -45.990761
   17.993471     5.104004    10.229422     8.084638   -47.792354   -58.604720
   17.997576     5.088312    10.329566     8.167212   -28.193307   -62.773068
   18.307879     5.011425    10.031425     8.436492   -42.747766   -58.934641
   18.006733     5.287283    10.261507     7.948196   -37.527910   -59.276549
   17.991305     4.974362    10.190119     8.371966   -38.959856   -51.429653
   18.395768     4.841194    10.069167     8.011717   -35.681220   -77.010285
   18.134245     5.077529    10.240397     7.969829   -29.263526   -67.849321
   18.333218     5.343949     9.984918     8.107500   -41.619101   -52.048024
   18.069087     5.031307    10.155152     7.880920   -38.427380   -54.519035
   18.294521     4.764477     9.851989     8.318666   -44.359375   -36.962280
   18.214696     5.146580    10.103255     8.134440   -20.271722   -53.264673
   18.267945     5.080289     9.932208     7.834024   -39.980334   -43.340276
   18.090735     5.389852    10.131389     8.120628   -37.274756   -50.714877
   18.230224     4.994855    10.007211     8.363586   -44.969307   -50.072899
   18.425190     5.187190    10.130203     7.882895   -25.404954   -84.782208
   18.158897     4.950335    10.204395     8.123037   -28.746388   -65.775269
   18.105171     4.853353    10.000227     7.772686   -47.626375   -44.412860
   18.224105     5.076097     9.971474     8.211022   -41.490656   -43.652846
   18.387157     5.065943    10.103679     8.414407   -27.244422   -72.784660
   17.760241     4.846544    10.312677     8.154157   -36.679379   -43.296019
   18.235822     4.835676    10.091656     8.118903   -32.249290   -60.403483
   17.869010     5.152697    10.234212     7.958882   -48.073062   -48.517150
   18.190053     5.280288    10.083963     8.016667   -36.480571   -53.656500
   18.161451     4.815007    10.010569     8.090640   -38.545323   -45.669682
   18.019188     5.275916    10.186206     8.327499   -41.729836   -53.041744
   18.242593     4.863092    10.028676     8.263212   -47.002281   -56.044898
   18.192970     5.170393    10.025972     8.065894   -53.396066   -51.696207
   17.887442     4.653736    10.183256     8.291704   -45.307944   -47.058420
   18.287377     5.035663    10.031315     8.075050   -38.069834   -56.304453
   18.269175     4.859612    10.070338     8.019704   -36.112319   -62.219820
   18.047559     4.881041    10.125246     8.061837   -42.195937   -50.710662
   18.156518     4.895864     9.962020     8.057510   -42.492495   -40.109151
   18.321397     5.025839     9.914647     7.987676   -38.631756   -43.626864
   17.874585     5.180838    10.287391     8.128242   -44.749516   -52.871756
   18.125971     5.049946    10.227520     8.042193   -38.999331   -68.887859
   18.124444     5.080846    10.155852     7.820020   -44.035587   -61.814789
   18.220534     4.766338    10.115416     8.071672   -36.416644   -64.853119
   18.110264     4.808793    10.219207     8.189848   -38.972725   -67.683576
   18.321395     4.877677    10.066120     8.095870   -31.288918   -64.650615
   18.107526     5.060659    10.116129     8.167781   -45.799852   -54.283339
   18.115526     5.145983    10.250248     8.195345   -37.150794   -69.019366
   18.171663     5.314987    10.190106     8.083249   -29.894872   -63.234219
   18.403751     5.009905     9.939434     7.742433   -32.613468   -54.842411
   18.332609     5.061647    10.028910     8.226189   -34.641447   -58.085144
   17.927971     5.143726    10.290151     8.150428   -39.479487   -56.001450
   18.138064     4.838996    10.138868     8.058438   -30.347920   -56.760201
   17.979578     4.992114    10.143907     8.121494   -33.316866   -43.644709
   18.230961     4.834731    10.090190     8.004965   -25.816948   -58.121751
   18.373165     4.967100    10.017449     8.012406   -23.600687   -59.382382
   18.138938     4.948821    10.175917     8.288839   -30.503696   -60.098070
   18.032366     4.748228    10.237214     8.060468   -39.215997   -62.663765
   17.865597     4.995774    10.259022     7.968970   -43.960902   -49.654182
   17.950083     5.103699    10.180271     8.271544   -46.269717   -49.074643
   18.344260     4.800325    10.086890     8.074550   -42.090981   -76.406627
   17.886142     5.086686    10.272106     8.242627   -44.444627   -52.606581
   18.072743     5.096498    10.198786     8.133226   -30.169739   -55.931685
   18.047077     5.344625    10.238165     8.087776   -31.314844   -57.475441
   18.016020     4.759673    10.228247     8.012427   -34.539329   -58.017969
   17.962014     4.653929    10.315235     8.170830   -29.758364   -60.723071
   18.547222     4.879203     9.871044     8.104075   -27.351734   -53.149957
   17.979987     5.033229    10.192182     7.977673   -34.417005   -49.149415
   18.405794     5.032849     9.990225     8.000030   -28.615856   -58.932068
   17.726414     5.367831    10.313752     7.805565   -53.558571   -45.698431
   18.084024     5.045269    10.118068     8.367059   -35.237358   -49.190341
   18.225114     5.172525    10.080579     8.033409   -35.670899   -56.494366
   18.152199     5.099868    10.057037     8.488655   -36.053812   -47.051212
   18.686456     5.073654     9.820149     8.506744   -29.806405   -49.883209
   17.830103     5.043196    10.265161     8.214650   -40.738749   -45.960275
   18.105492     4.995839    10.154368     8.017131   -36.339222   -56.670914
   18.247879     5.092113    10.086069     7.742200   -27.775964   -59.192394
   18.158931     5.154789    10.211586     8.081811   -19.464596   -61.741463
   17.976074     5.174967    10.215097     8.010177   -31.981096   -49.721944
   18.193369     5.239382    10.142768     7.964492   -41.218612   -64.001802
   18.296126     5.140997    10.085549     7.921334   -36.460604   -65.325419
   18.336035     5.021350    10.016267     7.994758   -37.832700   -59.228962
   18.026943     5.022262     9.985323     7.964518   -58.323678   -38.426639
   17.999817     5.148207    10.116776     8.122996   -34.425261   -42.319803
   18.174325     5.008234    10.168030     7.949294   -33.971034   -64.723400
   18.332038     5.179047    10.030152     8.041163   -31.906020   -57.530268
   18.060170     5.144976    10.251986     8.267010   -35.876700   -62.828160
   18.578592     5.333804     9.874996     7.967976   -46.684584   -56.792624
   18.036197     5.109543    10.071198     7.988939   -33.706630   -40.455190
   18.422481     4.909710     9.961636     8.006095   -28.853513   -57.537867
   18.493915     4.883134     9.917639     7.849968   -25.579226   -58.313486
   18.284863     5.032744    10.039521     7.982600   -31.066333   -56.036318
   17.982123     5.087189    10.098687     7.817839   -45.603783   -43.552170
   17.882775     5.013667    10.285053     8.084071   -36.444861   -50.689163
   18.370416     4.996291     9.912323     7.958545   -29.014118   -45.071691
   18.111985     5.152729    10.267952     8.142175   -18.893431   -63.403370
   18.247454     4.739644    10.071637     8.065015   -36.007955   -61.493280
   18.193049     4.813728    10.174642     8.285386   -23.897475   -64.078600
   17.948060     4.664634    10.128424     8.019498   -40.828476   -44.418273
   18.382694     4.971159    10.043514     7.984291   -29.124891   -66.539064
   18.281396     4.885071    10.117998     7.977875   -39.948675   -72.639900
   18.227270     4.773012     9.932059     7.862803   -38.615322   -42.734051
   18.348351     4.825868     9.874676     7.766424   -42.066691   -45.658036
   18.272617     4.874818    10.045578     7.737904   -30.728432   -59.186397
   18.364078     5.027632     9.922343     7.947319   -25.629524   -44.835844
   17.850481     4.794888    10.065191     8.147008   -48.295685   -33.363629
   18.077509     5.266546    10.237730     8.023250   -23.234552   -57.682426
   18.194257     4.760340    10.033603     8.166784   -31.999545   -49.430830
   18.428706     4.952988     9.934019     7.952789   -36.020506   -55.431850
   18.126125     4.926126    10.130028     8.250910   -25.558953   -51.578604
   18.140688     4.960643    10.000322     8.051843   -39.460706   -42.180373
   18.248354     4.801477    10.103904     8.173642   -12.060244   -55.958180
   18.120900     4.942939    10.143733     8.265598   -28.334322   -53.637576
   17.988402     5.410706    10.294151     8.245084   -30.949000   -57.370506
   17.963320     5.258823    10.222020     8.225681   -38.115346   -51.090153
   18.406242     5.051716    10.026978     7.881804   -23.038518   -64.235334
   17.881695     5.090137    10.236690     8.081354   -32.485745   -44.235368
   18.108175     5.047666    10.194308     8.052545   -38.546762   -62.322102
   18.161203     4.976110    10.076959     7.963703   -42.169929   -54.116455
   18.028912     5.101612    10.281018     8.132014   -39.379364   -65.014419
   18.073346     5.010158    10.137039     7.885502   -42.460891   -54.205500
   18.093591     5.188033    10.275938     8.103022   -29.786736   -67.024591
   18.413028     5.075177    10.072310     8.268985   -29.402621   -71.686394
   18.168725     4.990111    10.032146     8.156460   -43.111546   -48.271170
   18.166895     4.815375    10.125635     8.275175   -32.735960   -58.249282
   18.172970     5.241818    10.128153     7.909787   -37.336649   -58.959501
   18.262851     5.271783    10.199721     8.100087   -25.922761   -73.285628
   18.043272     5.012464    10.292427     8.115659   -32.243568   -65.584174
   17.989817     4.964769    10.210321     8.044860   -29.237438   -50.131916
   17.864391     5.021082    10.263387     8.054624   -37.645229   -47.489533
   18.068147     5.201868    10.271390     8.089387   -29.760599   -63.661542
   18.332566     5.151593    10.187672     8.034044   -17.149145   -78.047952
   18.185503     4.797561    10.139912     8.006851   -39.712190   -65.872910
   17.765548     5.138357    10.341980     8.301326   -40.027803   -47.008661
   18.369245     4.812369     9.906625     7.921000   -42.464600   -50.472188
   18.119959     4.829823    10.147605     7.951329   -40.323821   -60.282075
   18.208296     4.721047    10.077363     7.966333   -30.740962   -57.299514
   18.159949     4.759646    10.031559     7.731483   -43.762031   -52.672222
   18.412855     4.525902     9.885061     8.102908   -31.406508   -51.024662
   18.082203     4.956035    10.186601     7.910643   -38.867876   -60.082786
   18.097360     4.919885    10.112419     8.137423   -33.871372   -50.200514
   18.376356     4.973029     9.984441     8.538484   -32.745229   -54.775440
   18.144057     4.960917    10.114051     7.957404   -37.482560   -56.042464
   18.561522     5.215780     9.867819     7.806512   -26.592571   -51.588150
   18.245170     5.029285    10.072319     8.260950   -29.519166   -55.380633
   17.962798     4.995110    10.223406     8.070715   -33.773181   -50.634083
   18.041220     4.892116    10.114551     8.287617   -28.702614   -43.925201
   18.019227     4.914989    10.143128     7.994587   -28.512014   -45.670178
   18.259651     4.983463    10.062559     8.141505   -20.842007   -53.431088
   18.083872     5.238756    10.135445     7.808467   -40.497511   -53.395185
   17.986150     5.134513    10.186054     8.036772   -41.765933   -51.024106
   18.142048     4.950779    10.226730     7.982504   -26.278134   -66.549634
   18.273939     4.759305     9.908490     8.027608   -39.614630   -42.534527
   18.338843     4.837124     9.998714     7.883998   -35.582211   -59.616584
   18.279912     5.011659     9.929071     8.047993   -46.783111   -44.166028
   17.943760     4.769838    10.188717     8.091370   -35.266969   -47.153487
   18.287503     5.148154    10.012066     7.767908   -34.661401   -54.120887
   18.142396     5.092322    10.197935     8.461237   -29.341422   -61.424907
   18.561937     5.057015     9.797140     7.939931   -43.091857   -44.251513
   18.127547     4.914458    10.078716     8.095454   -51.849550   -54.508001
   18.026277     5.095319    10.222143     8.043449   -39.476935   -57.927952
   18.140933     5.454950    10.216490     8.087414   -25.645051   -60.769884
   18.103280     4.876476    10.183172     8.130771   -29.002716   -57.871424
   18.244655     4.992234    10.081839     8.182298   -16.479537   -52.795977
   18.043077     4.863288    10.105288     7.980923   -33.715033   -45.738895
   18.224218     5.164465    10.072196     8.232242   -34.578981   -54.225085
   18.243337     5.195803    10.140813     8.243037   -26.625769   -62.577604
   18.214359     4.999922    10.045395     8.316550   -37.229895   -51.608289
   18.601461     4.779977     9.841647     7.793720   -23.937345   -57.791340
   18.125846     5.406094    10.191683     8.130978   -29.187387   -57.875502
   18.415900     5.028568    10.035303     7.981559   -24.124249   -66.459300
   17.998982     5.052815    10.202016     8.129612   -50.981185   -57.267916
   18.412083     5.387067    10.021215     8.039624   -29.830488   -60.840253
   18.187742     5.244549    10.046886     7.881470   -29.253503   -47.157190
   18.119030     4.986576    10.018577     7.952278   -41.043663   -43.448552
   18.282148     5.221034     9.994241     8.136849   -38.777090   -49.386237
   17.991835     5.123379    10.253439     8.240720   -43.878926   -59.659918
   17.904505     5.132363    10.352351     8.204017   -30.821593   -56.539517
   18.147775     5.398507    10.133276     8.438142   -34.305622   -53.349132
   17.918249     5.353097    10.349071     8.083033   -35.699519   -58.989950
   18.424100     5.095819     9.978594     8.383646   -44.852224   -60.321573
   18.273579     5.109465    10.137924     8.152928   -25.343445   -65.941980
   18.349473     5.198031    10.013810     8.233885   -35.792512   -56.458066
   17.868812     5.114468    10.342372     8.111982   -40.918154   -56.478941
   18.223408     5.072749    10.040802     8.375486   -33.083522   -49.892411
   17.840391     5.066008    10.414060     8.305814   -31.773359   -56.898092
   18.161057     5.076639    10.088300     8.158162   -39.997317   -53.346679
   17.802795     4.874317    10.288406     8.127526   -47.687977   -49.179824
   18.021856     5.122474    10.147598     8.275288   -44.321850   -50.388595
   18.019801     4.875526    10.084512     8.351601   -45.391176   -45.131611
   18.049613     5.077354    10.083750     8.128152   -37.214167   -43.561214
   17.786415     5.090430    10.551798     8.090678   -30.384315   -63.363062
   17.633785     5.011576    10.486757     8.055138   -56.242128   -54.524063
   18.574307     4.948683     9.963898     7.947857   -31.772638   -76.348626
   17.849362     4.936899    10.185909     8.281191   -53.354245   -45.400518
   18.310145     5.402465    10.031700     7.967911   -44.023470   -58.373389
   18.268633     5.280636    10.014819     8.097748   -41.556283   -51.813956
   18.406184     5.045947     9.959669     7.980510   -39.086311   -56.842864
   17.729646     4.957507    10.484590     8.129383   -27.587442   -50.128624
   18.606051     4.842993     9.880830     8.144566   -33.337828   -62.342257
   18.559219     4.877080     9.993827     7.836353   -33.402593   -85.606521
   18.170926     5.147612    10.046082     8.060516   -45.029317   -50.236015
   18.222428     5.013373    10.150085     8.218834   -36.515142   -66.862977
   18.008621     4.755849    10.242624     8.322470   -42.009664   -61.845906
   18.335281     5.184476    10.058509     8.009782   -35.134881   -63.444442
   18.278082     4.950719     9.983149     7.918516   -37.018260   -50.522946
   18.434314     5.182915    10.031155     8.095638   -36.329364   -68.733742
   17.902449     5.136903    10.421564     8.154306   -27.631681   -62.002210
   18.494064     4.813830     9.833440     8.097250   -48.390719   -48.687258
   18.131768     4.932517    10.145615     8.100275   -40.149680   -59.467727
   18.418555     4.881588     9.980699     8.125554   -24.513825   -58.612866
   18.161836     4.946779    10.141063     7.682582   -38.620483   -63.766481
   18.116092     5.031304    10.238446     8.139359   -27.968588   -64.712195
   18.418904     4.713856     9.960987     8.167919   -27.101927   -58.533955
   18.176748     5.069665    10.072329     7.861852   -36.151097   -52.983129
   18.216854     4.791527     9.861054     8.283257   -45.466722   -33.557759
   18.105112     4.637465    10.162231     8.332960   -23.876252   -54.739768
   18.262203     4.723791    10.077092     8.163334   -28.968097   -60.993671
   17.957346     4.785959    10.154278     8.340054   -40.984428   -46.845638
   17.708114     4.877901    10.355966     8.076082   -47.545136   -46.983275
   18.159917     4.933474    10.087055     8.574538   -38.699854   -53.515195
   18.129795     5.099001    10.119586     7.766610   -28.934267   -52.517467
   18.570640     5.158049     9.847450     8.073781   -32.618606   -47.986027
   18.062856     4.864042    10.236891     8.054764   -32.368305   -62.037505
   17.944006     5.104173    10.193672     8.375715   -42.192477   -48.666581
   18.029589     4.734307     9.990831     8.329815   -44.593368   -36.847647
   18.101505     4.663366    10.146184     8.279883   -35.301099   -57.198611
   18.022089     5.243295    10.194104     8.323373   -38.787904   -53.199964
   18.110050     4.910092    10.168290     8.159808   -28.492022   -56.173818
   18.430952     4.623580     9.943507     8.268603   -30.796812   -58.952848
   18.042633     4.715560    10.267344     7.999566   -38.598531   -67.768846
   17.882878     5.184745    10.299311     8.175092   -33.739411   -50.389222
   18.013718     4.611382    10.217398     8.285050   -33.954064   -57.176944
   18.164894     4.787171    10.169117     8.261632   -34.028053   -64.734641
   17.774660     4.734581    10.358987     7.942647   -43.694697   -52.246884
   18.215469     4.839228    10.035576     8.021351   -38.754342   -53.298517
   18.001646     5.236903    10.286576     8.283769   -41.791650   -63.140422
   18.278132     4.990364    10.010541     8.182695   -28.546075   -50.120978
   18.132349     4.823433    10.133889     8.126292   -28.743877   -54.901423
   18.172053     4.934806    10.199992     7.983148   -31.366914   -68.437231
   18.119916     4.905038    10.023530     7.904224   -40.098645   -44.610786
   18.014789     5.312894    10.131936     8.493930   -42.442655   -46.660169
   17.840229     4.786149    10.377981     7.987063   -25.675684   -51.744827
   18.079197     5.197316    10.121101     8.076107   -24.897686   -45.341732
   17.820478     5.429787    10.368367     8.110456   -36.482210   -51.687506
   18.107656     5.100925    10.182148     7.933824   -37.720487   -60.575767
   18.065239     5.151392    10.096632     7.848859   -51.733881   -51.234386
   18.323610     5.022667    10.072357     8.047662   -28.034167   -63.435815
   18.300670     4.885766    10.152675     7.919633   -26.182513   -75.721101
   18.287331     5.106235    10.033769     7.717695   -32.052384   -57.148760
   18.140365     5.069231    10.047682     7.971307   -36.770122   -46.635272
   17.916261     4.986687    10.224023     8.071558   -22.762236   -42.140358
   17.940600     5.041007    10.276487     8.250339   -33.425314   -53.623134
   18.103358     5.369704    10.120997     8.234045   -30.008391   -47.632893
   18.103142     5.335690    10.146121     8.172419   -31.507416   -51.584701
   18.214951     5.173294     9.894522     7.677058   -51.969337   -39.112958
   18.426246     5.125289    10.024129     8.044245   -36.802474   -67.869068
   18.231461     5.263868    10.035982     7.799948   -41.904123   -53.783326
   18.123335     5.021775     9.953465     7.831268   -32.731602   -34.209807
   18.003560     5.262330    10.113055     8.091046   -26.237393   -38.642245
   18.354931     5.165847    10.020412     7.992317   -38.207026   -60.491666
   18.191890     4.982385    10.117832     7.833865   -31.082031   -59.515689
   18.505085     4.733327     9.943620     8.135632   -16.541574   -61.129623
   18.143034     4.825204    10.161930     8.266828   -31.657845   -60.203678
   18.339503     4.710401    10.014492     7.990255   -34.034367   -62.605988
   18.009559     5.041796    10.148327     8.051550   -42.432367   -49.340376
   18.126931     4.891520    10.102615     8.073385   -42.847332   -54.812097
   18.231110     5.015531    10.132563     8.326703   -35.693367   -64.572422
   18.481007     4.721148     9.892593     8.199175   -35.366927   -55.198465
   18.311808     5.201536    10.125695     8.386425   -33.789006   -69.171857
   18.091284     5.164574    10.155467     8.294729   -49.780987   -58.725997
   18.179597     4.898460    10.193424     7.971860   -37.941064   -71.422017
   18.224314     4.606194    10.144986     8.120715   -34.181353   -70.717114
   18.240093     4.960358    10.107572     8.150807   -35.821683   -62.828132
   18.579117     4.802208     9.928095     8.014983   -31.415337   -71.288607
   18.016193     4.865021    10.149920     8.143537   -37.707001   -49.329000
   18.258716     5.082556    10.152148     8.161536   -35.777438   -70.486116
   18.319098     5.190201     9.992696     7.962446   -35.497495   -52.397444
   18.279414     5.314210    10.055184     8.272996   -26.741869   -52.662831
   18.332704     4.721820     9.988986     8.540964   -38.179864   -56.760445
   18.379468     4.869783    10.025094     8.117872   -31.413141   -64.113683
   17.975296     4.967647    10.215170     8.020271   -40.302652   -53.452045
   18.358377     5.034039     9.990810     7.892654   -29.953485   -55.945497
   17.819614     4.859331    10.445707     8.098501   -32.816150   -59.171764
   18.030508     4.968022    10.214056     8.231861   -32.921875   -55.271351
   18.002355     4.908060    10.112670     7.945447   -38.738511   -44.805625
   18.277676     4.761432     9.958010     8.045442   -37.903118   -48.688428
   18.125801     4.778813     9.976501     8.101033   -40.095894   -39.967128
   18.240447     4.945570    10.108852     8.235705   -39.578708   -64.222210
   17.840416     4.731070    10.284394     7.948029   -39.066787   -49.379691
   17.981030     5.320583    10.258546     8.003690   -39.940411   -57.205748
   17.957895     5.115660    10.288690     8.317190   -45.102940   -61.086812
   18.364229     5.054647     9.998628     8.133501   -31.536829   -55.908267
   17.927595     5.125958    10.164373     7.947129   -30.185405   -40.314234
   18.511592     4.868068     9.931223     8.513820   -31.240083   -59.159458
   18.191748     5.242467    10.072736     8.266297   -37.143098   -51.922607
   18.356358     5.135281    10.097761     8.367807   -35.540287   -70.714629
   17.843565     4.953448    10.286477     8.280886   -40.629808   -49.417659
   17.820181     5.204688    10.350527     8.412773   -39.278656   -52.174674
   18.115727     4.837635    10.142970     8.222581   -42.775218   -59.200236
   18.383567     4.881080     9.928789     8.237034   -33.860902   -49.329705
   17.996447     4.845734    10.170113     8.383539   -44.979689   -52.887588
   17.968583     5.245070    10.178674     7.930125   -49.879853   -51.352607
   18.130710     5.005653    10.245529     8.035393   -15.719760   -62.602255
   18.140695     5.044462    10.039388     8.376403   -42.342231   -46.566745
   18.116080     4.970757    10.110058     8.119139   -34.774816   -51.486129
   18.394958     4.789210    10.004079     8.123799   -37.627294   -65.552216
   18.156136     4.932021    10.180191     7.964438   -44.596157   -69.135944
   18.158444     5.137309    10.060784     7.988809   -44.507932   -51.387112
   18.163571     5.046394    10.151691     8.218794   -42.278220   -62.907129
   18.420241     4.755995     9.998996     8.348652   -41.129748   -67.890627
   18.263504     4.931079    10.081970     8.338652   -24.676076   -57.432041
   18.148303     4.853198    10.137016     8.104084   -30.398870   -57.231160
   18.087614     4.935364    10.257720     8.127781   -36.218821   -68.205256
   18.242254     4.878974    10.120397     8.048768   -27.885070   -63.591434
   18.235004     4.739824    10.052117     8.287126   -38.270107   -57.454758
   18.039504     5.163801    10.206753     8.346563   -36.868820   -55.713147
   18.262019     4.893149    10.201807     8.341868   -38.137324   -81.354277
   18.390800     5.054899    10.091955     7.989487   -36.147654   -77.786850
   18.376073     4.919254     9.942191     8.239673   -37.364376   -50.845875
   18.020767     4.897081    10.184272     8.169875   -42.570371   -55.052939
   18.287116     4.619289     9.950661     7.926754   -31.398512   -49.146471
   18.077250     5.166193    10.254242     8.143358   -27.034119   -61.421597
   18.497703     4.730829     9.903664     7.948627   -44.215146   -64.186499
   17.947636     4.993659    10.202290     8.366707   -40.216437   -49.509671
   18.362919     4.693768    10.028945     8.250691   -25.062666   -62.792236
   18.351364     4.997439     9.993906     7.900743   -36.600320   -58.087493
   18.165969     4.695503    10.112118     8.253686   -20.712677   -52.890887
   17.875058     4.972028    10.325745     7.994273   -34.866618   -53.549258
   18.218282     5.122373    10.076881     7.855180   -29.416473   -54.735480
   18.111447     5.201673    10.203911     8.087871   -41.759492   -64.098535
   18.192343     5.006903    10.126957     8.107843   -34.519796   -60.225825
   18.092166     4.983530    10.251064     8.075628   -28.766088   -64.591962
   17.966534     4.931155    10.294879     8.188062   -34.142250   -58.989506
   18.110730     5.380006    10.247007     7.942583   -35.965343   -66.922923
   18.525117     5.298336     9.877684     7.940709   -37.240479   -50.643149
   18.170946     5.155973    10.067926     8.060834   -34.481655   -49.963129
   18.173659     5.216882    10.103075     8.270175   -26.480332   -50.861659
   18.334889     4.832617    10.139192     8.195906   -14.738548   -71.819217
   18.295134     5.029644    10.093313     8.108334   -36.185356   -65.948733
   18.307196     4.968189    10.041440     7.816451   -31.336654   -60.570611
   17.940666     5.099770    10.128972     8.344220   -40.041242   -41.185713
   18.044851     5.003959    10.194284     7.904621   -39.695036   -57.396845
   18.246214     5.457810    10.123297     8.010607   -34.622374   -62.083330
   18.238299     4.735240    10.116834     8.119671   -31.963933   -65.450264
   18.111476     5.272537    10.262696     8.228164   -26.740457   -65.047361
   18.119916     5.193899    10.256598     8.002737   -31.925226   -68.582523
   18.280328     5.126524    10.103471     7.972827   -33.456277   -65.134496
   18.389342     5.130148    10.000969     8.137462   -41.271488   -60.419608
   18.324388     4.988264    10.078795     7.892498   -28.044462   -66.167036
   18.291059     5.098518    10.121958     8.185905   -26.821705   -65.828785
   18.359080     5.142052     9.980097     7.888390   -36.076485   -55.133501
   18.188906     5.072397    10.176444     7.925429   -33.227005   -66.847723
   18.217130     5.148698     9.995688     7.944239   -51.367258   -49.810086
   18.088597     4.836625    10.183635     8.250245   -34.937750   -58.827329
   17.974432     4.890738    10.232828     7.988190   -36.820878   -54.533823
   18.309016     4.879820    10.055724     8.011441   -30.465492   -62.018084
   18.285188     4.729375    10.071972     8.055109   -39.213620   -66.967066
   18.124014     4.743741    10.230580     8.123241   -32.361288   -68.826280
   18.308115     5.109827    10.008098     8.165127   -30.344744   -51.746689
   18.219245     4.734923     9.980463     8.014316   -35.698004   -46.821409
   18.056455     4.884444    10.177465     7.748333   -27.789928   -53.455425
   18.111333     4.841896    10.210073     7.997190   -36.641279   -65.898779
