    1.227714     3.923011    12.464301     6.637711   129.784082    97.219183
    1.230083     3.954642    12.467253     6.589176   140.657242    76.997433
    1.167716     3.805026    12.780629     6.884472   134.758334    93.185074
    0.991789     3.527250    12.563178     6.960531   145.886155    81.886607
    1.144123     3.884588    12.615269     6.663982   148.405620    74.123760
    0.995326     3.621130    12.216862     6.744710   143.171122    74.065088
    0.758865     3.624109    12.249124     6.651915   141.135054    74.742084
    0.515231     3.542193    12.398266     6.650385   145.354339    72.600998
    0.473277     3.347135    12.244011     6.760069   153.161890    63.592608
    0.745330     3.475407    12.425429     6.883039   141.054743    74.038964
    0.955715     3.515170    12.107027     6.811519   141.453818    69.453903
    0.542504     3.410221    12.387758     6.774265   145.888239    80.416698
    0.508985     3.461997    12.073062     6.583586   148.207207    74.345818
    1.084293     3.706966    12.485171     6.813123   144.990898    74.975050
    0.945997     3.503055    12.491250     7.030062   143.964601    50.749956
    0.830466     3.470071    12.072595     6.703239   157.259069    58.016190
    0.990180     3.498942    12.368660     6.961172   144.254922    70.531309
    0.708341     3.485527    12.130243     6.764276   136.168639    75.004589
    0.278151     3.391592    12.596270     6.721259   148.823596    61.050196
    0.677307     3.401006    12.475678     6.920020   144.293231    72.420563
    0.642058     3.432226    12.505007     6.878466   147.308026    63.235665
    0.647897     3.405859    12.151089     6.755336   147.092139    76.903308
    0.656787     3.541979    12.362017     6.775132   137.176402    72.187316
    1.299014     3.647614    12.421021     7.008899   147.572333    53.553193
    0.875508     3.628319    12.372847     6.727415   149.921426    65.765022
    0.748921     3.524836    12.340108     6.757490   150.493244    66.220764
    0.451430     3.526803    12.923913     6.718403   138.124768    93.304636
    0.653601     3.621234    12.827734     6.780281   142.518993    65.871660
    0.922895     3.550509    12.238459     6.776696   146.940855    74.700833
    0.712369     3.566958    12.464144     6.747768   145.900852    72.656537
    0.653594     3.517337    12.293943     6.738232   137.043440    85.109726
    1.049079     3.539050    12.228478     6.914220   133.344621    83.428234
    1.000354     3.546312    12.324890     6.974086   126.884252    80.922808
    1.400209     4.080944    12.922220     6.853657   131.866789    80.875142
    0.696983     3.502770    12.499048     6.890491   134.480881    74.157621
    0.455650     3.527312    12.178092     6.495615   151.621935    75.527345
    0.669060     3.460193    12.194943     6.805087   131.062324    86.363677
    0.518311     3.524836    12.086185     6.575458   144.010619    65.084171
    0.402620     3.453350    12.142957     6.638531   142.166246    68.060580
    1.043077     3.515620    12.312469     6.974112   138.728666    73.700071
    0.782442     3.499704    12.246449     6.770761   148.816039    68.767163
    0.878139     3.576792    12.560135     6.944578   134.004035    71.035868
    0.774814     3.542186    12.173085     6.692787   148.524284    65.338314
    0.995176     3.721062    12.258406     6.605475   143.520045    84.316350
    0.900284     3.431927    12.424321     7.002632   150.549033    55.330338
    0.926852     3.530148    12.577871     6.978636   142.116545    70.938507
    1.279184     3.751717    12.712288     7.001183   135.042593    92.195272
    0.781089     3.652708    12.695045     6.786137   139.550036    76.104741
    1.141435     4.054308    12.830426     6.627907   134.399421    78.409862
    0.547494     3.493194    12.693562     6.786752   135.616257    93.685670
    0.765851     3.531409    12.084070     6.646835   144.957034    75.646107
    0.810158     3.581524    12.433928     6.752686   152.038539    64.974972
    1.208584     3.755828    12.656484     6.857504   149.026074    81.031898
    0.708841     3.403455    12.146213     6.735390   155.929615    71.226107
    0.704151     3.526361    12.598603     6.770354   151.300495    75.469412
    1.054337     3.556283    12.370418     6.899371   146.662138    76.677628
    0.481925     3.457960    12.586994     6.818215   140.294723    65.503031
    0.928990     3.638450    12.478895     6.789171   148.622778    68.259900
    0.811337     3.609249    12.347378     6.688813   149.249553    72.750698
    0.569500     3.514018    12.563974     6.751021   147.423044    66.572328
    0.968568     3.848777    12.751700     6.698450   138.611323    78.481467
    1.181679     3.518921    12.281106     6.957720   155.243911    57.810208
    1.033757     3.761767    12.592794     6.755779   142.013480    82.443615
    1.124116     3.610831    12.368576     6.879974   146.946170    74.350366
    0.799550     3.885003    12.558459     6.453703   144.551520    72.370582
    0.948650     3.516010    12.554031     6.997593   141.423786    73.530046
    0.792272     3.614442    12.636314     6.877631   133.543215    70.349745
    0.553420     3.701689    12.426524     6.473544   146.582331    74.913319
    1.125449     3.653047    12.236361     6.748765   147.460936    75.137530
    1.472049     3.933768    12.784583     7.004248   143.115635    56.534358
    1.049628     3.554627    12.133205     6.784959   138.273069    90.244271
    1.087437     3.710930    12.261255     6.696001   141.451198    80.985357
    0.840172     3.571247    12.539913     6.767076   153.049634    77.949646
    0.858614     3.834231    12.560699     6.477414   146.415996    91.478436
    0.603109     3.533778    12.586566     6.733169   146.403270    75.956214
    0.832551     3.662383    12.652884     6.748553   143.565923    82.568727
    1.318861     3.702715    12.456406     6.949349   140.951831    82.190349
    0.717638     3.720536    12.560933     6.557798   148.325802    79.918216
    0.947271     3.967576    12.837285     6.507230   146.759749    80.588882
    0.967626     3.820290    12.565681     6.571816   153.580894    73.382168
    0.913368     3.835019    12.670365     6.542182   152.217201    81.261856
    0.820968     3.658431    12.577293     6.677048   152.402727    76.581208
    1.124115     3.937011    12.791210     6.645193   141.329282    95.535141
    0.856752     3.689324    12.841931     6.821608   140.651280    78.219518
    1.280433     3.730905    12.605811     6.938966   144.212317    83.954851
    0.786060     3.874597    12.761483     6.549487   142.943464    68.208884
    1.181615     3.688540    12.505533     6.826318   156.094908    72.116737
    0.986260     3.746976    12.456654     6.689957   145.198117    76.159369
    0.603238     3.865047    12.605488     6.359643   135.632993    96.262833
    1.077995     3.649438    12.245967     6.749845   142.351942    82.334257
    0.387000     3.686380    12.628669     6.509428   141.589142    64.973429
    1.267930     3.601840    12.352385     6.981663   143.551692    75.929267
    0.875691     3.599313    12.578247     6.824516   158.097416    45.294499
    0.916191     3.425271    12.487505     6.961729   154.777532    73.636988
    1.079424     3.734674    12.613813     6.707589   156.640568    84.766133
    1.080792     3.565624    12.288550     6.892396   136.253357    90.422040
    1.331437     3.927112    12.299453     6.590161   138.133716    71.473154
    0.840412     3.598642    12.446206     6.877552   127.885753    78.904953
    1.308617     3.996568    12.419076     6.525359   139.966972    83.569852
    1.046326     3.829879    12.606803     6.608414   158.273408    67.320192
    1.709892     4.163916    12.499714     6.624635   139.482004    72.488636
    0.891974     3.499989    12.339128     6.885619   141.281530    80.706643
    1.256045     3.891318    12.712351     6.750612   147.824206    84.182483
    1.117757     3.761903    12.667929     6.823586   148.838323    70.852470
    0.822289     3.435990    12.184133     6.851995   144.571293    73.365713
    0.521793     3.532631    12.319270     6.592426   152.634831    69.206770
    0.911188     3.689013    12.355928     6.712947   139.038669    77.453005
    1.058936     3.718059    12.141578     6.623246   136.841193    78.133180
    0.729657     3.827963    12.347153     6.404737   137.323748    85.524970
    1.024355     3.701833    12.320975     6.674761   145.315580    83.129277
    1.166056     3.876325    12.548752     6.659568   147.064259    77.038605
    1.158374     3.886929    12.529987     6.652274   147.856181    67.595783
    1.061935     3.762710    12.431104     6.750386   134.578279    84.005474
    1.435437     3.746390    12.679348     7.087245   144.931571    76.832969
    1.129435     3.698910    12.772706     6.965056   140.247142    85.299745
    1.024608     3.593651    12.242742     6.757597   151.739636    69.876113
    0.929268     3.530355    12.823549     6.991345   147.324514    82.707965
    0.557997     3.553814    12.675630     6.671952   153.531128    68.190510
    1.256035     3.634448    12.474813     6.955565   152.598339    69.674019
    1.235074     3.636891    12.538356     6.920607   156.756761    76.770077
    0.847440     3.712802    12.649733     6.711268   142.842169    80.645126
    0.850549     3.460879    12.612602     6.936867   150.843989    77.826819
    1.033074     3.579947    12.475966     6.837969   156.561540    74.255377
    0.662950     3.523044    12.519472     6.790713   142.618936    76.910965
    0.653612     3.449298    12.620150     6.868445   147.652531    71.327720
    1.090378     3.690032    12.671759     6.867668   149.976802    75.901729
    0.790316     3.545596    12.562432     6.820017   148.653384    73.123730
    0.820092     3.601141    12.611070     6.752234   157.000069    64.762494
    0.531709     3.579326    12.691529     6.610230   152.545806    76.901979
    0.233449     3.575590    12.760653     6.464925   148.226597    79.263917
    0.721757     3.868751    12.579310     6.451388   132.706030    93.040536
    1.215224     3.795733    12.527292     6.821044   143.124881    75.450066
    1.301842     3.831965    12.509196     6.809776   144.691449    74.776627
    1.330620     3.685978    12.333132     6.878053   147.929121    74.554873
    1.522708     3.657076    12.475288     7.168117   142.762866    69.649175
    1.246307     3.929369    12.830760     6.818190   148.649766    58.669020
    1.290627     3.816286    12.390114     6.745316   144.204266    77.476588
    1.064944     3.911907    12.737042     6.640639   142.350503    83.676131
    0.817661     3.706839    12.532949     6.674571   144.756239    74.656388
    1.338900     3.869226    12.805673     6.883140   155.269735    67.839389
    1.191454     3.942684    12.718500     6.615331   150.755376    86.075723
    1.042202     3.659838    12.639688     6.894136   145.841858    73.639986
    0.822015     3.603751    12.434578     6.773816   142.868523    75.581771
    0.831610     3.496804    12.540034     6.852600   153.399637    74.747112
    1.023154     3.789326    12.333054     6.567855   142.135262    88.860481
    0.677593     3.792865    12.589025     6.472650   141.738139    88.666120
    0.837646     3.786082    12.309317     6.475900   141.076549    85.421096
    1.073595     3.791429    12.482595     6.751037   139.697761    70.784854
    1.104644     3.810830    12.736584     6.826291   138.567702    80.414981
    0.872125     3.724679    12.297854     6.600767   137.436212    84.999789
    1.065753     3.652190    12.499115     6.873404   141.598761    81.357996
    1.055309     3.771496    12.585418     6.747155   144.623080    79.215464
    0.807772     3.876959    12.729884     6.552838   142.691657    68.267132
    0.947405     3.905239    12.693688     6.536424   151.576471    66.887260
    0.849031     3.547812    12.484843     6.853766   135.001818    96.145222
    1.070231     3.888161    12.620378     6.639852   146.749934    68.974038
    1.137485     3.686593    12.520253     6.815596   155.174827    71.707929
    1.185090     3.736024    12.537221     6.813188   152.443466    72.594814
    0.885777     3.890053    12.736014     6.526373   147.656038    77.371338
    0.759936     3.634879    12.540175     6.649492   152.096825    79.204984
    0.589680     3.645535    12.356815     6.585255   136.484853    84.073464
    0.867982     3.784547    12.504945     6.598354   139.457760    86.353944
    1.132078     3.748299    12.815818     6.866437   148.936077    85.551046
    1.129894     3.607047    12.185708     6.836775   131.064274    91.014385
    1.246970     3.674259    12.344969     6.865823   138.338063    91.796138
    1.174587     3.804452    12.455861     6.742201   138.171713    87.232557
    0.970376     3.694731    12.485273     6.765732   147.479649    66.115833
    1.098078     3.922360    12.830153     6.675191   152.939392    62.791586
    0.897639     3.571789    12.535305     6.892663   140.331249    78.207577
    1.078521     3.922328    12.644115     6.664933   137.377485    72.692306
    1.395073     3.930568    12.833476     6.954447   133.378279    89.107714
    0.824749     3.702792    12.588255     6.735893   138.388691    77.000035
    1.305382     3.738079    12.779848     7.050837   144.024432    78.347645
    1.453160     3.664883    12.189930     6.894912   137.630484    88.482301
    1.301103     3.864915    12.799857     6.893974   143.343509    83.127850
    1.164442     3.778409    12.817933     6.935556   142.207447    73.585703
    0.850268     3.731875    12.809824     6.761235   140.186676    78.528726
    1.039948     3.711572    12.565534     6.732947   151.113764    84.496681
    0.891226     3.618287    12.561824     6.799524   149.873618    70.616476
    1.087026     3.519249    12.143293     6.863135   139.425387    84.825406
    0.402598     3.570844    12.888456     6.677440   134.996244    85.320032
    0.589158     3.402332    12.243118     6.780109   141.330950    85.710299
    1.067807     3.617606    12.517427     6.781089   169.213142    58.739976
    0.647398     3.663038    12.836613     6.633702   151.264291    76.951964
    1.427186     3.969965    12.812513     6.918897   134.758635    85.813141
    0.871289     3.543099    12.378344     6.831183   145.001985    75.649323
    0.760988     3.701266    12.805976     6.703880   144.157138    79.269531
    1.114819     4.075063    12.996330     6.565928   147.387518    80.206381
    0.678512     3.762145    12.336530     6.441822   141.338729    82.934355
    1.107715     3.834786    12.965747     6.837890   148.367389    76.191114
    0.996369     3.813252    12.711506     6.728123   138.048066    85.607738
    0.991005     3.722910    12.556652     6.790860   139.363747    79.189423
    1.231619     3.989994    12.552425     6.550417   147.742810    74.408823
    1.017243     3.611670    12.489368     6.949969   129.968042    85.166826
    0.808822     3.863493    12.650253     6.502416   147.522465    70.723083
    0.620666     3.644788    12.594027     6.632385   148.265288    68.682081
    1.316598     3.516339    12.070729     6.868784   154.407879    68.466939
    0.739018     3.584991    12.469724     6.617462   165.295257    62.758995
    0.422958     3.528890    12.450496     6.547607   152.875740    77.187845
    0.961067     3.521620    12.292169     6.776489   154.197857    82.236312
    0.907677     3.508585    12.187394     6.807482   134.569535    96.535848
    0.759319     3.420076    12.405173     6.892300   143.885499    84.504015
    0.910323     3.573334    12.174432     6.682446   148.366394    79.069172
    1.036521     3.590954    12.372165     6.852945   151.508852    63.160792
    1.347328     3.617504    12.514382     7.147417   135.635067    76.868248
    1.286267     3.990937    12.586811     6.663223   141.343269    69.297410
    1.042126     4.080760    12.592068     6.380513   139.133592    76.381070
    1.275917     3.935515    12.821880     6.820445   141.684951    79.198824
    0.968011     3.797622    12.524906     6.726005   133.527643    74.126800
    1.175691     3.937055    12.739507     6.711337   141.044736    78.954262
    1.173234     3.857108    12.725797     6.770522   144.544760    81.494627
    0.912955     3.885492    12.618536     6.595405   133.439517    81.785099
    1.190546     4.017716    12.742315     6.592962   144.443354    80.446127
    0.901821     3.871337    12.708301     6.572055   146.583119    73.008714
    0.779744     3.456754    12.356829     6.878544   146.453991    68.214041
    0.835696     3.501674    12.235580     6.691239   156.239806    81.504863
    0.576564     3.501136    12.831323     6.753464   150.051735    84.056202
    0.870547     3.518579    12.566978     6.907413   142.484952    85.485009
    0.886443     3.359673    12.427186     7.041604   146.267587    78.791284
    0.573980     3.426683    12.275152     6.744952   145.160541    80.721776
    0.524936     3.408128    12.494257     6.789248   144.413470    84.525705
    0.745471     3.442900    12.309085     6.854828   139.893850    84.873806
    0.769810     3.701144    12.562914     6.646327   141.735458    85.287979
    0.729074     3.847471    12.407285     6.420644   140.400696    74.713430
    0.864139     3.548721    12.540927     6.930930   138.502662    71.503314
    1.131032     3.609478    12.381487     6.805285   155.525428    81.331545
    0.733177     3.507393    12.236855     6.764806   138.418514    82.895498
    0.446543     3.584152    12.304656     6.569494   135.235324    84.248566
    0.977750     3.685777    12.575070     6.770270   148.165325    78.275183
    0.601462     3.442294    12.302637     6.733797   153.752973    65.250408
    0.689296     3.432269    12.451628     6.850257   146.240273    79.787157
    0.720117     3.572644    12.565621     6.683284   148.931898    92.092174
    0.736873     3.478059    12.390843     6.772416   153.229929    74.689495
    0.607510     3.442856    12.375227     6.774734   139.263374    93.976190
    0.957016     3.631364    12.533069     6.791897   150.099653    77.843705
    1.191940     3.630934    12.479501     6.871794   160.916217    65.541942
    0.889129     3.481449    12.313475     6.839833   150.497263    76.600358
    0.947075     3.452777    12.559251     7.146943   127.192372    79.115259
    1.526207     4.025324    12.662329     6.811850   144.018953    69.799515
    1.215726     3.711751    12.238781     6.699779   141.867517    93.613273
    0.995487     3.571443    12.154559     6.717138   149.624417    75.312902
    0.662520     3.524582    12.330154     6.675837   151.651125    73.542597
    0.605384     3.471314    12.403169     6.701387   151.817365    80.390590
    0.588247     3.531531    12.654462     6.710758   151.450864    73.332312
    0.804462     3.629988    12.751807     6.816135   142.418859    77.851643
    0.874492     3.469380    12.414597     6.957842   139.243239    78.555175
    0.896686     3.917453    12.505706     6.414591   151.029039    66.631307
    0.911956     3.746442    12.571480     6.669151   144.678550    82.660711
    1.273816     3.893549    12.438043     6.633996   145.157663    82.961936
    0.893146     3.833306    12.950044     6.656071   151.356541    73.090878
    0.895944     3.675206    12.707285     6.776942   145.462354    82.629885
    1.221848     3.861024    12.520451     6.746248   137.289579    84.876523
    1.125705     3.954034    12.636853     6.569327   147.893852    75.818528
    0.895730     3.596686    12.690372     6.846463   152.355550    70.966646
    0.943215     3.876259    12.331342     6.375826   151.733501    73.503661
    0.932681     3.781174    12.486340     6.566486   156.171266    66.918764
    0.877658     3.697819    12.345471     6.602437   145.738642    84.718455
    0.869940     3.914435    12.812010     6.551694   138.432277    85.865392
    1.096505     3.620846    12.334869     6.789944   152.237007    76.334634
    0.916438     3.782800    12.576229     6.687066   142.265967    69.993559
    0.857658     3.812977    12.633667     6.665800   139.399037    64.423149
    0.904940     3.676915    12.667131     6.817850   141.407957    76.110569
    1.048442     3.707064    12.447099     6.681539   158.029148    71.408445
    1.165423     3.825858    12.843327     6.824582   149.121802    80.339832
    0.730242     3.619905    12.628789     6.730774   142.005765    84.517977
    1.396171     3.952586    12.856085     6.917125   145.768864    67.753342
    0.955064     3.994321    12.651686     6.431944   146.931567    71.190609
    1.273300     3.904247    12.808437     6.842464   144.415453    75.421168
    1.159362     3.934932    12.613816     6.710662   129.673043    81.555744
    1.134883     3.889301    12.396341     6.521099   147.059139    80.970149
    0.959108     3.827206    12.405602     6.539537   141.359017    85.352097
    0.834060     3.835068    12.662204     6.548148   140.162392    90.341643
    1.278074     3.927273    12.760615     6.798920   140.992895    82.019127
    1.225329     4.007173    12.864005     6.678330   150.325939    70.791487
    1.193513     3.560865    12.119236     6.800000   147.761178    80.986596
    1.058450     3.667106    12.550513     6.842011   153.662973    61.131990
    1.127642     3.585947    12.574124     7.046333   137.887053    79.732927
    1.411836     3.713237    12.581894     7.023915   155.847277    60.516399
    0.945873     3.681710    12.282505     6.674835   143.266232    76.346110
    0.871271     3.570169    12.769259     6.866102   159.929158    58.546028
    0.948952     3.580712    12.315598     6.885717   133.456917    73.059356
    0.859205     3.464733    12.218712     6.843536   150.958419    60.339880
    0.630929     3.466852    12.520547     6.884788   132.938245    81.580896
    1.218586     3.525500    12.362033     7.095583   143.524452    56.222272
    0.806280     3.453975    12.278326     6.899648   139.675097    73.007639
    1.136267     3.842605    12.678575     6.740597   147.792147    74.603880
    1.050284     3.635873    12.348850     6.774000   150.719695    73.643252
    1.096914     4.029629    12.666805     6.532015   137.579145    77.498370
    0.690111     3.469236    12.644340     6.875553   146.840163    73.221220
    1.337909     3.788479    12.380291     6.778006   147.303773    77.991720
    1.245441     3.741605    12.704703     6.989419   147.124925    61.137865
    1.066637     3.748010    12.491345     6.764076   144.117736    75.364529
    0.834709     3.749780    12.799407     6.753575   141.001208    67.744175
    0.726361     3.512814    12.286747     6.809891   131.432843    86.721326
    1.057126     3.667321    12.474558     6.894852   136.369036    74.518922
    1.028056     3.739502    12.628072     6.819426   141.303932    74.349826
    0.782178     3.668290    12.505513     6.753772   139.140136    64.967365
    0.862801     3.612766    12.518040     6.832216   142.584831    69.247969
    1.183724     3.558265    12.528682     7.079893   142.547876    74.254086
    1.221841     3.837295    12.559542     6.826898   138.709671    69.871883
    1.004096     3.640531    12.302800     6.820893   138.835275    66.454617
    1.633238     3.986775    12.635635     6.967300   137.776038    66.831980
    1.223277     3.836734    12.514995     6.816131   134.703531    75.795568
    0.994648     3.711197    12.525127     6.828383   138.679915    68.496050
    0.761682     3.530997    12.280676     6.769147   145.506219    66.808428
    1.035880     3.841053    12.871077     6.834744   133.949202    76.500252
    0.964400     3.595866    12.749943     6.997513   141.013681    69.469366
    0.917714     3.742614    12.311292     6.586630   145.054774    75.082792
    1.281687     3.796669    12.456646     6.850820   138.005030    76.439912
    1.153050     3.651858    12.076239     6.693207   142.101536    70.433475
    0.993113     3.703480    12.661026     6.849796   142.212954    71.784605
    0.910726     3.760904    12.580518     6.696730   137.670383    85.171236
    1.212421     3.593225    12.459031     7.017685   144.576825    72.009800
    0.742894     3.572035    12.350665     6.693931   145.598394    81.814397
    1.060519     3.633019    12.310755     6.780584   153.147175    60.491661
    1.180121     3.649678    12.261596     6.871163   136.978092    73.300204
    0.835557     3.375981    12.174038     6.910294   142.341272    82.510346
    1.049282     3.667036    12.612844     6.842318   151.759088    72.311940
    1.025527     3.631311    12.541077     6.861743   145.444212    81.020497
    1.010521     3.785810    12.219466     6.519916   145.075874    73.036026
    1.138382     3.860458    12.749496     6.793922   136.937153    84.729692
    0.980849     3.841210    12.664531     6.627564   144.412191    83.950920
    1.219960     4.028000    12.418323     6.396538   148.273501    73.278018
    1.111998     3.797201    12.498198     6.724631   147.025776    71.042888
    1.098883     3.559261    12.425352     6.855991   153.652199    89.193605
    0.879518     3.874697    12.533845     6.465383   140.714589    93.001078
    1.328852     3.904910    12.720149     6.761174   153.645147    80.549417
    0.992440     3.588532    12.488087     6.906625   142.898002    74.966069
    1.480506     3.895506    12.327264     6.548635   160.638348    83.608375
    0.956594     3.724733    12.451112     6.708140   144.702567    73.961266
    0.787511     3.586588    12.355413     6.718356   146.449897    75.580093
    0.811587     3.559495    12.695589     6.777407   157.923773    76.136060
    0.808449     3.844496    12.823360     6.576558   148.393792    68.989014
    1.247170     3.770335    12.629420     6.837382   148.154405    88.696038
    1.193096     3.612827    12.658662     7.120719   135.712765    75.635162
    0.936336     3.775039    12.336178     6.636090   133.111915    78.821266
    0.780587     3.530747    12.583803     6.904020   138.592494    74.289828
    1.105905     3.636846    12.235729     6.729710   151.829059    73.738046
    1.267378     3.831411    12.549201     6.754680   146.282062    87.144151
    0.836164     3.860304    12.609953     6.556186   138.946118    76.181198
    1.376018     3.930823    12.541500     6.832830   131.939998    67.635377
    0.487725     3.709387    12.697495     6.486975   149.655885    68.329740
    0.924426     3.733914    12.663069     6.681941   154.859575    70.470733
    0.522341     3.715310    12.667105     6.508511   146.497765    71.889906
    1.113414     3.830510    12.838246     6.773577   149.787034    79.904303
    1.428278     3.839103    12.478680     6.868344   142.089759    77.476894
    0.890250     3.680270    12.366075     6.675756   144.615369    77.842392
    1.216090     3.799915    12.310738     6.630386   152.397350    69.555083
    0.888939     3.869710    12.793916     6.556280   156.822249    60.239044
    1.323294     3.684448    12.529671     7.053182   138.100872    73.333054
    0.939480     3.896324    12.834077     6.656394   144.018403    63.433486
    0.764260     3.538679    12.560294     6.843579   151.659315    53.947841
    0.731187     3.629208    12.162542     6.521469   149.078348    74.997330
    0.677473     3.535195    12.222568     6.714988   142.745580    66.803549
    1.146641     3.811727    12.701285     6.895231   132.755477    74.013205
    0.931267     3.647433    12.554059     6.867572   133.845322    81.729457
    1.150878     3.855414    12.754410     6.827037   133.135130    87.779337
    1.100246     3.714335    12.678387     6.922481   138.959201    76.675708
    1.149127     3.824042    12.617605     6.782598   145.531862    68.013867
    1.300128     4.015872    12.643097     6.630164   151.049891    59.381545
    1.223905     3.669348    12.559113     6.999795   138.698659    80.078033
    0.758606     3.820497    12.772021     6.609958   131.365375    90.781966
    1.213267     3.755805    12.674310     6.907006   144.741591    78.135945
    0.960624     3.742206    12.344877     6.754518   127.075912    67.722719
    0.881116     3.550945    12.478051     6.878380   147.244785    64.333168
    0.604203     3.614702    12.526441     6.658651   146.510584    67.880353
    0.899026     3.667617    12.638664     6.721556   157.728017    67.499090
    0.914014     3.645848    12.874288     6.853594   149.918963    79.792586
    0.962050     3.721125    12.917644     6.871241   137.976370    89.737833
    0.721992     3.608297    12.402064     6.732079   133.300400    86.580282
    1.336608     3.770659    12.677070     7.006736   137.604430    84.949421
    1.015000     3.722462    12.627593     6.770819   145.637205    83.717257
    0.836227     3.646925    12.552634     6.789063   134.455160    87.504227
    0.652275     3.712021    12.971086     6.722268   136.050823    77.925752
    0.681238     3.700776    12.368338     6.523441   149.864605    67.714681
    0.737053     3.716641    12.624638     6.644541   144.586500    72.631726
    1.005070     3.770931    12.604322     6.752071   140.827675    78.305262
    0.572404     3.510031    12.711698     6.742958   150.284937    74.106530
    0.734922     3.573054    12.425228     6.801989   131.558614    84.980559
    1.089088     3.672602    12.343177     6.860477   139.868047    56.421803
    0.662937     3.420046    12.451342     6.900972   147.377965    58.894607
    0.656714     3.503359    12.665432     6.814505   151.447057    64.474630
    0.795003     3.650652    12.374239     6.693551   141.042069    76.760724
    1.043091     3.731265    12.296549     6.702941   134.884123    83.903052
    1.377471     3.893413    12.722042     6.924748   134.155765    87.313106
    1.030402     3.780549    12.671235     6.782695   133.550620    93.029742
    1.425817     3.648606    12.404853     7.077893   136.634865    81.761638
    0.899572     3.730272    12.674717     6.821870   129.346017    80.877100
    1.357510     4.018262    12.791978     6.745963   143.745187    80.786410
    0.587339     3.590778    12.149691     6.516452   147.152081    72.191686
    0.813089     3.762135    12.189718     6.419586   142.887940    82.058506
    0.723979     3.623662    12.380988     6.657390   144.300505    78.783889
    1.011683     3.684995    12.202384     6.540163   159.163599    72.209296
    0.321457     3.369727    12.507128     6.664973   157.549467    68.341075
    0.927010     3.500306    12.432302     6.846881   157.811863    71.402929
    0.771971     3.408028    12.110939     6.860946   138.394438    74.801628
    0.504546     3.629271    12.449420     6.514506   152.562513    67.809265
    0.989618     3.655959    12.348398     6.783497   146.933583    58.391829
    0.465154     3.526842    12.538078     6.615226   153.583049    68.877107
    0.601301     3.382270    12.476225     6.845163   151.220808    72.411944
    0.844500     3.674025    12.505090     6.745972   140.635660    75.797676
    0.874484     3.608191    12.384991     6.693622   155.814191    70.406014
    0.586108     3.519772    12.425424     6.749058   140.328477    75.518681
    0.997314     3.542816    12.680444     7.003569   145.909092    76.531980
    1.299339     3.589749    12.188217     6.823034   157.802016    70.439841
    0.622825     3.736096    12.286289     6.476408   135.642678    78.757654
    0.784045     3.514147    12.178966     6.694009   153.716126    65.514775
    0.822035     3.545851    12.475903     6.789062   159.831243    51.720761
    0.535180     3.510121    12.150557     6.568647   146.151313    81.475656
    0.950709     3.644407    12.350480     6.739336   144.714185    79.111479
    0.866360     3.515299    12.460948     6.811378   154.659337    76.846943
    0.910276     3.489370    12.443076     6.891973   153.013929    70.580627
    1.040653     3.427963    12.317652     7.067667   137.544583    79.218208
    0.563675     3.646570    12.622341     6.626990   138.962472    82.212779
    1.014335     3.528512    12.342693     6.865477   153.607607    69.661448
    1.032953     3.596599    12.293896     6.833605   139.849477    82.888734
    0.773573     3.507699    12.396445     6.832207   148.059703    64.414526
    0.876762     3.450129    12.275146     6.873752   153.078533    62.475960
    0.802570     3.564518    12.609993     6.857625   141.834536    76.808084
    0.872981     3.571556    12.511740     6.785328   155.021255    70.723057
    0.836135     3.534230    12.554096     6.906334   141.562382    73.937380
    0.724640     3.520847    12.579090     6.845820   142.620566    76.234763
    0.895647     3.403961    12.419993     7.049575   138.960560    77.249947
    1.193660     3.475507    12.168752     6.990859   141.448962    78.310364
    0.599883     3.770294    12.361728     6.388641   143.837220    80.042352
    0.525816     3.534781    12.645679     6.662849   155.704924    64.087411
    0.923865     3.482005    12.262362     6.863894   149.282941    70.061633
    0.810618     3.532297    12.470993     6.794197   152.812945    71.348006
    0.403370     3.448083    12.308250     6.614993   153.775912    67.677750
    0.641739     3.760124    12.201119     6.316442   149.532321    73.997695
    0.576417     3.674269    12.362279     6.595213   134.884961    70.308300
    0.918212     3.552672    12.084016     6.678749   143.162099    83.721087
    0.795628     3.613884    12.457077     6.771928   141.071851    74.366934
    0.850354     3.616118    12.658726     6.822075   145.874625    74.425110
    0.629869     3.406419    12.410471     6.829775   140.465418    93.561219
    0.770497     3.470066    12.522191     6.900663   147.211717    69.522829
    0.949706     3.476156    12.089521     6.799392   145.044045    77.431663
    0.579913     3.448285    12.402637     6.762547   148.296309    73.470668
    0.344202     3.416138    12.109260     6.595816   147.741148    68.566404
    0.903857     3.527990    12.417704     6.852137   152.046352    67.519689
    0.974023     3.473770    12.146551     6.867994   143.651781    73.869659
    0.710289     3.433349    12.247337     6.819851   145.451720    73.263086
    0.358767     3.529276    12.565434     6.487946   161.475597    69.483370
    0.679268     3.571260    12.318767     6.569646   161.919541    64.238059
    0.675626     3.468735    12.326609     6.784574   148.313247    68.645791
    0.778127     3.470708    12.226669     6.673388   159.855541    78.516812
    0.509175     3.506077    12.216625     6.588366   144.183342    86.027748
    0.768588     3.619598    12.706504     6.706497   152.909704    80.742897
    0.754650     3.512715    12.304713     6.711095   151.019473    80.487053
    1.100197     3.667514    12.302444     6.690486   152.415728    83.625127
    0.721361     3.619589    12.479242     6.672671   149.953100    71.020737
    0.729765     3.547012    12.265228     6.652227   152.287366    74.407505
    0.702905     3.616630    12.685885     6.647075   157.372612    74.511103
    0.887896     3.545592    12.176782     6.598798   161.555925    78.903761
    0.604183     3.635429    12.459660     6.526289   154.436949    75.449328
    0.756140     3.693086    12.407651     6.596124   147.772733    72.211014
    0.572253     3.706492    12.097888     6.222572   154.076415    82.920554
    0.085035     3.528917    12.248782     6.330350   151.442040    72.663111
    1.187598     3.753700    12.742591     6.901061   148.522108    75.800955
    0.974970     3.659391    12.394336     6.795505   138.008958    81.332960
    0.943610     3.695123    12.265924     6.564781   152.683584    78.316628
    1.258790     3.604635    12.482213     7.036115   155.449352    45.286029
    1.132781     3.691832    12.588799     6.918656   145.441584    66.850787
    0.671549     3.374849    12.535350     6.934202   153.073600    59.754147
    1.195345     3.777935    12.520791     6.855190   134.137001    84.331328
    0.752611     3.675883    12.648761     6.716097   134.932601    90.857815
    0.987839     3.572258    12.592692     6.921640   150.983232    67.931088
    1.023095     3.693518    12.692088     6.872110   140.559593    82.330189
    0.346893     3.670336    12.382522     6.394412   142.909789    78.623687
    0.919084     3.672800    12.621396     6.714422   156.436678    73.552136
    0.718482     3.682444    12.584108     6.626411   144.325133    84.064185
    0.753527     3.632663    12.269255     6.599794   139.300798    92.518966
    0.907611     3.546224    12.288406     6.833764   137.504663    84.712596
    0.921847     3.607557    12.366519     6.764636   148.125673    73.733062
    1.166697     3.715927    12.537702     6.856617   148.962668    70.860873
    0.739824     3.697809    12.170775     6.518824   135.247647    81.143736
    1.080517     3.724246    12.693853     6.900677   137.983970    79.908485
    1.126255     3.767194    12.698837     6.851434   141.000049    83.980039
    1.373085     3.811160    12.441427     6.768271   150.041832    83.983715
    0.815777     3.604233    12.424639     6.733452   147.400141    75.147228
    1.211461     3.689959    12.404167     6.838705   151.566363    68.029562
    0.930305     3.548126    12.447343     6.866634   149.973143    69.110556
    0.836477     3.558711    12.213465     6.698561   146.957870    78.276402
    1.020493     3.567839    12.072639     6.692739   146.871184    77.052872
    1.318626     3.693417    12.278743     6.868933   139.911345    78.423713
    1.216615     3.554820    12.265926     6.935903   146.082230    78.237973
    1.176990     3.689096    12.467888     6.830618   152.696685    72.315323
    1.155459     3.551136    12.038639     6.775144   140.399889    84.023007
    0.914804     3.770680    12.655933     6.626315   150.341711    82.489192
    1.573275     3.702160    12.461733     7.074044   152.108604    71.461285
    0.600837     3.599078    12.185713     6.546458   139.851406    84.446475
    1.189075     3.706990    12.420647     6.861410   132.503089    95.290320
    0.641988     3.691703    12.310968     6.404864   155.222909    78.505243
    0.901516     3.799373    12.187536     6.366356   153.920488    68.262403
    1.040732     3.715220    12.767148     6.912159   138.423494    78.194649
    1.330345     3.958310    12.466826     6.623493   143.031912    79.028863
    0.935101     3.719774    12.458976     6.800022   124.861800    83.074630
    1.155624     3.872194    12.520013     6.710770   131.919666    88.428143
    0.684288     3.729681    12.576784     6.567944   145.875936    74.924687
    0.808075     4.007233    12.691850     6.410600   136.035943    72.634856
    1.254849     3.740119    12.706738     7.030827   133.544840    82.544533
    1.209698     3.806039    12.352870     6.643403   147.851123    82.108618
    1.083187     3.809137    12.731238     6.775892   139.008701    91.140795
    1.256813     3.797144    12.682719     6.865240   145.351864    85.870654
    0.852197     3.662911    12.737696     6.765463   144.692877    86.084207
    1.119775     3.774361    12.734382     6.853469   145.903871    71.880149
    0.983966     3.795192    12.481678     6.605300   145.923991    83.720523
    1.151059     3.836622    12.770541     6.772241   150.118394    76.946378
    0.657645     3.584608    12.533024     6.781213   135.287910    74.955750
    1.054905     3.795425    12.793274     6.866599   132.884112    81.124982
    1.167755     3.933885    12.853924     6.753926   141.958000    78.869465
    1.154033     3.801999    12.777048     6.815582   149.409276    79.782839
    0.657098     3.765315    12.557771     6.455901   150.817999    76.596234
    0.915146     3.897693    12.791954     6.561063   146.692320    78.045627
    0.848278     3.730151    12.304304     6.645543   131.970529    75.907253
    1.005445     3.851177    12.544738     6.685844   127.768842    87.223368
    0.831447     3.484210    12.534827     6.909257   150.218753    67.706834
    1.111316     3.745615    12.626725     6.888457   136.738600    76.803298
    1.141061     4.023277    12.805353     6.641716   141.214797    66.696139
    1.230117     3.727047    12.421725     6.882745   138.445562    76.501135
    1.499431     3.812421    12.449496     6.841479   158.033996    67.564774
    0.961406     3.638529    12.538346     6.846382   136.949850    89.340442
    1.102030     3.842713    12.570341     6.645929   152.086842    72.658296
    1.039416     3.922808    12.805410     6.707507   134.174927    78.544527
    0.757325     3.649660    12.418176     6.685877   140.693857    79.387420
    1.190549     3.805370    12.781337     6.917871   141.057294    72.499601
    1.141965     3.784916    12.811804     6.970926   133.789227    71.122413
    1.259520     3.848078    12.632940     6.831671   141.321956    78.875514
    1.048674     3.931438    12.634727     6.588641   145.449964    67.634220
    1.241678     3.729055    12.612937     6.969348   137.340270    81.974627
    1.134897     3.843441    12.622774     6.683148   149.137652    81.686100
    1.388076     3.571157    12.339853     7.147778   131.976080    77.242135
    1.091690     3.664337    12.385528     6.743912   147.313066    92.260083
    1.315776     3.847131    12.768912     6.918577   141.045261    86.104919
    1.434798     3.857619    12.780449     7.055240   136.390556    78.849335
    1.075901     3.806616    12.895557     6.816513   148.238322    76.709052
    1.320674     4.084284    12.785157     6.685061   137.685482    74.956993
    1.476969     3.958839    12.542261     6.759322   140.960190    87.253126
    1.081578     3.854154    12.507556     6.567251   152.468515    78.115391
    0.514909     3.539504    12.335997     6.525184   159.417247    69.988115
    1.473619     4.015513    12.782546     6.833879   147.087935    73.254781
    1.509480     3.812405    12.413316     6.821742   153.127518    80.389548
    1.358762     3.883772    12.437051     6.676576   154.666378    66.355526
    1.087034     3.793725    12.735972     6.795592   145.306084    77.707975
    1.209126     3.873211    12.705761     6.808380   142.236029    72.854886
    1.433200     3.953648    12.484853     6.692215   145.923077    77.709079
    1.040862     3.866215    12.775026     6.655611   153.383592    70.080728
    0.936616     3.745492    12.559215     6.718138   142.385107    76.685510
    0.911298     3.569497    12.199509     6.778768   137.266922    79.991019
    0.953947     3.610956    12.589737     6.892176   133.893086    95.228552
    1.195763     3.807071    12.891189     6.985220   137.750952    74.431690
    1.451955     3.985696    12.821241     6.925699   128.948319    99.127663
    1.029888     3.587928    12.617726     7.003022   129.407902    96.717234
    1.463729     3.807125    12.591030     7.061989   128.664883    83.697773
    1.166237     4.070772    12.622485     6.544999   131.975378    73.395170
    0.604754     3.717285    12.595398     6.514420   146.826214    79.415246
    1.163562     3.919957    12.804632     6.735194   139.472515    88.411625
    0.802768     3.787758    12.800449     6.615944   148.014635    75.184991
    1.135222     3.662858    12.287639     6.864699   126.357803    89.795756
    1.029180     3.539168    12.481348     7.033890   132.305168    80.668213
    1.076592     3.788279    12.853461     6.827551   142.401878    88.767553
    0.662929     3.673865    12.781793     6.698658   143.842709    68.672663
    1.430422     3.856531    12.654508     6.983217   133.610253    84.459878
    1.009562     3.758288    12.418569     6.736697   127.857017    90.984622
    0.884950     3.832850    12.717774     6.558147   146.574710    89.430638
    0.949819     3.610602    12.561841     6.823067   150.723374    75.568756
    0.863521     3.593434    12.449400     6.733799   150.817226    81.053903
    1.058637     3.699393    12.652119     6.782928   157.419275    72.516726
    0.825854     3.682073    12.831922     6.749450   153.220904    66.902912
    0.877140     3.720099    12.794681     6.787025   143.940476    70.219091
    1.189062     4.031605    12.843156     6.659109   144.210834    68.376304
    0.697695     3.864316    12.974636     6.567741   141.754083    69.539980
    0.650836     3.436400    12.593126     6.915722   139.001519    78.100461
    0.746170     3.659922    12.662616     6.747221   131.586152    93.737231
    1.095550     3.947096    12.628540     6.582183   146.863741    68.979630
    1.298993     3.991147    12.979430     6.824867   148.215020    73.248853
    0.815719     3.782643    12.689695     6.624311   133.452168    99.651432
    0.740932     3.676362    12.311247     6.489304   153.030881    81.123703
    1.031661     3.871250    12.676934     6.588635   154.606617    72.478341
    1.157466     3.945965    12.680776     6.553860   158.709978    71.570054
    0.659786     3.695463    12.507412     6.472603   160.100096    69.865909
    0.799656     3.921087    12.379748     6.193173   158.072036    77.718701
    1.226267     3.850744    12.514577     6.734514   143.299791    80.217977
    1.001790     3.565547    12.646816     7.010419   139.464265    77.338057
    1.216995     3.721700    12.769768     7.006407   144.274079    74.202689
    0.797236     3.815377    12.740682     6.576512   146.504081    74.420999
    1.230679     3.710281    12.599059     6.912110   148.251846    79.267674
    1.295305     3.818354    12.616299     6.893085   139.978667    78.684063
    1.304343     3.826728    12.671220     6.861025   148.014248    78.509556
    0.805862     3.764876    12.675159     6.604555   147.449409    78.165124
    0.690017     3.604747    12.802002     6.767855   142.822456    81.162493
    0.923916     3.669196    12.792227     6.917824   136.677342    73.355642
    1.009708     3.821861    12.828437     6.787785   139.105732    76.497114
    1.063673     3.504122    12.402037     7.082219   136.925948    60.552664
    0.884602     3.683774    12.513428     6.783454   134.263141    81.879768
    0.916306     3.653314    12.451673     6.804310   141.243326    69.611464
    1.100647     3.545108    12.255585     6.921267   141.629577    74.233509
    0.702607     3.638783    12.758440     6.694619   150.125709    74.526373
    1.269123     3.691318    12.568548     6.980257   148.330990    66.552366
    0.885342     3.886776    12.622121     6.533695   142.546519    75.659987
    1.294842     3.972680    12.701891     6.697331   148.729989    72.766787
    1.121367     3.688658    12.490636     6.817143   151.075392    73.312719
    1.089672     3.780013    12.522714     6.729602   143.778817    82.540396
    1.445469     3.861371    12.675159     7.045876   124.817630    86.905167
    1.509381     4.064563    12.771982     6.864455   133.821580    77.521216
    0.569992     3.779022    12.706233     6.450440   141.584006    89.648861
    0.853582     3.730838    12.703774     6.754783   139.030431    74.524569
    1.188708     3.690972    12.510070     6.917748   142.425647    76.202135
    1.387362     3.903203    12.708848     6.874516   149.719869    63.427933
    1.304252     3.932338    12.764242     6.776058   153.499531    64.771835
    0.836580     3.837391    12.466791     6.540156   135.827564    80.122818
    1.464735     4.056935    12.612839     6.647427   149.331098    72.481094
    1.030388     3.868465    12.359876     6.519772   136.319452    88.643640
    1.163313     3.820522    12.633866     6.765929   151.632600    65.219138
    1.285098     3.907307    12.736451     6.859881   138.421510    72.461737
    0.952318     3.645499    12.642978     6.827880   155.684968    57.254978
    1.042071     3.634757    12.670704     6.967651   137.327019    82.054339
    0.945116     3.893604    12.943609     6.659576   153.114172    56.117967
    0.913123     3.676978    12.657744     6.876437   137.767187    64.701059
    0.972236     3.720151    12.663129     6.852277   142.038392    59.188792
    1.359471     4.058562    12.792574     6.689433   144.008002    82.548098
    1.155204     3.793949    12.564297     6.817732   143.513413    66.838863
    1.369344     4.028286    12.822457     6.727520   149.171379    79.289805
    0.891598     3.821081    12.741307     6.680769   141.798151    69.516382
    1.155584     3.679423    12.404206     6.853245   147.127867    67.391811
    0.895523     3.820469    12.878716     6.630516   151.258992    79.437839
    1.182121     3.833585    12.722252     6.753657   149.476919    86.556147
    0.925450     3.785712    12.660895     6.613357   153.129822    77.008758
    1.102391     3.933965    12.678946     6.689200   130.499253    85.281849
    1.367506     3.849377    12.623574     6.941632   137.986059    69.594136
    1.283010     3.797387    12.335616     6.807541   128.884533    81.870149
    1.106422     3.939053    12.507499     6.593131   133.073736    82.523988
    1.041658     3.839605    12.338132     6.596756   121.069620   103.959602
    1.479637     3.954197    12.538557     6.839387   131.758325    80.564395
    0.895142     3.741032    12.721952     6.754833   139.673320    79.873945
    0.982038     3.954900    12.671755     6.493077   150.800229    67.037541
    1.224599     3.807155    12.425099     6.759573   141.575396    78.048139
    0.597080     3.823259    12.827168     6.445956   145.536661    80.640357
    0.778477     3.700957    12.813658     6.728427   140.634352    84.116580
    1.051304     3.559957    12.510019     7.013839   132.775907    87.151394
    0.586320     3.803524    12.502159     6.349794   151.923030    73.048948
    0.749376     3.668542    12.625235     6.713246   141.309464    78.273024
    0.669032     3.630270    12.386934     6.679413   137.166116    76.831878
    0.854385     3.595794    12.257306     6.685852   147.525549    76.910603
    1.184548     3.841511    12.807900     6.914166   133.715422    78.249413
    0.756387     3.739675    12.766317     6.715340   133.034597    82.427987
    1.016663     3.548375    12.365470     6.928480   142.608329    71.216152
    0.937075     3.739043    12.720885     6.884669   122.293071    84.599601
    0.917274     3.585551    12.647202     6.885235   149.704272    68.861192
    0.628623     3.556175    12.580055     6.806449   141.075259    60.346754
    1.262093     3.826686    12.835082     7.008131   134.318453    75.057650
    1.181646     3.735812    12.621039     6.923294   147.631212    56.268849
    1.147691     3.665214    12.796758     6.985747   148.512450    80.825783
    1.016770     3.653149    12.666252     6.895010   137.926514    91.720871
    1.129510     3.778313    12.751459     6.884228   140.909414    76.215541
    1.046376     3.710829    12.724764     6.818133   151.910137    76.080244
    0.791639     3.739629    12.720952     6.623272   154.922195    64.457055
    1.250996     3.857005    12.852338     6.896278   154.736394    52.336716
    1.147430     3.886999    12.678828     6.753173   136.872911    80.028838
    0.802724     3.687604    12.440780     6.648341   139.179327    89.084494
    1.228257     3.763692    12.798463     6.987060   141.201802    78.263339
    0.986376     3.735973    12.518099     6.765181   141.636784    71.899670
    0.945280     3.758654    12.851917     6.799343   142.891001    75.797747
    1.320053     4.023076    12.853588     6.769363   139.234010    82.596486
    1.235203     3.932441    12.789837     6.818009   137.115178    75.657027
    1.034879     3.811024    12.859225     6.737752   150.501225    81.007449
    1.047320     3.961306    12.739648     6.543941   148.207448    77.815428
    1.079814     3.896470    12.789161     6.739624   140.514140    71.205327
    1.153232     3.960991    12.729436     6.674199   140.313543    76.088720
    1.187275     3.923305    12.723827     6.742177   137.181572    83.581913
    1.269282     3.802557    12.632880     6.951886   133.587192    74.590644
    0.911092     3.893000    12.649419     6.559821   140.192749    78.608138
    0.793092     3.870375    12.763989     6.495788   149.053412    74.569854
    0.783888     3.618542    12.316598     6.647621   144.485796    84.239749
    1.241799     3.716164    12.177790     6.686617   147.508223    72.898863
    1.112072     3.788126    12.684926     6.804954   147.910388    69.750487
    1.358722     4.230488    12.965603     6.596877   143.640149    74.664321
    0.793072     3.703514    12.814909     6.705508   145.860519    81.826554
    1.271522     3.730250    12.354759     6.867401   141.416761    66.016870
    0.956015     3.654624    12.674566     6.943845   131.384794    76.559538
    1.290446     3.742901    12.653651     6.934734   153.003942    69.477470
    1.252845     3.742202    12.681139     7.009212   131.972112    88.248885
    1.096101     3.685711    12.482508     6.841227   153.527012    50.414176
    1.595895     3.985046    12.624523     6.869072   148.959181    66.085781
    1.005749     3.661097    12.580382     6.819407   151.918254    68.498403
    1.258341     3.791768    12.403913     6.762152   145.512605    76.396158
    1.179063     3.798117    12.596796     6.766848   151.172255    73.874755
    1.165673     4.018392    12.686776     6.568322   146.602698    67.769441
    1.123643     3.827078    12.669321     6.751739   147.556460    73.666974
    1.012160     3.749105    12.353355     6.701384   139.333933    72.420098
    1.152330     3.643369    12.471021     6.949324   136.065337    84.859796
    1.176937     3.760304    12.668242     6.958309   129.656438    82.932855
    1.118667     3.756612    12.625841     6.841242   137.910699    87.379713
    1.141675     3.623011    12.294369     6.869970   139.980363    79.145920
    1.086963     3.575605    12.188546     6.802160   149.009750    68.748986
    1.067704     3.645462    12.651931     6.881956   154.187126    70.473177
    1.256740     3.699874    12.379872     6.915992   132.425467    85.957489
    1.243266     3.851978    12.663663     6.810963   147.840677    69.281604
    1.058318     3.607719    12.163613     6.764220   144.072735    69.402048
    1.109610     3.835885    12.466858     6.629978   150.153857    71.178886
    1.063779     3.760093    12.654277     6.845999   138.133199    75.277178
    0.653979     3.673302    12.406187     6.541112   147.116813    79.333558
    0.956844     3.751742    12.499170     6.683245   146.148748    73.918930
    1.287243     3.652940    12.390079     6.953055   143.461084    76.310343
    0.918295     3.626313    12.317078     6.789128   136.722360    76.840674
    1.446992     3.859328    12.616550     6.868485   147.744673    87.769081
    1.233982     3.790752    12.512985     6.758070   153.502989    72.545700
    0.947277     3.817873    12.438119     6.506805   148.384499    85.263034
    1.059810     3.948093    12.629815     6.543869   143.765919    81.132643
    1.299773     3.815812    12.487908     6.818591   144.895816    73.767418
    1.203862     3.864583    12.581793     6.687009   152.127401    73.506350
    1.188192     3.723250    12.468684     6.893265   136.780560    77.890449
    1.132107     3.918113    12.613727     6.695234   133.931556    79.429305
    1.064206     3.634773    12.142801     6.708634   140.201571    81.914632
    1.200046     3.747248    12.701611     6.954101   138.036941    81.746752
    0.895952     3.909753    12.819838     6.605212   138.054535    77.734963
    1.080166     3.783165    12.476488     6.718326   144.582277    75.522143
    0.940075     3.558301    12.378278     6.837275   141.873496    87.312342
    1.241286     3.725264    12.362134     6.762017   153.233806    72.746657
    0.658265     3.574478    12.179098     6.623129   139.567939    79.183912
    1.183239     3.847743    12.470950     6.629938   150.967219    78.812022
    1.207479     3.805985    12.401054     6.734036   140.307822    81.169668
    1.372337     3.734501    12.546402     7.036161   140.621496    65.761776
    0.990355     3.889269    12.577593     6.473507   157.166235    73.466364
    0.863771     3.791106    12.795642     6.611003   150.500328    82.672735
    0.714553     3.690453    12.304728     6.501190   145.640147    84.961384
    1.323497     3.996338    12.742915     6.686223   149.038645    80.262516
    1.215056     3.863592    12.415824     6.658820   138.109610    88.252847
    0.974661     4.008027    12.661645     6.416687   146.784946    76.281500
    1.169917     3.877649    12.795636     6.843518   137.654305    72.952609
    1.038835     3.926330    12.505588     6.600838   128.038809    81.885713
    0.890999     3.675789    12.763129     6.836267   137.601583    85.552569
    1.447136     3.900505    12.447605     6.767237   144.899772    74.204967
    1.228411     3.541119    12.190798     6.965901   142.369099    66.544823
    1.741205     3.902239    12.156850     6.626346   147.800756    75.642308
    0.929693     3.654302    12.528552     6.721262   154.473153    75.272135
    0.934997     3.621748    12.532603     6.833594   139.297606    88.563624
    0.971579     3.810708    12.662627     6.676437   139.520435    89.070669
    1.034587     3.748142    12.753393     6.839870   145.297872    70.401784
    1.257281     3.927529    12.860837     6.809527   146.072784    77.719234
    1.651163     3.934869    12.616071     6.986767   138.834183    85.873349
    1.185001     3.834035    12.279219     6.633830   140.864822    64.561234
    1.202386     3.823718    12.564725     6.842327   133.047400    79.911202
    1.285823     3.778955    12.715981     6.969966   147.023148    65.054414
    1.277025     3.908417    12.723626     6.774226   138.421579    97.633519
    1.349373     3.934098    12.802917     6.851982   146.142460    74.829780
    1.329487     3.962077    12.767386     6.796632   140.807692    82.693281
    0.909918     3.772660    13.068260     6.784568   154.422236    64.253522
    1.236300     3.794418    12.531356     6.866760   136.318607    79.449412
    0.977533     3.788319    12.704188     6.767388   145.407274    59.185779
    0.737652     3.692791    12.642013     6.774786   130.509868    71.143328
    1.464650     3.778597    12.370531     6.892377   140.258100    82.461103
    1.129947     3.822663    12.793139     6.839981   141.557032    77.697261
    0.966235     3.493717    12.445440     6.977043   142.725175    76.622041
    1.134348     3.839506    12.570451     6.734604   144.325313    71.851859
    1.093895     3.955620    12.619641     6.606837   137.311316    77.726874
    1.351965     4.102949    12.859389     6.669812   147.924491    71.339588
    1.018761     3.790002    12.816565     6.807333   139.477338    82.480418
    1.435442     3.899149    12.623815     6.878018   141.180217    80.948982
    0.900606     3.942140    13.029342     6.662929   132.791538    83.369376
    1.400376     3.889839    12.805344     7.020345   134.830371    75.302235
    1.331855     3.690381    12.624654     7.042633   149.219607    68.157991
    0.797514     3.722017    12.810696     6.788822   135.903807    71.167477
    0.983747     3.855438    12.815329     6.728871   137.883253    78.127768
    1.297660     3.690386    12.302983     6.912769   136.835640    71.532301
    1.123291     4.142781    12.795314     6.489613   134.983811    75.563736
    1.229203     3.732796    12.293911     6.680178   155.799571    72.885902
    1.435096     3.793235    12.497518     6.884854   151.762186    73.783249
    1.515854     3.629551    12.265884     6.956889   150.101515    87.625358
    1.153245     3.681020    12.202030     6.673880   151.200523    75.283922
    1.262627     3.609765    12.348853     6.955006   144.436564    78.257520
    0.674997     3.506925    12.434469     6.781946   154.458443    49.283964
    0.884011     3.447280    12.182857     6.931310   136.304259    70.218039
    1.017019     3.555955    12.396347     6.838840   148.178632    89.082234
    0.508327     3.341147    12.376394     6.854275   144.189832    75.358550
    0.777307     3.675588    12.511242     6.701786   140.193860    79.060769
    0.752626     3.668270    12.647054     6.666979   149.248772    76.402763
    0.805318     3.931057    12.745227     6.372807   156.110291    73.967175
    1.255196     3.632233    12.344284     7.012777   135.524399    62.291758
    0.924829     3.841759    12.415518     6.523016   136.108466    90.793131
    1.141601     3.649550    12.414207     6.908057   148.701507    51.724241
    0.947740     3.698124    12.512362     6.811950   136.266125    74.376281
    1.230662     3.623460    12.225255     6.859553   140.813523    81.732725
    1.118558     3.564763    12.255656     6.820488   157.346158    64.822906
    0.766120     3.594346    12.127106     6.658099   133.570018    79.766634
    0.763284     3.605047    12.570526     6.761448   141.539079    83.140127
    0.794492     3.770637    12.558848     6.601386   141.175968    79.503556
    0.667969     3.585259    12.191693     6.553382   145.516149    85.663580
    1.397992     3.822245    12.498934     6.846007   145.206588    82.696740
    0.419768     3.670042    12.353200     6.373545   150.644350    75.859842
    1.025343     3.700833    12.602109     6.726906   154.507569    83.701074
    0.914650     3.711465    12.500061     6.633727   157.005650    69.054237
    0.890328     3.436845    12.481423     6.959928   148.595760    78.801809
    0.973599     3.618143    12.714389     6.962005   132.092294    91.773495
    0.919357     3.474283    12.523871     6.960161   145.491298    82.937078
    0.609663     3.659800    12.627603     6.644871   145.237178    66.457613
    0.429280     3.754231    12.602953     6.470045   137.259909    68.385513
    1.004652     3.775056    12.720689     6.844728   130.046132    82.337918
    0.390758     3.528072    12.605417     6.667207   141.204233    71.667541
    1.152558     3.689977    12.662302     6.920148   148.170769    75.789585
    0.878505     3.626207    12.622299     6.805527   148.109860    73.317237
    0.609173     3.497973    12.314636     6.592632   156.266460    84.834855
    1.070741     3.676424    12.631589     6.856918   152.135735    69.872730
    0.986067     3.702965    12.597850     6.668872   158.845921    81.962774
    0.997792     3.831746    12.644002     6.637372   147.778389    77.961572
    0.932263     3.733507    12.776563     6.751570   149.523403    74.468405
    0.664566     3.551432    12.319015     6.672426   142.589786    85.658016
    1.039165     3.512032    12.205335     6.821254   149.109437    83.162996
    0.817101     3.515795    12.298023     6.771232   149.884866    73.267148
    1.050207     3.431618    12.428410     7.064595   142.304780    86.795154
    0.689849     3.484149    12.489549     6.810955   141.066570    89.490154
    0.921381     3.663659    12.327103     6.665824   146.459918    81.717775
    1.156130     3.540004    12.270778     6.983799   136.060975    80.271607
    0.836462     3.459068    12.533328     6.972859   137.316146    87.145647
    0.850590     3.710093    12.397259     6.565032   155.939112    69.038496
    0.902431     3.655003    12.650137     6.821647   137.986752    88.539675
    1.374092     3.888351    12.713480     6.968299   134.190656    69.867317
    0.925362     3.546447    12.129440     6.726346   147.627556    70.945135
    1.162682     3.702054    12.620786     6.936529   137.296470    87.268866
    0.986742     3.555538    12.473069     6.885884   152.032835    69.101021
    1.051010     3.745086    12.628171     6.828120   144.047475    67.274447
    1.049429     3.869655    12.752800     6.707589   139.619835    83.363884
    0.973638     3.716562    12.712607     6.854790   133.344604    86.720885
    1.511252     4.000103    12.677090     6.927296   128.199727    74.242962
    0.972149     3.645199    12.381756     6.811507   134.301621    86.675186
    1.091168     3.626943    12.340753     6.851098   141.322492    80.368484
    0.893056     3.482555    12.292068     6.901284   150.072946    51.402473
    1.477591     3.803514    12.601250     7.066338   135.718897    73.385699
    1.238565     3.935602    12.715109     6.739499   148.421664    62.952218
    0.957425     3.918364    12.884288     6.653505   143.917378    66.178700
    1.108839     3.720775    12.307848     6.723346   147.056323    67.371014
    0.937675     3.494010    12.396507     6.950004   141.863016    75.833782
    0.833827     3.705061    12.594885     6.752363   133.336085    83.942109
    1.152338     3.956726    12.674302     6.637630   136.726084    89.586633
    0.968012     3.911257    12.523603     6.550095   139.536974    69.493750
    0.677750     3.818961    12.787829     6.501135   145.906142    77.527333
    1.086206     4.102400    12.800189     6.533336   134.062381    72.319766
    1.096617     3.861953    12.880000     6.943758   121.832134    74.395048
    1.256791     3.969239    12.628531     6.624869   148.318916    77.701617
    1.147287     3.762905    12.775199     6.874490   147.565347    77.977984
    1.060573     3.715759    12.749832     6.882506   142.030263    82.417364
    1.431953     3.876169    12.654818     6.909426   146.895756    71.663834
    1.110603     3.786607    12.498320     6.704801   151.425088    69.711073
    1.453282     3.947697    12.734584     6.906163   141.464066    75.503446
    0.999328     3.841693    12.973036     6.761699   146.597690    75.321151
    0.751411     3.627412    12.816121     6.794359   143.858903    76.473978
    1.176846     3.677044    12.482481     6.868898   145.054269    84.970350
    1.216999     3.831099    12.694586     6.831417   144.395155    77.917091
    0.894017     3.717817    12.682658     6.661220   150.003595    90.159251
    1.174533     3.867565    12.675686     6.733931   143.898184    84.086373
    1.226304     3.689530    12.600721     7.047237   135.122563    68.983843
    1.210599     3.897777    12.707884     6.861009   124.679140    83.541090
    1.062832     4.023748    12.829973     6.556961   136.731393    90.860140
    1.542100     4.053682    12.604452     6.699150   146.322907    80.887485
    1.426471     3.747436    12.385639     6.959908   137.910736    71.996421
    1.263694     3.652516    12.333022     6.933317   136.714410    82.608521
    0.753837     3.515606    12.307890     6.789429   144.831474    70.049029
    1.374305     3.822700    12.610453     6.899609   135.254548   101.889571
    0.971633     3.696805    12.746150     6.886451   132.730394    88.425196
    0.956514     3.844509    12.817813     6.743659   135.586480    76.642668
    1.222926     3.873050    12.688211     6.842390   136.250917    75.347765
    1.159638     3.777194    12.471799     6.797734   131.976626    92.325698
    1.389099     3.716350    12.646922     7.038388   150.689602    74.741121
    0.818660     3.652765    12.793502     6.802421   142.275157    81.183483
    1.293197     3.795990    12.343391     6.735653   143.683933    80.455141
    0.997032     3.877695    12.779577     6.659235   142.698635    80.241654
    1.010395     3.885416    12.923967     6.734228   134.536438    92.171092
    1.128416     3.732147    12.393039     6.791063   132.285273    92.814559
    0.907442     3.622910    12.782842     6.890557   141.019200    85.597264
    1.232897     3.880360    12.769399     6.828426   135.752021    93.686155
    0.808258     3.667458    12.706510     6.642598   156.524959    83.386532
    1.235085     3.797660    12.490519     6.799977   133.961982    96.532350
    1.212136     3.846467    12.714260     6.788957   147.404169    80.556718
    0.859381     3.815423    12.917975     6.678434   147.591648    69.720783
    1.186988     3.805590    12.291606     6.604702   150.749560    69.775311
    0.468953     3.559992    12.384152     6.600580   144.887931    73.717159
    0.487533     3.388327    12.155302     6.727346   142.458519    78.196867
    0.396699     3.505559    12.555592     6.647037   143.408998    79.059860
    1.470118     3.936044    12.578846     6.874440   138.777292    67.100879
    1.034001     3.813629    12.894180     6.846998   132.444507    89.475794
    0.784161     3.753657    12.304290     6.479126   151.007109    64.552431
    0.185680     3.495854    12.197103     6.400536   151.214296    75.695655
    0.264623     3.351663    12.268989     6.679375   137.840876    90.774121
    0.859393     3.550620    12.539219     6.872278   139.159886    87.883952
    0.600162     3.399945    12.196601     6.725867   146.266853    87.953223
    1.003491     3.551488    12.339193     6.845739   148.997753    76.548206
    0.941119     3.624873    12.492085     6.840810   136.993976    87.130587
    1.134903     3.800256    12.497805     6.766911   142.307848    72.685695
    1.087975     3.972852    12.482392     6.515009   131.124865    88.171844
    0.858027     3.806054    12.414451     6.606630   127.508952    85.058919
    1.141296     3.871973    12.761591     6.704676   155.102349    69.376994
    1.031002     3.754507    12.241062     6.626797   140.883926    70.483448
    1.393693     4.054546    12.741797     6.672473   148.622115    77.895591
    1.166473     3.841326    12.716481     6.816932   139.578660    80.901564
    0.789989     3.585655    12.217023     6.697511   136.529271    85.047348
    1.400906     4.108171    12.596289     6.497955   148.167789    82.517782
    1.400461     3.978245    12.554016     6.710740   143.878427    72.908975
    1.102318     3.830357    12.500465     6.661752   146.847005    75.977624
    1.087552     3.884476    12.662399     6.646327   152.860031    62.431510
    1.198644     3.584301    12.185418     6.836130   147.269459    76.530618
    1.115740     3.840564    12.570210     6.643619   153.948100    72.312857
    1.312359     3.874172    12.703444     6.802770   152.584529    74.767584
    0.979902     3.923164    12.690090     6.593377   138.586039    78.417691
    1.742140     4.015729    12.723967     7.048844   146.506509    60.722949
    0.982426     3.671018    12.453613     6.779163   147.844591    68.429419
    0.956196     3.753469    12.702900     6.738965   140.383373    89.853435
    0.706994     3.661318    12.384030     6.602459   145.494057    76.460855
    1.131792     3.801377    12.821396     6.884228   136.227095    88.117270
    1.079436     3.759169    12.777897     6.896821   137.886448    77.878000
    0.673897     3.739612    12.688068     6.581937   144.368741    76.391659
    1.244152     3.843209    12.364033     6.594762   155.824930    69.838533
    1.117149     3.718609    12.792840     6.863595   156.958189    71.940162
    1.145039     3.550685    12.304791     6.937013   130.991415   106.104832
    0.793229     3.791670    12.773206     6.623679   142.977346    78.519820
    0.785324     3.591336    12.675860     6.824450   141.740775    80.229914
    1.042442     4.004644    12.762333     6.542248   140.386742    80.839760
    1.225071     3.845357    12.387871     6.699377   134.856156    86.426068
    1.126590     3.884803    12.710333     6.695520   143.332343    84.846032
    1.087490     3.497283    12.227102     6.967872   133.006470    89.168093
    1.364967     3.885509    12.747858     6.917528   140.562481    80.186167
    1.150078     3.826424    12.567896     6.754151   147.995396    62.939626
    1.244107     3.883537    12.791715     6.788437   151.022359    76.824265
    1.005729     3.678513    12.318553     6.684286   148.202588    79.052428
    1.402063     3.628618    12.151777     6.906872   141.285362    71.753597
    1.024870     3.921576    12.760960     6.635863   129.433751   103.991101
    1.065089     3.782742    12.995635     6.900947   137.803034    93.372218
    1.194805     3.678681    12.609855     6.921687   151.205367    74.863843
    1.212134     3.700829    12.375120     6.883851   136.512863    78.654435
    1.554769     3.870853    12.573951     6.979678   143.328702    70.781731
    1.624086     4.039753    12.593787     6.807354   139.513803    83.861121
    1.316023     3.978552    12.768748     6.779405   142.854484    73.018056
    1.195073     3.983500    12.777313     6.617843   153.906395    70.715802
    1.162094     3.854352    12.627057     6.761362   139.705953    81.005112
    0.692188     3.887782    12.851629     6.464404   141.243398    82.952760
    0.573458     3.680756    12.351886     6.535660   140.170315    74.339338
    0.408577     3.740169    12.590971     6.273508   160.883706    72.695235
    0.673322     3.735337    12.820980     6.572479   152.745449    71.069213
    0.690715     3.556981    12.244400     6.669060   136.702752    91.954467
    1.375625     3.753473    12.539567     6.998828   132.267890    90.843290
    0.872761     3.670914    12.568851     6.770305   140.277282    80.861397
    0.980192     3.888974    12.470685     6.413424   153.409601    83.182069
    0.766000     3.694981    12.307129     6.474559   152.343054    83.345430
    0.643092     3.708101    12.578913     6.470884   159.916595    69.604974
    0.743708     3.530994    12.457739     6.792075   145.235514    77.389558
    0.495267     3.572723    12.229005     6.486908   155.547839    64.200158
    0.931969     3.632098    12.317072     6.729562   138.985930    90.521242
    0.920201     3.610875    12.502856     6.878401   134.523221    82.539807
    0.818837     3.793638    12.318565     6.380325   155.368983    75.260657
    0.708346     3.740732    12.694648     6.525543   153.056098    80.122127
    0.807200     3.466219    12.256425     6.668900   166.452043    73.670560
    1.051541     3.600046    12.219984     6.825346   137.475873    78.645013
    0.957559     3.673321    12.408075     6.731140   139.174669    91.560111
    0.951302     3.692064    12.340146     6.637860   159.210040    51.726514
    0.256818     3.570313    12.422427     6.403755   153.074909    74.869635
    0.669506     3.515025    12.766243     6.782931   153.988086    75.256812
    1.201630     3.573730    12.194955     6.833391   153.770982    68.183096
    0.584639     3.409035    12.119928     6.743700   144.625700    70.645545
    0.962658     3.532688    12.348826     6.896241   140.041768    81.983136
    1.103041     3.563844    12.487878     6.978931   145.790363    75.667881
    0.870852     3.470264    12.027772     6.731715   147.920524    69.680746
    0.596720     3.360249    12.062547     6.767711   143.193604    77.561741
    0.648794     3.515151    12.052580     6.579218   149.956300    67.600480
    0.864426     3.635594    12.403284     6.658909   146.361674    93.221217
    0.619922     3.424763    12.375501     6.776867   152.867916    70.361787
    0.700684     3.578646    12.507365     6.631532   157.351755    77.415748
    0.599407     3.599966    12.140413     6.371692   162.839229    72.298189
    1.266291     3.809462    12.731350     6.921505   136.294659    92.548892
    1.677686     4.029911    12.676930     6.862554   152.684300    76.506051
    1.579890     4.176628    12.579132     6.563578   141.180159    79.666268
    1.126131     3.601440    12.660538     7.025815   143.136682    80.458513
    1.282356     3.874998    12.621482     6.717973   150.838858    85.570538
    0.930221     3.818358    12.458548     6.675176   127.696362    76.271291
    1.090030     3.766688    12.611899     6.826739   133.362125    90.102305
    1.205682     3.706598    12.267896     6.765291   141.813321    81.023581
    0.835442     3.710206    12.641411     6.688471   147.457325    74.899192
    1.258794     3.804866    12.591463     6.872982   135.766218    88.102447
    1.206692     3.754253    12.682534     6.893560   149.908787    70.448255
    0.815245     3.844667    12.469333     6.503505   143.721260    66.530097
    0.679899     3.430781    12.167581     6.776034   141.657928    81.403428
    0.816799     3.605989    12.608137     6.820141   142.013530    76.457229
    0.993437     3.631636    12.333126     6.767312   145.925141    76.817224
    0.605611     3.534564    12.728300     6.744807   153.202781    65.770180
    1.168809     3.631338    12.611944     7.038579   140.046131    73.924619
    1.282692     3.746615    12.455090     6.901151   141.830791    70.409346
    1.480381     3.742953    12.332381     6.970870   132.428998    79.938207
    0.986134     3.663839    12.208060     6.679218   144.716947    70.341022
    1.350852     3.451107    12.175339     7.092823   151.257425    58.536182
    0.855445     3.719501    12.416503     6.656503   142.392674    75.098953
    1.525807     3.877637    12.649210     6.988892   146.162051    67.223760
    0.557907     3.811170    12.698939     6.490543   138.265712    70.130290
    1.142182     3.770821    12.580512     6.866954   138.313854    70.618942
    1.197477     3.709352    12.536638     6.924860   138.701835    80.875136
    1.066270     3.812396    12.791108     6.828311   140.180898    72.972233
    1.177728     3.619230    12.510379     6.987955   149.301423    60.187725
    0.953744     3.672077    12.543403     6.817025   144.356687    68.707816
    1.309653     3.806614    12.604725     6.858903   153.172394    64.337210
    1.130674     3.642814    12.598455     7.013023   135.741428    77.353702
    0.887434     3.517418    12.376377     6.907607   143.339965    65.088049
    1.202585     3.943451    12.641532     6.694515   146.061474    58.991459
    1.351702     3.810802    12.660359     6.992570   133.389747    82.686117
    1.015006     3.657569    12.653746     6.905411   138.181563    84.209054
    1.223727     3.663921    12.458375     6.999239   128.502486    87.805955
    1.134939     3.754045    12.477984     6.775931   141.857783    84.654152
    0.881755     3.799092    12.733919     6.710232   137.103441    76.387903
    0.978220     3.983244    12.721957     6.478489   144.469297    81.228748
    1.112025     3.888149    12.678017     6.732210   132.248306    88.449709
    1.422964     3.927654    12.720371     6.865265   143.085327    84.568724
    1.200278     3.887219    12.809770     6.836153   140.168186    75.738844
    0.940370     4.033768    12.761043     6.440725   143.743624    71.246341
    1.592860     4.042426    12.833796     6.927097   147.881590    74.464870
    1.322160     3.811685    12.412120     6.831711   135.752657    79.708647
    1.322402     3.732500    12.579046     6.944336   145.389253    84.048665
    0.775956     3.790178    12.996804     6.725217   136.603134    77.787474
    0.818706     3.641265    12.501541     6.793603   135.091452    78.908542
    1.103902     3.735007    12.299605     6.715775   140.489632    77.353066
    1.074720     3.576680    12.542212     6.974667   136.665367    94.516454
    0.939671     3.688892    12.353989     6.732933   138.315432    77.175581
    1.522305     3.925910    12.816660     7.057997   139.196746    74.476047
    0.802835     3.670830    12.426539     6.568724   155.660787    78.197658
    1.290475     3.929089    12.754816     6.782671   140.568227    90.002133
    0.780727     3.644334    12.690584     6.855452   135.164234    65.115029
    0.956369     3.721456    12.539031     6.789325   137.854115    74.367704
    1.013491     3.683147    12.672245     6.910539   142.120737    64.447611
    1.100113     3.820759    12.479625     6.688528   144.006604    74.977359
    1.234149     4.087990    12.745313     6.539804   146.471515    73.651725
    0.792951     3.536601    12.659497     6.923098   138.955938    74.268966
    0.911259     3.782553    12.622265     6.736273   131.444136    81.638105
    1.255184     3.828756    12.507933     6.844070   134.940576    74.121045
    0.944011     3.859900    12.674117     6.632616   141.896016    74.196788
    1.287544     3.885396    12.685952     6.833002   139.843542    80.834526
    1.130082     3.829635    12.742985     6.796805   144.607075    75.641922
    0.953544     3.839959    12.633862     6.671337   139.063038    73.477663
    0.734721     3.775357    12.764152     6.696520   123.219527    91.781855
    1.018619     3.679504    12.684197     6.914070   135.320718    83.620448
    1.049960     3.914310    12.922095     6.740095   140.591613    74.153293
    1.074467     3.761982    12.667745     6.863539   132.720727    84.717326
    0.914127     3.951428    12.703890     6.517235   141.499479    72.434628
    1.199819     3.783864    12.580999     6.858961   142.563095    71.897682
    1.079740     3.919532    12.734074     6.655883   142.659227    77.833716
    0.933685     3.869693    12.339587     6.458701   136.059953    86.885119
    1.324692     3.906417    12.686857     6.842009   142.555018    71.022404
    0.819937     3.755851    12.267745     6.400142   152.505501    83.164779
    1.269053     3.780440    12.680306     6.903341   147.550058    77.147799
    0.951838     3.723172    12.523250     6.647108   155.725954    73.573106
    1.181999     3.820188    12.813917     6.878426   142.723085    79.092937
    1.049343     3.797347    12.443380     6.674418   145.417035    69.492544
    0.978063     3.823350    12.783998     6.693208   145.585555    79.771142
    1.232248     3.710704    12.210020     6.726311   138.604957    89.437076
    0.732201     3.479920    12.437588     6.838076   144.395074    78.231875
    1.064763     3.728505    12.517829     6.710067   151.173921    84.046652
    1.000023     3.564688    12.719962     6.956643   147.929510    84.762520
    1.212467     3.965388    12.604923     6.641365   144.856858    67.369387
    1.335838     4.059643    12.524207     6.532165   143.088407    74.208327
    0.964386     3.533694    12.268510     6.834226   146.876395    74.341350
    1.518003     3.980531    12.584321     6.771750   147.369580    77.691812
    0.682932     3.904661    12.887834     6.412623   152.611215    67.901274
    1.010445     3.886082    12.556094     6.539492   149.379107    74.577661
    0.993922     3.796374    12.586451     6.744482   129.238404    90.751110
    1.729884     4.061885    12.657921     6.850267   152.348716    75.553447
    0.828420     3.677333    12.310927     6.600096   152.009460    64.565120
    1.437091     4.011689    12.607187     6.711909   142.107572    81.459030
    1.221840     3.593761    12.306066     6.897384   140.447487    96.452502
    1.257280     3.846081    12.525061     6.676807   149.699315    90.888701
    0.783105     3.641949    12.307946     6.637172   144.440447    78.119662
    0.978319     3.615369    12.286832     6.793454   142.242320    72.569163
    1.039097     3.797688    12.306855     6.623232   135.814019    79.688205
    1.346370     3.937201    12.429647     6.681421   133.016966    85.955626
    1.070317     3.997450    12.510242     6.400212   146.459564    81.496333
    1.111385     3.867195    12.375277     6.566217   140.998317    82.385537
    1.313906     4.146178    12.821243     6.555351   148.996751    71.167794
    0.872366     3.924240    12.712177     6.569965   126.113490    92.503468
    0.627780     3.867611    12.761302     6.445387   140.184317    77.806332
    1.297433     3.994434    12.323925     6.459102   131.204756    97.383602
    1.005613     3.809953    12.591002     6.643042   146.966902    81.885723
    0.693253     3.555571    12.198208     6.618661   148.280673    76.057587
    1.058577     3.863158    12.410086     6.503379   154.350519    68.621782
    0.872867     3.625380    12.770685     6.824495   147.998405    80.922578
    1.240570     3.554258    12.273283     6.944396   144.147553    86.036583
    0.781930     3.628392    12.630067     6.762797   143.176087    79.110186
    1.060620     3.565114    12.080685     6.693474   154.170959    67.711584
    1.515619     3.924664    12.753742     6.936133   147.107214    85.172003
    0.745703     3.647123    12.537684     6.622221   154.954311    73.444479
    0.802798     3.765777    12.604343     6.542224   152.617791    77.576397
    0.754777     3.645034    12.781935     6.787169   141.371201    75.941135
    1.138241     3.706473    12.323463     6.808350   142.854607    60.531406
    0.731979     3.756425    12.175542     6.418428   136.017686    84.469544
    0.906922     3.758159    12.222817     6.368913   160.844498    76.181418
    1.032200     3.700125    12.150746     6.577550   151.597009    64.276551
    0.763483     3.640274    12.266128     6.507052   157.676719    75.234449
    0.908046     3.601869    12.316393     6.744874   139.836010    90.894868
    0.991047     3.681165    12.366818     6.642481   154.586226    79.698816
    1.015397     3.593838    12.266856     6.808882   138.494646    87.124754
    1.214077     3.623714    12.103234     6.677737   149.389094    88.357121
    1.008609     3.805530    12.519770     6.580698   157.145051    69.365563
    0.572827     3.625986    12.519061     6.618112   151.439401    56.447544
    0.856810     3.607085    12.312947     6.743645   142.682797    74.924867
    0.827175     3.624330    12.287211     6.680890   147.872501    66.422999
    1.085288     3.590232    12.138213     6.814804   131.414266    86.757361
    0.978405     3.739462    12.770655     6.912763   130.692619    71.311450
    0.655458     3.564486    12.612230     6.769097   141.637662    76.913626
    0.977918     3.764596    12.594996     6.693652   157.049077    51.231130
    1.141787     3.766575    12.620889     6.792217   149.498597    77.238213
    0.769951     3.720806    12.631818     6.686097   139.210137    77.274536
    0.456469     3.693913    12.629680     6.564992   131.993530    79.750137
    0.955873     3.583256    12.324951     6.836275   141.549304    74.821485
    0.837804     3.626975    12.426330     6.658643   152.122411    81.753364
    0.642958     3.572286    12.089792     6.426885   154.346980    85.591035
    0.901592     3.650318    12.247363     6.656325   139.013222    89.802447
