   18.868004     4.986383     9.789561     8.110998   -31.656835   -66.585269
   18.998327     4.764935     9.716077     8.215209   -39.943022   -72.368089
   19.174208     4.651569     9.634770     8.259825   -35.179866   -73.895485
   19.324108     4.862041     9.672138     8.078491    -9.610662  -106.958539
   19.400344     5.099070     9.630867     8.253475   -23.243612   -81.801341
   19.058412     4.750050     9.697942     8.378738   -34.475624   -69.749606
   19.083479     4.967802     9.684138     7.926283   -34.706227   -73.433311
   19.101380     5.106423     9.697057     8.315007   -39.595227   -61.620872
   19.040304     4.953921     9.726041     8.407183   -29.437118   -66.002448
   18.646573     4.821468     9.912816     7.912043   -32.860761   -78.995987
   18.840529     4.766731     9.754218     7.847088   -34.834686   -70.197359
   19.134092     4.946607     9.724592     8.109727   -21.255014   -86.669309
   19.177685     5.117690     9.654053     7.839060   -34.889951   -76.036863
   18.940250     4.971260     9.742508     7.946912   -41.759857   -72.680668
   18.839059     4.946841     9.772068     8.124667   -38.547112   -60.749077
   19.150379     4.914079     9.674753     8.023886   -27.623758   -77.229569
   19.684102     4.495170     9.309506     8.023296   -42.411055   -54.455907
   19.234684     4.950493     9.626391     8.125536   -26.761400   -65.836190
   18.840856     4.944193     9.706922     7.857688   -35.937216   -52.408562
   19.023698     4.809596     9.656829     7.961987   -46.953380   -66.700842
   18.839617     5.007736     9.854321     8.258025   -33.808863   -78.906360
   19.015041     4.878686     9.752552     8.124429   -28.797843   -81.014145
   19.057443     5.127245     9.735733     8.119456   -39.385955   -74.008482
   19.251619     4.793071     9.632809     8.096756   -22.341422   -81.509851
   19.535564     4.842714     9.542915     8.479359   -41.013542   -71.855305
   19.160741     4.690166     9.678672     8.233173   -45.088652   -90.663292
   18.996950     4.830159     9.698029     7.969582   -42.439196   -72.797693
   18.858252     5.096607     9.774428     7.741927   -29.494613   -68.030812
   19.260726     4.966110     9.527554     7.783101   -37.375926   -54.361598
   19.107262     4.870480     9.651084     7.959963   -41.242785   -71.883562
   19.312296     4.907137     9.592089     7.953824   -34.823926   -81.309060
   18.713739     4.678920     9.824104     7.908097   -31.680725   -70.773336
   19.152845     4.822212     9.609509     7.980379   -24.747995   -60.052602
   18.703593     4.567780     9.818294     8.262495   -35.367569   -66.716367
   18.787553     5.053411     9.868112     8.039048   -31.577273   -77.703170
   19.478225     5.094162     9.543423     7.826783   -25.471392   -86.302035
   19.278285     4.538120     9.505440     8.065760   -40.212346   -60.303885
   19.249604     4.818445     9.647421     8.195124   -26.920506   -82.665333
   19.303997     5.190348     9.665481     8.211734   -41.530067   -81.506064
   19.181768     5.138775     9.669868     8.024640   -41.021024   -74.166539
   19.245091     5.101228     9.616396     7.999297   -48.304457   -70.417287
   18.775039     4.764936     9.795109     8.341371   -28.870353   -61.206642
   19.098679     4.876990     9.678557     8.110648   -42.262735   -73.615347
   19.173044     5.235364     9.700692     8.516643   -41.056740   -61.776131
   19.044133     5.105836     9.697682     8.178039   -39.196063   -57.616751
   19.144337     4.779893     9.635362     8.153929   -43.649570   -69.184614
   19.437253     4.672206     9.520452     8.309929   -33.572847   -67.027105
   19.220936     5.133428     9.690350     8.367509   -45.917688   -74.390453
   19.528261     4.877903     9.523545     8.182619   -34.601245   -78.477391
   18.993012     5.056258     9.732471     7.965210   -35.081365   -70.036472
   18.949806     4.849628     9.826444     8.216659   -29.649247   -93.920469
   19.369405     4.999331     9.557767     8.177852   -32.815372   -55.173192
   18.863453     4.801326     9.830198     8.285472   -21.173151   -78.550209
   19.193356     5.024968     9.680965     8.082539   -31.382425   -80.086905
   19.054504     4.831714     9.700065     8.299695   -28.932790   -67.185874
   19.396586     4.614813     9.473200     8.072195   -40.834841   -60.687245
   19.137201     4.840589     9.670220     8.398716   -39.912924   -67.554852
   18.965067     4.794408     9.735825     8.292619   -37.411108   -69.770028
   19.116968     4.588867     9.612785     8.004080   -30.872903   -69.205720
   18.671623     5.548003     9.867808     8.157498   -41.204400   -56.053772
   18.979536     4.780853     9.716761     8.275024   -36.709706   -66.821409
   18.956071     5.067410     9.774869     8.150587   -27.064715   -69.505201
   18.833053     4.638475     9.770416     8.059873   -23.715615   -68.852929
   18.828987     5.157100     9.772244     8.348698   -44.410518   -53.637987
   19.056538     4.933532     9.713235     8.246865   -51.181059   -74.900275
   19.345434     5.067675     9.638190     8.462356   -36.627079   -69.750621
   19.017237     4.693511     9.673504     8.284804   -29.375374   -61.176642
   19.204645     4.880371     9.556191     7.877662   -29.445969   -52.600881
   18.728662     4.767606     9.814626     8.282623   -32.541719   -61.960911
   19.048127     4.876656     9.667607     7.858642   -27.441199   -66.466453
   19.303728     4.784232     9.531952     8.129484   -44.091740   -55.407950
   19.793594     4.833698     9.311980     7.951188   -43.570646   -50.678083
   19.177653     5.086082     9.626853     8.202470   -31.427231   -51.221020
   19.134538     4.940152     9.651009     8.038660   -29.832954   -64.036492
   19.010521     5.009021     9.646071     7.920351   -41.236782   -52.348347
   18.892063     4.717274     9.748653     8.351618   -32.238269   -65.011358
   18.913537     5.143869     9.768870     8.040411   -17.989779   -60.893026
   18.817212     5.000124     9.761282     8.036562   -22.101706   -53.769202
   18.853909     5.156546     9.753458     8.094536   -43.024221   -54.564585
   19.037780     4.858940     9.712170     8.095726   -22.647161   -70.911518
   18.953065     4.766188     9.678652     8.002620   -32.191980   -58.835787
   19.141833     4.873039     9.613125     7.875449   -29.867674   -62.777530
   19.041345     4.896200     9.680994     8.090802   -29.411855   -61.292347
   19.318721     4.870812     9.500637     7.815708   -34.110947   -54.877768
   19.140714     5.160378     9.699103     8.018911   -35.828123   -75.603290
   18.992985     5.068924     9.625640     7.760719   -39.764085   -49.467744
   19.182001     5.236610     9.701236     8.106543   -27.956774   -72.985503
   19.540725     5.020556     9.545948     8.343869   -32.564268   -68.889480
   18.950264     5.128690     9.725796     7.985562   -27.056868   -57.299217
   18.965690     4.848232     9.663604     8.146411   -31.878191   -49.938612
   19.471538     4.799489     9.476372     8.008303   -32.129467   -61.219541
   19.573626     4.626459     9.436474     8.454673   -42.598834   -50.845349
   19.087987     4.899847     9.606044     7.944352   -39.110463   -52.501892
   19.186109     5.138601     9.561865     7.825316   -35.441277   -46.527112
   19.070177     4.941192     9.654162     7.880275   -23.786541   -60.545950
   19.248634     4.845371     9.591662     8.037393   -33.693853   -66.777842
   19.187635     4.707890     9.576437     8.220005   -26.564117   -53.528585
   19.050910     4.860714     9.611514     7.933105   -33.623306   -50.600620
   19.468873     4.815535     9.467186     8.086186   -33.042886   -51.720304
   19.114430     4.731034     9.611835     8.110395   -22.864443   -56.271169
   18.859992     4.850367     9.812063     8.254525   -28.385994   -73.814245
   19.037572     5.197870     9.672115     7.835035   -28.016938   -55.783704
   19.016744     4.954557     9.692221     8.021717   -17.444447   -58.963831
   18.907326     4.914821     9.670885     8.063759   -34.866457   -46.095358
   19.092073     4.797306     9.619456     8.008644   -21.501429   -55.122058
   18.977717     4.967166     9.652961     8.480516   -34.762045   -41.455976
   19.216560     4.985384     9.605586     7.908079   -14.421615   -59.745341
   19.176018     5.054313     9.540488     7.822812   -42.894830   -45.085944
   19.361234     4.748554     9.495912     8.022319   -43.254089   -58.289281
   19.136323     4.823064     9.548733     8.179132   -40.762522   -39.507699
   19.112801     4.773457     9.666382     8.212420   -35.017875   -70.885998
   18.809628     4.811284     9.648134     7.899860   -43.322461   -42.408259
   19.252777     4.883117     9.585823     8.600914   -29.540121   -46.494456
   19.290918     4.706626     9.493767     8.275664   -32.369052   -40.641356
   19.154051     5.248955     9.679723     8.074309   -24.244485   -61.385022
   18.973299     5.029576     9.704237     7.769742   -38.518468   -69.316298
   19.317933     4.749671     9.537212     7.966794   -31.220520   -66.128653
   19.146255     5.056464     9.618385     7.937028   -22.689452   -52.861107
   19.110920     4.849362     9.603753     7.848302   -36.679666   -60.484538
   19.132938     4.825936     9.584509     8.041544   -40.948015   -51.662692
   19.163656     5.075956     9.632738     8.021515   -27.770368   -56.241394
   18.935622     4.706970     9.616270     7.914391   -35.497651   -47.438765
   19.139822     5.097447     9.656219     8.068523   -36.910392   -59.853286
   19.087282     5.057708     9.632626     8.202275   -50.108656   -48.025755
   18.893798     4.919579     9.777185     8.328414   -18.671426   -63.596056
   19.226984     4.988910     9.608625     7.929256   -28.765259   -64.990022
   19.575862     4.756318     9.435610     8.107693   -38.533401   -60.044554
   19.450245     4.761173     9.526016     8.133662   -32.478563   -75.680089
   18.725732     5.169934     9.810424     7.728428   -37.419922   -62.497199
   18.699450     4.679407     9.775549     8.291639   -40.099796   -55.196610
   19.128395     4.938081     9.630708     7.928185   -40.155330   -65.020910
   19.003098     5.104788     9.777057     7.842284   -17.184676   -82.251471
   19.217613     4.568953     9.477772     8.032920   -35.261118   -43.385285
   19.262133     5.093978     9.550920     7.937995   -34.150360   -47.405235
   18.814922     4.935532     9.716383     8.122970   -32.864182   -46.168887
   19.095750     5.231183     9.663319     8.320191   -41.715018   -48.593491
   19.075879     5.002336     9.636265     8.026206   -26.425822   -50.165675
   19.495110     5.118640     9.539438     8.114057   -29.623600   -63.218968
   18.914409     5.338422     9.764952     8.100913   -26.515675   -56.045958
   19.083429     5.157872     9.750263     8.378009    -9.056414   -67.730839
   19.052166     4.760905     9.698987     8.090833   -26.470695   -74.764355
   19.015935     5.367626     9.672089     7.988095   -41.632382   -49.147689
   18.802251     5.270811     9.772995     8.449629   -38.783646   -47.715438
   18.883121     5.226908     9.795301     8.398365   -35.727544   -60.178557
   19.101546     5.262553     9.688046     8.137692   -37.201408   -58.146046
   18.976949     4.790938     9.713073     8.038060   -37.528344   -71.710796
   19.544075     5.327315     9.583105     8.512165   -27.385214   -57.508266
   18.944813     4.781858     9.654096     8.408277   -40.316454   -46.285739
   19.268951     4.864581     9.553901     8.211921   -39.751491   -49.541210
   19.186173     5.004498     9.563547     8.109828   -41.917085   -41.824052
   19.188232     4.763339     9.567774     8.156499   -30.536233   -50.637367
   18.979991     4.560037     9.645610     8.114266   -33.331853   -59.511185
   19.091939     4.949949     9.627149     7.985188   -23.482104   -51.961447
   19.081063     5.051210     9.629514     8.003029   -38.375407   -49.908235
   19.376969     4.759213     9.527800     8.092639   -28.348745   -64.007991
   19.297441     5.225801     9.676743     8.222577   -32.112899   -79.307789
   19.514877     4.737105     9.419984     7.961525   -36.723892   -54.528535
   18.629500     4.850071     9.816554     7.859244   -26.872139   -54.294896
   19.230451     4.982212     9.625314     8.141286   -27.026642   -62.499165
   18.635328     4.867860     9.898327     8.214427   -24.714711   -65.854377
   19.224720     5.175340     9.626383     8.093396   -30.155812   -56.005647
   19.123633     4.886187     9.653438     8.222370   -31.196282   -60.921621
   18.988670     5.221611     9.772893     8.021946   -28.578731   -72.332156
   19.187584     5.174851     9.677676     8.584738   -34.708155   -56.080240
   19.336965     5.190795     9.600115     7.951558   -35.876388   -71.729003
   19.367468     4.955859     9.615286     8.447031   -36.558523   -70.924343
   19.387345     5.115151     9.542478     7.781097   -20.540452   -64.815102
   19.195371     5.133003     9.709212     8.393186   -34.287999   -74.096534
   19.065345     5.054570     9.717655     8.209838   -44.659047   -70.362562
   18.938405     4.804032     9.713298     8.472411   -31.416034   -56.268648
   19.084985     4.924665     9.672716     8.093310   -31.867703   -63.487313
   19.122681     5.138955     9.700764     8.382767   -15.127144   -59.706561
   19.121190     5.042427     9.685826     8.027881   -20.359417   -67.433428
   19.692738     5.226485     9.481149     8.234763   -29.981471   -56.374780
   19.043491     5.050981     9.672689     7.871146   -17.792430   -57.158369
   18.849299     5.272802     9.820362     8.424747   -27.360328   -59.821697
   19.033648     4.842134     9.742220     8.167717   -30.781328   -81.613785
   19.165586     4.648247     9.634302     7.931773   -19.194850   -80.050638
   18.653866     5.160458     9.988557     8.218115   -16.563414   -79.174726
   18.793287     4.931229     9.862532     8.273717   -15.733716   -72.329514
   18.730370     4.793250     9.868370     8.295399   -30.777468   -73.172477
   18.799243     5.323499     9.928586     8.287990   -25.341558   -81.369281
   19.213298     4.846734     9.660212     8.060367   -26.573024   -85.622768
   19.298844     4.808125     9.660931     8.165320   -10.893282   -95.091539
   19.265718     4.991974     9.599108     8.248555   -43.581956   -56.245331
   18.823425     4.904519     9.797623     7.853967   -30.846386   -72.767837
   19.104790     5.353309     9.737248     8.178085   -33.598675   -69.248159
   19.476376     4.890709     9.554108     8.167487   -22.722820   -79.941436
   19.063284     4.846984     9.710950     7.988448   -18.516045   -77.088715
   19.111339     4.818318     9.681992     8.001237   -20.649169   -76.804622
   19.030530     5.141259     9.723271     8.001688   -30.943561   -66.392509
   19.119444     4.857627     9.703081     7.929068    -9.938588   -82.435986
   18.370846     5.144237    10.083566     8.184865   -32.268844   -69.572954
   19.562879     4.978313     9.528641     8.030456   -11.167687   -84.651466
   19.440672     5.183856     9.614613     8.078066   -16.491430   -84.549775
   19.128231     4.715444     9.682423     8.116790   -29.299783   -84.292737
   19.012011     4.974840     9.752825     7.931704   -29.355201   -83.306481
   18.889922     4.937196     9.765198     7.897038   -36.374703   -72.940322
   19.326848     4.738187     9.563661     8.077286   -34.911829   -75.079181
   19.357290     4.790508     9.606887     7.919156   -16.300346  -101.133053
   18.882373     4.861862     9.834962     8.171120   -22.054747   -83.209589
   19.619624     5.176046     9.579831     8.359529   -27.453540   -87.791704
   19.036264     4.919880     9.782162     8.143194   -18.064582   -89.213728
   19.295120     4.955036     9.606821     7.997812   -30.219429   -75.615929
   19.345360     5.254975     9.642896     8.133678   -25.571256   -73.957084
   19.055040     4.796381     9.647193     8.314364   -32.725026   -54.053245
   18.893748     4.757945     9.721161     8.461422   -40.295043   -57.120621
   18.888444     4.986116     9.770011     8.404310   -26.979150   -59.651046
   19.191309     4.743986     9.587868     8.275788   -32.478624   -55.040104
   19.384779     4.973450     9.596385     8.248212   -17.888197   -71.103422
   19.214590     5.060959     9.675954     8.157166   -20.384427   -73.444791
   18.951331     5.033244     9.803141     8.255809   -25.724521   -76.589214
   19.064430     4.663539     9.700114     7.988048   -23.501068   -84.477685
   18.903969     4.706067     9.816170     8.378949   -30.521207   -84.123876
   18.713673     4.824230     9.815339     8.012469   -45.977495   -67.107511
   19.036200     4.733563     9.702547     8.267715   -31.560607   -71.184590
   18.878550     4.698135     9.765335     8.207333   -37.690659   -72.718957
   19.383846     4.831126     9.571007     8.406601   -40.388364   -65.597254
   18.636309     4.678838     9.782576     7.905355   -34.244722   -54.074044
   19.071609     4.699275     9.649578     8.251380   -40.388544   -63.783265
   19.291173     4.759637     9.563270     8.036748   -34.272660   -68.754920
   18.990725     4.797940     9.706245     8.230361   -33.562788   -64.599772
   18.989528     4.676235     9.760433     8.447573   -38.251549   -81.087445
   19.463580     5.072943     9.556886     7.969268   -33.637433   -83.473067
   19.493903     4.614678     9.487918     8.264482   -36.291491   -69.658924
   19.089903     5.155063     9.755334     8.136332   -25.260573   -80.043035
   18.924235     4.641446     9.683876     8.325047   -38.887268   -57.050703
   18.941638     4.634911     9.784548     8.262269   -24.171384   -84.161369
   19.378698     4.662240     9.552789     8.246461   -32.056300   -74.549775
   19.223123     4.668204     9.633344     8.076078   -23.041870   -84.859118
   19.209783     4.981038     9.694374     8.348531   -33.057789   -80.029965
   19.112249     4.938380     9.715381     8.297270   -23.581598   -74.499566
   19.107973     5.228324     9.712846     8.086405   -28.739692   -67.281119
   18.919588     4.720313     9.778057     8.116171   -32.201143   -82.227079
   19.059842     4.891077     9.710929     8.221694   -31.317591   -70.799612
   19.282961     4.890946     9.628364     8.258547   -32.816485   -74.595672
   19.061302     5.101770     9.742559     8.037559   -37.250060   -81.363081
   19.054469     4.809164     9.708899     8.362213   -43.209042   -72.492502
   19.271132     4.802918     9.608911     8.430036   -31.595723   -63.870776
   18.811839     4.705559     9.810401     8.378127   -35.374422   -71.730342
   18.996836     4.656643     9.636687     8.105477   -42.850918   -57.935364
   19.460127     4.705684     9.504818     8.427202   -41.288671   -57.667591
   19.236143     4.631740     9.588800     8.281281   -33.922336   -66.796991
   18.719627     4.809925     9.868116     8.131030   -27.567171   -72.592538
   19.120630     4.791115     9.635029     8.022999   -48.299025   -73.143885
   19.258446     4.909056     9.540823     7.842041   -45.247329   -61.950180
   19.089120     4.804760     9.627714     8.038418   -33.953598   -58.520108
   18.940031     5.000400     9.834700     8.429641   -20.842286   -80.816498
   19.232608     4.735917     9.613914     8.075576   -27.714286   -76.425101
   19.033827     5.039956     9.739225     8.098407   -39.430009   -76.281445
   19.220824     4.764323     9.549567     7.836460   -41.191436   -66.055431
   19.063899     4.994799     9.700199     8.243437   -38.566808   -63.348350
   18.896324     4.947546     9.754684     8.494719   -43.148996   -59.433454
   19.216392     4.571381     9.562238     8.244917   -43.626837   -62.448655
   19.272302     4.724334     9.583992     8.124327   -35.227622   -72.238109
   19.067505     4.906067     9.749855     8.438269   -40.575577   -80.296304
   19.111394     4.775851     9.661493     8.102383   -34.334614   -72.519568
   18.963558     4.503542     9.677292     8.090454   -29.905094   -67.695774
   19.020126     4.706887     9.682249     7.951065   -38.522529   -76.473271
   19.153902     4.751345     9.574279     8.078900   -40.628542   -53.608184
   19.266440     4.843064     9.659792     8.299725   -31.283683   -85.591872
   19.101788     4.795411     9.698823     8.144100   -30.800991   -80.871914
   19.258134     4.740302     9.566300     8.376021   -40.749478   -54.635121
   19.303977     5.125038     9.646933     8.005787   -25.091675   -82.608794
   19.143294     4.865090     9.631300     8.480228   -45.117733   -54.330859
   19.079475     4.738479     9.670889     8.446528   -41.241989   -64.312673
   19.279194     4.792132     9.566152     8.200912   -46.497237   -61.580432
   19.200662     5.000390     9.647874     8.023527   -19.778757   -68.231586
   19.220429     4.942612     9.630561     8.212127   -30.998387   -63.502921
   19.520060     5.049548     9.457605     7.833386   -34.231825   -58.177449
   19.024547     4.795097     9.681992     8.063413   -28.382724   -64.845151
   19.136567     4.813247     9.616694     8.133933   -39.226230   -58.756046
   19.307657     4.982484     9.631039     8.317140   -32.006950   -71.386287
   18.956287     5.096243     9.752095     8.163810   -37.300823   -63.294627
   19.368257     5.201709     9.645403     8.276247   -36.003742   -77.568494
   18.613465     5.216245     9.871273     7.742812   -38.233662   -62.385947
   19.054163     5.205694     9.740612     8.230851   -31.898239   -66.517067
   19.312722     4.951480     9.595996     8.052625   -31.429503   -71.228384
   19.351691     5.152216     9.664055     8.376995   -18.263380   -77.477494
   18.764117     5.024291     9.845995     7.953011   -36.443176   -73.094519
   19.298280     4.933225     9.652337     8.330541   -30.683184   -81.041357
   19.228016     4.699338     9.528221     8.114641   -40.266248   -49.964512
   19.436755     4.880263     9.526880     7.936900   -20.870557   -72.585429
   18.666050     4.709608     9.777718     8.111921   -41.681234   -54.073243
   18.814119     4.951317     9.680306     7.988328   -40.847409   -42.402375
   19.057210     5.317622     9.682752     7.926670   -39.548219   -58.468835
   19.249876     5.131730     9.563680     7.886770   -43.364382   -54.152118
   18.655958     4.836744    10.001491     8.077343   -22.505820   -95.102849
   18.934944     4.857345     9.762617     7.901486   -36.324949   -83.008792
   18.789357     5.010788     9.802408     8.304065   -37.726135   -59.008675
   19.236970     4.718487     9.611769     8.298999   -25.620445   -68.076189
   18.940352     4.873015     9.726140     8.496992   -46.596225   -59.647151
   19.604550     4.778805     9.506137     8.357945   -36.820704   -79.706114
   18.917199     4.950246     9.787454     8.297607   -42.448088   -73.701781
   19.348702     4.922511     9.558628     8.399152   -34.946902   -51.576470
   18.882562     4.794407     9.761480     8.351392   -25.376064   -63.239518
   19.359304     5.351796     9.703266     8.442217   -27.473002   -81.307051
   19.072692     4.789178     9.693954     8.383343   -40.353758   -69.759727
   19.446097     4.972218     9.566168     8.296174   -49.525672   -72.320431
   19.231378     4.697971     9.585344     8.153608   -29.731358   -64.990737
   19.230484     4.703880     9.614628     8.144524   -39.338794   -79.222159
   18.839282     4.852250     9.823808     8.180466   -31.348412   -76.343949
   19.076297     5.006956     9.621545     8.142188   -53.640346   -48.689634
   19.385115     4.982070     9.585866     8.359742   -37.198254   -63.710522
   19.045750     5.146663     9.734039     8.473765   -43.918806   -62.910802
   18.994834     4.682593     9.730138     8.261407   -39.648278   -78.627330
   19.184371     4.940957     9.673071     8.381469   -41.574988   -70.737686
   19.805116     5.177004     9.510330     8.402077   -29.737020   -83.520143
   19.308604     5.075456     9.661264     8.272590   -27.699039   -79.938846
   19.028101     5.136372     9.737989     8.250928   -54.928292   -71.900965
   18.827555     5.014553     9.784589     8.353499   -43.547343   -59.409985
   18.947179     4.963611     9.722160     7.987970   -37.012873   -63.616936
   19.308628     4.661670     9.576400     8.011210   -21.012253   -80.546949
   19.384140     4.939759     9.597752     8.610477   -48.238049   -61.678055
   18.773059     4.799482     9.836291     8.342725   -45.814836   -74.230719
   19.040618     4.946665     9.680185     8.036878   -47.512551   -66.797812
   19.383164     4.992514     9.576527     8.038028   -48.879036   -84.714200
   18.852749     4.739855     9.702196     7.792305   -51.200054   -68.816377
   18.846584     4.864032     9.758157     7.725941   -39.682915   -75.208082
   19.275913     5.100276     9.653096     8.409725   -37.675411   -66.300649
   19.454486     4.971140     9.560658     8.053638   -26.330578   -80.844806
   19.156082     4.975776     9.621756     8.031854   -49.549160   -62.920575
   19.176657     4.781482     9.621889     8.092672   -35.474419   -68.880776
   19.052589     4.967177     9.685114     8.037540   -47.347870   -69.351469
   18.847444     4.924685     9.814274     8.025170   -45.390068   -82.109286
   19.002967     4.693800     9.740065     8.282162   -38.309361   -81.436131
   18.975626     5.069092     9.801501     8.341156   -26.611479   -76.627492
   18.837088     5.091702     9.885085     7.918830   -13.732303   -85.158930
   19.114017     5.243039     9.647974     7.870477   -36.069359   -57.960168
   19.093974     5.019604     9.651173     8.158612   -28.814893   -52.378247
   18.753261     4.777083     9.814344     7.983479   -31.164600   -68.648673
   19.109091     4.759219     9.653478     8.076009   -22.364732   -67.714776
   18.923475     4.943769     9.781061     8.277645   -26.402651   -69.296533
   19.003958     4.661522     9.637642     8.225465   -31.035951   -53.137600
   19.048810     4.853096     9.673729     7.855544   -25.942429   -69.209180
   19.080783     5.151357     9.708971     8.111982   -19.729005   -62.729930
   18.657398     4.840375     9.811564     8.038683   -42.148309   -57.319836
   18.933108     4.907401     9.702148     7.965416   -43.939182   -61.878989
   19.318794     4.841313     9.575398     8.040724   -36.067269   -73.899171
   18.977295     4.782614     9.722171     7.949519   -37.952681   -78.905580
   19.383382     4.824728     9.538960     7.983940   -40.052826   -77.413930
   19.302499     4.799798     9.622452     8.273659   -39.719706   -82.605304
   19.095336     5.276525     9.755189     7.854427   -28.717033   -89.623682
   19.013933     4.920954     9.728933     8.069608   -34.603324   -74.096838
   19.276989     4.959161     9.601451     8.061178   -34.023808   -66.746222
   19.279024     4.897274     9.563577     7.980199   -44.884996   -65.359514
   19.238155     5.044060     9.614441     8.088444   -53.216629   -68.414475
   18.750651     4.782465     9.843357     7.989909   -42.178956   -80.171850
   19.107136     5.297628     9.667683     8.112073   -53.577542   -58.469612
   18.635551     4.904638     9.937900     8.023294   -34.726571   -79.814476
   18.997370     4.863490     9.676215     8.030414   -49.837778   -64.834087
   18.975040     4.915118     9.808512     8.282494   -35.020173   -89.101129
   19.088523     4.778180     9.680162     8.313545   -52.024800   -73.624456
   19.567280     5.047152     9.475911     7.966210   -53.859533   -77.922537
   19.396761     4.813483     9.513098     7.903573   -43.651722   -77.386843
   19.441497     4.656425     9.481455     8.062668   -47.855958   -72.793258
   19.096408     4.606126     9.624900     8.131467   -35.348979   -66.286621
   18.785055     4.975661     9.782270     7.805908   -44.617551   -68.677039
   18.809169     4.901377     9.840591     8.224702   -46.685599   -79.657280
   18.904908     5.052539     9.801421     8.175227   -37.922894   -73.619688
   18.772530     4.725885     9.807954     8.267648   -46.047964   -70.849835
   18.944693     4.962878     9.763088     8.065998   -35.018081   -72.916421
   18.631735     4.675879     9.899749     8.264067   -24.181403   -69.502022
   19.018122     4.879619     9.722121     8.062074   -45.343452   -79.902793
   19.216759     4.939809     9.621769     8.056345   -34.805118   -66.697212
   18.867378     5.353061     9.783123     7.934564   -49.041716   -67.206532
   19.307683     4.943464     9.627669     8.407442   -20.985921   -67.749695
   18.734216     5.181139     9.874541     8.071212   -28.621472   -67.407033
   18.927524     4.911037     9.717214     7.977238   -42.111234   -64.179098
   18.847786     5.175584     9.778113     7.954934   -39.275958   -62.501752
   19.518267     5.075393     9.530823     8.100380   -29.474965   -67.179310
   19.195568     5.288162     9.633307     7.868447   -44.145088   -66.797330
   18.550031     5.250521     9.889394     8.044960   -43.600524   -55.712075
   19.129835     5.028543     9.675642     8.443006   -49.110616   -60.638106
   19.147929     5.224842     9.697145     8.456426   -39.732161   -59.855056
   19.086938     4.971410     9.677592     8.041881   -33.013994   -65.250660
   19.513406     4.966461     9.505922     8.181111   -26.087041   -57.567587
   19.093778     5.037312     9.717430     8.298410   -33.123560   -69.389441
   19.305410     5.215643     9.644572     8.067184   -21.561211   -71.844866
   19.604003     4.935960     9.480488     8.397284   -32.343993   -52.988284
   18.941897     5.215080     9.802140     8.297007   -25.774372   -68.130458
   19.302691     5.313804     9.661563     8.160249   -18.654274   -68.984218
   19.328896     4.836093     9.565754     8.321508   -16.855522   -56.708796
   18.987506     4.684690     9.636248     8.146387   -45.643581   -55.252544
   19.327561     4.717229     9.549460     8.380902   -39.076209   -57.935918
   19.176400     5.101331     9.704792     8.142775   -24.968531   -77.742389
   18.998029     5.372617     9.713813     7.930487   -36.023410   -57.821498
   19.277922     4.748787     9.600777     8.347677   -31.062241   -67.594441
   19.318553     5.142985     9.600993     7.961092   -27.032372   -66.737630
   19.078338     4.928768     9.679733     8.278260   -31.365463   -60.303126
   19.244691     5.096086     9.581113     7.889725   -37.539620   -58.020715
   19.231530     4.728159     9.570556     8.377302   -26.775556   -51.825868
   18.874382     5.017683     9.672073     7.936830   -40.788995   -45.023941
   19.166760     5.054614     9.597220     7.726110   -36.995009   -63.603523
   19.278687     5.486823     9.562394     8.216782   -38.620965   -34.815810
   19.127322     5.339819     9.633203     8.069174   -33.445541   -45.658872
   19.013768     4.995812     9.671265     8.178004   -32.127349   -50.383724
   19.135573     5.087630     9.596196     8.066749   -31.912167   -42.932751
   18.906453     4.959875     9.725725     7.962662   -21.914747   -57.052659
   19.145764     4.960788     9.596475     8.130324   -42.530580   -47.342867
   19.610904     4.959546     9.471551     8.296762   -32.802782   -53.343598
   19.332866     4.913478     9.526311     7.993641   -39.241272   -54.490912
   18.675907     4.735710     9.792313     8.188879   -33.189683   -54.123043
   19.318699     5.024221     9.612257     8.266050   -35.529552   -64.928522
   19.333221     4.938207     9.612300     8.189789   -28.598478   -75.655210
   19.181697     4.611997     9.540836     8.154773   -41.505875   -52.240790
   19.070988     4.838751     9.695932     8.473417   -25.895630   -63.404334
   19.352752     4.848196     9.584244     8.302208   -34.110080   -68.796871
   19.285829     4.925661     9.602404     8.274505   -22.412761   -60.978965
   19.303049     4.848105     9.528844     8.001382   -20.470302   -51.126319
   19.109025     4.638724     9.555957     8.274935   -43.959512   -45.375622
   18.931691     4.898657     9.769156     8.182903   -35.044141   -72.439419
   19.461396     5.161486     9.507358     7.980029   -46.109784   -56.936218
   18.960970     4.875985     9.750758     8.176333   -32.233031   -71.297425
   19.172520     4.989387     9.639132     8.131438   -33.035465   -60.040282
   18.950388     5.134863     9.787754     8.080306   -42.851244   -78.366896
   18.798424     4.789459     9.758005     7.956191   -42.344050   -64.533799
   19.052195     4.973908     9.723657     8.098723   -42.565841   -78.408855
   19.449166     4.720038     9.509538     8.066930   -34.777465   -76.298708
   19.124755     4.836490     9.639929     8.319090   -48.084834   -60.452433
   18.773476     4.916547     9.781595     7.991103   -49.770375   -65.079673
   18.990121     4.817012     9.681910     7.903535   -32.669719   -65.557328
   18.883273     4.799550     9.763447     8.223911   -30.753954   -66.548299
   19.158585     5.106871     9.732077     8.074294   -24.534621   -88.332593
   18.710924     5.070929     9.881151     7.962520   -35.277150   -73.085945
   18.798429     4.972394     9.760321     7.967680   -38.275994   -56.951013
   18.822968     5.117159     9.858659     7.911926   -40.193850   -86.522718
   19.217985     5.284570     9.723039     8.375278   -36.905776   -76.584211
   18.914402     4.777102     9.747005     8.143758   -35.250955   -69.764163
   18.868544     5.139823     9.758216     7.836171   -41.420486   -65.622621
   18.682956     4.901632     9.891618     8.201983   -32.271565   -71.198682
   18.976174     4.637192     9.658641     8.194750   -44.916474   -60.673587
   18.989999     4.770811     9.711970     7.863237   -29.127122   -77.366114
   19.292765     5.165195     9.664224     8.339752   -37.804334   -72.379022
   18.637093     4.905742     9.906764     8.084952   -33.403558   -70.804579
   19.336901     5.118650     9.651763     8.349631   -45.326716   -78.477167
   19.250059     4.553730     9.622942     8.397581   -31.369197   -79.017509
   18.830677     4.598395     9.818781     8.358688   -29.325443   -78.058223
   18.648266     4.685570     9.784277     8.077427   -34.110124   -52.843227
   19.046616     5.188246     9.674749     8.126657   -48.941224   -53.942289
   19.277331     4.980659     9.595874     7.927539   -40.159654   -75.209830
   18.947087     5.332928     9.847232     8.238210   -35.147055   -82.397589
   19.239516     4.748402     9.631348     8.264507   -32.313290   -76.809433
   19.331352     5.017148     9.582470     8.089931   -45.277637   -67.425228
   19.254706     5.046295     9.622031     8.066987   -39.507071   -68.129839
   18.779379     4.853009     9.821500     8.096099   -29.804714   -68.556076
   18.851115     5.095801     9.820547     7.930700   -25.298933   -72.556264
   19.660818     5.278054     9.507134     8.092041   -33.259115   -72.582420
   18.909179     5.051482     9.825650     8.138104   -18.182366   -77.094184
   18.875203     5.175681     9.789642     8.349564   -38.462192   -60.322174
   19.310114     4.881678     9.556346     7.982810   -36.130554   -64.286931
   19.232142     5.017508     9.633539     8.039645   -36.376171   -71.207279
   18.572869     4.964678     9.856981     7.728085   -37.824987   -59.902273
   19.573391     5.014287     9.474522     8.418708   -43.098919   -43.072555
   19.100510     5.038232     9.674796     8.222677   -22.243354   -57.324420
   19.219777     5.052640     9.571407     7.976444   -41.756236   -50.310733
   19.061666     5.188232     9.679702     8.059239   -31.226141   -54.315746
   18.965801     4.913752     9.679990     8.034330   -40.431366   -55.360938
   19.280032     4.820987     9.582012     7.910217   -32.026893   -77.209349
   19.308176     4.934973     9.586784     8.109136   -43.813713   -68.921552
   18.660292     5.221662     9.860852     8.049091   -44.405232   -60.736690
   18.834337     4.936939     9.776862     8.230086   -49.162385   -63.966040
   18.747456     4.859663     9.824347     8.060788   -55.779246   -76.383742
   18.933625     5.225039     9.741507     7.957449   -43.901550   -63.375202
   19.253103     5.000480     9.569114     7.756654   -43.991973   -72.901009
   19.146409     4.951220     9.671122     8.256788   -45.732002   -69.371943
   19.612827     4.914440     9.433444     7.899373   -41.370348   -74.744012
   18.975420     4.737569     9.684512     8.007310   -35.376881   -65.436918
   18.905646     4.938692     9.813812     8.276335   -29.947645   -77.469117
   18.911280     4.923421     9.722120     7.973875   -22.213230   -57.688089
   19.303766     5.162569     9.606480     8.087715   -24.752719   -59.265728
   18.831732     5.446133     9.803365     8.171884   -44.631270   -58.741978
   19.374487     5.167542     9.606610     8.107803   -26.901949   -69.415501
   18.802182     4.719062     9.881868     8.264567   -22.742828   -86.943301
   19.356242     5.162498     9.627288     8.215696   -31.561311   -71.345823
   19.018001     5.296466     9.663395     7.981075   -47.119660   -50.422155
   19.023392     4.906443     9.705857     8.367248   -36.131299   -61.718777
   18.669486     4.962399     9.901290     8.311393   -36.328464   -70.195134
   18.624985     5.262927     9.865341     8.348229   -51.068501   -56.342786
   19.108969     5.021363     9.726517     8.132139   -29.339412   -80.400290
   18.815875     5.017804     9.807336     7.916824   -38.449746   -71.781822
   19.006299     5.118360     9.791588     8.192414   -32.412415   -81.368747
   18.854564     5.114043     9.861154     8.177050   -18.821288   -76.832581
   18.885015     5.194355     9.752813     8.121867   -50.809758   -59.049399
   19.078588     5.077634     9.718297     8.016633   -36.396965   -76.548666
   18.901492     5.318222     9.793248     7.872439   -30.641786   -69.197937
   19.230993     4.870250     9.610388     8.035487   -35.455009   -70.565307
   18.782320     4.733704     9.844866     8.011195   -35.017648   -83.515101
   19.132894     4.882186     9.627389     7.950420   -47.519515   -70.509458
   19.190567     4.818445     9.593210     7.850752   -39.214583   -72.444278
   19.116740     4.972168     9.674065     7.937043   -42.314857   -79.021223
   19.172472     4.907599     9.679560     7.963934   -37.380703   -92.809680
   19.597946     5.345870     9.569107     8.162225   -36.262891   -83.784112
   18.783723     4.903720     9.830375     8.271388   -21.929521   -65.653442
   19.104530     4.797580     9.544337     7.976452   -36.212387   -41.174908
   19.303400     4.616205     9.557253     7.914932   -15.169185   -76.647869
   19.283601     5.253273     9.649311     8.142690   -50.172232   -75.339522
   19.308193     4.784245     9.557551     8.071429   -31.925215   -64.938588
   18.976563     4.773201     9.699348     8.220666   -46.394834   -65.740210
   19.325749     4.900734     9.535648     7.919144   -44.546544   -65.814974
   18.818457     4.978139     9.825172     8.366717   -25.928310   -65.972479
   19.142461     5.068696     9.663142     8.214518   -41.429362   -59.710261
   19.515283     5.210315     9.524316     8.217763   -24.285981   -50.819959
   18.677329     4.801834     9.770661     8.085747   -28.045496   -48.492617
   19.073779     4.667550     9.689248     8.358214   -29.219844   -71.976827
   19.202991     4.914021     9.645029     8.250053   -21.054180   -65.549483
   19.355100     5.173996     9.617820     8.243139   -35.167079   -65.861484
   18.883305     4.687515     9.665691     7.811106   -31.067810   -55.506093
   19.058205     5.063149     9.686044     7.707834   -24.832994   -71.209530
   19.056330     4.848064     9.717749     8.555791   -36.471975   -67.116248
   19.016479     5.273086     9.745795     8.075064   -35.990588   -66.748363
   19.206116     4.732382     9.591249     7.987082   -32.240572   -68.856335
   19.478779     4.725011     9.476262     7.902367   -13.897558   -68.865923
   19.187743     4.838996     9.566673     7.966942   -30.920303   -52.439972
   19.320287     4.608416     9.542308     8.308081   -16.804937   -59.182018
   19.417615     5.023750     9.598451     8.503542   -25.620217   -64.083728
   19.113434     4.782976     9.679994     8.073827   -16.065188   -74.483444
   19.311853     4.818641     9.601195     8.112773   -15.428025   -75.130227
   18.924254     4.901749     9.753726     8.236350   -23.909921   -63.692164
   19.356501     4.665254     9.557491     8.403168   -20.033514   -63.351120
   19.420754     4.646851     9.503447     8.128319   -24.561104   -66.377737
   19.131450     4.633242     9.688811     8.438692   -15.455511   -75.213754
   19.843316     4.677167     9.347174     8.029608    -0.567791   -73.940187
   19.294669     4.957665     9.517982     7.909824   -18.313717   -45.053675
   19.247906     4.782762     9.558497     8.134468   -19.017535   -52.655976
   19.434108     4.655654     9.455687     8.022449   -20.392368   -53.822027
   19.526434     4.991043     9.522498     8.394076   -12.182210   -55.061043
   19.379481     4.714798     9.509773     8.078220   -26.525517   -60.617035
   18.755418     4.862525     9.780356     8.038216   -24.933772   -55.941003
   18.632943     4.730042     9.894539     8.212114   -18.641457   -66.271577
   18.999359     4.691702     9.573612     7.814183   -38.430493   -48.226055
   19.052770     4.963910     9.662547     8.070687   -31.866916   -55.350192
   19.225904     4.980950     9.620070     8.157865   -22.566521   -59.357528
   19.115271     4.912282     9.656309     8.287456   -21.986595   -57.547473
   18.918163     5.034928     9.729627     7.994841   -22.782209   -56.468618
   19.280439     4.827681     9.605794     8.090911   -14.839529   -71.606049
   19.058509     5.050066     9.762148     8.084328   -14.934875   -80.592730
   19.280245     5.016819     9.593688     7.876161    -9.114575   -63.208908
   19.237127     4.952260     9.576890     8.169531   -23.478840   -48.833887
   19.128922     4.776366     9.591987     7.979937    -9.876546   -50.874724
   18.946797     4.904102     9.639614     7.708667   -22.244743   -48.803777
   18.978982     4.837436     9.703488     8.108549    -6.345134   -57.775205
   19.294927     5.146733     9.571517     8.065591    -6.619977   -46.712716
   19.238125     5.003138     9.583439     8.088832    -6.050284   -48.721090
   19.076724     4.843662     9.612294     7.908211    -2.378003   -47.491670
   18.784339     4.998603     9.787589     7.906413    -4.276541   -53.409643
   18.947175     4.826412     9.690415     7.845302   -14.542266   -57.924431
   18.595040     4.995327     9.824042     8.085791   -18.425457   -45.355796
   18.827644     4.726552     9.693140     8.024715    -6.349250   -43.653095
   19.166800     4.787267     9.622275     7.951511   -14.303850   -66.145827
   19.121423     4.879762     9.652677     8.139520   -13.478533   -60.298933
   18.937001     4.992615     9.714158     8.147562    -3.872042   -49.926611
   19.304296     4.795388     9.565720     8.065202    -2.619987   -60.365337
   18.747323     4.947992     9.828511     8.041693   -18.958052   -61.984879
   19.451811     5.141686     9.587158     8.198611   -28.945821   -71.649799
   19.463642     4.833442     9.438619     7.962737   -49.904010   -52.636038
   19.071443     4.868260     9.646048     8.222221   -42.744615   -55.252490
   19.118532     4.626897     9.612764     8.080711   -22.455490   -62.418886
   18.929545     4.969497     9.705198     8.119417   -26.304031   -51.946744
   18.965566     4.808388     9.711798     8.370817   -27.134416   -59.386415
   19.349347     5.210586     9.625021     8.377460   -30.718882   -60.811579
   19.090505     4.880208     9.690278     8.406608   -17.957412   -62.801255
   19.061510     5.134019     9.704875     8.234011   -32.795410   -58.876806
   19.539570     5.223628     9.520870     8.161153   -13.624357   -53.466481
   19.395220     4.820881     9.597680     8.649620   -29.936491   -64.913757
   18.534673     4.805203     9.893009     8.340041   -33.540590   -57.238814
   19.458851     4.903138     9.494520     8.235580   -25.473841   -48.303174
   18.925014     5.020340     9.762841     8.459935   -28.421096   -60.060166
   18.530180     4.675915     9.926899     8.232668   -40.017751   -68.635961
   18.781734     4.882939     9.844093     8.075462   -31.071845   -74.656002
   18.955478     4.735454     9.706680     8.136433   -37.333298   -66.252925
   18.764891     5.077302     9.843734     8.368537   -48.644495   -67.235834
   19.241859     5.117981     9.650332     8.433250   -30.250808   -59.078869
   18.953702     5.008945     9.763151     8.465881   -33.755679   -64.163376
   18.798097     5.047961     9.796476     8.259324   -39.867642   -58.101907
   18.697249     4.780385     9.826869     8.236591   -20.251263   -58.669226
   18.923407     4.911175     9.776807     8.068402   -18.214174   -71.385908
   18.573207     5.215523     9.959755     8.204959   -26.682027   -65.564862
   19.608526     4.743034     9.467027     8.540126   -37.917434   -53.760166
   18.906178     5.026013     9.804934     8.304135   -30.523481   -71.284470
   18.936652     4.756037     9.703340     8.239901   -38.861224   -60.203266
   18.960434     4.754983     9.752592     8.295042   -30.595498   -74.016861
   19.021854     5.093910     9.621814     8.227228   -45.195341   -38.612133
   19.335559     4.787347     9.551811     8.612912   -38.231254   -48.653765
   18.734620     5.145062     9.761795     8.188733   -29.582676   -43.576841
   19.262555     4.803890     9.558170     8.122028   -32.197192   -55.288902
   18.762182     5.084455     9.829601     8.234538   -23.742602   -59.237011
   19.389645     5.032067     9.562757     8.168165   -29.961953   -58.227992
   19.242935     5.178974     9.697003     8.409293   -22.240323   -71.810056
   19.411956     4.911204     9.521497     8.409434   -22.176485   -46.229482
   19.079519     5.133364     9.685209     7.911050   -30.492411   -64.708525
   19.043581     4.995328     9.688056     7.949771   -41.128971   -68.718130
   19.018089     5.048508     9.717143     8.001979   -11.481986   -61.833831
   18.871863     5.029603     9.719254     8.106578   -38.860072   -49.571416
   18.919465     4.755903     9.659321     7.977652   -33.650354   -51.839664
   18.724987     5.234168     9.831110     8.019149   -30.292626   -56.986694
   19.048006     5.029414     9.673128     8.149203   -35.518576   -53.596926
   19.185542     4.766625     9.613663     8.235869   -37.739971   -63.353216
   19.194425     5.276813     9.645346     7.933197   -35.540624   -63.454395
   18.816668     4.671213     9.745344     8.241480   -34.792153   -59.777809
   18.935376     4.664726     9.722092     8.212063   -35.385662   -68.711466
   19.376465     4.771522     9.525750     7.884017   -33.940986   -78.035763
   19.107663     4.787789     9.628140     7.876961   -29.621580   -67.007568
   19.147601     4.850815     9.629580     7.846294   -41.714201   -79.051294
   19.324287     5.287591     9.624038     8.209047   -47.352118   -64.248628
   19.107818     5.078775     9.721552     8.025882   -28.095637   -79.104076
   19.517513     5.145656     9.521126     7.987431   -39.864335   -71.486924
   19.355736     5.087684     9.575726     8.039019   -33.688320   -62.564691
   19.363343     4.876576     9.583699     8.328985   -40.036666   -68.200481
   19.084958     5.084488     9.686524     8.002859   -33.600266   -64.816623
   19.042554     5.272254     9.755171     8.018480   -22.324106   -70.854214
   19.022067     5.143677     9.644440     7.740895   -52.322621   -62.826424
   18.729908     4.920894     9.869193     8.135638   -45.112431   -77.014457
   18.851860     5.104633     9.749820     7.920864   -44.148734   -60.290924
   19.057672     4.873697     9.699287     8.270751   -33.812550   -66.825756
   19.106771     5.194460     9.708801     8.312662   -41.829033   -63.552874
   19.102868     4.925935     9.687986     8.230063   -42.302052   -70.141990
   19.237052     5.003103     9.603575     7.986577   -44.537459   -67.534121
   18.809405     4.986412     9.811086     7.912043   -32.694379   -70.694002
   18.682595     4.698286     9.841243     8.257817   -26.587550   -63.373616
   19.357200     4.727705     9.494165     8.243516   -39.257235   -47.626875
   19.162834     5.198016     9.702537     8.349953   -34.059524   -65.823857
   19.061246     4.687248     9.622131     8.012981   -28.917101   -58.699923
   18.712993     4.888840     9.867492     8.024427   -28.313680   -71.181929
   19.174160     5.099062     9.604420     7.909054   -31.462395   -53.442470
   19.267012     5.009279     9.660269     8.203884   -21.858556   -77.788474
   19.166942     5.336186     9.658415     8.258448   -34.043627   -51.175917
   19.299565     5.007453     9.536748     7.856280   -33.535420   -54.816041
   19.258918     5.366497     9.612216     8.125505   -29.454024   -49.278951
   18.780914     5.149496     9.731381     8.444113   -45.588410   -41.785976
   19.127733     4.825238     9.630187     8.340948   -34.402076   -55.423426
   18.785317     5.077884     9.864152     8.113390   -33.525767   -74.451476
   19.249703     5.055468     9.569292     7.855188   -47.187516   -63.726116
   19.103394     4.907155     9.672803     8.079554   -33.230031   -68.171180
   19.242761     5.074995     9.634577     8.285625   -33.822295   -59.489587
   19.506061     4.851400     9.499631     8.143083   -16.251579   -62.611790
   18.821453     4.895292     9.814247     8.294443   -31.257445   -67.922896
   19.225984     5.198884     9.657085     8.190166   -24.696639   -61.603247
   19.361880     5.143793     9.517270     8.257699   -39.963110   -36.727646
   19.308017     5.305967     9.613957     8.361030   -40.579391   -51.104908
   19.144799     5.071105     9.699236     8.286962   -24.265739   -67.838391
   18.959058     5.194904     9.705645     8.376788   -35.699838   -46.943771
   19.011661     5.063554     9.702592     8.179225   -28.500741   -55.575704
   19.120253     4.764845     9.660547     8.008813   -11.658688   -70.369690
   19.209348     4.908471     9.588794     8.174438   -23.022508   -50.989648
   19.206160     4.864647     9.583269     7.998221   -33.520686   -57.837934
   19.105216     4.690059     9.608410     8.255491   -30.559056   -54.157652
   19.213637     4.950304     9.609045     8.033381   -36.546629   -62.241802
   19.064276     4.878251     9.636608     8.342636   -19.871173   -47.333571
   19.095514     4.744679     9.647244     8.151559   -36.585386   -65.827625
   19.135825     4.659310     9.628266     8.428501   -39.862039   -61.859480
   18.973588     5.040658     9.728010     7.954686   -35.127883   -66.726193
   18.962281     4.935722     9.722796     7.922772   -35.404569   -69.196374
   18.535124     5.069028     9.891006     7.969750   -47.663185   -59.375589
   18.954406     4.991966     9.749463     7.886896   -29.636265   -73.205591
   18.539879     4.776316     9.772596     7.784430   -41.460794   -45.789479
   18.884268     5.088785     9.746467     7.858218   -41.768566   -65.152926
   19.361133     4.736447     9.494956     8.164229   -40.688448   -50.841642
   19.400230     5.200104     9.522868     8.128399   -35.436045   -42.883854
   19.164637     5.121765     9.669850     8.371945   -40.409409   -58.890694
   18.987377     5.244967     9.742645     7.901980   -44.231403   -73.157504
   19.987713     4.921928     9.312771     7.987891   -32.040476   -84.055282
   19.003154     4.843008     9.726332     8.129320   -28.278464   -71.528372
   18.849450     5.233483     9.820507     8.522047   -23.859017   -58.690999
   18.898762     4.974781     9.780837     8.477192   -35.745195   -64.174198
   19.301594     4.752329     9.591042     8.464119   -31.430529   -62.886049
   19.094620     5.293036     9.695255     7.999867   -43.076156   -66.070834
   19.165584     4.738658     9.602491     7.902249   -30.625700   -69.295932
   19.077642     4.777763     9.639273     8.280522   -35.147794   -55.991987
   19.296902     4.888897     9.606796     8.040563   -22.669077   -75.393847
   18.810233     5.112553     9.768459     8.006625   -34.438124   -54.700488
   19.220595     4.641370     9.519916     8.293076   -44.496937   -45.669110
   19.363172     5.160350     9.539144     8.237144   -41.879164   -42.489807
   19.284550     5.179548     9.596832     8.038013   -36.847229   -57.245381
   18.823638     5.149713     9.842510     8.178327   -37.194458   -71.364499
   19.051293     4.966652     9.705565     8.062106   -20.070139   -66.192604
   19.028279     4.613523     9.634226     7.893885   -22.581858   -62.603678
   19.161615     4.863460     9.591677     8.145244   -41.250087   -51.395567
   19.113630     5.135083     9.711508     8.001800   -36.144604   -78.062682
   19.313941     4.975595     9.624073     8.185543   -29.773914   -75.235436
   19.326095     5.165024     9.639176     8.249212   -34.814134   -70.451948
   19.198854     5.060957     9.616483     8.183254   -34.639065   -51.826594
   19.521219     4.968188     9.563858     8.321505   -16.956728   -77.384102
   19.135530     5.017755     9.662535     7.965394   -37.803692   -70.863982
   19.394611     5.134763     9.600222     8.135729   -36.085661   -73.457428
   19.447210     5.105764     9.566683     8.147089   -35.215108   -67.304136
   18.864706     4.889553     9.778847     8.107548   -34.041482   -67.680788
   18.905428     4.934499     9.745655     8.324595   -43.899262   -60.478686
   18.882426     4.980628     9.678668     7.909374   -27.907415   -45.906337
   19.400138     5.277474     9.539181     7.972321   -43.479302   -55.109123
   19.283561     4.842355     9.590589     7.962600   -21.069286   -72.301187
   19.390592     4.991810     9.602561     8.401506   -33.872435   -68.790984
   19.189855     5.065853     9.697898     8.418855   -29.156690   -70.924985
   19.232551     5.130251     9.580870     7.933357   -36.019012   -52.289593
   18.611441     5.166643     9.968136     8.069586   -29.222667   -74.865045
   18.971034     5.032923     9.752701     8.222965   -33.851157   -65.491824
   18.903091     5.158028     9.789602     8.275378   -33.979585   -63.656235
   18.935189     5.393357     9.789314     8.413042   -43.996598   -61.173007
   19.233158     4.943444     9.623237     7.983054   -27.584720   -71.354157
   19.412542     5.499266     9.588512     8.088308   -27.947354   -55.822776
   18.871299     4.786471     9.802760     8.136021   -20.653621   -75.239846
   19.064429     4.947316     9.684659     8.098915   -25.401920   -62.248136
   19.305064     5.106554     9.658362     8.245306   -22.104988   -76.215294
   19.362928     5.011439     9.433494     7.889631   -51.991531   -36.489844
   19.285236     4.781077     9.601578     8.251835   -20.415360   -68.912985
   19.059015     4.632367     9.639123     8.307853   -26.776320   -57.948170
   18.847051     4.884895     9.798524     8.276747   -29.435606   -67.159809
   19.376365     4.868693     9.558714     8.168488   -16.799144   -63.823377
   19.568187     5.001624     9.572520     8.483412   -28.771123   -78.233623
   18.793202     4.901560     9.737639     8.306738   -44.354584   -49.531554
   18.835644     5.005830     9.842556     8.374141   -37.437222   -74.029638
   19.496719     4.899578     9.519102     8.300156   -44.416756   -61.956892
   18.676262     5.137215     9.908801     8.085394   -38.086902   -72.391053
   18.808786     4.713144     9.792026     8.034073   -33.700453   -72.441902
   19.037654     4.979636     9.682891     7.936446   -38.809775   -66.256945
   19.122530     5.300074     9.746108     8.250312   -26.421636   -72.423550
   18.782607     4.771480     9.793204     7.893924   -30.683122   -69.319898
   18.954005     5.103131     9.785725     8.016532   -25.535133   -74.568625
   18.607692     4.855565     9.957023     8.280102   -22.973128   -74.119633
   18.840120     4.585732     9.703232     8.259230   -33.812702   -54.955133
   19.082267     4.594574     9.640303     8.449284   -31.807060   -59.811769
   18.948434     4.759938     9.710074     7.958017   -29.101300   -67.574911
   19.194531     4.922302     9.640126     8.314486   -26.026056   -61.357291
   18.864026     5.081888     9.797255     8.508843   -39.918467   -61.957553
   19.141661     4.928805     9.679127     8.317559   -28.683421   -67.155924
   19.107945     5.083958     9.709163     8.032659   -29.917447   -74.311612
   18.968901     5.094906     9.685319     7.958364   -28.662017   -51.160967
   19.155714     4.897669     9.641642     7.967334   -39.064388   -73.649074
   18.906874     4.735886     9.735754     8.339955   -40.517832   -64.815556
   19.132698     5.131442     9.628745     7.878794   -30.759104   -55.708119
   19.166633     4.754932     9.581825     8.170946   -32.229580   -52.566048
   19.061541     5.113318     9.638310     8.110015   -35.618361   -45.310210
   18.807280     4.894906     9.690010     8.093073   -43.621987   -43.655063
   19.213409     5.113353     9.641118     8.121400   -32.234146   -60.867532
   19.406402     4.562007     9.457557     8.154084   -37.478964   -54.710231
   19.072137     5.084909     9.706167     8.408706   -31.478042   -59.240140
   18.874296     4.705806     9.762131     8.175183   -25.394512   -68.143414
   18.980918     4.722576     9.668314     7.855673   -34.164180   -66.870576
   19.114581     4.851666     9.652345     7.898603   -31.946388   -73.335627
   19.379465     5.334894     9.629117     8.304086   -37.099074   -64.527637
   19.034729     5.165914     9.632283     7.997162   -36.782231   -43.644326
   19.386905     5.091546     9.605380     8.219359   -33.651119   -71.249460
   18.951126     5.232661     9.732709     8.108038   -28.907477   -54.352204
   19.155928     5.319513     9.728601     7.965176   -27.447889   -81.937977
   19.026417     5.260575     9.705818     8.119716   -35.834642   -55.367790
   19.188960     5.163712     9.680908     8.348506   -24.340338   -62.238494
   19.107087     4.631795     9.693168     8.464904   -21.998901   -73.968484
   19.382189     5.143353     9.574209     8.116665   -21.419181   -57.846915
   19.307806     5.326159     9.642665     8.246456   -40.063817   -63.500468
   19.121507     4.961947     9.678132     8.225943   -30.803979   -64.738777
   19.342733     4.781888     9.552739     8.080898   -25.170258   -66.700939
   19.371146     5.363590     9.625469     7.931323   -17.579632   -73.790524
   19.112892     5.207992     9.680457     8.131091   -37.496355   -58.775809
   18.874160     5.269305     9.824526     8.063470   -31.156945   -70.482148
   19.343097     5.208604     9.655420     8.250105   -32.032711   -77.532166
   18.960167     5.131723     9.738590     7.971853   -45.401696   -68.902735
   19.352635     5.183868     9.599637     8.188596   -43.275024   -62.231859
   18.946209     4.986590     9.777621     8.038211   -24.373052   -74.310868
   19.400330     5.225573     9.512473     8.071849   -40.480600   -42.253693
   19.128421     5.031529     9.644714     8.217975   -32.064066   -52.743010
   19.282047     4.983635     9.583615     7.939112   -24.812880   -62.876764
   19.301117     4.689188     9.501005     8.123163   -36.356209   -49.355133
   19.697755     4.880895     9.407677     8.093088   -35.395334   -58.274869
   18.988688     5.404842     9.714043     8.123005   -39.323200   -52.005922
   18.919697     4.896615     9.801684     8.146774   -23.710723   -78.625336
   18.826430     5.107757     9.807283     8.312378   -38.865355   -61.755671
   19.303339     5.129687     9.579813     7.869467   -28.610650   -62.490034
   19.121109     5.073852     9.665588     7.980491   -39.712284   -66.848532
   18.683515     4.903753     9.873094     8.510082   -40.294762   -66.093880
   19.408062     5.088850     9.561424     8.020166   -29.325122   -65.373341
   18.923816     5.110664     9.771933     8.206263   -43.636862   -66.097699
   19.234874     5.033898     9.630737     7.960917   -30.863068   -71.831351
   19.303233     4.691385     9.588347     8.092205   -34.798917   -83.932815
   19.190375     5.010231     9.627589     7.944480   -27.437722   -63.967777
   19.383743     4.928317     9.507357     8.070455   -30.937311   -48.480048
   18.938124     4.736066     9.693014     8.092335   -31.412667   -59.774823
   18.793016     5.096699     9.855108     8.050457   -28.536447   -72.212708
   18.958101     4.768832     9.634040     8.328428   -42.882012   -44.750247
   18.802059     4.630995     9.705992     8.041757   -23.235635   -50.982946
   19.138417     4.869228     9.577999     8.161816   -50.766085   -47.123074
   19.350606     5.252521     9.598837     7.987477   -33.756151   -66.999451
   19.031735     4.970829     9.761650     8.173160   -21.408002   -78.980777
   19.146746     4.773058     9.582792     7.942210   -32.548027   -56.982761
   19.533053     5.351200     9.538615     8.012624   -35.337213   -66.416189
   19.038735     5.115424     9.732437     8.289589   -26.126511   -63.202890
   18.823299     4.922296     9.747247     8.173332   -40.476764   -53.466857
   19.420367     4.984558     9.527100     8.053792   -27.955850   -57.064581
   19.173775     4.758899     9.598456     8.214052   -41.942670   -58.880595
   19.366390     4.743925     9.530961     7.914016   -20.076951   -71.436324
   19.376041     5.197605     9.574980     8.103919   -23.345580   -55.753709
   19.510989     5.094420     9.550239     8.057375   -22.664718   -76.261368
   19.137156     4.934560     9.606820     8.018321   -37.871689   -53.285238
   19.335099     4.823652     9.511668     7.865629   -37.015727   -62.480647
   19.075055     4.887766     9.655969     7.766765   -28.950185   -70.931117
   19.168791     5.083827     9.691170     8.163728   -37.554717   -74.766348
   19.293759     4.802063     9.613128     8.127277   -27.131774   -80.738397
   19.281742     5.031786     9.677765     8.641708   -45.626793   -71.024743
   18.601286     4.939131     9.937369     8.424194   -35.953385   -69.868593
   18.822438     4.815693     9.740390     8.378468   -40.165359   -54.043243
   19.200340     5.241816     9.603203     7.865591   -40.942996   -57.126607
   19.046043     4.944099     9.714278     7.927488   -23.810304   -74.558406
   19.259328     4.587152     9.576247     8.032739   -32.757287   -79.423705
   19.159417     4.923858     9.698922     8.208211   -28.690624   -80.882139
   19.197758     4.853638     9.629017     7.965347   -32.963683   -76.254656
   19.215474     4.713098     9.484206     7.956343   -44.858892   -43.216697
   19.587538     5.092425     9.466970     8.033497   -24.923302   -53.333521
   19.144893     4.956208     9.648766     8.043538   -42.111008   -68.163186
   19.697435     4.883046     9.406851     8.014932   -36.184193   -65.851138
   19.088202     5.187591     9.673794     7.967892   -46.474913   -64.415804
   19.191192     4.837611     9.638822     8.190699   -34.360908   -69.892148
   19.128014     4.899171     9.712622     8.411741   -26.693092   -74.952430
   19.229796     4.889752     9.654172     7.958642   -20.692559   -86.283973
   19.161310     4.740316     9.605681     8.118390   -38.333952   -63.087973
   19.664156     5.006483     9.458242     7.994696   -27.469901   -75.250421
   19.139695     4.851185     9.573241     7.889940   -43.248580   -55.372094
   18.884335     4.536333     9.579367     7.917116   -42.811796   -43.381380
   18.930993     5.194126     9.805265     7.846776   -21.386656   -77.730747
   19.219419     4.713643     9.633594     8.074544   -24.693630   -82.313208
   19.399702     4.978150     9.566961     7.878538   -25.988439   -84.264490
   19.335882     4.850344     9.560907     8.119758   -33.386134   -64.006554
   19.186113     4.657569     9.539762     7.952225   -36.401360   -55.844376
   18.637145     4.832734     9.862630     8.272362   -40.464540   -62.836227
   19.111440     4.881255     9.684253     8.155190   -35.067230   -73.068987
   19.162138     5.216702     9.698003     8.042043   -29.883218   -72.709825
   19.266968     5.191180     9.641013     8.099580   -34.811699   -67.228479
   19.036818     4.713706     9.655583     7.877962   -28.385783   -68.359533
   18.926647     4.913249     9.708727     8.184516   -27.502770   -53.449672
   18.730652     4.695860     9.790337     8.224142   -45.855509   -63.415769
   19.009581     4.987520     9.742685     7.971423   -23.189810   -74.516042
   19.271942     4.800862     9.611248     8.224728   -27.901251   -71.791491
   19.104108     4.984777     9.716339     8.233160   -36.252510   -75.908976
   19.124043     5.197166     9.693638     8.126669   -46.215342   -68.524164
   19.055072     4.872582     9.638171     7.867706   -39.278817   -62.707468
   19.028191     5.220492     9.747655     8.161982   -42.012629   -69.760848
   19.023808     5.105029     9.776110     8.374570   -28.030638   -73.527774
   18.846300     5.278557     9.851701     8.646472   -44.049433   -66.418919
   18.953972     5.101270     9.659475     7.688933   -35.233241   -53.820708
   19.067826     5.281303     9.708827     7.990490   -30.604315   -62.889395
   19.134345     5.249873     9.726841     8.014434   -23.475303   -76.570321
   19.517521     5.050668     9.524152     7.976466   -33.783054   -78.915262
   18.682695     4.534825     9.818651     8.146666   -28.138954   -64.578220
   19.116784     4.789598     9.684645     8.220638   -27.842862   -74.981358
   19.383737     4.900096     9.532205     7.908634   -27.604017   -67.427040
   19.014343     4.787541     9.741688     8.177350   -25.930893   -79.015932
   18.767236     4.610629     9.763138     8.110807   -19.515440   -58.107447
   19.012235     4.805144     9.711455     8.075407   -29.598645   -71.866301
   19.488228     4.909986     9.520942     8.126849   -32.630689   -68.093915
   19.419388     4.822110     9.520851     8.001402   -34.271182   -71.671341
   19.197194     4.786867     9.600791     8.321612   -44.745379   -58.342780
   19.183152     4.727585     9.547908     8.066377   -39.066291   -50.571600
   19.139844     4.912561     9.649045     8.414898   -29.784596   -56.508207
   19.205248     5.206902     9.667055     8.087738   -44.730513   -72.023900
   19.058815     4.674544     9.613702     8.363675   -46.479136   -52.345304
   19.132575     5.064841     9.620423     7.920578   -31.311917   -53.951733
   19.102066     5.248882     9.660949     8.123015   -39.649438   -51.916994
   19.649766     4.738154     9.431385     8.187940   -34.603965   -66.543654
   18.679119     5.327851     9.846630     8.174921   -34.177788   -53.569250
   19.019312     5.379598     9.782139     8.196766   -29.641304   -69.869084
   19.191629     5.061710     9.574988     8.073092   -39.617784   -43.987534
   18.756801     5.030718     9.684737     7.968827   -43.811916   -38.642056
   18.735796     5.165653     9.790302     8.069883   -31.360662   -50.189310
   19.125384     4.985887     9.694009     8.188233   -25.245369   -69.782435
   19.273952     5.255734     9.568503     8.072977   -36.808357   -44.374715
   18.987147     4.780391     9.651953     8.204545   -29.409909   -50.546514
   18.922371     4.711703     9.749060     8.464662   -21.792010   -64.335365
   19.289045     5.111303     9.545213     7.999025   -36.410062   -45.883376
   18.866565     4.892098     9.683659     8.309037   -34.684921   -43.340651
   19.078310     4.956013     9.641084     8.193612   -26.111799   -49.852659
   18.992841     5.123439     9.668702     8.031547   -30.266357   -47.313503
   19.368582     5.269092     9.569021     8.305169   -46.514032   -47.223159
   18.786216     5.142821     9.746486     7.838245   -23.351172   -48.204968
   18.855444     5.340813     9.831994     8.233853   -31.205621   -65.192773
   19.046579     5.233416     9.679626     8.235559   -37.904469   -49.209409
   19.297461     5.202559     9.638567     8.229470   -18.711813   -62.655008
   18.504023     5.167822     9.871580     8.132562   -27.621558   -45.432293
   19.166252     5.195031     9.622149     8.014252   -24.713398   -49.715346
   19.274644     4.921216     9.589458     8.446507   -32.957405   -52.197672
   19.319348     4.889737     9.489505     8.137923   -35.287478   -37.702376
   18.831192     4.992683     9.739182     8.003572   -28.917689   -52.107591
   18.972663     5.001220     9.665926     8.294908   -27.098945   -44.069216
   19.228248     4.864433     9.615260     8.365454   -44.427703   -61.321427
   19.200314     4.990673     9.592452     8.448770   -37.360204   -44.031104
   18.997243     4.993930     9.672916     8.174105   -15.670409   -48.092304
   19.048036     4.705444     9.617105     7.988595   -32.208010   -56.483837
   19.244826     5.190601     9.664950     8.075966   -16.217960   -69.568402
   19.268680     4.913874     9.558392     8.100578   -31.097004   -50.717205
   19.204230     4.780814     9.548718     8.124783   -30.448522   -47.044889
   18.975974     5.049883     9.764777     8.177554   -24.972001   -68.876252
   19.046567     5.271228     9.709677     7.876907   -30.246839   -64.785549
   18.840617     5.149893     9.746739     8.373560   -39.049726   -48.189117
   19.030826     5.089013     9.732347     8.173251   -30.377458   -65.658100
   19.111345     5.138502     9.665042     8.078764   -36.450510   -57.267406
   19.478998     5.108882     9.497474     7.941916   -32.440258   -55.497444
   19.402330     4.938053     9.505534     8.094633   -29.498614   -48.480825
   18.762403     5.258184     9.889476     8.180823   -21.503299   -69.134146
   19.297045     5.430791     9.676632     8.423512   -38.456194   -62.862460
   19.021842     4.712041     9.673790     8.135752   -30.739460   -64.651900
   18.983748     5.331670     9.678617     8.211487   -33.408422   -42.034833
   19.369022     5.041582     9.563092     8.413233   -26.311328   -48.971178
   18.591617     4.888944     9.946321     8.249831   -32.234011   -72.118505
   19.222401     5.286930     9.614709     8.006587   -39.902745   -54.770084
   19.022216     5.119543     9.632424     7.905634   -36.295136   -46.232971
   19.143331     5.220880     9.603889     8.226192   -49.509699   -41.509494
   19.484941     4.995405     9.533327     8.141837   -31.014541   -64.564846
   19.014004     5.214414     9.682929     7.993996   -44.453543   -55.242963
   19.021461     5.202439     9.737089     8.174167   -32.627646   -62.917015
   18.925479     4.893218     9.774530     8.497452   -30.108775   -66.663236
   19.436922     4.786939     9.486697     8.121925   -16.463084   -52.584959
   19.270012     5.067885     9.633758     8.297021   -22.798296   -62.051856
   18.723279     5.166762     9.741252     8.295149   -42.684471   -40.081121
   19.162445     5.067520     9.655036     8.210631   -30.762044   -58.137721
   19.126884     4.646932     9.582040     8.125237   -40.444551   -56.765199
   19.415927     4.685818     9.528750     8.076994   -23.740179   -76.420304
   19.372615     4.809058     9.550435     8.090264   -19.887831   -67.368198
   19.051898     4.925191     9.706278     7.987878   -31.533807   -74.184882
   19.245059     4.726233     9.605385     8.119115   -29.126807   -74.296526
   19.121953     4.954894     9.587833     7.796800   -26.866812   -51.413404
   18.827424     4.865391     9.784920     8.233475   -29.134858   -62.575364
   19.134355     4.759701     9.677051     8.266671   -21.076091   -73.588040
   19.314425     5.005017     9.579600     8.119025   -27.757185   -57.417570
   19.092210     4.663089     9.599870     7.916252   -29.735017   -60.655536
   19.204127     5.083144     9.706618     8.473352   -28.713098   -73.185898
   19.183889     4.781109     9.637596     8.255697   -15.170090   -65.737406
   18.729025     4.790285     9.839818     8.083801   -23.281738   -67.170787
   19.075714     4.685899     9.589740     8.261815   -35.451132   -47.331483
   19.065479     4.928840     9.639936     8.315698   -35.000141   -48.284152
   19.198069     4.812457     9.619917     8.120278   -28.012882   -66.465793
   19.319470     4.820719     9.585373     8.217092   -19.868771   -66.923911
   18.894822     4.569704     9.638503     8.095178   -38.475182   -50.433708
   18.866909     5.046645     9.777456     8.405858   -26.562584   -57.521422
   18.968828     5.199913     9.752158     8.070061   -35.089096   -64.352870
   19.329053     4.910045     9.605735     8.427268   -40.480332   -65.774941
   18.790593     4.999893     9.853391     8.427763   -35.119176   -70.256252
   18.721397     4.906543     9.894638     8.151527   -32.371332   -77.827330
   18.673677     5.227257     9.920541     8.149345   -39.819797   -72.670568
   18.923254     4.889544     9.781081     8.094819   -29.048595   -75.858560
   18.898496     4.851398     9.783070     8.531299   -32.655124   -67.008752
   19.218027     5.153194     9.604504     8.027361   -39.686050   -53.705637
   18.939224     5.182487     9.792971     7.962636   -34.480256   -77.163130
   19.591352     4.617787     9.421808     8.174879   -39.190507   -63.640060
   19.548651     5.212942     9.514488     8.206977   -43.500438   -53.892980
   19.123452     5.070016     9.697016     8.018238   -33.112188   -74.901380
   18.927552     4.892743     9.773865     8.452241   -32.577954   -68.015347
   18.765825     5.184558     9.834896     8.448318   -40.708505   -59.873663
   18.948596     4.793038     9.741500     8.279537   -34.025963   -68.777179
   19.339037     5.114743     9.634313     8.187614   -29.531012   -75.296887
   19.199629     4.546954     9.570546     8.245955   -40.199905   -63.228221
   18.805137     4.944514     9.763150     8.141968   -43.564868   -55.929120
   19.253498     5.280026     9.683637     8.094719   -38.392840   -81.010435
   19.583826     4.920986     9.500158     8.349563   -47.539575   -63.905307
   19.465709     5.041238     9.557102     8.189699   -41.261325   -70.182365
   18.890619     4.952034     9.741288     8.060600   -43.272828   -61.940039
   19.144310     5.086734     9.655328     8.109594   -42.375715   -60.591548
   18.716097     4.927942     9.885682     8.159996   -26.133382   -72.147423
   18.809210     4.928737     9.784369     8.089849   -34.990192   -61.279504
   19.168655     5.039840     9.711168     8.390322   -30.794939   -74.959705
   19.234935     4.987367     9.601452     8.200506   -50.113976   -57.487041
   18.910060     4.845041     9.775457     8.461929   -35.886728   -68.499596
   19.241342     5.184551     9.624356     8.004357   -43.033033   -65.511337
   18.910446     4.998955     9.794472     8.098582   -24.381135   -72.174482
   19.143510     5.046194     9.660596     8.453301   -22.274105   -53.525514
   19.017702     4.921782     9.689229     8.321945   -24.441178   -55.423420
   19.219238     4.850309     9.615239     8.484192   -41.916107   -57.324933
   18.860247     4.750562     9.702324     8.042591   -29.114320   -53.599518
   19.137004     5.166185     9.750914     8.266997   -35.942288   -84.436054
   19.744091     5.099593     9.516838     8.478705   -21.199857   -73.476368
   19.011420     5.253522     9.763680     8.088873   -21.657942   -67.790293
   18.715031     5.120719     9.893105     8.292423   -37.729728   -70.397690
   19.151787     5.265562     9.730302     8.237716   -36.443574   -75.519615
   19.169960     5.178158     9.727262     8.336186   -28.858145   -75.703428
   19.108821     4.969797     9.689814     8.093976   -37.561550   -73.055629
   19.381056     4.975754     9.577472     8.175091   -43.988756   -71.112951
   19.079366     5.046317     9.709049     8.198364   -41.241425   -68.675725
   18.947044     5.267973     9.793124     8.344155   -28.866085   -64.551173
   19.006181     4.842567     9.730959     8.300030   -35.937241   -71.163599
   19.250192     4.711053     9.582861     8.241639   -28.901364   -62.825638
   18.927608     4.656649     9.702149     8.358269   -40.318072   -61.062795
   19.058143     5.158893     9.684122     8.081523   -42.398077   -57.791237
   18.767799     5.239594     9.842010     8.417459   -32.190655   -58.977853
   19.031997     5.156460     9.777988     8.145062   -32.683899   -80.785736
   18.910244     4.975911     9.740158     8.235972   -38.621229   -57.042916
   18.960531     4.878243     9.765184     8.228659   -31.451165   -74.352045
   18.931811     4.935992     9.744064     8.073767   -41.750436   -68.234004
   19.160132     4.996316     9.640661     8.059097   -38.725567   -62.810446
   18.744679     4.664444     9.761922     8.038829   -48.086639   -63.919641
   19.066830     5.043935     9.727988     8.428917   -46.562288   -68.835475
   19.485283     5.153183     9.570431     8.273804   -26.585079   -64.935776
   19.145939     5.203503     9.694873     8.255366   -48.409804   -67.434860
   18.942359     5.260465     9.797512     8.520530   -25.291829   -61.613393
   19.140396     4.697811     9.592404     8.143220   -43.096275   -58.978517
   18.786097     5.049912     9.889204     8.383335   -24.467275   -75.352255
   18.680727     4.714618     9.835714     8.209189   -44.875572   -67.449857
   18.891951     5.304479     9.795196     8.298529   -44.329083   -62.708654
   18.694079     5.101893     9.855132     8.144466   -37.486194   -61.011931
   19.107312     5.114732     9.693221     8.361653   -32.053226   -59.067124
   19.442615     4.992132     9.510384     8.296333   -36.338636   -45.630545
   18.990568     5.192522     9.763526     8.480666   -29.439332   -61.328367
   19.091786     5.234593     9.759527     8.162912   -23.768387   -77.093938
   18.739512     4.892335     9.875725     8.380630   -19.051925   -69.340978
   19.203465     4.886165     9.653384     8.335264   -42.029370   -70.996275
   19.350667     4.834952     9.561122     8.436095   -35.079071   -55.934931
   19.180429     5.050774     9.649836     8.458538   -34.703666   -55.010601
   19.111015     4.772876     9.689719     8.301239   -46.079466   -79.039993
   19.287235     4.991340     9.651172     8.364447   -31.284596   -73.835725
   18.772853     5.113264     9.879245     8.267786   -37.076951   -74.319468
   19.433896     4.954281     9.577196     8.239053   -33.396253   -75.655133
   18.694052     4.777137     9.798395     8.211020   -40.872419   -57.349833
   18.837167     5.244960     9.801777     8.148888   -30.187949   -59.031147
   19.117964     5.094561     9.661276     7.991384   -32.827738   -60.884855
   19.221695     5.047356     9.670079     8.459514   -36.849993   -66.170972
   18.945595     4.878833     9.773148     8.385005   -33.762824   -71.985734
   19.058284     5.024825     9.698030     8.143104   -27.981379   -61.407474
   18.734795     4.848977     9.863378     8.220614   -17.922756   -68.623090
   19.286574     4.929575     9.510124     7.842436   -41.138347   -51.912715
   19.491129     5.225495     9.536757     7.847213   -26.427209   -74.102268
   18.965177     5.002461     9.770680     8.142610   -27.827686   -72.371635
   19.085796     4.723652     9.646909     8.137099   -27.414750   -63.628795
   18.821808     5.111298     9.808020     7.916831   -41.648553   -71.407504
   19.005855     4.879336     9.679133     8.235583   -12.411789   -52.633055
   18.969789     5.413117     9.781874     7.931181   -23.617708   -67.930603
   19.084747     5.112177     9.662530     7.952747   -31.514631   -57.718045
   18.731658     4.764069     9.775284     7.934051   -19.137374   -55.148756
   19.115693     4.889747     9.657763     7.810841   -23.106841   -73.560336
   19.553908     4.779550     9.397155     7.939462   -51.442030   -56.959196
   19.169807     4.708543     9.576956     8.080001   -36.569559   -57.571168
   18.964471     5.132949     9.628127     7.830853   -31.276249   -41.100506
   19.233708     4.913607     9.605632     8.256585   -34.352442   -57.309939
   19.110873     4.943303     9.686467     8.086448   -27.171985   -70.485949
   18.971695     5.014857     9.728772     8.113842   -25.663168   -60.568576
   19.303624     5.023236     9.614739     7.902820   -17.678225   -76.837321
   19.130467     5.114235     9.602387     7.805497   -24.042679   -49.719451
   19.123747     4.475139     9.592249     8.290589   -25.045108   -58.437411
   18.966193     4.658084     9.629008     7.822426   -29.007892   -55.989211
   19.620642     4.895686     9.463867     8.115256   -27.467569   -67.205846
   19.143028     4.557220     9.575199     8.214348   -34.883263   -56.932048
   18.769955     4.993295     9.842422     8.247822   -39.215522   -68.314505
   19.179346     5.137965     9.669116     7.990582   -16.971347   -66.615394
   18.902364     4.868236     9.752026     7.900075   -10.760267   -64.521621
   18.755522     4.974581     9.770531     7.845823   -33.830478   -56.791331
   19.084936     5.000641     9.609386     8.161124   -42.067654   -43.240072
   19.213566     5.099427     9.630326     7.869694   -33.649241   -71.088489
   19.224617     4.732005     9.587019     8.281093   -34.092972   -59.403172
   19.087714     5.057010     9.632219     7.836893   -34.279903   -56.806862
   18.873246     4.810832     9.781883     8.370026   -41.651049   -70.073313
   18.867270     5.203803     9.835961     8.539394   -14.045877   -62.174270
   18.956753     5.025264     9.778282     8.170636   -21.290440   -70.777352
   18.828167     4.931215     9.779940     7.946854   -29.838614   -64.688968
   19.282040     4.736744     9.581291     8.182145   -33.386099   -68.665141
   18.727213     4.911481     9.831985     7.863736   -39.377626   -71.495840
   19.146367     4.939024     9.634181     7.816815   -36.660194   -74.132011
   18.991796     4.864261     9.733785     8.047806   -30.439186   -74.301190
   18.815930     4.760063     9.735438     8.155053   -25.327800   -53.820984
   18.996957     4.859395     9.631895     8.257905   -36.539838   -44.086492
   19.096858     4.971708     9.670051     8.049949   -47.603012   -70.203032
   18.842201     5.218062     9.700748     7.899823   -32.795279   -43.398226
   18.883054     5.127487     9.762543     8.288126   -33.470009   -55.409801
   19.221889     5.213919     9.678154     8.278018   -31.609426   -66.117733
   19.215263     5.177407     9.665430     8.079081   -30.285139   -68.840616
   19.687197     5.119782     9.415076     8.100233   -42.612487   -44.646798
   18.990510     5.191151     9.771264     8.371530   -35.186344   -66.329634
   19.033599     5.060027     9.728060     8.351910   -35.558519   -63.471111
   19.353931     4.849299     9.522397     7.918059   -28.809850   -61.365642
   18.841195     4.998749     9.782451     8.203040   -26.868878   -59.250211
   19.268156     5.085829     9.609041     8.192578   -43.005366   -57.450435
   19.058354     4.918564     9.654231     7.933342   -28.298354   -59.350063
   18.987880     5.053432     9.654719     8.023004   -30.346912   -45.680429
   19.038052     4.821859     9.661415     8.041405   -38.912299   -62.674774
   18.982366     5.054970     9.717581     8.439282   -39.495969   -55.044534
   19.157121     4.771401     9.567239     8.310931   -30.325228   -43.995328
   18.965948     5.018222     9.699589     8.187048   -37.598557   -51.895188
   19.108570     4.957724     9.680362     8.319086   -18.660708   -60.948789
   19.241306     4.772858     9.552811     8.254048   -32.656868   -49.342506
   19.168291     5.031127     9.634852     8.090599   -32.245096   -57.389988
   19.671598     5.081666     9.477538     8.297779   -36.498280   -56.967736
   19.062189     4.841861     9.696466     8.485629   -39.058601   -64.177595
   19.203469     4.994393     9.609260     7.859291   -30.051674   -65.458265
   19.255731     5.012176     9.596106     8.058116   -36.050478   -58.677361
   18.973148     5.052268     9.654005     8.132419   -38.558895   -43.173509
   19.488963     5.165168     9.533386     8.428631   -32.822233   -46.191938
   19.112595     5.089591     9.720077     8.339053   -21.170510   -67.993558
   18.940855     5.046170     9.718416     8.122349   -16.470685   -52.728109
   18.983233     4.794178     9.681577     7.943571   -30.490026   -63.423117
   19.186533     5.340389     9.664718     8.143936   -46.423607   -61.555564
   18.806672     5.172754     9.807420     8.385196   -30.514713   -56.411246
   18.836783     4.910232     9.768141     8.170186   -22.556654   -58.006664
   18.942900     4.952598     9.716901     8.331413   -35.924080   -54.864188
   18.886812     4.787571     9.641889     8.258612   -37.227828   -40.384569
   19.511395     5.313391     9.566001     8.186331   -32.728906   -64.143706
   19.212971     5.194147     9.672743     8.147367   -27.556851   -67.186594
   19.353243     5.289495     9.566590     7.837908   -32.415988   -62.030069
   19.545296     5.252807     9.482503     7.985099   -35.079122   -51.090634
   19.570916     5.087528     9.522538     8.307455   -35.874157   -60.422441
   19.040018     5.063953     9.732601     8.105831   -28.589858   -69.553136
   19.132082     5.106766     9.687429     8.183098   -33.454150   -64.317728
   19.196194     4.846480     9.632985     8.334027   -32.514072   -63.187933
   19.332064     5.113388     9.613219     8.388505   -33.606909   -58.847281
   18.888730     5.158606     9.815630     8.346749   -34.048798   -68.088850
   19.113054     4.565228     9.649172     8.409882   -25.838967   -66.700360
   19.357880     5.149326     9.569251     8.072885   -26.970655   -54.964638
   19.384384     5.028728     9.576687     8.011834   -28.406140   -72.422128
   19.334429     5.406307     9.595924     8.019941   -43.952758   -60.016561
   19.018228     4.837680     9.714257     8.259278   -37.038409   -68.979656
   19.015910     4.885971     9.729055     8.341068   -20.155937   -66.403012
   18.928718     4.953952     9.784098     8.433585   -32.931611   -69.207579
   18.943890     5.169077     9.726329     7.869932   -43.086692   -64.922013
   19.188804     5.025854     9.687931     8.032955   -25.390662   -82.296095
   19.025506     5.181918     9.727555     7.944812   -29.818863   -67.475578
   19.093258     4.650864     9.651376     8.115439   -29.871655   -70.966009
