   21.566955     4.813273     8.667233     8.284190   -37.248565   -67.006059
   21.110468     4.803254     8.908199     8.368407   -43.410230   -68.218504
   21.011682     5.122067     8.986057     8.230894   -15.573707   -70.160907
   20.940428     5.010343     8.976109     8.189616   -25.232874   -79.563160
   21.013436     4.932952     8.868732     8.083034   -34.600720   -71.237881
   21.403097     4.945248     8.678016     8.098412   -38.529077   -63.464815
   21.663449     5.019614     8.636359     8.236749   -35.791310   -59.920892
   21.293119     4.820391     8.778398     8.272345   -35.794193   -57.120964
   20.969382     4.917427     9.028838     8.433965   -18.792714   -65.872602
   20.981847     4.809003     8.824328     8.061034   -36.405474   -55.035610
   21.047843     4.816948     8.874797     8.243993   -45.045581   -59.401753
   21.505551     5.100968     8.670212     8.124615   -29.956313   -52.711587
   21.061220     4.949074     8.831965     8.073910   -36.954907   -57.831338
   20.700080     5.104433     9.055475     8.081593   -20.736577   -65.564191
   21.620916     5.055149     8.707697     8.301566   -35.603622   -64.229846
   20.966290     5.090510     8.992242     8.271871   -36.318371   -56.344372
   21.238884     4.924781     8.843866     8.297515   -28.990906   -57.386804
   21.308626     5.145071     8.835494     8.231939   -41.245734   -57.108941
   21.438773     5.169955     8.831511     8.323704   -31.622639   -58.036025
   21.486091     4.883294     8.867640     8.598614   -50.765923   -51.146272
   20.911363     5.013060     8.903769     8.060589   -41.901152   -49.220088
   21.338835     5.266478     8.884046     8.290832   -22.520962   -52.630040
   20.846017     5.146564     9.020501     8.183783   -34.761542   -52.910147
   20.689604     4.884146     9.069578     8.296308   -20.804638   -56.087809
   20.739271     4.916119     9.069797     8.325770   -20.518887   -58.036432
   20.797954     5.081301     9.079383     8.415406   -34.513451   -35.711335
   20.803352     5.273422     9.012240     8.011909   -43.837228   -60.027789
   21.346116     5.280485     8.768714     8.017843   -24.396032   -68.151001
   21.062693     5.071096     9.064762     8.556853   -34.841734   -53.419647
   21.240956     4.803144     8.934208     8.537788   -30.427133   -65.132685
   21.056014     4.926151     9.083617     8.586330   -19.032365   -86.190017
   20.940811     5.366735     9.072082     8.247020   -44.854934   -66.413502
   20.665214     4.747512     9.099348     8.379122   -30.589336   -79.633546
   21.548379     5.025483     8.808690     8.411937   -35.743437   -74.865489
   21.016187     5.121445     8.939016     8.142234   -45.395222   -71.653855
   20.926191     5.121938     9.124195     8.487162   -32.035070   -76.104489
   21.169361     4.688981     8.895996     8.465815   -52.354650   -68.447525
   20.985459     4.747941     9.024567     8.451198   -17.357433  -102.923957
   21.028285     5.159105     9.023081     8.350012   -46.542773   -64.776623
   21.072217     5.065801     8.860320     8.029150   -30.953004   -77.024253
   21.051861     4.569698     8.900808     8.444419   -38.977091   -61.676638
   21.294973     4.781788     8.794777     8.311239   -31.910479   -63.560438
   21.063210     5.292294     9.077916     8.441916   -43.696442   -58.997488
   21.019492     5.243219     9.053636     8.366362   -35.309769   -59.955476
   21.338482     5.065495     8.910645     8.433841   -29.007774   -63.055059
   21.148860     4.894233     8.854812     8.234631   -42.092442   -67.949005
   20.842720     4.903545     9.103528     8.485518   -31.564625   -78.050320
   20.686928     5.179757     9.223784     8.504732   -36.106517   -73.633641
   21.261675     4.946167     8.950214     8.503557   -36.128173   -69.420420
   21.219438     5.105563     9.138340     8.777767   -40.658607   -72.459548
   20.849981     5.156581     9.041823     8.177835   -32.956809   -74.994318
   21.397684     5.109050     8.709562     8.068218   -40.870027   -65.922357
   20.937583     4.863674     9.024355     8.429180   -30.108278   -67.327771
   20.795007     5.061130     9.077688     8.314809   -41.618949   -65.649816
   20.754756     4.901578     9.117873     8.529638   -24.504233   -50.131247
   20.849193     4.933319     8.973837     8.179597   -25.043488   -59.408555
   21.234925     5.280528     8.915816     8.280017   -34.659115   -44.372688
   21.271104     5.184144     8.814514     8.144468   -32.905899   -47.977784
   21.248584     5.001517     8.828897     8.241549   -20.632917   -51.527195
   21.261146     4.902714     8.755979     8.138968   -33.898892   -60.826685
   21.017782     4.867998     8.831714     8.020964   -20.311884   -73.675979
   21.139311     4.983920     8.792205     8.048278   -40.987037   -59.323218
   21.150949     4.995680     8.877680     8.216524   -16.169919   -64.570175
   21.316499     4.808006     8.776343     8.235131   -28.094884   -83.992791
   20.169367     5.032282     9.275803     8.195220   -27.138846   -57.462820
   21.396865     5.201336     8.871389     8.316633   -25.627342   -69.657907
   20.903478     4.757481     9.008158     8.426188   -43.529020   -69.002512
   21.106458     4.961765     8.965327     8.378225   -31.267219   -74.952138
   21.155098     5.323212     8.800838     7.871939   -38.556462   -62.393150
   21.350536     4.812999     8.679065     8.120327   -35.112209   -60.020007
   20.923489     5.258512     8.981555     8.064435   -44.135852   -66.647090
   21.351305     5.206843     8.823815     8.195541   -33.260575   -63.386417
   21.126768     5.249089     9.037919     8.452454   -41.037138   -50.884988
   21.357805     5.246019     8.873731     8.283527   -41.307878   -63.745252
   21.105243     5.142358     8.912110     8.159417   -37.198964   -70.193680
   21.448760     5.131159     8.720459     8.151097   -40.501415   -55.631464
   20.978456     4.847587     8.834511     8.038074   -44.253276   -64.648484
   21.219049     5.172929     8.913564     8.269904   -35.689829   -65.701313
   20.857762     5.079834     9.039564     8.244084   -38.181679   -72.847720
   20.951726     4.906256     8.859904     8.038536   -34.613423   -58.043042
   20.827178     4.724919     8.945779     8.205677   -28.373631   -64.936943
   20.907093     5.112472     8.982794     8.091970   -20.382513   -80.146061
   21.055075     5.162253     9.083468     8.481761   -29.793812   -73.486163
   20.976231     4.985995     9.027989     8.371145   -35.673489   -82.680809
   21.269861     4.634246     8.956314     8.690550   -39.918528   -69.076930
   20.671054     4.790666     9.135321     8.466706   -34.338568   -78.257809
   21.276709     4.878646     8.909711     8.458375   -37.337470   -75.323227
   21.360689     5.039446     8.842192     8.282045   -27.810829   -86.643470
   21.090780     5.384211     9.111488     8.434764   -33.309038   -78.229071
   21.217595     5.227964     8.978027     8.341780   -22.441934   -75.099621
   21.029488     4.893440     8.994321     8.466646   -38.076861   -54.273352
   21.493051     5.053497     8.675723     8.131624   -46.246431   -66.474215
   21.140459     4.841566     8.905216     8.342326   -35.093055   -77.753286
   21.363921     4.940179     8.828049     8.346616   -34.936406   -70.124225
   20.711853     4.996965     8.965642     7.964822   -42.444582   -56.127977
   21.239024     4.846099     8.719355     8.091889   -31.411526   -50.870709
   20.874013     4.930906     8.995918     8.277192   -28.912222   -57.081019
   20.533546     4.660653     9.012337     8.067199   -28.318530   -61.486818
   21.474571     4.948593     8.836100     8.421296   -25.474139   -81.472939
   20.845392     5.090428     8.925797     7.913080   -26.269228   -68.024240
   21.187600     4.884960     8.856804     8.270107   -34.832674   -71.638580
   21.331358     4.589370     8.703561     8.232539   -32.044499   -75.643480
   21.081791     4.605922     8.873377     8.340814   -30.227476   -79.180753
   20.812675     4.807989     9.050343     8.400544   -28.506587   -67.718552
   21.812671     4.673776     8.547246     8.340835   -38.122524   -63.786647
   21.111514     4.943004     8.914304     8.333414   -44.461101   -54.965461
   20.852687     4.992463     8.970067     8.128381   -37.340129   -65.296569
   21.009851     4.859323     8.813631     8.050746   -37.250973   -49.952601
   21.155174     4.936314     8.913957     8.352326   -39.796196   -65.350461
   21.126259     5.301806     8.954227     8.196223   -40.521219   -63.158722
   21.221809     5.492876     9.007920     8.253146   -30.994658   -78.813033
   20.704187     4.791460     8.972859     8.147910   -37.730994   -47.692726
   21.429953     5.196927     8.742950     8.121475   -33.281865   -62.309542
   21.189144     5.024007     8.810212     8.143613   -28.386845   -46.828337
   21.268647     4.994065     8.799042     8.216124   -39.088243   -50.138504
   20.901489     5.319333     9.037178     8.174140   -41.683695   -55.174373
   21.139442     4.984967     8.851813     8.197635   -44.627621   -54.266912
   21.303417     4.915439     8.816975     8.294048   -37.820611   -65.562370
   20.938971     5.077373     8.943368     8.124562   -41.327856   -58.053588
   20.960182     4.862867     9.025684     8.465844   -34.942988   -64.217626
   21.072794     4.799316     8.935250     8.402371   -32.963836   -62.409860
   21.092455     4.676176     8.782098     8.180342   -53.698375   -56.330279
   21.423747     5.319515     8.851369     8.263968   -40.513167   -61.820950
   21.099114     5.262317     9.015378     8.357249   -44.762963   -55.191379
   20.731558     4.709716     9.035144     8.339197   -21.803988   -64.244279
   21.119105     5.211095     9.001168     8.359164   -36.606883   -59.293879
   21.233215     5.044075     8.870350     8.259794   -42.265270   -71.040592
   20.591274     5.067343     9.015459     7.884405   -33.893626   -56.649097
   20.990456     4.816325     8.888504     8.220182   -40.145604   -56.423496
   21.363087     5.192980     8.865465     8.268523   -24.513664   -74.231948
   21.021722     4.807815     8.903670     8.263506   -32.810846   -66.803221
   21.075701     5.294581     8.998295     8.248293   -29.528776   -61.382018
   20.617231     4.887729     9.040139     8.103541   -40.683990   -64.795750
   20.936854     4.908902     8.860575     8.010505   -27.079510   -59.229771
   20.920039     4.997750     8.888881     7.965597   -32.929649   -75.378177
   21.122473     5.034295     8.807464     8.045685   -41.951799   -54.512144
   21.149705     5.154535     8.922643     8.250411   -37.343415   -58.277821
   21.200278     4.915313     8.743113     8.033174   -36.670609   -64.198253
   21.015496     4.936304     8.927356     8.283191   -52.885947   -52.358673
   20.836739     4.672665     8.926575     8.219364   -38.612989   -61.828951
   21.238531     4.755923     8.929419     8.528630   -32.449637   -75.589615
   21.289494     4.889122     8.750194     8.120911   -30.286716   -79.739543
   20.821865     4.753273     8.960035     8.251901   -37.458607   -55.905337
   20.859279     4.982987     8.960047     8.116141   -32.033755   -63.666643
   21.113002     4.946426     8.909016     8.313666   -38.728855   -56.683032
   21.199762     5.152440     8.913831     8.309626   -42.062734   -48.029785
   21.319151     4.868827     8.675712     8.058042   -45.243773   -61.481464
   21.540033     4.886570     8.669306     8.255449   -30.451399   -53.635630
   21.025204     5.285708     8.914811     8.010747   -40.010202   -60.357097
   21.321375     5.300196     8.966823     8.433938   -40.154815   -51.549998
   20.791478     5.284569     9.085781     8.213415   -31.062489   -51.508552
   21.041726     5.133209     8.976429     8.206831   -12.046938   -79.279763
   21.033305     5.082824     9.055334     8.413718   -35.357042   -90.474738
   20.946155     4.692130     8.999564     8.486004   -46.172854   -69.941366
   20.723722     4.741377     9.042505     8.206436   -13.859792  -107.008382
   20.616417     5.025102     9.054051     8.023826   -50.312220   -78.198015
   21.460822     4.846672     8.767710     8.372679   -54.772329   -71.528786
   21.142615     4.992906     8.963563     8.343953   -31.378348   -97.878956
   21.536903     5.136892     8.760668     8.246181   -32.183145   -83.253744
   21.170655     5.054103     8.966345     8.434394   -33.492107   -54.020271
   21.050331     4.865059     8.966671     8.401484   -43.868186   -71.051627
   21.164889     4.806323     8.833109     8.248131   -26.306792   -65.243758
   21.362867     5.040532     8.962008     8.558273   -18.322256   -65.617713
   20.741311     4.814580     9.054691     8.336839   -29.137386   -65.563182
   21.079048     5.106826     9.028386     8.515447   -45.413564   -39.942669
   20.914647     4.743009     9.062293     8.602769   -33.799385   -59.430970
   21.224914     4.752461     8.864660     8.419318   -28.797956   -59.133365
   20.878670     5.085691     9.157844     8.606705   -40.140028   -59.166312
   21.135276     4.604546     8.816266     8.321181   -25.550375   -55.835830
   21.153639     4.889058     8.946497     8.424216   -31.367355   -73.334556
   21.278566     5.280196     9.000951     8.436757   -43.064029   -69.897483
   21.369859     4.915717     8.994063     8.659623   -29.795230   -82.695543
   21.076913     5.110761     8.911233     8.114713   -31.331436   -82.761054
   20.843890     5.106000     9.054123     8.198400   -29.417644   -90.295025
   21.276092     4.902198     8.762889     8.165626   -27.304461   -60.422631
   21.179218     5.076734     9.032808     8.525123   -35.096266   -74.033864
   21.066036     5.106475     8.940471     8.247134   -45.530225   -55.632148
   21.045065     5.374095     9.132691     8.459178   -31.554913   -74.533738
   21.087586     4.933371     8.959441     8.389634   -29.630881   -62.812372
   20.940342     4.981173     8.930802     8.141393   -27.148021   -60.590817
   21.046637     5.335824     9.030222     8.294296   -31.380269   -53.563356
   20.860827     4.821074     8.907320     8.087341   -43.908757   -68.103033
   21.092112     5.024083     9.040053     8.508927   -26.252203   -67.366847
   21.006967     4.908274     9.018939     8.470164   -38.867379   -63.642610
   21.067524     5.139446     9.014474     8.424624   -38.181384   -46.184750
   21.059678     4.776532     8.966222     8.526747   -30.009118   -46.056325
   21.473603     5.163660     8.829629     8.344391   -28.378489   -61.543956
   21.218037     5.078802     8.913482     8.361774   -30.756137   -48.767668
   21.644568     5.424690     8.786247     8.301829   -33.545472   -54.859789
   20.907094     5.045706     8.955498     8.146813   -44.772064   -56.423818
   21.649337     5.096054     8.784199     8.438332   -24.351050   -61.568241
   21.113873     4.742577     8.881058     8.376735   -30.827777   -52.958956
   20.717198     4.762286     9.086096     8.433355   -33.730983   -65.911444
   21.920358     5.031870     8.586268     8.362373   -26.853568   -56.341696
   21.105951     5.144225     8.883594     8.094304   -29.154990   -66.606157
   21.277432     5.237848     8.866691     8.196385   -34.529827   -61.747581
   21.296107     5.186172     8.948040     8.417524   -32.039133   -58.207335
   20.420249     4.855255     9.145985     8.209873   -17.279806   -55.629403
   20.912808     5.475882     9.078165     8.202169   -26.135878   -51.244087
   21.180083     4.836317     8.719250     8.036514   -36.222337   -51.128201
   21.382805     5.385908     8.941876     8.360992   -34.659788   -61.651312
   21.361660     5.055865     8.845977     8.320002   -43.982654   -73.098168
   21.414155     5.055697     8.767787     8.225812   -47.516655   -69.264058
   21.298039     5.056107     8.783617     8.149482   -54.694354   -69.888164
   21.040325     5.046601     8.994551     8.339211   -27.521026   -70.247207
   21.101385     5.237854     9.036795     8.383189   -37.453119   -69.586830
   21.086747     4.989177     8.874466     8.125353   -24.571181   -75.937503
   21.374100     4.768522     8.778035     8.383466   -43.965434   -54.093093
   21.086666     4.825303     8.814454     8.168914   -33.808548   -46.339060
   20.890734     5.217945     9.072069     8.235665    -6.870733   -74.997297
   21.013145     5.397051     9.160369     8.522025   -31.009223   -62.423715
   21.248849     5.063835     8.860840     8.251496   -46.977919   -68.548136
   21.124589     4.858602     8.817598     8.219951   -39.403245   -39.802646
   21.119274     4.957690     8.835928     8.105032   -29.243544   -71.450858
   20.916303     5.201539     9.010772     8.180557   -40.313559   -61.081450
   20.832958     4.844731     8.973425     8.195350   -40.705463   -72.995458
   20.885157     4.823718     8.853853     7.985575   -36.272172   -62.690212
   20.725357     5.005531     9.138429     8.409940   -32.183201   -74.124616
   21.033526     5.167895     8.971425     8.210617   -33.086001   -67.499071
   21.241716     4.703471     8.803161     8.306230   -37.147371   -72.460534
   21.138722     4.821509     8.721049     8.012840   -24.420928   -44.933986
   21.077624     5.094880     8.918849     8.204000   -37.649323   -58.511931
   21.063818     5.087486     8.995493     8.350428   -36.166083   -67.967522
   20.730154     4.811618     8.917955     7.932302   -31.191198   -70.898278
   20.679387     5.015649     9.024956     8.025701   -32.007875   -70.168982
   21.029087     4.709621     8.896062     8.294783   -25.263180   -71.382097
   20.858150     5.378748     9.031675     8.080823   -36.012214   -51.855296
   21.468173     5.206889     8.845803     8.352983   -37.060548   -60.992744
   21.002121     5.248403     9.119051     8.538179   -44.132379   -52.256816
   21.496403     4.899898     8.781387     8.401760   -42.448437   -65.442171
   21.448954     4.889127     8.759865     8.311966   -38.675039   -71.935174
   20.923916     5.305259     9.088988     8.309269   -43.026235   -67.025388
   21.479092     5.232279     8.993422     8.623524   -44.412067   -60.921886
   21.173314     5.129241     8.920855     8.267425   -26.498294   -62.878291
   20.899178     5.078259     9.026643     8.240901   -29.131747   -76.452121
   20.487553     5.094116     9.148435     8.178634   -40.689099   -50.321239
   21.257614     5.285332     8.910400     8.209657   -36.332517   -76.690099
   20.793688     4.879312     9.016731     8.282763   -29.309318   -54.907035
   20.921444     4.928391     8.866688     7.968090   -28.304653   -69.168373
   20.896830     4.964315     9.065735     8.454945   -33.102646   -59.130855
   20.787934     5.025839     9.064357     8.274617   -21.999626   -64.597036
   20.756208     5.132782     9.034624     8.101628   -47.195061   -64.150484
   21.058194     5.132773     8.912823     8.147216   -41.245675   -58.168698
   21.001654     4.891830     9.022271     8.518790   -42.135067   -51.769294
   21.421786     4.856132     8.697359     8.181185   -35.283267   -71.285775
   21.293193     5.081304     8.797017     8.170553   -36.387505   -56.563544
   20.947823     5.067475     8.872420     7.960142   -27.764064   -54.850850
   20.996998     4.998750     8.930950     8.161702   -29.819271   -75.206344
   21.248390     5.243926     9.116650     8.668189   -40.583481   -74.018275
   21.273006     5.166131     8.864051     8.233238   -28.163980   -58.114367
   21.354874     4.859427     8.756566     8.270055   -34.253791   -54.506774
   21.172781     4.989480     8.792386     8.073448   -18.236262   -56.210545
   21.196024     5.320863     8.916505     8.180377   -40.494500   -59.577361
   20.757699     5.227723     9.068807     8.131677   -29.281169   -60.163285
   21.261266     5.096387     8.797877     8.112798   -31.574439   -62.623985
   21.446215     5.164283     8.778711     8.214834   -28.347734   -65.252606
   20.870099     5.168523     9.039298     8.275989   -38.402681   -45.138397
   20.660805     5.042832     9.089560     8.205078   -30.365649   -60.493810
   21.188911     5.011980     8.960026     8.425392   -29.759626   -68.700294
   20.748071     4.775287     9.002387     8.209568   -38.923048   -75.501713
   21.199535     4.731142     8.794337     8.228136   -31.029642   -72.042659
   21.432566     5.400811     8.983831     8.461894   -39.927569   -69.229623
   21.360831     5.091973     8.948138     8.517811   -33.644430   -60.481642
   20.863713     4.648338     8.873031     8.096591   -27.913641   -70.460459
   20.946186     4.934294     8.921675     8.172285   -47.786288   -59.928799
   21.169102     4.949535     8.740537     7.987617   -44.552794   -60.708476
   21.665684     4.841396     8.617374     8.235876   -19.429722   -76.279928
   21.161926     5.108779     8.920568     8.298652   -40.002607   -53.716901
   20.926293     4.947619     9.055211     8.471470   -41.086247   -59.360575
   21.353024     4.768225     8.725810     8.222262   -40.196192   -70.919912
   21.127774     5.181444     8.957610     8.249983   -37.651781   -76.099752
   20.904871     4.926033     8.983478     8.224225   -33.683076   -82.093131
   21.469078     5.090065     8.731709     8.215328   -52.005666   -58.905309
   21.063639     5.132426     8.972983     8.234638   -20.232486   -77.506514
   21.254806     4.640314     8.702348     8.149547   -34.727045   -67.246472
   21.299345     4.921571     8.704927     8.040317   -38.912029   -72.753368
   21.263924     5.384614     9.085643     8.567502   -48.478986   -62.596049
   20.986481     4.845516     8.804224     7.968871   -44.417344   -67.888216
   20.808505     4.847603     9.022629     8.316163   -45.003721   -65.822678
   21.119172     4.943717     8.896978     8.236885   -35.806789   -81.506206
   21.146492     4.701626     8.956671     8.531937   -26.287218   -76.881395
   20.608974     5.034871     9.153140     8.316733   -39.623948   -71.642615
   21.175028     5.158227     8.979917     8.306405   -21.794053   -96.054054
   21.065856     4.911229     8.991714     8.470669   -49.165040   -61.632948
   21.030716     4.973044     8.863636     8.085601   -46.308424   -66.321020
   20.955328     5.066179     8.906017     8.077196   -38.507855   -50.211166
   21.175418     5.165376     8.938309     8.249822   -29.250628   -79.812058
   20.923309     4.658919     8.929740     8.340389   -37.077555   -58.263570
   20.961636     4.987896     8.948875     8.191112   -31.110014   -68.521052
   20.880087     5.326765     9.089487     8.247346   -26.522256   -63.768391
   21.287059     5.427117     9.006443     8.395497   -37.115685   -58.789001
   20.936635     4.768175     9.020178     8.518966   -42.731815   -55.546599
   20.966065     4.932486     9.042275     8.469552   -37.492364   -64.858043
   21.050440     4.728255     8.942599     8.418262   -38.520445   -72.894067
   21.482008     4.876442     8.600976     8.063289   -40.714719   -63.626430
   20.870413     5.017827     9.042813     8.342284   -35.340200   -58.624667
   21.395257     5.343637     8.823797     8.175260   -39.392219   -59.524922
   21.346693     5.200442     8.690836     7.946624   -38.240735   -55.145426
   20.901455     5.261447     9.116459     8.379267   -38.588093   -68.713757
   21.381066     5.211449     9.116994     8.806087   -21.401362   -66.121715
   21.159626     5.092824     8.872550     8.197602   -40.965003   -54.384266
   21.004749     5.481718     9.113550     8.367733   -42.983879   -57.920962
   21.036231     5.298699     9.250874     8.851535   -38.796860   -60.248429
   21.157323     4.961031     8.891975     8.384236   -55.711484   -34.800062
   21.356972     5.069934     8.821356     8.231350   -33.935621   -83.713900
   20.895444     5.383639     9.015895     8.063469   -50.607216   -62.067384
   21.322978     5.314374     9.002600     8.485641   -33.757627   -56.089822
   21.034590     5.151008     9.028959     8.371454   -25.583478   -60.570257
   21.296909     5.310801     8.935879     8.306691   -34.977421   -65.363811
   21.340750     5.092002     8.855837     8.282536   -24.842602   -75.919255
   21.176509     4.953971     8.789607     8.082898   -36.016812   -65.867992
   21.160344     4.853738     8.765738     8.114879   -40.081803   -49.573696
   20.704618     5.265858     9.100095     8.134299   -40.302910   -63.125263
   21.005260     4.994867     8.981581     8.302272   -32.575740   -73.528099
   21.279766     4.934611     8.786825     8.175611   -35.072595   -75.461065
   20.954480     5.057011     8.922380     8.092372   -40.705839   -61.898738
   21.170050     5.211100     8.873179     8.121749   -47.341441   -63.188774
   21.016242     5.212839     8.892501     7.943432   -20.172652   -72.280673
   21.226055     5.214489     8.777195     7.922381   -32.590182   -81.212610
   21.053142     5.317444     9.045375     8.291711   -31.723934   -74.924644
   21.241589     4.893374     8.827395     8.301736   -48.381600   -54.022831
   20.931388     4.709190     8.832333     8.042931   -36.958405   -71.680070
   20.598131     4.833260     9.087517     8.260663   -45.534592   -65.841777
   21.109487     4.945955     8.948351     8.361888   -34.119130   -71.553951
   20.982997     4.916504     8.897890     8.157164   -48.360441   -64.014957
   21.063223     4.958288     8.903098     8.233286   -37.727110   -60.175552
   21.359622     5.142697     8.807390     8.218011   -41.404908   -60.812804
   20.941067     4.950982     8.884624     8.019420   -27.000622   -70.243005
   20.949255     4.806928     8.944847     8.286664   -34.172882   -67.100195
   21.153463     5.116050     8.833194     8.101306   -40.654312   -49.308416
   21.075855     4.739628     8.815387     8.166554   -26.146418   -60.450722
   20.974930     5.323311     8.975165     8.114685   -38.855247   -48.081123
   21.158010     5.274036     9.082011     8.511850   -36.691365   -69.157536
   21.026505     4.660137     8.894445     8.333103   -41.194086   -70.149718
   21.283787     4.782912     8.791726     8.272953   -24.620422   -70.885800
   21.459513     4.686262     8.906754     8.672720   -23.738759   -79.574154
   21.217660     4.680681     8.920130     8.581241   -41.298635   -57.602938
   21.392236     4.977022     8.851477     8.403455   -20.287369   -63.611783
   20.842591     4.907360     9.081218     8.519789   -26.123580   -48.097963
   21.140354     5.152243     8.886743     8.196032   -27.269860   -43.705785
   21.283203     5.061796     8.845624     8.226199   -37.595353   -79.141425
   21.103496     5.019393     8.889588     8.202085   -48.147952   -64.810835
   21.658463     5.293548     8.828996     8.406113   -39.966027   -77.534210
   20.712027     4.865743     8.975350     8.064080   -40.759737   -62.397584
   21.030071     4.905167     8.967001     8.334605   -18.012590   -73.181794
   20.803365     5.186337     9.176890     8.591035   -33.843651   -44.765130
   21.284428     4.674955     8.797565     8.315976   -16.854824   -80.488200
   21.500626     4.933661     8.628284     8.059827   -30.880685   -84.564005
   21.027405     5.047827     8.902857     8.118105   -35.378533   -67.056080
   20.892738     5.200770     9.132233     8.402888   -22.834021   -82.782128
   21.010665     4.783283     8.883393     8.190781   -26.989403   -76.694640
   21.331382     4.752216     8.826450     8.423227   -37.064469   -64.967092
   21.210915     4.863076     8.846242     8.301010   -41.669603   -64.796472
   20.863227     4.855383     8.986507     8.224369   -26.290237   -81.841071
   21.145222     4.706215     8.876860     8.345048   -26.596549   -81.736563
   20.682637     4.594806     9.030763     8.318210   -37.909190   -78.085287
   21.003145     4.917656     9.000553     8.372154   -38.395287   -84.072414
   21.044976     4.545110     8.911391     8.419722   -34.006073   -82.472547
   20.759257     4.948687     9.040985     8.233246   -31.389418   -67.529355
   21.543021     5.084543     8.670045     8.128884   -32.289563   -73.300618
   20.814240     4.972808     9.001685     8.174940   -41.792004   -68.791568
   21.163267     4.827087     8.996319     8.548158   -30.065249   -85.014280
   21.211137     4.934635     8.819592     8.208882   -42.833266   -62.735818
   21.121612     4.753622     8.963411     8.531590   -18.582556   -61.971967
   20.921989     4.831910     9.011054     8.453650   -38.303256   -51.002661
   21.216408     4.943340     8.766507     8.095853   -31.586189   -58.214425
   21.516817     5.029246     8.996241     8.781277   -47.679160   -54.568903
   21.362119     4.891925     8.667445     8.071062   -34.515262   -58.046063
   21.182323     4.809358     8.817370     8.258695   -42.738504   -57.412770
   20.846151     5.157935     9.011464     8.125310   -18.901757   -57.187780
   21.301553     4.646677     8.732305     8.235544   -20.751161   -70.510238
   20.821199     5.323115     9.030004     8.061082   -34.705423   -53.581022
   21.196207     4.886642     8.789592     8.155902   -33.382766   -59.707207
   21.203270     5.027086     8.921861     8.399431   -24.575219   -47.222346
   20.980045     4.831268     8.922627     8.211653   -22.421185   -79.499669
   21.336119     4.909459     8.878682     8.423670   -24.501106   -74.154670
   21.366962     4.923426     8.933253     8.511918   -19.821236   -91.286278
   21.870362     4.871110     8.617982     8.411529   -31.411563   -68.883584
   20.889569     4.890455     9.161274     8.728019   -31.751967   -64.181254
   21.275676     4.662165     8.839597     8.437260   -38.934172   -71.335657
   21.236857     4.760992     8.843937     8.323469   -33.953397   -88.380327
   20.813839     4.864509     9.067500     8.297212    -9.699468  -106.549078
   21.064524     4.822522     9.056233     8.588351   -27.943323   -89.780167
   21.089652     4.757281     8.947860     8.346424     1.097547  -104.403402
   21.181097     4.946367     8.861845     8.228262   -40.416093   -79.009299
   21.133315     5.246726     8.955066     8.206527   -41.882572   -79.251221
   21.237157     4.868824     8.950127     8.530793   -30.945907   -65.697948
   21.218238     4.855598     8.881493     8.355299   -21.024985   -72.887701
   21.124857     4.926669     8.856940     8.174088   -37.773413   -76.459233
   20.975373     5.269592     8.984865     8.171861   -39.245427   -48.398991
   21.524287     4.720563     8.634358     8.248878   -30.951461   -55.428433
   21.092127     5.184957     8.937009     8.200530   -33.407968   -58.857260
   21.058499     5.234479     8.839552     7.899475   -33.932099   -59.556812
   21.079920     4.924279     8.908540     8.240299   -32.129746   -77.660896
   21.018334     4.867298     8.818607     7.973282   -23.000912   -82.378722
   21.187480     4.912420     8.735651     8.018727   -36.066262   -57.741975
   21.057974     5.442516     9.079590     8.358924   -36.215280   -55.233371
   21.065971     4.810010     8.843258     8.200637   -34.615124   -54.179232
   21.483936     5.007904     8.745856     8.327622   -28.295140   -39.834384
   20.938326     4.796290     8.901598     8.186108   -23.481421   -59.534799
   21.184537     4.909217     8.695704     7.908500   -28.214018   -63.045504
   21.317608     4.862567     8.877054     8.486678   -34.345028   -51.828075
   21.103120     5.351286     8.987358     8.190532   -32.356019   -72.119789
   20.894386     4.873742     8.963793     8.267003   -35.891584   -54.416860
   20.917309     4.845180     8.884693     8.061204   -20.468317   -67.855331
   20.870397     5.338323     9.095760     8.295034   -44.906033   -53.177169
   21.136836     5.300947     8.947249     8.225939   -24.687771   -47.853348
   21.280393     5.109246     9.021139     8.584091   -33.806742   -63.960676
   21.053543     4.884524     8.946482     8.394350   -37.773385   -50.356492
   20.822656     4.827786     8.981719     8.254603   -42.370002   -58.926474
   20.786227     5.088936     9.058537     8.271158   -40.458304   -50.804146
   21.284135     5.065782     8.906122     8.406907   -23.109795   -50.298230
   21.138982     5.160957     8.988284     8.387730   -26.599886   -53.993338
   21.522151     5.240883     8.836364     8.379971   -23.014024   -51.484169
   20.855611     5.276764     9.063478     8.213808   -43.348405   -58.245548
   21.532565     5.051235     8.721525     8.262016   -23.421874   -55.209728
   20.721788     5.174277     9.123155     8.276821   -32.014170   -64.505798
   20.971317     5.265173     8.992680     8.184613   -32.470175   -48.737873
   21.145222     5.288478     9.015967     8.364362   -46.093493   -63.786119
   21.238495     4.794964     8.781503     8.206872   -38.846863   -73.586257
   21.293457     5.110246     8.789389     8.126834   -24.319809   -57.699580
   21.287319     4.970003     8.827384     8.271095   -42.632945   -67.187279
   21.234862     5.240272     8.945794     8.314717   -39.546960   -65.574022
   21.440337     4.855878     8.773372     8.361738   -27.038277   -61.276506
   20.895463     5.081611     8.910917     7.976126   -37.467831   -60.374774
   21.108944     4.874808     8.829486     8.197328   -31.911992   -45.796325
   21.064452     5.273788     9.006732     8.281196   -31.198830   -57.756335
   21.040611     5.231946     9.141205     8.606151   -41.374692   -60.793837
   21.604674     4.994023     8.741058     8.383815   -19.020428   -55.989624
   21.101802     5.000009     9.027060     8.495352   -17.170632   -68.152129
   20.917540     4.849231     8.953447     8.222539   -17.931230   -71.110008
   21.592718     5.141829     8.703093     8.225197   -36.607348   -66.706710
   21.468911     5.004810     8.887367     8.544802   -38.825925   -55.566513
   21.107257     5.166682     8.915304     8.143584   -26.983228   -71.024033
   20.924958     4.876694     8.938979     8.221000   -40.732012   -61.367316
   21.253693     4.982151     8.905412     8.373635   -22.502555   -71.201226
   21.461687     4.776528     8.730388     8.303501   -23.758581   -75.324236
   21.343637     5.038102     8.771182     8.161308   -24.584770   -66.505691
   21.108410     4.949377     8.858273     8.134194   -23.238735   -76.263356
   21.385914     5.036883     8.686188     8.017004   -29.522534   -75.722599
   21.064552     4.813849     8.855173     8.222520   -37.186519   -55.529603
   21.031647     4.889643     8.835162     8.028673   -30.983986   -79.870025
   21.085621     4.892115     8.802846     8.055182   -30.309927   -61.362845
   20.815385     4.903816     8.908770     8.024853   -40.295853   -50.671617
   21.038166     5.145612     8.916114     8.140032   -43.169773   -52.889919
   21.214021     5.298360     8.878029     8.144854   -32.657207   -51.270427
   20.991254     4.851017     8.760978     7.902210   -42.004340   -53.476772
   20.564231     4.926331     9.029522     7.964143   -24.077521   -60.530002
   20.778392     4.682648     8.963691     8.277593   -29.569939   -49.379295
   21.111708     4.944452     8.888454     8.229913   -19.160145   -66.187823
   20.947448     5.125965     9.008706     8.240746   -28.296945   -65.543037
   21.281606     4.824358     8.699367     8.140574   -33.435392   -39.396875
   20.781230     4.708330     8.900751     8.044000   -36.285625   -66.719897
   21.047974     4.862658     9.013090     8.548608   -32.673177   -53.135983
   21.101948     5.220895     8.999390     8.294996    -7.310133   -66.897595
   21.176195     5.143145     8.855828     8.131560   -26.237847   -56.458201
   21.302983     5.073105     8.740738     8.027027   -24.397521   -69.886616
   20.673091     4.993749     9.031447     8.056554   -41.784085   -72.223605
   21.040039     5.032563     8.880632     8.106420   -45.418223   -62.624746
   20.796508     5.366562     9.146789     8.298564   -29.216208   -62.462821
   20.934186     4.796884     8.874074     8.111783   -38.173187   -64.323154
   20.820994     4.717079     8.967307     8.263960   -30.979657   -64.164221
   21.105713     4.975936     8.773865     7.933421   -23.108760   -68.720819
   21.104423     5.355219     8.966870     8.211683   -34.558687   -47.401615
   21.329625     5.150288     8.786080     8.149467   -37.896157   -55.541295
   20.623546     5.259919     9.167246     8.248283   -32.454588   -60.956058
   21.006804     5.016200     8.941147     8.262648   -41.212663   -47.825271
   20.948250     5.012380     8.993904     8.289457   -30.307665   -61.629923
   21.352961     4.802868     8.787329     8.348370   -27.825639   -57.862278
   21.289169     5.029859     8.797138     8.208519   -35.035410   -50.817006
   21.377583     4.675869     8.797870     8.499220   -38.545133   -44.305000
   20.970282     4.844043     8.939720     8.311216   -27.996714   -51.516916
   21.261691     4.839507     8.803838     8.286551   -28.127372   -54.997691
   20.860255     5.072199     9.033936     8.264480    -8.565733   -54.705553
   21.325756     4.885807     8.763306     8.232685   -28.939048   -57.370730
   21.356460     4.923660     8.739924     8.210310   -37.551417   -52.885145
   21.064001     4.854054     8.903980     8.313587   -37.169098   -54.274611
   21.032407     5.267831     9.011180     8.204556   -22.086295   -78.487647
   20.830818     4.956992     9.051889     8.407964   -37.404877   -44.965294
   20.915348     4.716903     8.854017     8.111436   -39.979601   -57.874672
   21.250794     5.126790     8.788795     8.086285   -34.436551   -54.127767
   20.663724     4.696835     9.069732     8.411291   -21.106576   -53.794956
   20.931287     5.009282     8.875907     7.978240   -27.691250   -58.027336
   21.190479     5.024275     8.783495     8.051704   -32.177210   -60.579605
   21.328656     4.816141     8.853280     8.407760   -20.483997   -76.221469
   20.813494     4.812149     9.002821     8.341451   -38.056699   -48.369243
   21.037699     5.025061     8.890377     8.182359   -37.792201   -42.744138
   21.148631     4.998829     8.814846     8.054443   -25.107530   -74.038856
   20.629976     5.169098     9.035101     7.942492   -45.042474   -56.197223
   21.360087     5.286196     8.806062     8.117016   -31.844454   -65.775183
   20.873281     4.772027     8.912577     8.180618   -44.103270   -56.263100
   21.010605     4.952269     9.033311     8.454332   -35.413599   -74.240900
   21.130875     4.987293     8.829085     8.082299   -31.554906   -72.975914
   20.700514     5.043236     9.008940     8.005785   -33.325450   -64.102870
   21.314175     5.239663     8.840702     8.173771   -30.993582   -62.632165
   20.975494     5.010276     8.962238     8.251829   -40.335257   -59.988769
   21.002602     5.089190     9.006643     8.363265   -41.407912   -50.508163
   21.541259     5.204633     8.851344     8.393316   -29.348923   -73.868804
   21.039902     4.820502     8.817873     8.083910   -36.875905   -63.297649
   20.951333     5.299307     9.060070     8.261108   -34.369047   -66.507216
   21.482632     5.057839     8.802559     8.413040   -45.217064   -40.219894
   20.696331     5.081262     9.083464     8.192338   -26.067327   -62.808307
   21.450847     4.772513     8.790045     8.403454   -38.279601   -85.588243
   20.917872     4.942773     8.881413     8.054179   -37.960812   -49.821337
   21.102944     4.676296     8.843846     8.274833   -25.208474   -69.034885
   21.049851     4.879234     8.895943     8.210457   -20.610965   -71.539849
   20.925488     5.204217     8.991620     8.125598   -31.921850   -63.663642
   21.287791     5.178102     8.919076     8.346396   -39.744645   -65.021437
   21.283173     5.334382     8.822825     8.060708   -41.942164   -62.030046
   21.166820     4.813502     8.805553     8.228912   -35.877333   -50.311020
   21.407570     5.162014     8.813066     8.270087   -40.708699   -57.938920
   20.652025     5.147486     9.042859     7.983756   -29.029771   -57.668345
   20.920327     5.081508     8.868219     7.905314   -35.928370   -57.488392
   21.555968     4.857764     8.858577     8.602236   -24.008490   -65.549832
   20.627882     5.210660     9.155963     8.216581   -32.243224   -72.091860
   21.576353     5.136433     8.811130     8.383029   -31.767505   -75.643519
   21.063033     4.556703     8.842076     8.290739   -28.923412   -73.783872
   20.795332     4.634590     8.989999     8.342655   -42.197959   -69.073259
   21.064779     4.770101     8.915998     8.384668   -39.968693   -57.710438
   21.468343     4.705593     8.829845     8.603558   -50.314613   -50.811171
   20.901892     4.814398     8.917906     8.166017   -31.835483   -64.995787
   21.130714     4.888005     8.949356     8.403280   -31.727911   -76.836321
   21.221246     4.765464     8.835934     8.319993   -37.803113   -74.133438
   21.255543     4.863153     9.024607     8.721566   -33.035761   -60.747654
   21.279587     5.142324     8.865413     8.247515   -30.708884   -63.089848
   21.121463     4.738000     8.841739     8.272390   -33.884965   -63.689399
   21.110590     4.976506     8.931143     8.322647   -26.157663   -61.870291
   21.114299     5.186507     8.950972     8.278093   -25.149436   -48.897065
   21.230557     5.163261     8.932827     8.391215   -44.047670   -42.052755
   21.221850     5.051322     8.874617     8.260013   -39.365212   -67.635922
   20.983340     4.929178     8.974253     8.370932   -35.740332   -47.762756
   20.713246     5.126030     9.028497     8.046348   -41.344082   -58.387429
   20.742645     4.708952     9.028670     8.376889   -24.207567   -53.494767
   20.841192     4.802292     9.095845     8.520256   -32.340159   -80.231285
   21.191574     4.989353     8.780702     8.060851   -42.908290   -67.580480
   21.061248     5.020877     8.902622     8.131161   -16.030319   -77.778081
   21.083423     5.034738     8.972641     8.356421   -42.446416   -66.133819
   21.309690     4.882622     8.929491     8.517813   -22.940425   -73.634423
   21.165152     5.319124     8.972529     8.222381   -28.552965   -78.332585
   20.842444     4.951609     9.009750     8.223812   -32.903292   -74.721237
   20.935673     5.305280     9.023395     8.162553   -30.127633   -59.358864
   20.986904     5.128026     8.964435     8.158467   -37.919616   -73.304456
   21.181594     4.985095     8.723194     7.951378   -44.936164   -57.213992
   21.147620     5.198010     8.966261     8.295743   -42.288950   -69.592829
   21.052987     5.420286     9.010935     8.168202   -36.240603   -66.822052
   21.201511     4.958492     8.921481     8.377374   -36.964585   -74.335421
   21.214527     4.951256     8.803002     8.135071   -42.938874   -78.508691
   21.424700     5.351884     8.803344     8.123624   -34.743903   -75.971025
   21.503040     4.863197     8.599134     8.074625   -26.439869   -62.996364
   21.275662     5.352987     8.960495     8.286380   -42.660403   -83.529350
   21.363560     5.094054     8.801906     8.193538   -26.711073   -76.679239
   21.083218     4.788987     8.773097     8.113804   -44.277353   -41.990873
   21.254184     5.089653     8.859280     8.237018   -30.869653   -64.844995
   20.812343     4.762974     8.926402     8.138211   -26.406057   -55.470217
   21.458409     4.778359     8.740651     8.342967   -30.182765   -65.908989
   21.544148     4.955749     8.809418     8.485864   -36.994424   -54.388453
   20.994992     5.084611     8.874302     7.969065   -25.215451   -69.724226
   21.560427     5.007534     8.911574     8.635804   -33.304022   -63.265007
   21.100895     4.971351     8.846744     8.112517   -34.263352   -68.224261
   21.278157     5.116055     8.878524     8.308605   -32.204732   -54.647061
   21.271611     5.225434     8.932159     8.367753   -41.527431   -49.571498
   21.212711     5.234089     8.950099     8.278794   -21.318898   -72.449328
   20.954306     4.744385     8.805693     8.011634   -29.798838   -57.671176
   21.698665     5.002390     8.667640     8.305340   -31.310469   -70.185124
   21.048475     5.033814     8.902522     8.196691   -29.160288   -47.707162
   21.111395     4.862568     8.817933     8.127678   -41.004893   -69.049010
   21.440825     4.983469     8.714349     8.201852   -51.223167   -61.737533
   21.365947     4.890604     8.665853     8.067885   -34.917367   -60.250540
   21.086972     4.848514     8.801232     8.098902   -45.481651   -58.662605
   21.138248     4.849393     8.817463     8.177854   -39.376223   -62.007797
   20.996915     4.864878     9.024975     8.489354   -35.145206   -67.359479
   21.467879     5.215527     8.638428     7.938531   -35.254915   -68.832342
   20.962520     5.187067     8.956630     8.083391   -35.337675   -67.283633
   21.266304     5.048213     8.807597     8.167216   -33.053778   -63.127306
   21.539865     4.734769     8.570808     8.133258   -42.874953   -62.004856
   20.950214     4.689944     8.995030     8.484557   -29.714484   -64.143082
   21.471967     5.138993     8.749075     8.192213   -34.835881   -69.341331
   20.799381     4.907338     8.908489     8.018017   -43.475278   -46.904821
   21.123130     4.980596     8.813061     8.078470   -29.402943   -56.364535
   21.520860     5.043471     8.777396     8.354072   -32.466374   -59.795457
   21.498773     5.119006     8.687816     8.090758   -26.267742   -76.165380
   21.232631     5.021026     8.776487     8.110232   -44.089785   -53.562812
   21.256919     5.034053     8.713848     8.005592   -41.145404   -48.603346
   20.985261     5.100993     8.925751     8.117504   -41.681509   -58.255453
   21.296474     4.549047     8.874825     8.586460   -41.354371   -70.211450
   20.952480     5.173470     9.058807     8.348974   -35.103873   -64.400699
   21.059760     5.248693     9.125729     8.574875   -38.690273   -59.945912
   21.362583     5.248874     8.920610     8.385880   -39.216828   -59.172244
   21.056453     5.040585     9.037678     8.469584   -40.342425   -68.491944
   21.097932     5.107328     8.903427     8.169361   -40.748690   -64.408914
   21.109011     4.727898     8.896395     8.395759   -47.564607   -64.402008
   21.093623     4.911647     8.836323     8.107376   -30.119890   -71.089435
   20.534758     5.364642     9.256159     8.342888   -39.983511   -68.382642
   21.049876     4.878016     8.923294     8.268477   -15.768683   -72.466091
   19.888395     5.048601     9.391258     8.207474   -29.838354   -61.093541
   21.327287     5.246193     8.831502     8.164004   -42.337466   -66.936575
   21.081951     4.663341     8.838720     8.263345   -39.648307   -68.121315
   20.916090     4.993108     8.949528     8.141022   -20.665507   -62.825418
   21.365029     5.408895     8.909457     8.233184   -40.894698   -84.339702
   21.043079     5.061255     8.913647     8.147409   -36.539330   -69.920171
   20.797734     5.200000     9.136407     8.395708   -40.478757   -60.639420
   21.207265     5.061268     8.889845     8.298086   -59.246319   -61.551669
   21.273370     4.901058     8.763038     8.173749   -35.066831   -58.427051
   20.690687     4.739616     8.946850     8.000534   -14.334687   -67.128818
   20.724277     4.955622     8.966290     8.011023   -30.999787   -53.145819
   21.283408     4.949634     8.839631     8.307086   -39.065564   -64.870829
   21.106636     4.898698     8.850790     8.170327   -26.815151   -66.894627
   21.081183     4.796314     8.805261     8.112095   -27.084604   -61.597656
   21.451189     4.805821     8.610982     8.090024   -25.215260   -55.648969
   21.318228     4.919069     8.723344     8.116559   -43.023714   -65.900315
   20.850314     4.674102     8.986843     8.369963   -38.873567   -67.732631
   20.961025     4.896051     8.838370     7.986545   -34.256380   -64.104243
   20.967515     4.714729     8.853425     8.151343   -30.154748   -62.168417
   20.934076     5.129464     8.932615     7.998200   -22.367380   -74.003319
   21.335984     4.830681     8.745102     8.195804   -30.004248   -75.338127
   21.177564     4.669600     8.778539     8.194110   -24.629163   -75.066518
   21.004613     4.805185     8.825749     8.070118   -43.818273   -66.529980
   20.896000     4.819801     8.978414     8.296004   -29.265712   -69.006270
   21.341301     4.856267     8.780190     8.278659   -30.805512   -66.096925
   20.822996     4.787460     8.948288     8.151960   -36.227191   -72.911531
   21.066530     4.857318     8.849724     8.124133   -17.342399   -73.921700
   21.212546     4.947419     8.852506     8.258380   -23.727229   -64.241207
   21.277466     4.901584     8.759210     8.166657   -25.867812   -57.044890
   21.332620     5.119355     8.818376     8.254131   -41.691020   -48.768450
   21.165887     5.062718     8.917035     8.269780   -23.255911   -71.665677
   21.237292     5.045643     9.007044     8.540830   -20.402825   -68.272316
   20.923239     4.671479     8.901626     8.272127   -40.263756   -56.210738
   21.479618     5.041083     8.722487     8.191027   -39.415672   -74.863036
   20.815272     4.817463     8.896506     8.073500   -52.501733   -48.325054
   21.327724     5.157096     8.804399     8.157620   -37.023281   -66.028069
   20.805436     4.825195     8.965399     8.228298   -47.421333   -49.028861
   21.207583     5.312706     8.981265     8.356122   -50.202590   -54.667661
   21.145197     4.817742     8.776802     8.110462   -34.016781   -61.194147
   21.132962     5.138259     9.020829     8.425184   -40.937287   -75.716411
   21.363108     5.249195     8.947746     8.400555   -44.106946   -80.468715
   20.710238     5.215834     9.128989     8.161162   -23.042960   -93.734111
   21.081087     5.236775     8.949960     8.125624   -40.285105   -91.036213
   20.800758     4.962871     9.235409     8.767529   -46.593913   -77.255055
   20.849013     4.898386     9.048705     8.373721   -22.004777   -67.102981
   21.336444     4.812284     8.757704     8.257838   -31.081174   -63.115175
   21.090791     4.625563     8.837630     8.317613   -20.411069   -53.537730
   21.313108     4.868156     8.740447     8.162820   -24.058571   -64.288233
   21.069965     4.779726     8.914229     8.400956   -34.594392   -49.376158
   21.296642     4.729577     8.663120     8.085846   -35.794486   -56.682910
   20.839856     5.023129     8.990459     8.150635   -48.264789   -66.491097
   21.044546     4.795553     8.998856     8.527845   -31.133766   -60.850506
   21.109411     4.838591     8.793514     8.109727   -44.954094   -59.429055
   20.851707     5.108698     9.042169     8.307948   -43.024439   -44.572568
   20.715874     5.222709     9.040626     8.037558   -29.878019   -50.353116
   21.161400     4.963441     8.811231     8.126431   -35.695573   -58.443748
   20.610366     4.825273     9.132448     8.412608   -33.093473   -63.685829
   21.173877     4.623869     8.885759     8.465095   -31.394547   -69.691853
   21.275917     5.494103     9.148659     8.594309   -33.652073   -85.405985
   20.806434     5.384771     9.143905     8.250355   -36.848217   -78.061605
   21.014440     4.905135     9.018943     8.465022   -37.327540   -69.042258
   21.025450     4.819310     8.928163     8.367124   -33.692581   -48.773316
   20.622428     4.845192     9.091290     8.365865   -33.380468   -45.172196
   21.007799     4.690113     8.994601     8.529379   -22.526963   -65.568896
   21.098471     5.015430     8.823049     8.027561   -25.256305   -64.512862
   20.905083     4.841195     8.950619     8.284368   -53.584397   -52.525494
   21.131991     4.665050     8.755834     8.164602   -40.831294   -53.674954
   21.468745     4.849666     8.760800     8.333387   -31.545529   -77.871480
   21.462926     5.102399     8.729278     8.153829   -36.469883   -75.442311
   20.908495     4.725028     8.964516     8.272277   -26.407356   -93.991825
   21.430345     5.114362     8.783630     8.211701   -39.993997   -82.167397
   21.180360     4.648111     8.856948     8.378071   -38.441051   -80.632292
   21.046407     4.876213     8.982058     8.432616   -53.039548   -71.235126
   20.713754     4.794957     8.979521     8.112188   -49.663231   -71.401072
   21.156931     4.831031     8.825587     8.224537   -37.846112   -62.176653
   20.845360     4.879193     9.101096     8.463680   -26.939000   -90.100649
   20.583225     4.834631     9.153653     8.344057   -29.612444   -93.953623
   21.026486     4.830080     9.086802     8.664969   -36.759806   -73.950298
   21.011275     5.067598     9.074050     8.449058   -32.553719   -88.134190
   20.985010     4.647034     9.012533     8.591646   -51.513626   -66.567995
   21.293722     5.078165     8.840028     8.238740   -52.640466   -73.729068
   20.657554     5.244511     9.220236     8.398879   -38.334944   -81.910544
   21.541019     5.096766     8.777554     8.287394   -37.628237   -94.666602
   21.380450     5.323791     8.849604     8.147092   -32.888233   -99.949710
   21.583431     5.249740     8.898994     8.472209   -28.260618   -80.949480
   21.231174     5.056725     8.863134     8.193362   -39.023218   -92.026463
   21.417958     5.247629     8.939071     8.411488   -34.500377   -86.412570
   21.183714     4.764630     8.992659     8.623443   -35.428508   -71.638883
   21.096839     4.930790     8.976740     8.350034   -10.141774   -95.596059
   21.219750     5.011506     9.005334     8.532967   -32.906065   -75.176892
   21.624749     4.796156     8.661325     8.343483   -59.163393   -72.091048
   21.175194     4.531282     8.893769     8.529826   -40.173825   -73.065443
   21.148355     4.645669     9.013212     8.689543   -31.195808   -76.236224
   20.946696     5.246789     9.099546     8.364668   -38.999745   -78.733579
   20.859440     4.918189     9.144455     8.586701   -38.229562   -83.742790
   20.988707     4.858241     8.902324     8.162838   -34.510888   -80.837964
   20.894562     4.815586     8.949228     8.208843   -48.242216   -82.174155
   21.085390     5.259171     9.118696     8.543899   -38.868558   -70.454536
   21.098867     4.940084     8.889784     8.245398   -20.950662   -57.501056
   20.565423     5.366512     9.219719     8.419223   -39.949855   -37.779495
   21.462163     5.350482     8.883886     8.378692   -31.345983   -45.914567
   20.999609     5.370046     8.993606     8.093832   -27.356604   -66.218970
   21.509313     5.181010     8.717945     8.161825   -34.092831   -62.182612
   21.328586     5.136675     8.769452     8.071934   -22.219232   -72.292289
   21.092625     4.950075     8.885794     8.221257   -31.695282   -61.740588
   20.961544     5.137046     9.130433     8.513661   -24.894345   -78.240047
   21.129658     5.010526     8.818549     8.070935   -23.496538   -58.082872
   21.284554     4.818830     8.808728     8.297509   -28.445777   -68.659409
   21.644321     4.769466     8.735786     8.537520   -40.623644   -46.526162
   20.983840     5.105995     8.834961     7.880100   -33.244300   -58.763560
   20.497901     5.177594     9.109639     7.935388   -30.987611   -65.097022
   20.973886     5.285199     8.987154     8.108823   -27.428766   -64.458410
   21.186484     4.865988     8.769512     8.095994   -30.179762   -66.008383
   21.221175     5.083167     8.948183     8.369994   -24.110410   -75.010912
   20.968326     5.193979     9.107861     8.497811   -43.587535   -56.880735
   21.147487     4.830831     8.838312     8.239774   -40.835104   -64.638498
   20.866866     5.155713     9.007025     8.114078   -27.003879   -68.629250
   21.029177     4.859889     8.897937     8.184597   -24.632296   -82.082613
   20.977983     5.140376     8.852702     7.923336   -46.255748   -53.377558
   20.886829     4.889692     8.903866     8.053559   -28.983216   -67.029655
   21.025846     4.862496     9.003677     8.441689   -33.051058   -78.172195
   21.014987     5.017785     8.980509     8.381009   -45.513284   -43.479799
   21.025396     5.021807     8.934810     8.206883   -33.328217   -68.210873
   20.934413     5.196756     9.026851     8.289181   -35.358964   -45.703305
   20.898345     4.936005     8.886349     8.015110   -24.154826   -56.638982
   20.803474     5.011467     8.959896     8.094897   -37.603958   -43.819801
   20.894106     4.890386     8.989633     8.361651   -29.851656   -42.456977
   20.945384     4.928149     8.834747     7.958729   -36.872555   -56.811954
   20.793797     5.203402     9.137105     8.413598   -40.667763   -53.803121
   20.983367     5.061771     8.820836     7.857432   -27.273600   -62.563526
   21.066266     4.889901     8.916500     8.319617   -36.948548   -55.557066
   21.247715     4.782567     8.904858     8.501583   -31.369228   -61.897527
   21.220333     4.847078     8.888384     8.401080   -49.434588   -70.539497
   20.897614     4.745342     8.969708     8.287725   -18.864592   -78.919378
   21.368585     5.214365     8.733159     8.022282   -23.636731   -60.991972
   20.503056     4.857342     9.082344     8.123312   -34.536514   -56.218213
   20.941644     4.870048     9.035408     8.463449   -19.985115   -62.502377
   21.607193     5.311569     8.681789     8.116136   -30.994324   -65.978817
   20.744742     5.392528     9.077605     8.062673   -31.345283   -52.496385
   21.429762     5.319854     8.878309     8.362686   -30.288963   -43.577351
   21.536215     5.488570     8.971152     8.468481   -28.421396   -70.175338
   20.766973     5.200689     9.077972     8.177058   -36.408940   -66.208953
   21.048473     5.050039     8.898078     8.106434   -22.218174   -72.000504
   21.133757     5.028898     8.857239     8.137524   -32.524170   -67.628806
   21.255369     4.861205     8.845769     8.332375   -30.582187   -66.160429
   21.049746     4.877076     9.011580     8.498523   -33.594563   -67.038657
   21.205362     5.046255     8.836962     8.150469   -36.739246   -72.515713
   21.195242     5.034600     9.082055     8.681361   -34.986228   -68.759288
   20.986680     5.049879     9.028245     8.420076   -45.685204   -52.995430
   21.346691     5.182958     8.819327     8.187634   -33.647551   -67.184010
   21.151227     5.148435     8.924287     8.177235   -26.407350   -92.371236
   20.996974     4.704687     8.896088     8.270852   -33.322591   -71.579606
   20.969064     4.830230     8.982408     8.398744   -40.138538   -62.305906
   21.277824     5.082672     8.909008     8.394251   -43.079065   -55.663622
   20.983582     4.942773     9.017764     8.408543   -31.260064   -68.382616
   20.937502     5.072679     8.992548     8.211273   -25.388366   -69.721506
   21.185191     5.164938     8.816651     8.071808   -54.009907   -53.321814
   21.674638     5.169906     8.789569     8.459176   -38.500871   -52.086150
   21.130315     5.180331     8.851583     8.076482   -38.676305   -49.365906
   21.143908     4.953459     8.809807     8.094244   -27.510040   -62.476632
   21.188475     5.159124     8.915400     8.223143   -18.724913   -72.573613
   21.084910     4.928894     8.875576     8.182453   -27.356953   -68.733118
   21.148523     5.133749     8.927056     8.324983   -48.550989   -41.062380
   20.695078     4.943405     9.010399     8.122643   -28.043631   -48.658225
   20.943588     4.833040     8.925014     8.204019   -34.267095   -72.005291
   20.968812     5.260576     9.159471     8.527838   -29.310910   -74.595231
   21.092468     5.556518     9.111263     8.420689   -47.179248   -53.095148
   21.005689     5.280179     8.975849     8.082214   -21.867085   -77.562574
   21.089314     5.333673     8.967364     8.188720   -40.060209   -55.427393
   21.324668     5.293689     8.817509     8.097000   -28.577687   -65.502885
   21.384167     5.022732     8.914500     8.512104   -27.559117   -57.981950
   21.264257     4.959345     8.744251     8.063322   -23.033174   -66.646368
   21.041548     4.696858     8.866445     8.298943   -38.251925   -54.766662
   21.089565     4.963741     8.868230     8.237579   -33.917393   -38.398948
   21.030353     4.995807     8.930108     8.248214   -25.612224   -53.397193
   20.828270     4.966115     9.072267     8.402605   -27.229032   -57.666980
   21.505030     5.110054     8.713181     8.166320   -13.842514   -63.214688
   21.256215     5.111401     8.860203     8.244199   -39.823144   -60.170673
   21.165446     5.101251     8.868727     8.164293   -26.361615   -60.848500
   20.808399     4.846482     8.966777     8.164137   -27.346870   -62.376209
   21.402545     4.857927     8.701694     8.214076   -40.488405   -52.542615
   21.169886     5.439225     9.130065     8.561878   -33.030776   -60.354887
   20.754153     5.143278     9.067824     8.219743   -26.762272   -49.235106
   21.163428     4.959564     9.044552     8.660465   -37.221293   -53.936081
   21.146487     4.842122     8.830499     8.191576   -22.634495   -68.914518
   21.176627     4.795433     8.719073     8.040333   -28.249348   -54.800029
   20.785675     5.204353     8.983627     7.973447   -29.728692   -50.879371
   20.946752     4.864915     9.006303     8.415893   -33.202660   -59.564501
   21.035046     4.892316     8.946603     8.369772   -31.848703   -50.086846
   21.709342     5.130700     8.640424     8.198447   -24.885700   -75.613745
   21.396903     5.039790     8.807781     8.340395   -28.548038   -44.504973
   20.889114     5.229524     8.980548     8.067389   -36.755992   -54.520563
   21.016096     4.975199     8.917955     8.225392   -33.738125   -52.287436
   21.284418     5.254719     8.879084     8.233469   -29.629952   -54.515236
   21.004611     4.994647     8.940556     8.225813   -35.749006   -64.600186
   21.092000     4.994280     8.881001     8.199234   -25.857492   -53.300837
   21.083416     5.017788     8.894486     8.261250   -28.878371   -37.485994
   21.174775     4.863674     8.873705     8.373856   -25.812396   -43.873448
   21.059167     5.098416     8.916667     8.198343   -30.804586   -48.836619
   21.147856     5.026431     8.933381     8.330613   -17.583442   -60.741007
   20.876897     4.673556     8.873046     8.108295   -20.318762   -63.261113
   21.248669     5.185414     8.816067     8.097096   -32.421054   -58.003442
   21.087695     5.160999     8.919872     8.182218   -34.400888   -54.750748
   20.825644     4.725590     8.937549     8.210155   -17.246819   -53.232246
   20.892154     5.357775     9.051577     8.167469   -45.513155   -59.747556
   21.217043     5.298520     8.998333     8.361577   -26.751159   -67.850833
   21.026767     4.982137     9.011011     8.421530   -23.167075   -61.362689
   20.926706     5.171822     9.007889     8.208365   -48.994211   -61.906934
   20.628577     4.971051     9.050407     8.063497   -36.241691   -72.443664
   20.879840     4.867117     8.867506     8.000686   -31.718788   -55.485037
   21.295982     4.705309     8.829048     8.407883   -35.162708   -71.353678
   20.869165     4.861142     9.063334     8.459918   -31.194466   -67.948655
   21.346234     5.046705     8.804669     8.231169   -16.716896   -62.525349
   21.197369     4.860819     8.759675     8.143905   -47.548622   -48.876667
   21.031420     5.051870     8.978002     8.265067   -26.993528   -80.297273
   21.047202     4.922168     8.834298     8.118852   -42.782552   -45.737480
   21.090828     4.845607     8.885107     8.277427    -8.505266   -57.083238
   20.925304     5.086086     9.098109     8.521839   -36.799515   -49.872432
   20.952384     4.999848     8.884247     8.059313   -40.478860   -52.032023
   21.296332     5.316665     8.878298     8.205317   -35.502750   -56.824449
   21.503854     5.226639     8.790458     8.284536   -30.638615   -53.576722
   20.801785     5.137854     9.016457     8.113659   -28.758560   -55.276634
   20.772178     4.985091     9.018478     8.274859   -41.970907   -36.227326
   20.752014     4.889579     9.166011     8.553216   -32.070854   -84.651408
   20.916035     5.232691     9.205776     8.604590   -36.524212   -81.704836
   20.620365     4.866532     8.918286     7.811624   -31.846685   -49.803111
   21.300034     4.809379     8.892851     8.500726   -41.032770   -66.327235
   20.986887     5.198668     9.032078     8.367403   -41.706755   -43.056389
   21.114226     4.997659     8.908058     8.272021   -30.019705   -58.653251
   21.008973     5.173422     9.067448     8.425830   -31.684586   -62.118157
   20.998845     4.803969     8.978928     8.409219   -37.423680   -72.367563
   20.922080     5.066502     9.164886     8.650923   -44.167995   -67.264465
   21.108475     4.767645     9.048754     8.693157   -33.433874   -68.286780
   21.087881     5.325603     8.996427     8.231622   -42.342158   -67.335454
   21.221776     5.081156     9.032125     8.611643   -35.269902   -52.426175
   21.271718     4.946902     8.782054     8.171333   -17.637585   -60.018052
   20.937722     4.884999     9.117491     8.620224   -29.157951   -76.554547
   20.927338     5.245873     9.182489     8.576089   -28.491702   -69.003442
   21.235972     5.260287     8.917061     8.276956   -31.906424   -49.992891
   21.208908     5.246842     8.964939     8.308747   -22.258028   -68.675720
   21.029241     5.172502     9.026693     8.317204   -28.686620   -74.196151
   21.228785     4.815242     8.896724     8.425921   -26.753499   -71.378935
   21.068396     5.181673     8.920946     8.137610   -34.261613   -59.633644
   21.815256     5.032409     8.643102     8.369228   -40.767305   -61.406930
   20.933952     4.834038     8.838157     7.944872   -17.125315   -76.458551
   20.628847     5.229695     9.164103     8.276006   -42.641506   -60.561714
   21.311991     5.002424     8.783662     8.189153   -31.688857   -62.498353
   20.934487     4.902946     9.014540     8.402696   -34.100159   -58.996982
   20.938555     5.283485     9.016372     8.111602   -27.521282   -77.848512
   21.546451     4.997945     8.946043     8.714830   -34.566600   -56.033015
   21.215236     5.168668     8.844534     8.094923   -25.515099   -72.237506
   21.136781     4.845442     8.875614     8.307466   -41.115978   -62.970916
   21.301176     5.109227     8.942483     8.452007   -18.113760   -57.218390
   21.016269     4.959383     9.113781     8.658723   -43.110554   -70.020986
   20.925438     5.007082     8.952449     8.177937   -47.531070   -60.011792
   21.147594     4.790195     8.957085     8.526522   -26.803061   -60.358897
   21.206087     4.687732     8.991460     8.701210   -43.861059   -64.950418
   21.009098     4.707906     8.830335     8.166982   -40.604698   -57.757815
   21.347928     4.756219     8.828107     8.446289   -23.572598   -58.993396
   21.272941     5.125275     8.778432     8.077715   -27.087544   -56.476116
   21.426742     5.124208     8.801267     8.284615   -38.483833   -57.571890
   21.087152     4.967870     9.023462     8.576875   -29.660814   -44.478848
   20.850823     4.946575     8.905335     8.009931   -39.474304   -56.956049
   20.916452     4.972905     8.904732     8.056423   -39.608654   -62.422641
   21.568016     5.164484     8.817124     8.408906   -39.724879   -59.936144
   21.464729     5.005599     8.759958     8.283886   -30.873215   -62.682347
   20.926211     4.794382     8.975658     8.337203   -35.076629   -70.643346
   20.806585     4.796825     8.958185     8.173254   -28.064795   -62.291769
   21.476570     4.989842     8.713002     8.222839   -44.970184   -62.424334
   21.248835     5.020760     8.994039     8.597609   -41.501741   -48.909763
   21.308456     5.161465     9.051863     8.628439   -35.767166   -69.215459
   20.983073     4.728630     8.989277     8.507327   -31.595236   -55.217045
   21.153447     4.734635     8.884884     8.408651   -21.633566   -57.781000
   20.897076     4.956292     9.113695     8.636473   -45.498237   -47.431218
   21.658866     4.795782     8.651677     8.369201   -24.157694   -51.238754
   20.989877     5.105359     8.870047     7.972044   -40.623604   -62.110128
   20.847510     4.941644     8.973221     8.176556   -40.429145   -61.901245
   21.343658     5.036190     8.817057     8.260491   -29.903944   -66.928228
   21.203952     4.707849     8.813015     8.267700   -17.291523   -75.156753
   21.049726     4.996566     8.956793     8.340269   -28.841165   -50.827739
   21.241955     4.727335     9.012642     8.719711   -25.087251   -74.148251
   21.060959     4.955015     8.912801     8.253431   -19.180996   -55.927167
   21.117571     5.104004     8.995896     8.403351   -26.979248   -60.029719
   21.226078     5.238046     8.906376     8.209718   -18.360261   -65.173111
   21.060412     5.240725     9.000205     8.306397   -39.650468   -51.189644
   21.212714     4.785553     8.795266     8.244839   -35.158668   -59.166402
   20.965588     4.863166     8.906390     8.240807   -38.943542   -44.763589
   20.680374     4.747391     9.012492     8.285509   -37.929381   -42.921422
   20.854193     5.186155     9.080807     8.323327   -36.950347   -55.612276
   20.963371     5.412203     9.035985     8.145937   -32.637557   -63.655565
   21.107733     4.938676     8.924425     8.366803   -37.949996   -49.132009
   21.138481     5.062349     8.846211     8.087954   -27.960503   -69.674420
   21.418931     4.744501     8.687059     8.237709   -36.988309   -60.030830
   21.215931     4.818036     8.823438     8.334923   -40.335560   -43.593987
   21.335864     4.827219     8.899362     8.534465   -38.437092   -65.038817
   21.064856     4.548807     8.814581     8.184499   -17.517313   -90.977735
   20.869883     4.958579     9.036320     8.287551   -36.108691   -88.306613
   21.186562     5.137604     9.019004     8.428533   -21.968072   -88.067519
   21.180301     5.069179     8.818640     8.104469   -36.037547   -56.586591
   21.142250     4.666220     8.725320     8.089110   -34.111937   -58.209984
   21.294740     4.961597     8.760398     8.128152   -41.455010   -74.454362
   21.192249     5.129249     8.992161     8.420122   -31.656894   -72.862017
   20.890746     4.985981     9.101594     8.504723   -54.104817   -72.984053
   20.583492     5.174737     9.174815     8.292262   -38.281530   -60.159492
   21.257479     4.890259     8.815355     8.216869   -23.758158   -81.537294
   21.181520     5.209169     8.985100     8.360189   -33.326264   -67.631351
   21.125332     5.232610     8.949517     8.218703   -35.728098   -65.587750
   21.529770     4.944641     8.660439     8.180486   -37.394758   -66.570053
   21.199605     4.988314     8.809943     8.115934   -24.809066   -69.567000
   21.328972     4.958546     8.797265     8.251653   -37.865103   -67.110697
   21.128474     5.214169     8.890773     8.073649   -30.637791   -74.983227
   21.094754     5.113914     8.935230     8.231097   -39.503718   -66.286555
   20.778989     5.010964     8.993792     8.112038   -35.667151   -56.742638
   21.191316     5.222656     8.944210     8.327650   -56.078736   -51.002121
   20.742275     5.314178     9.088041     8.082405   -46.775118   -77.281500
   20.882690     5.208787     8.977423     8.040135   -49.451145   -68.743393
   20.604886     5.118648     9.077116     8.005238   -33.932026   -72.010873
   21.432718     5.148240     8.907990     8.454261   -38.753093   -68.200595
   20.834185     4.959564     9.004866     8.156540   -20.898952   -85.335992
   21.371890     4.854275     8.863912     8.463185   -39.613002   -73.337750
   21.042252     4.792944     8.780857     8.032259   -35.462343   -56.734239
   21.147926     4.991054     8.912955     8.317431   -28.691770   -59.484404
   21.112847     5.107700     8.972521     8.349319   -33.573761   -59.932547
   21.085164     5.111794     9.002299     8.382149   -21.843532   -59.278387
   20.913964     4.897013     9.053714     8.455854   -24.686405   -66.734113
   21.213327     5.298659     8.884774     8.137652   -45.266213   -63.637880
   21.182785     5.189634     8.866815     8.152999   -34.371658   -51.550967
   20.555762     5.306334     9.202737     8.283686   -37.025137   -54.304676
   21.404134     5.090176     8.736800     8.159942   -21.737484   -50.290013
   21.021095     5.209498     9.029569     8.297861   -30.142040   -72.175845
   21.435146     5.357121     9.121442     8.785619   -24.893425   -63.143621
   21.225368     4.758475     9.021374     8.741022   -34.669473   -63.902782
   20.867878     5.328543     9.098373     8.282744   -24.418300   -55.818415
   20.714087     5.132094     9.217194     8.560076   -22.589636   -65.872450
   21.167107     5.166617     9.026301     8.560301   -43.522428   -37.903392
   21.067590     5.158136     9.001617     8.310036   -21.926043   -69.236888
   21.111007     5.145327     8.936397     8.206935   -28.175569   -73.124388
   21.614157     5.332642     8.827269     8.365517   -31.802075   -65.567278
   21.423555     5.256744     8.851622     8.290024   -21.428732   -60.317072
   20.907171     5.146571     8.971157     8.112563   -36.597626   -56.808368
   21.197334     5.137102     8.960997     8.382509   -27.946986   -59.003621
   20.507596     5.056915     9.161988     8.277305   -40.387313   -50.247560
   20.713966     4.964968     9.125161     8.470743   -34.043614   -48.810465
   21.202642     5.219027     9.110988     8.636853   -31.972801   -71.318058
   21.062094     4.690320     8.773917     8.073679   -32.633640   -67.166714
   20.975030     5.215838     8.914260     7.986557   -40.946577   -64.060898
   20.999581     5.403547     9.066464     8.333577   -46.428914   -46.303655
   21.269747     5.115089     8.849605     8.228200   -22.764725   -57.066121
   20.767531     4.840452     8.894130     7.983292   -39.116494   -46.764546
   21.079412     5.271973     8.942390     8.139580   -32.021062   -60.068572
   21.181402     4.998161     8.821790     8.131183   -24.687312   -63.351611
   20.909044     4.974944     8.978506     8.231740   -30.136234   -61.932679
   21.239154     5.223563     8.832492     8.127102   -39.909510   -49.348469
   21.114942     5.133122     8.928769     8.279818   -40.245218   -44.869964
   21.213950     5.112031     8.880287     8.269517   -32.523845   -48.083522
   21.143431     5.245638     8.996710     8.354406   -38.876276   -58.188407
   21.248697     5.244778     9.022054     8.511507   -44.105991   -55.197096
   21.019327     5.008520     9.019866     8.436183   -32.800396   -57.345016
   20.833106     5.174329     9.083915     8.306138   -33.217383   -58.591547
   21.242632     4.866913     8.771960     8.159564   -34.543377   -67.641790
   21.362960     5.267910     8.825345     8.194374   -44.285449   -58.493544
   21.325403     4.777040     8.819235     8.395137   -46.017809   -65.803680
   20.944653     4.641058     9.031444     8.583251   -15.133943   -66.714163
   20.963407     4.983487     8.885954     8.076574   -28.429096   -52.753396
   20.821184     5.059355     9.059263     8.290278   -33.586994   -66.255859
   21.066148     5.148097     8.945319     8.225746   -37.022263   -56.177989
   21.249099     4.843892     8.936543     8.499831   -24.831836   -75.785416
   20.786815     4.626990     8.907549     8.106924   -28.762450   -70.103327
   21.055083     5.104700     8.945996     8.200977   -33.698720   -73.133896
   20.830964     4.960056     8.973568     8.150944   -37.692532   -59.073048
   20.656878     5.157176     9.262809     8.611987   -28.803651   -70.446682
   20.972603     4.646140     8.929121     8.377848   -24.802805   -61.939149
   20.753231     4.724280     9.107130     8.530981   -35.202291   -73.500346
   20.979350     4.781072     8.758920     7.879559   -34.737201   -68.921683
   20.651071     4.989226     8.999382     8.000479   -42.979711   -52.142038
   20.748029     4.856717     8.985402     8.131266   -39.903212   -66.931302
   20.859657     5.256866     9.013982     8.053335   -35.905659   -72.175468
   20.758226     5.401464     9.137078     8.248311   -47.399012   -55.716492
   20.835011     5.458202     9.184557     8.371672   -39.655139   -69.262260
   21.445913     4.821060     8.716543     8.286839   -41.281831   -58.978369
   21.207848     5.184825     8.905976     8.249021   -33.317431   -58.822942
   20.969393     5.145481     8.937780     8.077765   -33.740384   -64.341796
   21.168587     5.501007     9.094508     8.418825   -45.233038   -72.987308
   20.953170     5.154473     9.045065     8.350556   -29.766600   -54.149141
   21.039658     4.682507     8.888772     8.350371   -46.194358   -59.350415
   21.301471     4.642062     8.759811     8.333187   -27.340385   -56.655802
   21.115089     5.124024     8.895162     8.170131   -43.731756   -60.133374
   21.321327     5.177218     8.844624     8.216766   -44.662108   -71.377199
   21.261911     5.263817     8.968823     8.390187   -42.176619   -58.668307
   21.223417     4.939434     8.954945     8.495202   -46.678742   -67.945746
   21.003803     5.115647     8.986338     8.229736   -22.133734   -72.075755
   21.084948     4.887984     8.829388     8.110255   -32.227406   -65.703604
   20.330329     5.199914     9.381083     8.725874   -38.388774   -59.154805
   21.324076     5.230313     9.074758     8.681042   -19.146753   -59.541988
   20.520175     4.980543     9.227373     8.458216   -22.058080   -73.941988
   20.970941     5.278088     8.957616     8.027767   -27.774941   -67.459777
   21.273016     5.081172     8.886440     8.313827   -29.227736   -66.446950
   21.208665     5.138303     8.999176     8.477828   -36.130109   -58.720308
   21.458759     5.033061     8.801118     8.323771   -13.821106   -66.895585
   21.110816     4.953067     8.806133     8.070918   -26.579865   -53.636069
   21.126851     5.077212     8.903066     8.253091   -29.823527   -47.874713
   21.252463     4.920201     8.837958     8.292360   -31.991960   -61.785183
   21.238169     4.761541     8.777797     8.275987   -35.057991   -47.512343
   21.130679     5.076007     8.845611     8.126103   -29.405766   -47.891687
   21.026849     5.039388     8.901010     8.117019   -28.246663   -65.408782
   21.159032     5.155879     9.025830     8.455884   -15.389175   -65.758513
   21.023246     4.729852     8.935037     8.435937   -22.571749   -48.281146
   21.569561     5.158292     8.838373     8.458954   -28.369647   -53.988254
   21.505761     5.320213     8.884384     8.420328   -41.413357   -51.122831
   20.856076     4.734459     8.894950     8.103181   -23.881124   -63.017520
   21.291249     5.169733     8.785440     8.104538   -33.357021   -51.100122
   21.117210     5.276075     8.918178     8.114161   -36.099157   -64.210701
   21.523063     5.059673     8.772840     8.371535   -44.045653   -47.929349
   20.832110     4.741471     8.947802     8.215408   -28.561058   -61.632956
   21.401340     4.916337     8.649416     8.101741   -44.354420   -44.857008
   21.042151     5.142059     8.926968     8.135958   -41.698176   -67.093167
   21.457850     4.851788     8.768447     8.351026   -35.559007   -72.182696
   20.989595     4.966549     8.937159     8.325447   -47.002043   -32.991550
   20.824600     4.959155     8.970801     8.143061   -35.552580   -56.081169
   21.189035     5.189803     8.902548     8.191695   -28.546926   -69.299690
   21.305261     4.828675     8.778937     8.264938   -29.648400   -62.191664
   21.024683     5.376332     9.137446     8.525039   -33.827758   -52.155460
   21.427944     5.187530     8.751503     8.134887   -29.944535   -64.048850
   21.128400     4.912435     8.835344     8.155863   -42.538978   -69.433358
   21.173618     5.180391     8.861097     8.133933   -46.486355   -55.723829
   21.175341     4.832918     8.857691     8.305885   -17.193967   -59.377069
   21.409966     4.981154     8.763981     8.260625   -34.906282   -60.674485
   20.335656     4.636965     9.160821     8.307451   -10.277953   -56.800497
   21.091543     4.747990     8.820366     8.176622   -28.397480   -66.458062
   21.054733     4.767659     8.958259     8.412035    -8.241554   -73.211656
   21.420283     5.104417     8.808374     8.301082   -32.426618   -56.676926
   20.881355     4.988947     9.074454     8.454413   -27.027011   -55.611003
   21.119834     5.127741     8.915137     8.188014   -29.227056   -69.224560
   21.209859     4.865268     8.931253     8.516700   -40.631435   -49.610699
   21.117993     4.923477     8.867360     8.242239   -35.414104   -54.164847
   20.728419     5.223542     9.074212     8.191267   -40.026415   -42.824815
   20.886439     5.347170     9.157419     8.427985   -19.823760   -61.864838
   21.205934     4.916173     8.918481     8.448218   -32.166244   -51.361573
   21.245351     5.239930     8.920193     8.337231   -23.142488   -40.011493
   20.666018     5.076670     9.152197     8.388639   -38.329972   -58.987366
   21.257450     5.074215     8.766768     8.062703   -24.681761   -56.882603
   21.043114     4.770508     9.017713     8.604526   -30.239887   -55.296299
   20.983060     5.291796     8.915452     7.978474   -36.240083   -52.574846
   21.289143     5.001147     8.844615     8.272065   -38.678311   -75.389887
   21.209745     5.075733     8.854151     8.187227   -25.503181   -63.500625
   21.108267     5.067193     8.806994     7.974292   -21.256544   -60.768111
   20.817975     4.882209     8.962376     8.165229   -53.065458   -60.616896
   21.096099     5.064945     8.860762     8.056005   -19.859976   -73.519158
   21.165542     4.882830     8.823362     8.194167   -32.762351   -62.513478
   20.920163     4.881231     8.894926     8.087399   -45.303715   -68.409285
   21.107062     5.242250     8.850957     7.990365   -47.777291   -60.768740
   20.933645     4.964491     8.969329     8.262540   -43.667069   -57.362725
   20.758992     4.588808     8.947004     8.223990   -36.870342   -65.571213
   20.886570     5.012200     8.908298     8.052543   -45.030308   -47.158978
   20.591136     4.774622     8.984036     8.038140   -43.278868   -50.806005
   21.134491     4.795230     8.786249     8.127867   -23.776126   -60.354981
   21.635125     4.940626     8.671401     8.305003   -33.011580   -60.238676
   21.267755     4.746124     8.754918     8.223916   -28.151844   -61.447911
   21.087448     5.009254     8.911820     8.239172   -17.307438   -57.633012
   20.981189     4.764393     8.895430     8.210741   -29.849706   -72.712132
   20.678815     4.943694     9.016055     8.039490   -25.612475   -71.689821
   21.132711     4.791501     8.865242     8.312359   -38.599481   -61.890713
   21.080195     5.217557     8.998798     8.290348   -27.044777   -65.769993
   21.376113     4.924377     8.723742     8.194536   -32.436441   -52.302763
   21.730801     5.051789     8.635371     8.309002   -37.751223   -46.323966
   21.457510     4.822205     8.636514     8.147822   -34.337797   -54.315819
   21.145411     5.202833     8.923850     8.218758   -38.278534   -58.352822
   21.477022     5.213431     8.778988     8.200152   -41.775860   -80.830939
   21.173436     4.845318     8.771092     8.103384   -28.651829   -62.984632
   21.678916     5.345433     8.788018     8.375332   -36.538473   -53.547633
   21.457011     5.160718     8.886216     8.443989   -29.927221   -58.416557
   21.165930     5.016554     9.025829     8.558671   -33.761044   -62.922420
   21.290264     4.919127     8.959480     8.636259   -48.200661   -43.272998
   21.359883     5.283828     8.863449     8.285542   -45.783947   -47.217811
   21.016646     4.664722     8.898268     8.332279   -37.446490   -67.726016
   21.032992     4.836499     9.010048     8.500073   -29.970523   -67.619058
   20.846143     5.120529     8.979208     8.102934   -43.715999   -50.894049
   20.852450     4.855375     8.979898     8.293667   -25.210768   -46.921843
   21.263502     4.898032     8.741411     8.159239   -43.889327   -45.041660
   21.413360     5.091289     8.741972     8.214716   -36.643308   -39.890150
   21.286753     5.077502     8.947209     8.492359   -39.222324   -50.282596
   20.970843     4.757891     8.830656     8.096117   -31.328619   -53.923561
   21.219766     4.790347     8.762765     8.164739   -36.525085   -65.857298
   21.040826     4.867538     8.925419     8.284345   -38.566015   -74.697132
   21.159687     4.721854     8.836528     8.284070   -19.470739   -69.093573
   21.134702     5.247730     8.963271     8.285799   -32.300029   -50.911257
   21.116811     5.213500     8.971048     8.326406   -33.526066   -45.084532
   21.214011     4.823103     8.755270     8.145903   -29.391402   -54.499328
   20.948006     4.910879     8.880354     8.086171   -29.252320   -55.170071
   20.909947     4.837254     8.888890     8.131977   -38.857028   -50.900082
   21.038015     5.065844     9.111296     8.636332   -40.003106   -58.974925
   21.134257     4.902486     8.972428     8.472079   -31.563695   -66.007819
   21.153080     5.035398     8.956288     8.393516   -33.482107   -60.189481
   21.285411     4.723631     8.805680     8.335654   -26.633023   -71.118078
   21.151902     4.704609     8.873194     8.398309   -36.487231   -60.946837
   20.970814     4.852039     8.908692     8.216986   -35.004405   -58.150799
   21.377418     4.967928     8.685111     8.080712   -29.541670   -57.343184
   21.036404     5.217602     8.988935     8.244586   -21.069868   -56.071710
   20.878272     5.206127     9.165174     8.545908   -28.906590   -58.911391
   21.242483     5.169711     8.734290     7.923738   -37.503049   -59.870933
   21.155238     4.925684     8.927486     8.386909   -29.863636   -62.676221
   20.969811     5.018503     8.965225     8.176449   -19.704504   -82.727207
   20.806320     4.719674     8.947715     8.230440   -27.879476   -51.987061
   21.019204     5.198043     8.964347     8.193281   -40.526235   -55.537931
   20.991858     4.774991     8.938014     8.331087   -40.033514   -69.965515
   21.312066     5.048860     8.728069     8.059624   -42.253718   -60.609810
   21.200585     4.700554     8.909942     8.532010   -39.997744   -58.181480
   21.410136     5.127020     9.021697     8.689583   -34.321965   -58.436054
   20.949953     4.813518     8.919367     8.296282   -46.269870   -43.767498
   21.097600     5.131570     8.858494     8.054057   -27.404322   -57.993009
   20.987944     5.261151     9.027491     8.263318   -51.565469   -63.365626
   21.227892     4.771266     8.721037     8.116092   -40.918051   -57.761928
   21.457207     4.682933     8.719096     8.363288   -40.662543   -61.345542
   21.431133     5.124398     8.826982     8.327124   -35.627394   -61.894027
