   21.896793     5.005697     8.743555     8.576852   -25.005643   -68.350842
   21.942572     5.202158     8.768231     8.604948   -39.015686   -52.467389
   21.919246     5.136179     8.634892     8.354953   -21.464791   -76.954178
   22.117055     5.407749     8.580648     8.325636   -34.450486   -85.713213
   22.288776     5.124644     8.576978     8.538260   -37.762319   -81.798706
   22.159826     5.032586     8.644630     8.586451   -44.248708   -78.377044
   22.191699     5.090631     8.518562     8.392376   -28.386957   -85.470380
   22.335296     5.296163     8.391184     8.331306   -54.338708   -55.417702
   22.179969     5.095320     8.361965     8.219704   -39.586386   -55.655354
   21.854126     5.007097     8.653619     8.406693   -43.120092   -72.790394
   22.105100     5.389702     8.726075     8.568486   -40.233353   -60.354705
   22.464237     4.974502     8.485007     8.634233   -23.456052   -51.711150
   21.791478     4.950102     8.615180     8.317859   -30.487707   -67.504769
   22.185734     5.306228     8.444657     8.250049   -36.435179   -68.464973
   22.140991     5.163760     8.527778     8.397105   -33.100341   -56.652411
   22.582592     5.278098     8.565221     8.685785   -26.794735   -66.851859
   21.994576     4.930098     8.532047     8.360689   -36.877177   -64.999717
   22.242622     4.847186     8.549068     8.555949   -34.222527   -82.399415
   22.257913     4.840599     8.581183     8.596934   -34.593552   -92.989904
   22.020377     5.430004     8.717747     8.435850   -25.534563   -81.448735
   22.236973     5.151142     8.581480     8.528599   -50.106628   -70.829261
   22.166954     5.209649     8.618214     8.456759   -29.046899   -99.449807
   21.818082     5.054142     8.790048     8.574369   -44.062625   -72.975235
   22.312432     5.139733     8.672867     8.697448   -62.079006   -80.375900
   22.037335     4.925050     8.630985     8.525222   -39.762949   -75.145060
   21.916890     5.286201     8.608255     8.274391   -40.392526   -75.839495
   22.469753     5.327997     8.664061     8.699686   -18.501082   -81.778596
   22.188858     4.918843     8.773395     8.819420   -28.131664   -79.732684
   22.233729     4.822600     8.482043     8.462308   -30.459855   -81.954495
   22.320361     4.951400     8.496680     8.508450   -25.500403   -75.674799
   21.977986     5.340558     8.613074     8.305867   -26.718022   -69.956867
   21.819472     5.540614     8.838956     8.481281   -31.556830   -54.611260
   21.815864     4.848442     8.770189     8.667529   -21.857667   -53.700719
   22.095747     5.167586     8.727483     8.638605   -22.873843   -62.564055
   21.702507     5.282218     8.714527     8.318630   -40.449945   -47.083187
   21.965469     4.790212     8.665266     8.625810   -41.995459   -51.543594
   22.080192     5.109742     8.611570     8.463732   -27.103656   -69.814435
   21.778821     4.833938     8.614856     8.366297   -38.691577   -62.881933
   22.084956     5.320272     8.529866     8.289713   -35.033642   -66.153803
   22.227833     5.302121     8.747160     8.683172   -19.536892   -73.168212
   22.024018     5.070800     8.513137     8.313744   -37.800630   -61.754079
   22.056694     5.074040     8.426796     8.160025   -16.703151   -78.258033
   22.325009     4.964049     8.353870     8.323471   -28.627180   -70.171093
   22.121442     5.180466     8.643402     8.514488   -31.465646   -69.718739
   21.813053     5.295758     8.661249     8.290688   -43.843413   -63.213681
   22.385871     5.003451     8.256568     8.243804   -32.294711   -60.988109
   22.101669     5.492896     8.731497     8.506244   -28.342110   -73.953794
   22.005541     5.080805     8.725801     8.622749   -30.372104   -56.042663
   21.747537     4.953580     8.730714     8.502266   -26.162298   -54.375276
   22.032958     5.269604     8.660233     8.475646   -41.406159   -56.768810
   22.022297     5.227274     8.571612     8.354108   -34.625849   -55.197607
   21.804318     5.450279     8.917035     8.658187   -40.098660   -47.885493
   21.679132     5.132683     8.760039     8.406874   -27.643666   -60.943825
   22.143549     4.769422     8.721591     8.791838   -35.063481   -68.799370
   22.989100     4.992869     8.233785     8.578344   -25.849418   -89.189119
   22.179596     5.395580     8.654730     8.484170   -36.217962   -79.906981
   22.158392     5.016890     8.588118     8.505585   -39.394174   -80.942747
   21.768504     5.418532     8.661935     8.200689   -44.756492   -64.600909
   21.915491     4.947576     8.700743     8.539862   -40.486402   -74.664135
   22.076948     5.078084     8.484787     8.286184   -39.762849   -78.844832
   22.092991     4.966224     8.486376     8.365571   -47.548809   -64.290847
   22.064920     5.024225     8.715793     8.657698   -41.115731   -60.935993
   22.195833     5.174927     8.574373     8.459029   -39.403948   -82.196964
   21.831100     4.880749     8.715843     8.533155   -33.973064   -71.714894
   22.612024     5.369215     8.603330     8.721002   -29.833638   -70.337356
   22.111945     5.271824     8.537914     8.357035   -31.648119   -54.464208
   21.760082     5.052343     8.615044     8.223513   -21.905084   -78.922733
   21.901881     4.906210     8.693360     8.533358   -26.036524   -71.879691
   22.017410     4.983547     8.792943     8.733264   -36.373878   -73.274641
   21.804483     5.004308     8.573234     8.238182   -35.177614   -69.921471
   21.871502     4.812970     8.624246     8.462492   -25.388264   -59.157199
   21.849214     4.754805     8.550795     8.305141   -23.355148   -79.286543
   22.293204     4.818126     8.545427     8.612869   -31.630614   -70.192224
   21.923737     4.906440     8.853430     8.797240   -33.248474   -75.144888
   21.900040     4.703945     8.623785     8.479044   -14.810001   -78.696097
   22.075085     4.904206     8.827045     8.859538   -37.638919   -69.629834
   21.668093     5.044195     8.721925     8.311378   -17.186465   -88.251393
   22.161918     5.067054     8.671091     8.615553   -33.240929   -72.885930
   22.164331     5.291371     8.663756     8.539110   -41.178491   -69.745553
   22.006414     4.798507     8.770708     8.796069   -29.608920   -59.714007
   22.007426     4.949743     8.658636     8.528976   -21.569163   -74.928265
   22.023162     5.052927     8.878132     8.845573   -44.443877   -71.804561
   22.033280     5.221562     8.571891     8.332140   -39.644367   -77.216482
   22.180878     5.100623     8.561302     8.456695   -37.631954   -79.846336
   21.667120     5.260807     8.732810     8.280076   -27.269479   -66.513122
   21.893694     4.709074     8.659934     8.573911   -36.880014   -62.217294
   22.259822     5.018185     8.435404     8.377868   -27.694669   -66.497347
   21.994042     5.175976     8.570030     8.337110   -38.605967   -63.122521
   21.867716     5.266436     8.644064     8.287129   -28.093043   -74.454705
   21.926134     4.891462     8.725387     8.630886   -44.471367   -62.602621
   21.984321     4.917040     8.721257     8.630798   -36.406894   -72.290051
   22.602159     5.001936     8.284087     8.409974   -30.963607   -75.469446
   21.728283     5.086699     8.572462     8.165961   -46.855588   -60.707361
   22.035163     4.975627     8.542950     8.388673   -35.258290   -66.183673
   22.060072     5.110425     8.724460     8.628904   -34.543327   -62.948492
   22.125737     5.154176     8.519480     8.341058   -33.799684   -78.536336
   22.054009     5.209507     8.548360     8.329001   -25.721851   -63.181343
   21.988186     5.024237     8.634865     8.498271   -33.607496   -54.201128
   21.671841     4.727713     8.698893     8.509684   -39.566186   -46.963784
   21.538390     4.939321     8.660642     8.195347   -35.291409   -63.591408
   22.205833     4.855742     8.425085     8.388319   -38.002774   -63.265439
   22.191168     4.763235     8.342613     8.315415   -38.848679   -49.265923
   21.707711     4.942037     8.552282     8.148613   -27.305895   -62.723710
   21.979269     5.051902     8.563173     8.338934   -29.984741   -70.832068
   22.054297     4.702641     8.609022     8.581558   -23.705140   -71.501309
   21.906311     4.867418     8.708413     8.572527   -30.667387   -74.148674
   21.867794     5.226888     8.768790     8.505651   -29.819364   -68.396638
   22.153885     5.402586     8.696603     8.527058   -42.651416   -79.395281
   21.725376     5.243371     8.753275     8.376245   -37.366715   -66.676060
   22.095534     5.269984     8.482664     8.266520   -40.810641   -58.238187
   21.978679     5.353489     8.689775     8.459015   -38.967055   -51.067845
   22.233953     5.233789     8.569411     8.439453   -11.349770   -81.989777
   21.688366     5.267404     8.955386     8.695763   -29.170444   -57.358989
   21.892607     4.981918     8.797939     8.624390   -16.794458   -90.589218
   22.221559     5.374599     8.656458     8.537953   -38.484566   -70.293576
   22.107154     5.168378     8.807195     8.810274   -41.757901   -45.496847
   21.959002     5.203053     8.590735     8.317824   -30.243847   -66.888367
   22.056270     5.027080     8.542383     8.398516   -41.536604   -61.746880
   22.107036     4.908626     8.488729     8.424873   -36.182962   -45.911798
   21.948244     4.921105     8.493739     8.262105   -25.042845   -63.310802
   22.525049     4.809764     8.380384     8.530768   -29.230573   -77.671082
   22.285698     4.969854     8.646975     8.731718   -35.590414   -55.858387
   21.775866     4.860023     8.627106     8.349174   -32.787864   -74.361736
   22.211051     5.563674     8.899489     8.796966   -23.817390   -78.293399
   21.673462     5.082762     8.665316     8.243576   -29.411089   -70.749999
   22.095799     4.873387     8.622621     8.572609   -36.931115   -72.801989
   22.139305     4.885537     8.478980     8.402632   -30.062252   -63.144488
   21.911051     5.053822     8.585350     8.322323   -23.854702   -67.012679
   21.616018     5.024089     8.757664     8.388900   -37.089362   -69.398948
   22.183629     4.938860     8.418082     8.337814   -36.915775   -61.810033
   22.024063     4.877308     8.593943     8.481354   -24.423857   -68.587086
   22.137847     4.981027     8.579400     8.510869   -24.419110   -65.049235
   22.182666     4.667076     8.416405     8.394888   -32.513804   -74.363693
   21.564430     4.919823     8.812168     8.477983   -34.471821   -75.451797
   22.328142     5.033270     8.544728     8.565922   -34.917160   -70.703340
   21.775307     4.646758     8.739916     8.629585   -25.590822   -70.362836
   22.238721     5.067363     8.369951     8.257254   -37.140844   -71.637090
   22.936433     5.135667     8.194278     8.493860   -32.408240   -70.562754
   21.926931     5.446372     8.810437     8.522932   -26.818743   -68.137057
   22.252239     5.071564     8.583036     8.573620   -35.936529   -61.345362
   22.219469     5.126415     8.469344     8.374868   -32.176207   -61.106752
   22.124739     5.327728     8.721511     8.584169   -41.530910   -67.063584
   22.363411     5.293721     8.575349     8.520717   -13.804289   -81.007573
   22.176831     4.932618     8.459557     8.364780   -24.987648   -73.334487
   22.016238     5.499142     8.785996     8.540622   -27.630445   -64.232710
   21.666369     4.904149     8.944561     8.747525   -14.460037   -94.550862
   21.937454     5.115018     8.555169     8.229029   -22.801950   -93.181334
   22.117956     5.029513     8.741697     8.647535   -18.181412  -103.767968
   22.378719     5.166082     8.603875     8.578537    -9.368512   -99.182208
   22.307453     5.359062     8.551018     8.421715   -17.589921   -86.322932
   22.140683     5.067295     8.461821     8.242084   -14.038125  -104.499978
   21.825969     5.102773     8.753283     8.460547   -23.277182   -90.411128
   22.158263     5.052613     8.583647     8.504416   -30.604656   -67.184052
   22.045110     5.113372     8.820796     8.803620   -56.377709   -48.153959
   21.683271     5.115823     8.690436     8.344854   -44.387585   -43.813263
   22.290264     4.692047     8.380867     8.423258   -27.446261   -66.848905
   22.054500     4.920427     8.546951     8.411565   -29.306802   -72.893314
   22.256396     5.119496     8.521984     8.492615   -38.297896   -54.065329
   21.746269     4.798565     8.596917     8.335366   -38.692982   -57.292430
   21.683057     5.303322     8.892634     8.515817   -28.895773   -78.053972
   21.923103     5.258012     8.561277     8.199517   -32.207343   -82.908750
   22.018714     5.225413     8.518470     8.259505   -46.618658   -71.014185
   22.132248     4.748753     8.394231     8.301930   -29.210574   -70.891766
   22.469823     5.145750     8.385612     8.446336   -38.381683   -55.907164
   22.276473     5.249998     8.613532     8.568974   -34.538524   -62.499847
   21.860879     4.978665     8.561756     8.283956   -46.479983   -71.796191
   22.225049     5.047607     8.391715     8.269540   -32.262444   -77.283992
   22.322696     5.284489     8.682969     8.668964   -40.712777   -69.702739
   22.097776     5.214549     8.733406     8.606805   -36.722607   -74.302272
   22.247207     5.071804     8.667194     8.665885   -42.569776   -72.954998
   21.797140     5.076412     8.660110     8.310501   -39.723847   -96.839129
   22.341126     5.235015     8.459403     8.414983   -42.212579   -64.963984
   22.146129     5.024472     8.641236     8.608380   -39.109223   -58.225969
   21.860619     4.926432     8.697306     8.534969   -47.387307   -60.233969
   22.022094     4.847616     8.476632     8.296351   -26.749306   -77.045861
   21.882144     4.898494     8.581258     8.378898   -36.758267   -56.385753
   22.168667     4.907151     8.499518     8.450127   -23.411285   -60.133057
   21.792626     5.275033     8.612353     8.174673   -28.707878   -71.728914
   22.167873     5.232547     8.581771     8.435139   -24.356442   -72.068896
   21.856867     5.128282     8.689017     8.415950   -19.205746   -65.932600
   22.308144     5.137458     8.633951     8.627844   -20.274903   -75.041196
   21.981610     4.986097     8.465923     8.221330   -26.273229   -64.674662
   22.076540     5.155379     8.501432     8.306839   -35.662368   -61.598672
   22.133653     5.068005     8.716638     8.675045   -38.383826   -66.363789
   22.039100     5.361047     8.757113     8.516783   -17.760618   -88.210134
   22.183110     4.904030     8.564717     8.528423   -31.104310   -76.219116
   22.022210     5.147051     8.602099     8.447154   -32.262707   -45.984902
   21.981404     5.236534     8.605012     8.381787   -35.782515   -49.273703
   21.801071     4.864726     8.863750     8.795855   -38.283229   -58.132915
   21.810697     5.219618     8.653847     8.325648   -33.091615   -50.132908
   22.415066     5.060691     8.645347     8.764792   -26.912535   -63.037647
   22.095971     5.203462     8.781192     8.719421   -34.619503   -56.162403
   21.789794     5.195195     8.652680     8.322394   -37.942176   -48.781978
   22.301804     5.110472     8.445415     8.374780   -39.126667   -86.483401
   21.804714     5.327563     8.922785     8.637062   -40.985638   -86.693267
   21.912355     5.108700     8.491094     8.183802   -42.635347   -60.305516
   22.112336     4.895575     8.461549     8.331438   -37.083655   -81.008298
   22.108460     4.873372     8.510478     8.420383   -39.954344   -73.147268
   21.695305     5.183114     8.713713     8.307350   -22.910374   -65.182502
   22.055963     4.969676     8.766142     8.732457   -35.845595   -68.209519
   22.166783     5.051865     8.583949     8.509213   -28.057182   -67.546144
   21.925170     5.303470     8.836028     8.616422   -37.183447   -69.822613
   21.589775     5.346794     8.877579     8.416787   -36.337191   -70.788572
   22.471682     4.571163     8.394759     8.595742   -36.402097   -71.466506
   22.067548     5.213194     8.581029     8.429831   -44.942201   -46.683432
   21.846998     5.259628     8.584372     8.210853   -46.233345   -66.668873
   21.683911     5.356403     8.757955     8.322830   -47.306886   -58.249486
   22.381651     5.020192     8.617599     8.750689   -51.366264   -48.795863
   22.572876     5.023492     8.752145     8.990712   -42.941722   -70.521189
   21.808535     4.832397     8.671330     8.449523   -19.718563   -75.283977
   21.783952     5.283815     8.649211     8.244257   -38.135037   -64.840648
   22.011071     5.040962     8.652709     8.490947   -30.964044   -75.286486
   21.712690     5.559511     8.849796     8.355128   -30.625517   -77.726744
   22.337084     5.267043     8.610112     8.587611   -38.632560   -68.920512
   22.212562     5.041186     8.410059     8.306359   -31.143290   -64.612186
   22.045470     5.036169     8.589045     8.472957   -38.311208   -51.821600
   22.287269     5.228614     8.717478     8.728707   -26.325970   -62.752217
   22.244329     5.033996     8.475194     8.431100   -31.012065   -60.274764
   22.164049     5.079795     8.485928     8.406377   -43.286731   -47.536318
   22.123993     4.871568     8.461688     8.392817   -34.748854   -53.236390
   22.137746     4.854925     8.350161     8.223048   -36.856134   -66.401448
   21.841256     5.111571     8.620486     8.292143   -24.334563   -71.693986
   21.780080     4.941367     8.666549     8.378903   -15.352905   -72.867149
   22.085721     4.943251     8.512587     8.424824   -48.187666   -53.073508
   21.937141     5.146967     8.592821     8.332435   -30.190953   -62.703700
   21.832994     5.138323     8.589490     8.255875   -40.312092   -62.037995
   21.926536     5.151836     8.551714     8.253727   -17.488818   -60.056050
   22.193650     4.721223     8.526439     8.552135   -35.714095   -70.683032
   22.338758     5.121696     8.369050     8.330436   -47.869223   -68.005842
   22.107286     5.147012     8.536832     8.368640   -32.175853   -68.631443
   21.629286     5.147143     8.672137     8.167740   -27.960416   -80.598166
   21.707388     4.936554     8.922999     8.776828   -43.346187   -70.720660
   22.143268     4.946291     8.428407     8.292138   -24.125198   -71.489202
   22.113163     4.826123     8.563576     8.496881   -24.501948   -78.688145
   21.845436     5.271560     8.669813     8.375087   -49.550552   -46.629807
   22.054567     5.156893     8.735535     8.606788   -17.027436   -71.246765
   22.156652     4.967623     8.500281     8.404547   -25.286715   -69.651003
   22.044681     5.057773     8.611038     8.430668   -26.639951   -84.488543
   22.168151     5.178195     8.621469     8.551700   -51.892624   -56.931137
   22.039029     4.836543     8.575122     8.473595   -29.722043   -71.916365
   21.969850     5.009561     8.497535     8.250367   -37.419517   -72.594739
   22.035277     5.058156     8.450209     8.235110   -47.072598   -66.963340
   22.284210     5.061645     8.444123     8.394985   -44.494773   -75.569259
   22.326042     4.777888     8.432322     8.511934   -44.234359   -62.467099
   22.038977     5.009117     8.612607     8.465826   -34.465744   -75.293323
   22.475051     4.965746     8.566357     8.743734   -37.283578   -54.597877
   21.864043     4.830121     8.530392     8.298066   -36.473007   -61.253283
   22.220630     4.996924     8.486116     8.480916   -47.321617   -45.112179
   21.913873     5.313305     8.642697     8.318794   -32.465780   -67.729911
   22.443424     4.715451     8.361810     8.512829   -50.389000   -65.907394
   21.981939     5.590870     8.670496     8.297940   -30.367479   -71.367471
   21.746606     4.914009     8.523454     8.182612   -47.822348   -52.974991
   22.386658     5.129819     8.403897     8.376226   -33.312542   -79.044908
   22.090582     5.092513     8.607846     8.484541   -43.914360   -68.200495
   22.200066     5.299600     8.454273     8.271077   -38.753427   -73.916214
   21.858924     5.445063     8.652488     8.235569   -30.843339   -66.637084
   21.964315     5.416436     8.558280     8.187704   -36.379080   -74.130694
   22.141516     5.221989     8.510317     8.326526   -38.549183   -75.898015
   21.751916     5.059867     8.556743     8.143473   -27.753536   -65.761437
   22.092795     5.157840     8.470884     8.275455   -45.382407   -67.206641
   22.343623     4.669420     8.379913     8.481692   -26.019007   -59.386052
   21.595463     5.051107     8.806845     8.432237   -40.200827   -77.740181
   22.295128     5.037870     8.418414     8.380682   -42.467695   -70.302982
   22.096593     5.230877     8.515412     8.295972   -31.545088   -71.874930
   21.861748     5.217288     8.747456     8.463172   -37.137339   -76.029373
   21.601397     5.170382     8.760147     8.342098   -38.469544   -56.126439
   21.814162     5.430113     8.754238     8.352886   -31.745154   -71.969013
   22.553452     4.809677     8.387457     8.592422   -30.889089   -60.219328
   22.100360     5.405633     8.641830     8.412273   -38.002871   -77.870129
   22.189007     4.873291     8.740377     8.830900   -22.085942   -61.840526
   22.156893     4.912377     8.622195     8.665833   -36.644824   -43.042353
   22.108303     4.970328     8.541265     8.459187   -32.495335   -55.953163
   21.880861     5.289272     8.762811     8.496585   -23.564319   -60.442774
   22.262362     4.890844     8.364804     8.326759   -41.145693   -70.189611
   22.478849     4.699853     8.437832     8.617229   -23.644068   -70.841180
   21.881487     5.305790     8.832731     8.600052   -22.577967   -60.824611
   21.753284     5.014238     8.529640     8.139580   -42.426290   -61.264731
   21.935457     4.809652     8.485517     8.249827   -32.627740   -84.908855
   22.206476     5.231406     8.532157     8.414416   -43.219871   -68.828040
   22.296687     5.366629     8.671286     8.575933   -21.686257   -86.474267
   21.969507     5.154492     8.637168     8.404477   -29.821943   -71.438784
   21.727266     5.187401     8.979339     8.752611   -30.653143   -77.401077
   22.100656     5.270792     8.717019     8.600956   -37.238934   -56.891191
   22.005459     5.198775     8.643653     8.408161   -24.505372   -78.449275
   22.128150     5.133699     8.748833     8.668509   -18.124853   -78.716351
   21.874432     4.668351     8.747244     8.691468   -27.676733   -73.803906
   21.893513     4.834087     8.513984     8.244227   -15.736741   -79.503284
   21.915876     4.795441     8.523765     8.332867   -36.862890   -65.823871
   21.987961     4.932465     8.625199     8.493760   -37.438448   -66.150852
   22.011794     5.000216     8.555463     8.350485   -27.785881   -81.331802
   22.115394     5.119183     8.583874     8.452103   -44.943152   -73.864601
   22.574399     4.801591     8.476490     8.707014   -50.941283   -70.076819
   22.332156     5.089375     8.447222     8.413347   -36.918788   -77.431258
   22.228705     4.847017     8.465059     8.451141   -32.615728   -68.430536
   21.871088     5.124512     8.645215     8.382438   -34.514674   -58.184371
   22.307368     5.421955     8.635473     8.550878   -29.914782   -69.146529
   22.064076     4.751288     8.486853     8.357081   -21.542643   -86.280141
   22.251851     5.286779     8.719162     8.696909   -23.048661   -59.783004
   22.109924     5.328336     8.666761     8.474372   -30.293975   -77.293653
   22.022193     4.682753     8.684082     8.658155   -28.114587   -85.124330
   22.199696     4.836704     8.608515     8.679757   -50.585984   -51.265845
   21.847096     4.991099     8.687458     8.475756   -45.310186   -64.594967
   22.118809     4.843941     8.476062     8.382837   -26.327108   -69.339885
   22.159304     4.776665     8.397357     8.339611   -39.936104   -63.821818
   21.818906     4.953091     8.799437     8.601811   -22.134335   -84.476229
   22.372418     4.825926     8.333115     8.368529   -36.789863   -76.427646
   22.034937     5.124728     8.611391     8.406853   -30.256516   -82.416312
   22.426751     5.124257     8.516217     8.583323   -47.315610   -62.524444
   22.082727     4.897469     8.693591     8.616148   -24.123564   -95.575367
   22.247799     5.011204     8.349452     8.227547   -25.904597   -79.988429
   21.634602     5.158003     8.864669     8.553996   -47.292462   -56.519688
   22.009483     4.827667     8.502879     8.375561   -41.714810   -59.720365
   22.038202     4.914684     8.783923     8.773908   -40.289996   -66.610369
   22.188573     5.409397     8.631170     8.493319   -42.440809   -58.965927
   22.087687     5.314557     8.755907     8.589361   -28.982690   -76.715729
   22.301160     5.041381     8.493546     8.494494   -37.692766   -61.609375
   22.192822     5.213243     8.587936     8.483929   -27.999005   -64.390755
   21.888231     4.797934     8.515411     8.274785   -25.658645   -73.139596
   22.129224     5.189433     8.669839     8.555485   -27.080905   -68.324585
   21.982019     5.406551     8.588740     8.242327   -35.723948   -79.418559
   21.987279     5.037804     8.780013     8.676078   -38.429339   -71.577092
   21.690802     4.981061     8.618253     8.246795   -44.478435   -62.770140
   21.564514     5.089560     8.676582     8.170513   -33.563517   -67.920223
   22.355611     5.162577     8.578394     8.589810   -44.653843   -71.570972
   22.067263     4.782328     8.611292     8.556141   -36.172206   -79.888045
   22.174284     4.839222     8.541767     8.535228   -42.475766   -66.044832
   22.032668     4.955735     8.518862     8.353802   -35.868872   -68.721519
   21.838234     4.957993     8.523840     8.219065   -41.507145   -64.276631
   21.774805     5.117433     8.782799     8.528463   -38.992802   -59.978150
   21.606302     4.924665     8.677106     8.286094   -33.024384   -65.858838
   21.706954     4.977838     8.713003     8.375080   -22.737981   -80.116835
   21.802640     4.944415     8.743848     8.575910   -37.318043   -51.925331
   22.440075     5.485403     8.495286     8.519989   -43.223711   -36.528610
   22.165881     5.132708     8.615050     8.562572   -33.000567   -50.790120
   21.908918     4.756980     8.640077     8.533782   -28.642223   -61.125119
   21.795731     4.744870     8.754268     8.661145   -34.623085   -56.746741
   21.960193     5.001456     8.696945     8.606580   -19.819689   -46.409482
   22.354750     4.873683     8.789362     8.937193   -28.792613   -86.175593
   22.329875     5.109415     8.438483     8.390606   -37.526014   -80.698095
   21.883816     4.747276     8.629477     8.457366   -20.166077   -81.473381
   22.212016     4.966801     8.803396     8.880374   -28.305571   -70.768872
   21.554037     4.970004     8.690760     8.181120   -16.081860   -92.797148
   22.060137     4.877650     8.813701     8.819629   -21.396528   -79.384525
   21.498500     4.705899     8.816782     8.561134   -36.197379   -64.417949
   22.058500     4.911606     8.676214     8.595474   -36.343050   -83.261769
   21.959905     5.272786     8.664812     8.399889   -49.536962   -79.401701
   21.947580     5.020430     8.612354     8.407366   -28.222763   -66.988412
   21.994705     5.384184     8.768036     8.569365   -46.829889   -54.436129
   22.039303     5.029061     8.561238     8.409700   -45.239237   -65.466543
   22.035081     5.020439     8.559430     8.404953   -47.712745   -68.210044
   22.086944     5.181722     8.510210     8.339017   -45.373948   -54.688188
   21.984177     5.227591     8.615166     8.350107   -31.701666   -75.852998
   22.415107     5.066522     8.463988     8.549788   -47.316201   -50.550974
   22.125709     4.810923     8.438245     8.351403   -33.856348   -67.655796
   22.083745     5.166201     8.744831     8.650718   -45.056717   -65.736733
   21.736278     5.400371     8.763527     8.342276   -47.863279   -65.873599
   21.998195     5.159751     8.508209     8.234553   -30.819093   -70.274323
   22.238424     5.205296     8.455253     8.323118   -40.169517   -80.416229
   22.272093     5.282881     8.434991     8.313247   -50.604877   -77.495836
   21.783932     4.917977     8.517715     8.146115   -23.788177   -72.073862
   21.997325     4.989582     8.480021     8.267133   -40.585680   -65.282991
   22.077857     4.757680     8.490785     8.455484   -33.995294   -46.890462
   22.139662     5.133885     8.640919     8.547684   -31.359594   -65.570652
   21.791988     5.186804     8.948390     8.789017   -33.196222   -58.670782
   22.071042     5.151089     8.599934     8.443744   -30.196086   -61.381095
   21.826020     5.208551     8.667463     8.366887   -45.655078   -52.568679
   21.960032     5.088490     8.473601     8.204819   -38.441418   -57.240799
   22.015112     5.285462     8.704778     8.529791   -44.496419   -53.224589
   21.750021     5.282849     8.702270     8.303232   -38.320870   -63.755378
   21.983392     4.862299     8.653970     8.560160   -35.790444   -65.856137
   22.128753     5.014639     8.497518     8.384555   -43.545179   -66.708588
   21.953141     5.302242     8.590746     8.262392   -28.773183   -73.889689
   22.557758     5.140777     8.435257     8.537103   -33.230105   -71.036844
   21.948512     4.971667     8.650515     8.502991   -37.164513   -59.528638
   22.273214     4.912149     8.660542     8.740946   -44.263702   -65.687604
   22.415789     4.991910     8.492251     8.565421   -32.971512   -70.388257
   21.655506     5.192815     8.612469     8.126286   -40.971757   -55.204869
   22.304151     5.070322     8.373466     8.319094   -36.741238   -65.091802
   22.138045     4.978783     8.471481     8.358546   -33.998558   -65.909333
   21.854422     4.834176     8.533406     8.276268   -28.766376   -67.424517
   22.341329     5.339780     8.495433     8.420717   -33.589941   -66.709465
   22.276852     5.320228     8.470936     8.348322   -42.159900   -72.858390
   21.671369     5.206514     8.691516     8.262364   -37.443006   -58.239233
   22.033849     5.162927     8.708327     8.547188   -28.505755   -72.458992
   21.701408     5.108702     8.696834     8.324811   -38.620793   -66.535754
   22.214309     5.169352     8.452453     8.330799   -40.510788   -67.761716
   22.309504     4.797329     8.330480     8.338593   -30.036733   -65.643781
   22.242392     4.851286     8.611789     8.687974   -36.801173   -58.617075
   21.996359     4.810523     8.676923     8.629178   -34.966359   -63.127751
   22.059307     4.831246     8.562014     8.437416   -10.775161   -84.109458
   21.867285     5.083080     8.849470     8.667429   -34.500146   -82.177159
   22.160887     4.695301     8.541754     8.547942   -37.503902   -78.800624
   22.317008     5.358225     8.705057     8.667864   -32.116433   -70.963977
   22.050952     5.040107     8.659671     8.541800   -45.118830   -73.242620
   22.039149     4.986439     8.426529     8.236192   -37.080739   -54.386107
   21.765813     4.745728     8.722365     8.575136   -35.377983   -61.263008
   22.373042     4.995005     8.569943     8.622904   -35.148418   -80.883155
   21.984245     5.116851     8.735272     8.564022   -41.298672   -80.970059
   22.704939     4.830322     8.430499     8.709144   -42.724604   -74.863174
   21.943046     4.761518     8.617758     8.490098   -32.774779   -77.543129
   22.130475     4.999907     8.577273     8.458401   -33.328649   -90.949025
   22.276171     5.018183     8.432279     8.408394   -49.241461   -63.559422
   22.470230     4.943075     8.486159     8.612256   -35.426671   -68.402722
   21.929987     5.073312     8.622251     8.401694   -46.139305   -67.596499
   22.200175     4.938201     8.598895     8.584318   -25.800931   -71.208597
   22.435624     5.266644     8.460729     8.454270   -34.904920   -71.504341
   22.292671     4.752716     8.602444     8.679555   -32.873605   -88.541385
   22.505677     4.964363     8.696523     8.891054   -35.519635   -74.018043
   22.180574     4.960079     8.658433     8.665200   -47.961238   -66.205172
   22.314393     4.870375     8.485998     8.494312   -26.195604   -88.722425
   22.231566     5.054704     8.474241     8.387844   -31.082705   -75.572253
   21.790081     5.064837     8.846609     8.631991   -35.698636   -75.174040
   21.792506     5.393028     8.925170     8.631884   -42.196974   -69.514526
   22.579842     5.261787     8.675189     8.790755   -31.192061   -89.456764
   22.475736     4.950673     8.486628     8.618709   -45.815823   -68.499820
   22.082457     4.871017     8.504851     8.375513   -36.680896   -84.044669
   21.794047     5.232963     8.872015     8.585950   -34.107784   -84.272392
   22.011591     5.228891     8.627907     8.402885   -40.714321   -71.516020
   22.121836     5.161990     8.710655     8.610717   -42.274939   -75.551228
   22.201720     5.190497     8.565143     8.455546   -34.006573   -72.118014
   21.840105     4.895342     8.725361     8.552568   -43.171351   -72.554580
   22.138079     5.354521     8.761957     8.655642   -38.920298   -59.453077
   22.441471     5.332433     8.558844     8.553233   -33.968077   -77.673677
   21.795489     5.179571     8.692458     8.300578   -13.924292   -90.699141
   22.005412     5.185750     8.549985     8.312074   -44.874839   -67.319160
   22.165429     5.151370     8.543726     8.463425   -45.511446   -49.010582
   22.100754     4.811982     8.488015     8.410226   -23.850232   -62.432605
   22.264504     4.906610     8.418446     8.405921   -31.720828   -60.602291
   22.054528     4.775068     8.660064     8.627916   -34.877090   -76.595775
   21.998081     5.080133     8.458550     8.203871   -41.115880   -66.546921
   21.573362     5.327451     8.741327     8.211911   -34.017422   -52.786818
   22.218349     5.431029     8.709034     8.598211   -36.492748   -64.721652
   22.167522     5.261576     8.478862     8.303292   -29.238508   -61.403186
   22.359199     4.968445     8.354332     8.362539   -34.394604   -64.279134
   21.928114     4.839796     8.545568     8.376156   -31.635958   -56.311484
   22.055893     5.070378     8.619332     8.459896   -31.419012   -77.791970
   21.976808     5.026869     8.412364     8.158731   -42.814116   -52.382345
   22.083728     4.870200     8.615193     8.565152   -26.621702   -65.497358
   21.956381     5.258240     8.583487     8.296785   -34.663457   -61.903378
   21.797907     5.299122     8.877173     8.623707   -39.075642   -56.976883
   21.953080     5.145907     8.658237     8.433459   -25.762945   -67.033093
   21.527437     5.127282     8.684461     8.129840   -32.184212   -68.121736
   21.976132     5.085241     8.606333     8.402721   -38.560422   -66.774731
   21.554197     5.107153     8.838694     8.445979   -25.793294   -65.103180
   22.099711     5.237749     8.496848     8.305844   -42.117395   -56.000988
   21.980140     5.231239     8.569978     8.303841   -46.651999   -69.792082
   22.055188     5.267812     8.587641     8.389785   -36.193164   -54.691745
   21.978223     4.922782     8.624567     8.490155   -43.826051   -68.193515
   22.434425     5.196624     8.334130     8.317657   -34.657394   -67.532393
   22.583350     4.658227     8.341481     8.585018   -37.858896   -66.569336
   22.255482     4.881416     8.308144     8.253731   -30.355327   -58.567209
   22.547203     5.002135     8.323038     8.421452   -14.462206   -69.189334
   22.257284     5.030614     8.367654     8.296470   -29.065033   -56.523698
   22.233159     5.083078     8.453314     8.361737   -32.287572   -69.576149
   22.129364     5.281137     8.578025     8.399393   -32.288874   -67.455055
   22.260608     5.190640     8.434463     8.327320   -23.461259   -62.444433
   22.043818     4.874261     8.455901     8.319832   -38.340809   -55.722944
   22.006679     4.819202     8.493351     8.325359   -23.860952   -72.407700
   22.063344     4.739017     8.492315     8.414978   -25.351490   -62.294990
   22.201826     4.950519     8.531780     8.484105   -15.814397   -69.673347
   22.427583     5.312108     8.627535     8.653409   -34.842060   -69.010993
   22.567978     5.221250     8.340091     8.387172   -29.779376   -80.215692
   22.260053     5.226168     8.337911     8.225985   -44.503920   -48.739751
   22.153381     4.739666     8.284618     8.161476   -33.232270   -73.424447
   22.362931     5.061347     8.475106     8.523973   -36.246441   -51.904854
   22.103758     4.988064     8.601845     8.509753   -32.793706   -70.518208
   22.134055     4.831569     8.528957     8.491385   -34.794767   -63.803076
   22.114130     4.810047     8.560151     8.526607   -33.668252   -65.638151
   22.473972     5.251686     8.597734     8.681295   -21.619327   -61.701153
   22.292443     5.237694     8.579728     8.555530   -35.621202   -54.607661
   22.212850     5.003898     8.531544     8.517981   -43.840309   -53.202208
   22.272750     4.811688     8.482467     8.516550   -39.373847   -71.115668
   22.009672     5.030262     8.569487     8.403377   -33.580646   -58.804954
   21.650438     5.057699     8.655645     8.237610   -43.658648   -66.102253
   21.808004     5.280020     8.585213     8.195389   -47.409693   -52.470593
   22.193620     5.070552     8.437207     8.296986   -16.616127   -71.627525
   21.899751     4.916182     8.680898     8.553318   -45.987526   -53.497171
   22.404668     4.923301     8.421738     8.471967   -33.407057   -79.716924
   21.932037     5.152304     8.421673     8.063263   -41.157863   -68.351254
   22.414966     5.205153     8.391507     8.376912   -35.998936   -67.578309
   22.064018     4.795453     8.557161     8.502059   -30.408573   -60.115802
   21.856101     5.457922     8.709492     8.306954   -29.856365   -70.846440
   21.771053     4.851842     8.578329     8.293991   -35.342782   -60.625491
   22.707161     5.250562     8.293477     8.437629   -23.665973   -64.186005
   22.474643     5.049821     8.354508     8.420374   -23.690424   -60.457020
   22.117065     5.008237     8.499434     8.386346   -34.185671   -59.088521
   21.835614     5.355499     8.598701     8.167359   -26.229581   -64.586512
   21.792801     5.063765     8.733855     8.479360   -26.134290   -61.116210
   21.646693     5.180556     8.778436     8.392305   -24.442379   -59.188146
   22.164359     5.119484     8.614768     8.545515   -32.014417   -59.434179
   22.344310     4.996469     8.571633     8.612239   -41.006238   -79.672809
   22.178896     4.862370     8.489359     8.476699   -31.294841   -52.626028
   22.264312     4.826395     8.518007     8.542793   -20.802931   -73.152681
   21.982306     5.354402     8.643736     8.430677   -46.111227   -36.734802
   22.253818     5.139783     8.708653     8.750705   -31.285219   -52.684904
   21.967041     4.891200     8.746541     8.699711   -25.055507   -58.457684
   21.993698     5.100813     8.774376     8.658055   -40.143166   -65.744853
   21.987375     4.826849     8.639240     8.521024   -13.671003   -78.256105
   22.015951     4.937109     8.738177     8.702226   -31.645217   -57.337612
   21.954281     5.004256     8.628717     8.464724   -33.584752   -57.491775
   22.080290     4.870571     8.824645     8.893686   -32.637803   -61.224983
   22.252562     4.950999     8.458502     8.436457   -45.770474   -68.811979
   22.191116     5.013847     8.478866     8.365544   -25.282898   -80.471696
   22.055251     5.157648     8.546819     8.285084   -19.350823   -97.026885
   22.245923     4.996421     8.427527     8.339886   -37.180112   -89.384538
   22.338770     5.137203     8.345629     8.269689   -35.937833   -76.594658
   22.553402     5.052884     8.337609     8.448702   -46.767945   -72.211300
   21.573124     4.855751     8.794551     8.489605   -28.913127   -70.437951
   22.180123     4.843184     8.308824     8.205059   -39.481269   -65.418685
   21.704948     4.830752     8.631873     8.321412   -45.078748   -75.925848
   21.928599     4.959795     8.733388     8.584886   -44.622542   -82.731526
   22.176875     5.325383     8.671792     8.508023   -30.890031   -92.110781
   22.455627     5.236951     8.604871     8.667596   -40.797731   -67.375356
   21.783776     5.279856     9.001406     8.787955   -38.287635   -77.897850
   21.989755     5.168193     8.638865     8.440993   -42.079557   -62.170633
   21.676497     5.467309     8.908072     8.474732   -30.247308   -71.674378
   22.027287     5.086108     8.485610     8.268719   -33.747044   -60.417023
   21.929810     4.863149     8.592868     8.405958   -17.316412   -71.816648
   22.095567     5.021659     8.556068     8.445942   -38.003331   -61.666496
   21.987564     5.046885     8.586911     8.404132   -28.266832   -59.131979
   21.936954     5.161179     8.675980     8.468853   -34.761127   -55.951772
   22.404360     5.035102     8.458033     8.542919   -29.716665   -49.247204
   22.090102     4.924813     8.452284     8.362283   -39.204878   -42.170974
   21.592496     4.916729     8.726638     8.393734   -31.082624   -53.150047
   22.100842     4.872459     8.446818     8.349164   -48.653537   -61.700252
   22.010849     4.801258     8.487445     8.327888   -33.642754   -75.985513
   21.898250     5.303068     8.800060     8.524720   -31.611182   -79.061998
   22.081307     4.838490     8.672920     8.639078   -34.356210   -77.983206
   22.103328     4.799285     8.639001     8.636738   -45.502201   -69.783491
   22.220895     4.872091     8.518396     8.527718   -45.371197   -64.549413
   22.398124     5.010159     8.497985     8.579324   -40.198963   -59.421936
   22.195131     4.900076     8.644039     8.684449   -48.290255   -61.076747
   21.922411     5.138622     8.842583     8.634894   -17.418122  -100.468543
   22.586280     5.201109     8.289159     8.381471   -53.478737   -69.162571
   22.021115     5.169148     8.520402     8.274526   -44.020338   -75.162507
   22.336213     5.076618     8.411411     8.366219   -28.939126   -76.468339
   21.843079     4.854313     8.631478     8.411594   -31.378419   -72.997901
   22.225832     4.915346     8.373065     8.301240   -36.941834   -69.009184
   21.882637     5.149591     8.564504     8.226405   -30.230276   -72.191073
   22.052862     5.196903     8.561021     8.315966   -23.319974   -82.249882
   21.980786     4.992626     8.458555     8.190498   -27.504080   -75.101660
   22.406731     4.946011     8.491326     8.567079   -36.098962   -74.815044
   22.342722     4.845157     8.487364     8.569170   -51.792687   -69.844359
   21.872838     5.142097     8.633779     8.335127   -25.420508   -67.648488
   21.759305     4.967893     8.768077     8.524106   -41.850435   -78.857800
   22.242178     5.438434     8.534406     8.359627   -33.438139   -74.260003
   22.166211     5.126545     8.630935     8.531519   -35.339518   -79.596406
   21.896384     4.798011     8.719420     8.663680   -24.849060   -51.726003
   21.965169     4.755466     8.674816     8.612801   -34.044319   -69.249696
   22.280173     4.946494     8.428078     8.386644   -25.773104   -76.162143
   22.258963     4.632030     8.619392     8.736211   -31.002016   -78.477916
   22.394614     5.128849     8.677843     8.774521   -38.778829   -61.405313
   21.895011     5.008760     8.474858     8.181444   -41.012545   -57.724938
   21.993357     4.834648     8.579705     8.467074   -24.148930   -61.518326
   22.355650     5.000475     8.573531     8.655521   -32.715074   -59.260494
   22.310996     5.161419     8.369438     8.296549   -21.209408   -55.324854
   22.093632     5.300464     8.518480     8.286025   -30.224928   -64.084394
   21.983984     4.873344     8.370867     8.144117   -31.114537   -50.785047
   22.204664     4.726807     8.398807     8.376241   -31.818557   -68.376227
   22.070045     4.797813     8.559048     8.497480   -25.993811   -64.556932
   21.665856     4.875639     8.619538     8.278237   -39.068027   -56.584513
   22.444872     4.736065     8.318765     8.480098   -33.809810   -47.276231
   22.379134     4.887852     8.617945     8.739103   -37.764574   -72.984992
   22.176165     4.763361     8.412578     8.373751   -37.924820   -65.408301
   21.684947     4.866722     8.761053     8.506514   -19.239131   -70.364002
   21.601191     5.298212     8.842537     8.420649   -38.649648   -56.515651
   22.032790     4.879948     8.561422     8.472629   -33.427469   -53.141782
   22.113565     4.986595     8.442549     8.327376   -42.413650   -51.980366
   21.883871     4.965424     8.597483     8.361537   -28.384898   -64.087994
   22.117340     5.447413     8.730736     8.529659   -27.318276   -75.094190
   21.918382     5.013093     8.645284     8.470689   -43.714079   -54.900096
   21.879039     5.078643     8.523129     8.203149   -28.950437   -60.603437
   22.081353     4.805925     8.521646     8.442077   -28.054744   -66.888492
   21.612762     5.166136     8.788342     8.369749   -24.108717   -68.002889
   21.746749     5.226084     8.745463     8.388685   -32.684069   -64.900725
   21.600164     5.370592     9.096417     8.795931   -35.363919   -79.364801
   21.933782     5.250172     8.631395     8.333483   -39.368295   -76.465681
   22.256476     5.048418     8.404258     8.314249   -39.643325   -80.363152
   21.932016     5.427555     8.758877     8.436620   -31.294090   -80.673733
   21.551633     4.976411     8.676884     8.209395   -40.285442   -71.848524
   22.058650     5.345403     8.633926     8.398702   -36.509997   -72.637738
   22.128195     5.157955     8.614566     8.475103   -32.239541   -76.790254
   22.209022     5.197858     8.434885     8.276473   -34.826642   -75.517719
   22.291268     4.986632     8.596953     8.617453   -38.194334   -77.647940
   22.233821     5.010841     8.484517     8.413376   -39.944630   -84.319611
   22.051157     5.030914     8.508221     8.309809   -29.821156   -75.987671
   22.222261     5.269334     8.697544     8.619039   -27.408061   -73.207211
   22.354372     5.182003     8.655804     8.684116   -47.687570   -72.367414
   21.878949     4.912653     8.762922     8.644030   -35.946758   -64.303627
   21.962286     5.244760     8.550326     8.242348   -45.957708   -79.103070
   21.904004     5.478027     8.730397     8.357455   -28.552247   -76.696059
   21.839065     5.018964     8.748025     8.531695   -36.061628   -73.792865
   22.471240     4.858107     8.373412     8.485271   -30.380480   -70.324132
   22.258364     5.187155     8.722470     8.727582   -47.618264   -63.866250
   22.152954     5.311398     8.639265     8.487480   -45.650630   -75.640817
   22.002289     4.943333     8.594514     8.460152   -47.669847   -67.170656
   21.601116     5.003844     8.748837     8.369382   -47.719112   -74.702305
   22.257366     4.815160     8.355467     8.318148   -35.929821   -76.383291
   22.087262     4.762391     8.482491     8.408525   -48.690628   -73.248698
   22.141961     4.892662     8.678514     8.650827   -26.456729   -85.370268
   21.908920     4.759820     8.814526     8.769174   -28.919485   -82.253287
   21.962100     5.149565     8.726492     8.527237   -29.452465   -73.880075
   21.884945     5.042580     8.600314     8.326397   -36.614500   -74.242667
   22.310130     5.036191     8.495990     8.509264   -42.081459   -60.953447
   21.847858     4.832549     8.647793     8.461135   -43.796235   -71.556262
   22.044939     4.797751     8.455796     8.322909   -39.969048   -69.823217
   22.051734     5.029900     8.561680     8.376853   -27.194740   -82.441681
   21.479201     4.729318     8.759842     8.401028   -36.217950   -77.953372
   22.078689     5.178833     8.687571     8.477828   -13.527655  -110.316187
   22.367854     4.952576     8.613309     8.687615   -32.370495   -82.182959
   22.464328     5.218327     8.408407     8.427783   -46.832272   -75.347142
   22.528978     4.832614     8.559332     8.747929   -31.197465   -82.649517
   22.115028     5.017872     8.516484     8.403609   -51.360404   -69.671762
   22.149100     4.873498     8.427552     8.343558   -49.279063   -71.282691
   22.060990     5.000662     8.663722     8.554597   -38.545552   -79.050074
   21.809296     5.593827     8.954218     8.587925   -40.357201   -82.317333
   21.917554     5.379696     8.547196     8.155161   -41.211006   -71.346944
   21.891356     5.096011     8.584140     8.307613   -43.408616   -65.458723
   21.897822     5.056433     8.572350     8.284369   -29.795360   -72.759121
   21.843878     4.621886     8.564080     8.410747   -37.335086   -64.566198
   21.613959     4.960770     8.752383     8.389082   -29.107771   -75.662685
   21.881539     4.543274     8.608105     8.548714   -43.777453   -62.169633
   22.621508     5.240807     8.521493     8.641563   -28.431808   -78.372557
   21.702080     5.329041     8.868264     8.501291   -35.766006   -67.593456
   22.212093     5.022643     8.555514     8.488325   -32.046185   -81.396560
   22.278086     5.022600     8.442175     8.346756   -18.810294   -95.406438
   22.332197     4.959388     8.516042     8.534505   -37.285992   -83.977653
   22.194362     4.711675     8.601169     8.649472   -33.036330   -77.328697
   21.922219     4.834135     8.583344     8.437669   -45.777155   -58.405911
   21.890403     5.231948     8.719938     8.431405   -38.590339   -80.636163
   21.945111     5.064119     8.928075     8.876988   -44.423412   -70.387652
   22.240512     5.199345     8.518017     8.364871   -23.654407  -103.761359
   22.045625     4.949264     8.669944     8.570754   -28.279911   -76.741957
   21.940082     5.009027     8.602148     8.433401   -45.794577   -49.932695
   22.085508     4.892008     8.533894     8.446730   -28.366862   -60.749140
   22.086312     5.135106     8.435724     8.205904   -32.639123   -71.610753
   22.090561     4.770609     8.522364     8.469642   -38.795808   -65.978680
   21.799166     5.288198     8.788435     8.443885   -30.121669   -77.264377
   21.514955     5.032265     8.670433     8.171422   -50.237323   -58.589750
   21.827913     4.782493     8.646470     8.475781   -47.255228   -66.081858
   21.697558     4.768730     8.755570     8.563032   -43.513577   -68.372223
   21.775479     5.317515     8.926479     8.639748   -38.309480   -76.338868
   22.231797     4.899093     8.391139     8.341017   -32.402623   -63.437065
   21.958919     5.315196     8.434036     8.060259   -44.283971   -63.200765
   22.091887     4.975499     8.525839     8.375617   -17.954438   -76.103150
   21.922256     5.191704     8.675182     8.468526   -37.634775   -45.944038
   21.966851     5.342099     8.648934     8.372529   -34.005111   -60.460605
   22.017159     5.077754     8.654546     8.551039   -16.389276   -46.413547
   21.984590     4.904701     8.531442     8.378259   -27.235290   -53.432308
   22.169221     5.517942     8.682545     8.510564   -30.213503   -58.326224
   22.113600     4.897992     8.508875     8.464048   -41.909123   -46.540369
   21.954257     4.708279     8.622163     8.542120   -41.529326   -70.413789
   22.223472     5.022812     8.436548     8.349039   -36.319375   -72.809331
   22.060155     4.689391     8.405490     8.315822   -43.022268   -59.083434
   22.615071     5.513013     8.555691     8.629997   -24.090607   -67.709498
   21.899696     4.951300     8.610769     8.416284   -32.962324   -57.199927
   21.908753     4.874692     8.660167     8.526174   -30.227296   -58.864765
   22.384451     5.020653     8.370856     8.382520   -32.822878   -66.207543
   22.068555     5.095381     8.467454     8.273457   -44.087239   -65.299505
   22.682896     5.278312     8.332087     8.481001   -43.123261   -59.519643
   22.636010     5.192030     8.494252     8.661465   -42.009561   -63.483385
   22.068077     5.255696     8.809709     8.704615   -31.030300   -63.918630
   22.292596     5.104419     8.521020     8.463011   -18.401666   -79.640131
   22.173008     5.275184     8.576463     8.476994   -37.498938   -45.888538
   22.172105     5.185115     8.378951     8.181790   -29.899627   -66.037094
   21.898446     4.917189     8.599569     8.400557   -39.854150   -64.140603
   22.089141     4.932431     8.575090     8.488001   -35.590942   -66.990537
   22.229426     4.730071     8.452467     8.462396   -30.093498   -71.942011
   22.255992     4.799520     8.627251     8.705490   -21.534289   -71.986635
   21.716849     5.122306     8.755658     8.425201   -26.375154   -64.737717
   21.868986     4.952036     8.619591     8.373992   -21.068400   -70.500245
   22.247276     4.979934     8.547398     8.541563   -11.720124   -63.959936
   21.960947     4.598904     8.611901     8.592361   -21.074232   -57.797287
   22.193057     4.797441     8.431666     8.413566   -28.677886   -56.729858
   22.268608     4.856309     8.389900     8.356622   -15.701751   -69.527598
   22.057836     4.878022     8.408550     8.245422   -41.559921   -65.233029
   21.927489     5.031304     8.630470     8.402176   -30.351744   -75.371450
   22.241377     4.883801     8.412802     8.356658   -28.443669   -77.563277
   22.095988     5.132945     8.570363     8.440870   -35.455768   -54.814141
   22.538350     4.840106     8.440194     8.669099   -26.568573   -49.709397
   21.731587     5.027750     8.818381     8.600860   -21.521072   -57.074857
   21.816460     4.828700     8.608966     8.375984   -42.051509   -71.131302
   22.012258     5.344506     8.684925     8.449243   -46.247356   -70.257418
   22.026776     5.189475     8.645421     8.465622   -38.500557   -62.689463
   22.162251     5.024523     8.665607     8.646678   -24.108649   -61.627032
   22.106361     4.729588     8.601749     8.606467   -25.576201   -66.800327
   21.754630     4.926603     8.552325     8.223150   -39.752127   -54.339122
   22.309264     5.307177     8.556057     8.478964   -34.530384   -72.471104
   22.232427     5.029186     8.537571     8.496882   -42.026658   -72.404829
   21.998860     5.001072     8.370802     8.084249   -33.525901   -68.956093
   22.011705     4.908695     8.501715     8.355124   -42.499804   -56.237993
   21.805362     5.142080     8.912335     8.713913   -27.169763   -75.345657
   21.909743     5.088557     8.853289     8.689040   -33.566777   -88.328435
   22.208145     5.103082     8.834764     8.840239   -43.594089   -91.173693
   21.888831     4.983494     8.637746     8.429251   -51.660084   -69.700135
   22.211699     5.058243     8.783868     8.785656   -35.985884   -87.772639
   21.799249     5.090301     8.625604     8.264414   -31.485440   -80.812465
   22.210094     4.948197     8.556756     8.525889   -38.660202   -76.103981
   22.214984     5.102229     8.440733     8.336150   -39.041330   -66.702380
   22.067254     5.326180     8.571722     8.337066   -54.142268   -78.204344
   21.701016     4.956398     8.614802     8.229930   -29.778748   -72.243357
   22.464671     4.847826     8.569837     8.724706   -40.871349   -81.417825
   21.892519     4.866007     8.580537     8.371369   -42.310898   -73.463145
   22.127383     4.875663     8.555219     8.484167   -37.666391   -80.406032
   21.714996     5.129441     8.641105     8.217520   -41.166293   -77.688948
   21.439221     4.998901     8.680980     8.115335   -47.931920   -67.367196
   22.394814     5.413245     8.648434     8.613241   -43.378884   -84.610760
   22.439237     5.435699     8.573811     8.571041   -46.944574   -65.080037
   22.085532     5.223428     8.660562     8.488677   -46.787548   -85.846732
   22.178780     5.174086     8.555850     8.438411   -45.559181   -75.247501
   22.184078     5.009518     8.407198     8.270933   -30.075849   -76.354783
   22.531663     5.245202     8.396378     8.457903   -42.729252   -66.237451
   22.634511     5.343087     8.265646     8.344152   -45.415894   -65.385797
   22.336721     5.112933     8.347391     8.271684   -33.270312   -78.702739
   22.041329     4.996268     8.503566     8.320719   -38.864654   -72.772714
   22.086805     4.766428     8.632915     8.594842   -35.461885   -86.918745
   21.752309     5.162272     8.811885     8.502916   -38.370860   -79.174240
   21.778964     5.220154     8.702714     8.362362   -51.122090   -64.933665
   22.065622     4.961822     8.600976     8.480188   -38.687869   -79.948024
   22.101061     4.913749     8.605446     8.538553   -46.246776   -76.192966
   22.179128     4.961039     8.494952     8.422736   -40.288193   -71.949449
   22.007335     5.245849     8.515721     8.252484   -46.127687   -61.867611
   21.899733     5.088932     8.622116     8.343901   -42.884755   -85.670028
   21.813617     4.870326     8.628369     8.391436   -44.799495   -71.413846
   22.053805     4.901712     8.485848     8.325598   -42.696294   -82.538675
   22.137025     5.303302     8.754711     8.604659   -38.184593   -96.869499
   22.018518     5.122812     8.493107     8.244112   -48.180715   -82.604576
   22.001771     4.876632     8.530124     8.366449   -44.789828   -79.581562
   22.328025     4.926444     8.586251     8.651452   -38.732851   -74.229408
   22.003006     5.241481     8.831740     8.697333   -47.425475   -66.715157
   22.034458     5.445067     8.794611     8.551645   -44.276616   -95.046028
   22.099195     5.200499     8.674327     8.525909   -27.880056   -74.356623
   21.964327     4.872962     8.626114     8.498209   -35.680309   -66.803028
   22.561898     5.062412     8.591354     8.748186   -34.219925   -77.896254
   22.213815     5.048813     8.583484     8.509679   -17.457750   -82.394691
   22.210698     5.441369     8.600307     8.424301   -31.127015   -73.050547
   21.825179     4.978277     8.645049     8.424660   -32.754516   -48.054042
   22.145230     5.090205     8.593344     8.504788   -23.207613   -61.922236
   22.365551     4.905283     8.335032     8.382020   -42.691748   -55.480647
   22.336415     4.988387     8.391695     8.401767   -31.610517   -57.211995
   21.944489     5.022818     8.637881     8.476960   -39.140715   -52.749804
   22.162214     5.126087     8.463224     8.369486   -38.266424   -40.813700
   22.267550     4.938009     8.335832     8.306998   -36.973992   -49.949508
   21.650078     4.850923     8.723487     8.448797   -26.344570   -58.752240
   22.304820     4.984258     8.450829     8.456825   -32.053681   -59.945461
   22.186877     5.294113     8.637602     8.523774   -40.463416   -66.083641
   22.050398     5.072507     8.751725     8.660784   -26.517938   -70.886758
   22.338473     5.285752     8.450173     8.384944   -42.784389   -66.152305
   22.345865     5.093458     8.431539     8.427812   -37.156817   -60.358048
   22.463391     4.864386     8.383391     8.503287   -50.272286   -71.777845
   22.220852     5.131337     8.676984     8.629599   -39.613448   -80.130650
   22.283786     4.834967     8.402068     8.374681   -29.270434   -86.663892
   22.079279     4.948154     8.330193     8.139160   -27.421428   -48.466735
   22.544677     4.923597     8.354424     8.485887   -15.270213   -68.789156
   22.193133     4.873224     8.441811     8.404176   -27.584205   -56.333227
   22.196247     5.007313     8.583392     8.573631   -41.587625   -54.861089
   21.722861     4.697329     8.542000     8.262399   -36.285211   -56.906208
   22.055491     5.202665     8.677912     8.528069   -27.828766   -60.780355
   22.028598     5.166472     8.599489     8.416360   -29.209423   -56.477227
   21.758888     5.262801     8.851361     8.613184   -49.210481   -41.811970
   22.099112     5.198341     8.564713     8.428797   -23.681099   -46.040683
   22.063842     4.963763     8.632341     8.591013   -41.906851   -45.835796
   22.159404     4.618519     8.471141     8.470251   -22.298195   -72.798725
   21.948962     4.748469     8.585888     8.487229   -32.734343   -57.745672
   21.712904     5.261211     8.880315     8.574769   -41.132509   -61.484559
   22.001391     5.259529     8.550893     8.282769   -42.639618   -66.900750
   22.021588     5.153132     8.726845     8.561625   -28.984888   -76.768354
   21.979105     5.023944     8.452930     8.185923   -23.874913   -63.400357
   21.858751     5.386266     8.853434     8.611463   -31.550170   -50.249834
   21.965673     4.835462     8.649460     8.566094   -36.870452   -58.759160
   21.903916     5.132150     8.726290     8.546972   -34.523263   -50.048215
   22.078694     5.129919     8.830329     8.832005   -34.615049   -50.161385
   22.121320     4.924281     8.680763     8.682005   -15.674724   -61.196228
   22.473221     5.258291     8.472411     8.511762   -26.662177   -61.179781
   21.917786     4.898684     8.516695     8.275804   -33.318361   -70.413397
   22.206821     5.163256     8.617189     8.612426   -31.301774   -40.651357
   22.025679     5.261542     8.714850     8.565002   -19.485949   -51.351992
   22.190362     4.767364     8.619800     8.698279   -42.441589   -57.342928
   22.101371     4.892038     8.577128     8.523193   -40.991478   -63.172782
   22.118987     5.067810     8.351396     8.153981   -27.489757   -54.127023
   22.856782     4.964863     8.595271     9.025335   -33.215864   -49.167624
   22.446201     5.032182     8.408989     8.464565   -36.336847   -72.108190
   22.352869     5.015585     8.575380     8.628352   -28.800444   -69.808487
   22.308786     5.413078     8.656487     8.585091   -43.511044   -71.745862
   22.230053     5.248328     8.538950     8.434962   -31.207235   -63.030187
   21.855828     5.284668     8.759037     8.459161   -39.617289   -71.153751
   22.068134     4.911785     8.492353     8.346225   -29.802706   -71.235504
   21.662954     5.016996     8.604469     8.155277   -24.257933   -68.315133
   22.077495     5.093949     8.659954     8.550027   -27.109441   -63.846508
   21.828940     5.271678     8.617963     8.224216   -31.428797   -69.073116
   21.674130     5.126747     8.970106     8.767759   -33.405750   -61.674772
   22.309801     5.096391     8.385567     8.307902   -25.508199   -73.271928
   21.853692     5.151828     8.515167     8.152296   -35.001842   -57.361345
   22.170592     5.104461     8.454952     8.299731   -13.009606   -67.368299
   22.138195     5.122928     8.561884     8.442222   -40.934846   -67.648534
   22.150675     5.182963     8.657640     8.553311   -29.469814   -69.383147
   21.854156     4.839212     8.748070     8.620168   -32.681963   -70.319909
   22.064529     5.329022     8.689452     8.480673   -16.975489   -70.894486
   21.404236     5.420591     8.850078     8.172608   -34.608942   -67.182589
   22.113589     5.191511     8.526831     8.380958   -36.903507   -50.457346
   21.840125     4.950766     8.665463     8.424198   -34.945388   -76.221578
   22.391513     5.095379     8.452319     8.457460   -32.050823   -74.861983
   21.903716     4.969213     8.482561     8.204630   -35.217347   -60.351841
   22.217902     5.171999     8.423105     8.294696   -33.293982   -61.737720
   22.087812     4.941055     8.525552     8.416740   -23.168697   -60.820146
   22.095410     5.042931     8.532968     8.373791   -20.631731   -72.781608
   21.881398     5.151316     8.758723     8.562419   -27.106804   -54.624052
   21.995903     5.029392     8.691660     8.619232   -28.978082   -43.141082
   22.374545     5.322818     8.402495     8.357841   -42.873047   -53.946143
   22.160614     4.947285     8.663162     8.721368   -41.198109   -41.290936
   21.595005     5.032537     8.779084     8.403282   -23.402059   -67.076673
   21.894182     5.225805     8.584919     8.268331   -32.711372   -57.036789
   22.321608     5.333401     8.830991     8.887445   -40.166515   -58.603877
   21.589906     5.099061     8.964838     8.686460   -20.977762   -72.243039
   22.185358     5.041639     8.414913     8.299846   -37.333376   -63.785183
   22.264021     5.393942     8.597190     8.508773   -41.807092   -56.740086
   21.830257     4.797243     8.653209     8.491679   -30.706073   -57.328074
   22.111049     5.124841     8.608180     8.462530   -19.923734   -74.928361
   22.155168     5.151659     8.580848     8.504075   -34.295655   -48.949072
   21.741326     5.029851     8.693566     8.344933    -7.745720   -76.679959
   22.315432     5.020055     8.521855     8.570974   -23.026758   -51.068929
   22.458879     5.263267     8.402348     8.403411   -32.026583   -66.021237
   22.192391     4.822932     8.525722     8.532011   -26.518702   -61.361645
   21.950085     5.400664     8.754820     8.532058   -43.487972   -45.373304
   22.442336     5.021802     8.420505     8.483423   -17.886732   -64.832740
   22.447652     4.853239     8.382723     8.478345   -41.662257   -78.730291
   21.947107     4.982361     8.841011     8.779661   -39.955329   -66.401910
   22.115009     5.356295     8.812086     8.690919   -30.769335   -68.785131
   22.884233     4.779558     8.464098     8.863337   -26.984931   -73.048638
   22.210294     4.813349     8.308306     8.226753   -31.098945   -66.186653
   22.145177     4.912847     8.515466     8.428602   -34.422228   -78.075136
   22.067860     5.135411     8.685807     8.583402   -46.331795   -57.849466
   22.239198     5.220799     8.456678     8.310855   -16.874261   -71.646537
   21.886403     5.036590     8.598659     8.319268   -35.778578   -78.708642
   21.822603     4.969180     8.589401     8.278203   -35.769110   -79.106977
   21.804272     4.845224     8.752318     8.603414   -22.405111   -63.670703
   22.185771     5.093573     8.452256     8.330566   -29.302358   -63.213564
   22.023742     5.145386     8.546996     8.331378   -31.216533   -62.659929
   22.170997     4.856037     8.569543     8.566641   -38.586354   -65.145401
   21.806727     5.316768     8.749369     8.396609   -27.415451   -66.064786
   22.262539     4.942026     8.401259     8.363788   -37.002420   -66.322654
   22.225577     4.963676     8.361771     8.291825   -37.630969   -56.483100
   22.114167     4.677321     8.391562     8.319242   -38.617486   -68.960548
   22.206667     5.168647     8.447966     8.349170   -52.960193   -56.549092
   21.723974     5.061103     8.777393     8.463433   -32.963600   -81.667359
   22.240898     5.086144     8.529658     8.471559   -42.199890   -74.024076
   21.916477     5.217122     8.636507     8.392135   -53.070218   -52.403555
   21.926087     4.877962     8.556022     8.360461   -30.383165   -64.341230
   21.809848     4.757354     8.672808     8.521218   -35.057649   -59.844124
   21.794428     4.914164     8.741648     8.548431   -28.733409   -64.593793
   22.096725     4.910734     8.750808     8.792058   -23.651612   -55.796428
   21.901810     4.841490     8.687215     8.576237   -26.479954   -59.387468
   21.984998     4.812554     8.428137     8.209268   -19.592603   -69.828857
   22.088620     5.020910     8.480740     8.340535   -27.406550   -53.302110
   22.189069     5.024646     8.491119     8.409442   -31.207511   -64.486774
   22.229173     5.003774     8.430789     8.342643   -27.850778   -73.033573
   22.014543     5.376297     8.714966     8.489544   -35.816537   -61.506311
   22.310949     4.771265     8.547250     8.657293   -27.268562   -62.347961
   21.837731     5.041891     8.597755     8.313936   -37.591861   -58.438833
   22.077897     5.270022     8.655334     8.500277   -44.163240   -57.446666
   22.418722     5.330336     8.572421     8.593406   -42.273914   -59.099222
   22.668608     5.393295     8.440371     8.525441   -21.867479   -79.995329
   22.072161     5.265283     8.650126     8.482925   -32.475950   -58.534246
   22.240434     5.357523     8.657557     8.590513   -39.530107   -54.009451
   22.057244     4.926427     8.565795     8.438155   -35.673281   -76.436916
   22.078451     4.803049     8.445773     8.320680   -30.479784   -71.148284
   21.977298     4.859279     8.537547     8.375210   -30.293985   -65.339310
   21.892761     5.128123     8.536680     8.217602   -39.266369   -66.559624
   22.252868     4.706700     8.434224     8.451848   -25.872226   -75.046432
   22.032868     5.471876     8.630095     8.334888   -24.178234   -63.414008
   22.156329     5.197999     8.627653     8.529853   -50.090361   -65.580758
   22.190437     5.148920     8.394796     8.229649   -25.598464   -63.953808
   22.156520     4.974110     8.593881     8.543426   -38.105111   -69.806740
   22.215140     5.434921     8.554501     8.383822   -41.559507   -68.985993
   22.300399     5.286462     8.608525     8.525467   -33.060909   -87.664972
   21.958713     4.935502     8.689643     8.581061   -38.334849   -61.026824
   22.178304     5.190725     8.819247     8.797185   -33.957143   -71.633158
   21.987892     4.790870     8.559240     8.439704   -40.028102   -69.504004
   22.079189     5.039669     8.438131     8.240442   -29.202595   -65.942644
   22.177981     5.228611     8.591126     8.476844   -27.792770   -62.432639
   21.919760     4.998985     8.576060     8.356640   -29.256375   -57.508474
   22.188924     5.126265     8.431112     8.306780   -31.889514   -56.492216
   21.830078     4.726872     8.640924     8.496237   -29.440683   -58.471119
   21.908248     4.955923     8.552376     8.335194   -38.148123   -55.476135
   22.142054     4.823208     8.576445     8.564602   -19.581968   -64.382281
   22.198873     4.892347     8.414673     8.333652   -21.364898   -69.031620
   22.192385     5.404141     8.825380     8.800208   -40.335852   -48.515481
   22.042140     5.216558     8.735272     8.582508   -44.730908   -71.156279
   22.250978     5.216865     8.641175     8.618028   -29.906631   -55.214339
   22.877080     5.264224     8.472057     8.740557   -27.888594   -73.801048
   22.163685     4.986360     8.432751     8.311904   -43.345978   -77.766133
   22.226680     4.919164     8.543436     8.571023   -41.277434   -53.068386
   21.868622     5.219898     8.786130     8.562025   -33.043589   -56.879600
   21.954481     5.414893     8.664151     8.355704   -31.239029   -60.365488
   21.992325     5.230280     8.491915     8.206393   -33.145983   -56.306792
   21.803981     4.944389     8.842159     8.698377   -24.324610   -69.245990
   21.956519     5.030393     8.486601     8.221198   -33.567544   -66.610717
   21.937403     5.098195     8.535142     8.271754   -36.550050   -59.754508
   22.398645     4.998335     8.336764     8.337695   -26.415869   -72.543441
   22.141469     5.209242     8.559180     8.414485   -21.206753   -60.067706
   21.739441     5.206771     8.711885     8.380256   -32.764052   -44.654652
   22.215320     5.084195     8.614554     8.568065   -32.261944   -71.910048
   22.017396     5.031425     8.571014     8.414182   -34.997184   -57.555630
   22.141587     5.064593     8.586333     8.547588   -34.912205   -43.060051
   21.989316     4.946744     8.650264     8.520627   -26.013836   -67.604250
   22.030291     5.136079     8.592544     8.465850   -52.877766   -39.648458
   21.784422     4.857533     8.760500     8.596072   -38.048808   -65.995910
   22.272160     5.292559     8.644372     8.604229   -35.657340   -58.150204
   22.410807     5.015824     8.548299     8.633566   -47.010151   -71.047719
   22.228973     5.432025     8.589239     8.436662   -46.933736   -75.458832
   22.423229     5.006922     8.524408     8.592946   -29.167782   -77.762946
   22.035571     4.941053     8.401845     8.192255   -39.715562   -67.185108
   22.073263     5.068760     8.693737     8.575256   -19.796903   -78.368738
   22.047422     4.676382     8.503881     8.458754   -35.365105   -57.063943
   22.202145     5.126166     8.459495     8.333872   -37.924359   -73.532038
   21.811825     5.052671     8.705608     8.431235   -38.054395   -75.287574
   22.331938     4.831446     8.360593     8.408735   -32.103817   -54.891982
   22.248995     5.164789     8.676878     8.670930   -37.515043   -60.497830
   22.079551     5.053982     8.484278     8.302455   -33.101309   -69.300752
   21.896723     4.948829     8.573554     8.315461   -32.723421   -79.648245
   22.032239     4.961845     8.623473     8.534263   -25.576246   -54.198643
   21.933104     5.045723     8.580673     8.336884   -17.577810   -64.286963
   22.330934     4.953855     8.326058     8.339526   -35.662675   -48.047202
   22.211805     4.878211     8.400925     8.345233   -29.682242   -62.981257
   22.200407     4.910446     8.562853     8.567975   -40.534216   -60.739332
   22.202381     5.076785     8.506431     8.420386   -31.509787   -66.382828
   22.280882     5.236073     8.459021     8.349359   -31.116585   -73.148903
   22.275488     5.406930     8.493402     8.366798   -28.711356   -56.398859
   22.452980     4.893391     8.397056     8.461209   -14.805372   -83.254327
   21.874560     4.929275     8.665366     8.487586   -44.224994   -62.413857
   22.801610     5.026375     8.587150     8.949639   -36.624397   -54.512213
   22.050892     5.172046     8.699053     8.572793   -30.473535   -58.445289
   22.217156     4.899652     8.582865     8.642352   -50.214221   -47.239429
   22.374006     5.057469     8.372872     8.372202   -22.154828   -59.369098
   21.680901     4.947746     8.703055     8.385055   -20.267980   -62.266979
   21.885591     4.854627     8.513437     8.284854   -32.336040   -56.755056
   21.875502     4.905923     8.542196     8.305573   -23.156850   -53.979973
   21.829059     4.973264     8.670867     8.456215   -37.912012   -55.834245
   22.279734     5.121112     8.476695     8.443450   -29.927760   -53.715086
   22.037519     5.129389     8.563126     8.389553   -39.006954   -55.623519
   21.943232     4.775149     8.582264     8.448638   -40.724103   -69.755958
   22.407106     4.673169     8.334071     8.480019   -38.717801   -53.666053
   22.217532     4.992896     8.365740     8.279750   -25.427129   -52.867863
   21.705422     5.233024     8.855626     8.556164   -22.281636   -54.971646
   22.238434     5.175314     8.580946     8.515715   -34.424524   -66.858613
   22.413524     5.253652     8.358795     8.349046   -37.003788   -51.444731
   22.040854     5.014241     8.693816     8.627770   -20.568637   -55.285002
   22.246023     4.903116     8.493721     8.529012   -22.794611   -47.782929
   22.145913     5.128445     8.470847     8.300710   -30.509405   -72.996464
   22.374287     5.116726     8.345015     8.357191   -35.736086   -44.242187
   22.584551     5.503300     8.656444     8.734538   -21.370615   -72.465963
   21.857906     5.317499     8.737501     8.418049   -34.750877   -67.722898
   22.038644     5.174683     8.652112     8.440249   -23.775862   -85.830960
   21.882656     4.837568     8.556180     8.339394   -30.549882   -65.556636
   22.087337     5.311443     8.585120     8.392100   -28.913719   -54.087414
   22.032029     5.438135     8.634798     8.343544   -25.683548   -69.229324
   22.229880     4.905574     8.511216     8.490051   -25.122603   -70.938504
   22.220343     5.011634     8.786994     8.855088   -32.059805   -66.082922
   22.215012     4.970339     8.657864     8.662480   -14.036725   -73.676525
   22.023377     5.117421     8.543661     8.314172   -32.249541   -75.935563
   22.479399     5.024021     8.411382     8.498977   -29.602213   -65.466744
   22.207770     5.203766     8.451476     8.343154   -32.289899   -47.781125
   22.306564     5.349317     8.580195     8.572307   -46.442881   -39.070775
   22.164886     5.237056     8.475187     8.335494   -36.237250   -47.941880
   22.211444     5.374244     8.649900     8.559115   -31.122629   -51.786116
   22.196120     4.921519     8.606065     8.610639   -47.097012   -68.773389
   22.298083     4.904114     8.574621     8.670683   -32.575714   -51.497713
   22.470573     5.169940     8.380339     8.447255   -34.857589   -48.509133
   22.060697     5.237816     8.759194     8.664796   -41.506597   -50.152416
   22.293272     5.419282     8.600272     8.519754   -35.524811   -57.991930
   21.912942     4.922769     8.736471     8.634057   -36.746895   -58.304872
   22.152448     4.726617     8.555423     8.562995    -7.388402   -68.095313
   22.134138     5.002415     8.597637     8.558778   -26.892922   -51.694875
   22.050745     4.939916     8.536058     8.407161   -21.113968   -59.688133
   21.848057     5.221024     8.652607     8.355997   -45.856341   -52.775651
   22.170284     4.768783     8.508750     8.538120   -38.045966   -50.141732
   21.661185     4.966516     8.651225     8.260059   -26.039013   -68.169676
   22.043515     5.010863     8.521178     8.365671   -26.005981   -55.268736
   22.448818     4.939267     8.586949     8.758107   -20.084116   -58.755543
   22.164884     4.919329     8.475823     8.438656   -31.897527   -47.951516
   22.026319     5.049623     8.645132     8.554300   -31.458864   -44.994223
   21.797324     5.076678     8.722952     8.483735   -27.670450   -50.734341
   22.423314     5.329510     8.587177     8.625749   -15.586097   -56.402129
   22.221650     5.087753     8.526887     8.498789   -33.252270   -47.535049
   21.780204     4.965968     8.573869     8.243685   -39.385361   -66.134643
   22.342842     4.964381     8.389676     8.416417   -36.179685   -55.875502
   22.096592     4.913165     8.505710     8.458636   -41.698356   -39.442263
   22.222244     5.287280     8.715048     8.667947   -36.913769   -59.435649
   21.633975     5.255801     8.668241     8.148745   -27.480327   -62.279108
   22.166025     5.192611     8.596179     8.470773   -24.362472   -70.377843
   22.323705     5.212286     8.494197     8.449945   -32.148410   -63.707765
   22.161344     4.965793     8.488187     8.406154   -30.429724   -63.207543
   22.141150     4.863079     8.535883     8.481705   -39.080673   -73.577591
   21.604298     5.229140     8.670735     8.107937   -26.986513   -77.427156
   22.251256     4.735051     8.490662     8.539973   -30.192760   -66.850578
   22.010485     5.076327     8.610179     8.443183   -32.394236   -61.163815
   22.485590     5.339375     8.509057     8.518330   -33.392495   -76.602343
   22.028379     5.361785     8.864578     8.719227   -29.579105   -65.016911
   22.574009     5.423822     8.652171     8.738486   -48.884913   -78.525151
   22.143763     5.064289     8.596403     8.495286   -27.765063   -73.628902
   22.181356     5.156049     8.549599     8.446827   -47.555950   -69.998350
   22.176395     5.286129     8.789459     8.690885   -33.080488   -87.292226
   22.296560     5.016003     8.752293     8.835962   -41.662185   -71.122141
   21.974719     5.159027     8.550907     8.298293   -46.604494   -68.962146
   22.544927     5.050256     8.247834     8.312124   -32.498048   -76.025705
   22.414051     5.243574     8.518995     8.536480   -37.230115   -63.124340
   22.095377     5.102469     8.551242     8.405953   -29.693198   -62.041029
   22.363183     4.880264     8.470982     8.568954   -30.510779   -54.473051
   21.971403     5.257996     8.638637     8.409121   -29.702442   -51.483565
   22.146992     5.003320     8.772964     8.838494   -27.884354   -50.390626
   21.700856     4.990086     8.592630     8.218567   -21.020439   -49.425735
   21.725359     4.738546     8.605380     8.314594   -30.638105   -76.950405
   22.354388     4.823862     8.414789     8.493300   -47.598636   -64.211220
   22.130021     5.097266     8.708193     8.667613   -46.946742   -59.006846
   22.205227     4.847020     8.380683     8.308320   -35.953866   -74.256021
   22.446456     5.165320     8.412362     8.434669   -24.618054   -64.524221
   22.223929     4.825491     8.429453     8.417236   -35.786110   -62.199550
   22.109074     5.114812     8.539658     8.381782   -24.584799   -67.364242
   22.159408     4.996298     8.687171     8.701164   -22.291905   -56.585859
   21.985658     5.170898     8.550630     8.312757   -34.295427   -56.084007
   21.738817     5.422032     8.812746     8.405351   -28.106907   -62.498008
   21.965387     5.104071     8.448770     8.147497   -33.673957   -64.865132
   21.956542     5.064266     8.572340     8.356132   -31.988834   -58.068419
   22.788273     4.868618     8.288549     8.634636   -40.367103   -48.267516
   22.182618     5.139760     8.762767     8.792583   -25.112630   -51.572955
   22.066450     5.007099     8.683980     8.629041   -34.771321   -55.889725
   22.749548     5.055292     8.328923     8.561692   -33.497109   -66.899619
   22.261255     5.186694     8.584913     8.535443   -21.675219   -63.933582
   22.136624     5.235966     8.526732     8.338017   -33.705880   -74.607364
   22.251408     4.958354     8.543040     8.577563   -39.235820   -51.232463
   21.950334     4.921812     8.685330     8.604008   -35.367553   -48.121538
   22.038062     5.493708     8.657821     8.369219   -26.226925   -65.038468
   21.561401     5.190029     8.663819     8.102888   -27.751455   -61.824170
   22.550378     4.976694     8.368499     8.508735   -33.731084   -64.780365
   21.961230     5.001374     8.532592     8.339725   -36.536045   -49.961117
   22.224795     5.338231     8.637803     8.575092   -28.175589   -47.680357
   22.378456     5.146644     8.698536     8.816253   -38.922372   -50.812380
   21.872518     5.059142     8.678022     8.426436   -32.658557   -75.179369
   21.660921     5.102345     8.707442     8.339134   -30.029303   -50.514852
   22.279363     4.971520     8.676871     8.773710   -30.520801   -55.104824
   21.828557     4.959210     8.616995     8.371647   -34.557581   -56.148490
   22.055309     5.268372     8.574969     8.341407   -29.807487   -68.481278
   21.692069     4.902833     8.905152     8.700456   -26.269785   -94.732058
   22.046921     4.675989     8.726250     8.737089   -31.554658   -87.131289
   22.059310     4.976851     8.565778     8.411280   -44.514682   -92.099464
   21.836618     4.962364     8.879810     8.748066   -22.406461   -81.385471
   21.973845     4.914592     8.560761     8.396490   -53.076448   -73.099341
   22.388884     5.223252     8.691120     8.736931   -45.261496   -72.674164
   22.283012     4.735235     8.371928     8.383533   -27.774746   -71.739733
   22.621981     5.166723     8.593240     8.761567   -45.430891   -76.668410
   22.421051     4.852246     8.543808     8.661670   -32.609419   -80.759999
   21.903036     4.910236     8.682230     8.547769   -44.668294   -59.098364
   22.278136     4.866047     8.783114     8.875753   -40.081551   -96.371827
   22.093356     4.926207     8.602195     8.484254   -26.873181   -93.479067
   21.880695     4.941866     8.772755     8.630291   -19.914640   -72.061713
   22.241446     5.299430     8.495279     8.387898   -34.225484   -53.352706
   21.804530     4.933998     8.604089     8.334417   -28.081986   -57.635755
   21.891455     5.341476     8.952607     8.788071   -40.557271   -60.745254
   21.896658     5.099767     8.664222     8.459017   -34.503860   -49.539873
   22.226552     4.933779     8.530709     8.554130   -34.525045   -49.664694
   21.921319     5.080883     8.642367     8.430546   -25.745508   -57.325794
   21.932965     5.156794     8.803945     8.704513   -31.187438   -42.939162
   22.082209     5.323493     8.706693     8.553106   -28.168860   -57.172126
   22.030717     5.040576     8.627648     8.480137   -32.828334   -69.036417
   22.083265     4.929672     8.557941     8.423005   -39.869219   -95.726979
   22.388618     4.972110     8.459505     8.492529   -45.839901   -91.937366
   22.186703     4.857475     8.709853     8.749914   -43.709623   -80.592624
   22.414711     5.182454     8.439796     8.430225   -42.372780   -83.278153
   22.100787     5.237175     8.731658     8.605137   -55.644878   -82.520933
   22.204400     4.822826     8.615374     8.671871   -49.872042   -63.517946
   22.194501     4.957484     8.656831     8.647733   -48.794433   -82.782848
   22.102203     4.858920     8.515689     8.419288   -48.604320   -86.354703
   21.836773     4.895696     8.849245     8.736501   -41.114644   -78.872793
   22.088119     4.649286     8.626021     8.664472   -55.454907   -69.735863
   22.261771     5.026953     8.679429     8.680675   -31.695876   -86.395258
   22.188246     5.246417     8.491488     8.341901   -39.154204   -66.230564
   22.293470     5.299339     8.750217     8.777520   -37.916098   -53.317219
   22.309279     4.944483     8.366724     8.324131   -31.313232   -79.448641
   22.069358     5.173668     8.906920     8.897093   -31.241350   -62.313128
   21.644014     5.026138     8.713122     8.341515   -40.573209   -66.626168
   22.138912     4.924778     8.494901     8.427915   -34.639323   -56.748737
   22.179448     4.725571     8.615102     8.656825   -35.189976   -77.159489
   22.032678     5.146085     8.615038     8.457065   -35.357182   -54.126915
   21.641946     4.881046     8.795208     8.566695   -39.269552   -55.741053
   21.953234     4.931040     8.494334     8.281027   -36.093244   -58.637180
   22.017876     5.071594     8.581771     8.420532   -33.560091   -55.206491
   21.939012     5.018669     8.508712     8.263166   -27.068908   -54.303925
   22.099219     4.940074     8.565459     8.505830   -53.595672   -58.424736
   22.334273     4.914383     8.319246     8.332599   -52.057581   -62.921713
   22.136329     4.977721     8.453649     8.327967   -30.809099   -66.565442
   22.036488     4.858848     8.518660     8.393930   -38.956311   -67.050207
   21.901730     5.347901     8.737656     8.469679   -42.577147   -54.304842
   22.279090     5.032456     8.624972     8.708598   -39.398935   -42.995933
   22.369887     4.955005     8.439768     8.522024   -40.793429   -49.163451
   22.283749     4.706386     8.431387     8.486204   -29.981811   -67.264625
   22.136590     5.146682     8.617147     8.538944   -35.523258   -51.510267
   22.108267     5.216915     8.539635     8.378391   -46.033824   -58.665642
   21.510716     5.145284     8.971764     8.644461   -29.049639   -61.916535
   22.011576     4.989344     8.582677     8.433355   -38.533456   -63.100020
   22.020277     4.861322     8.502010     8.334792   -15.884999   -69.697485
   22.148137     5.160136     8.589052     8.505852   -54.116805   -54.875252
   22.048304     5.327252     8.620275     8.402615   -37.184623   -58.980049
   21.952553     5.017469     8.577488     8.375522   -39.792105   -61.905534
   21.805427     4.852113     8.633428     8.395448   -29.962123   -68.045013
   22.059507     4.854323     8.504114     8.387602   -19.376604   -62.400670
   22.364090     5.150661     8.586002     8.594859   -34.132531   -75.844764
   21.958203     4.706687     8.518929     8.392921   -43.394568   -66.770612
   22.069903     5.293596     8.661660     8.469193   -38.698501   -70.074203
