   22.954708     5.054464     8.418781     8.773389   -25.986302   -76.452489
   23.074367     5.259690     8.181407     8.551478   -33.158944   -62.535171
   22.959815     4.850693     8.257230     8.682735   -41.051712   -59.849494
   22.963803     5.052623     8.358340     8.712740   -43.474915   -77.712364
   23.133433     5.582874     8.327292     8.665511   -39.427413   -72.119059
   22.923273     5.239062     8.426228     8.716266   -33.239177   -75.804877
   23.140550     4.934675     8.131155     8.593145   -32.853471   -78.634448
   23.046313     5.309865     8.271235     8.606005   -33.565292   -70.814625
   22.745939     4.936722     8.232569     8.474319   -37.497949   -70.227926
   22.715770     4.940232     8.335955     8.565917   -33.290688   -76.096510
   22.540941     4.860058     8.652241     8.881037   -42.993494   -74.720225
   22.852626     4.992946     8.293825     8.614678   -47.922442   -63.812843
   23.326569     4.810965     8.275080     8.878365   -29.973465   -79.054963
   23.082209     4.843957     8.421590     8.898963   -32.320844   -77.053956
   22.786510     4.576989     8.557696     8.954371   -37.778983   -76.909853
   23.411044     4.687354     8.324949     8.984267   -23.743604   -82.959046
   22.942353     4.821329     8.472456     8.889611   -41.334007   -75.296692
   22.851207     5.148093     8.258620     8.515193   -36.991429   -69.361269
   22.789212     4.924953     8.268894     8.552366   -39.546998   -68.667855
   22.985990     5.356384     8.360626     8.641975   -28.263898   -80.394848
   23.176787     4.763465     8.221488     8.751283   -36.381589   -80.829771
   23.075947     4.869141     8.183870     8.625944   -28.998339   -78.826152
   23.368549     5.072125     8.315618     8.902753   -33.659728   -70.808274
   22.982471     5.031790     8.354044     8.727481   -35.648752   -73.351530
   23.151555     5.273125     8.360349     8.798764   -39.127790   -62.638369
   23.222008     5.052223     8.166435     8.635466   -24.141208   -84.694868
   22.970812     5.139281     8.236255     8.566973   -55.240967   -78.154614
   23.291496     4.931124     8.360058     8.905478   -36.342470   -89.710762
   22.995476     5.166107     8.237912     8.558631   -40.824752   -84.419945
   22.885953     4.929683     8.175438     8.499397   -38.237767   -70.975711
   23.359796     5.252655     8.173869     8.705445   -40.181129   -70.984005
   22.910443     5.111459     8.543341     8.876407   -34.513925   -79.016039
   22.833749     5.142299     8.208461     8.462241   -33.519971   -60.218447
   22.978823     5.191935     8.333923     8.669196   -34.112561   -68.418850
   22.876809     5.085508     8.652818     9.006432   -52.918065   -73.088287
   23.289471     4.963136     8.179281     8.710045   -30.321795   -88.355517
   22.795031     4.925943     8.637457     8.974206   -46.254501   -77.590391
   23.406575     4.861082     8.223382     8.868734   -41.360337   -75.015382
   22.848463     4.865725     8.446631     8.799901   -45.488571   -75.373189
   23.511514     4.982619     8.111621     8.794173   -50.040151   -73.180189
   23.041998     4.798769     8.242852     8.693951   -46.476072   -79.484163
   22.846041     5.215647     8.316088     8.555775   -47.212723   -78.193178
   22.828072     5.286049     8.667869     8.961024   -39.735702   -68.707047
   22.971782     5.467027     8.382459     8.665874   -47.361475   -66.651791
   22.984386     5.151390     8.117420     8.397033   -29.028639   -98.572673
   22.914324     5.352941     8.526906     8.798881   -39.437382   -80.647622
   23.467364     4.668762     8.091742     8.813260   -37.810651   -80.656279
   23.052465     5.029328     8.256798     8.660101   -38.962696   -74.991758
   23.213425     5.269425     8.322239     8.778976   -44.620482   -69.587420
   23.066016     4.974229     8.456042     8.917736   -42.316147   -67.846341
   22.673241     5.130643     8.445268     8.627648   -40.675699   -71.713976
   23.139983     5.062392     8.417901     8.903635   -49.152087   -63.704882
   22.907935     5.385000     8.381887     8.619376   -34.572804   -77.491477
   23.237818     4.918761     8.250154     8.777775   -42.592337   -82.611893
   21.709426     5.127728     8.921302     8.681232   -44.652923   -73.461086
   23.209504     4.976601     8.216290     8.703640   -20.294411   -82.159306
   23.304843     4.850862     8.296567     8.910794   -35.599358   -65.202206
   23.250243     5.166508     8.182946     8.702812   -41.275394   -56.719012
   22.888405     5.056223     8.333954     8.630661   -19.388942   -77.012511
   22.745953     5.025536     8.704443     9.004163   -34.961130   -79.507848
   23.374290     5.048218     8.532347     9.136932   -41.050041   -72.079385
   22.728265     4.872747     8.413768     8.676593   -27.246006   -80.425657
   23.063106     5.216834     8.298733     8.679658   -37.348985   -66.337489
   23.002900     5.065066     8.216275     8.566727   -29.209557   -77.268602
   22.762453     4.621879     8.506071     8.885783   -38.060173   -71.209158
   23.080515     5.150658     8.397287     8.796436   -22.860252   -77.041820
   22.897094     5.007160     8.259022     8.584408   -34.614461   -67.957514
   22.859557     4.901013     8.115099     8.415991   -27.001739   -69.029417
   22.883045     5.004090     8.303208     8.622199   -33.427440   -70.649900
   23.490025     5.306175     8.118950     8.705183   -16.729694   -72.198269
   22.816357     5.212300     8.425997     8.703602   -38.239267   -55.256285
   23.149101     5.198116     8.227753     8.643868   -21.925362   -71.617606
   22.879591     5.404128     8.342756     8.559375   -23.212567   -70.244080
   23.257341     5.289635     8.265671     8.742199   -30.119500   -67.064978
   22.874380     5.104124     8.548885     8.885281   -28.389910   -69.947575
   22.962586     4.954646     8.284550     8.672787   -38.329038   -66.363854
   22.858541     5.194412     8.508286     8.795412   -32.119790   -71.752974
   22.874670     5.088775     8.460395     8.785329   -45.090620   -67.357534
   22.996434     4.996761     8.248137     8.662208   -55.420054   -58.281639
   22.853147     5.146631     8.360818     8.597544   -20.795402   -88.626056
   23.216054     5.146364     8.175700     8.621487   -30.894136   -84.702938
   22.691165     4.965718     8.362468     8.556503   -36.083702   -91.397076
   22.898317     4.902713     8.169938     8.515339   -35.758474   -66.280597
   22.839931     4.885987     8.427825     8.743135   -33.813188   -89.345694
   23.410378     4.942148     8.121528     8.756829   -25.838555   -70.671643
   22.951224     5.172507     8.186127     8.489523   -34.749617   -68.341502
   23.169968     5.101301     8.438205     8.877590   -27.672636   -95.824555
   23.312873     5.152586     8.117635     8.622206   -32.879635   -81.263322
   23.315892     5.207349     8.092607     8.601734   -40.174841   -72.085404
   23.158871     5.255872     8.080494     8.468947   -33.931579   -75.821633
   23.184774     4.807901     8.260668     8.805843   -34.567127   -70.098340
   23.214274     5.150965     8.073319     8.515073   -35.553566   -82.602064
   23.353563     5.199558     8.347062     8.913961   -41.324912   -64.778253
   22.921566     4.646916     8.390548     8.816446   -30.414277   -79.749882
   23.337980     5.110448     8.076895     8.612426   -30.084882   -76.212053
   23.041548     5.015487     8.209779     8.630774   -39.816476   -61.630055
   23.354183     5.229687     8.492529     9.098024   -40.906469   -55.870172
   22.955356     5.141947     8.574699     8.970880   -36.709939   -62.229952
   23.115901     5.334353     8.469670     8.925679   -40.769761   -51.440061
   23.071463     5.325931     8.341459     8.719584   -29.964706   -61.660114
   22.890715     4.888474     8.647636     9.041249   -36.214897   -78.748510
   23.024763     4.715280     8.072020     8.548821   -18.219778   -60.035454
   23.128803     5.368734     8.384795     8.800301   -46.604522   -59.438769
   23.227519     5.379073     8.478662     8.937625   -45.827467   -72.188637
   23.401023     5.433116     8.404945     8.905693   -33.220472   -99.996549
   23.276284     5.441752     8.403017     8.843777   -34.776159   -85.832208
   23.258460     4.986168     8.162427     8.700952   -41.158042   -70.407422
   23.044193     5.338637     8.273293     8.588023   -29.429306   -76.797845
   23.030203     5.250067     8.309998     8.636265   -40.318427   -86.756577
   23.060981     5.337592     8.349610     8.702674   -42.690956   -69.710697
   22.992110     4.963604     8.461443     8.899192   -40.048685   -62.285051
   23.281698     5.233640     8.365903     8.864280   -33.288177   -74.473537
   23.073734     5.355825     8.449369     8.839221   -47.568626   -61.619092
   23.478756     5.281914     8.417339     9.036540   -30.066200   -69.903446
   23.110341     5.020674     8.030929     8.461040   -28.883562   -66.621507
   22.787985     5.093118     8.373569     8.653961   -38.505495   -55.718000
   23.273972     4.893558     8.208689     8.778429   -18.322781   -70.600711
   23.059785     5.047210     8.227096     8.623858   -15.683201   -72.539949
   23.384766     4.987330     8.311318     8.920793   -33.218549   -73.182834
   22.765308     5.133898     8.380053     8.587539   -25.877210   -78.040580
   22.808351     5.013732     8.252082     8.493666   -16.762648   -76.110166
   23.051830     5.353683     8.391481     8.720275   -25.081412   -79.119274
   23.313476     5.288678     8.371919     8.884459   -30.355643   -71.626912
   23.274359     5.132428     8.198208     8.712304   -40.528792   -69.469840
   23.226020     5.562756     8.328383     8.694261   -29.556856   -92.927223
   23.256126     5.364626     8.143508     8.576124   -30.565098   -72.684387
   22.886261     5.089037     8.477732     8.823692   -39.680739   -62.325079
   23.047936     5.175001     8.520910     8.919582   -29.915083   -75.696337
   23.545092     5.137867     8.072100     8.761290   -44.326265   -61.234834
   23.162292     5.355740     8.371215     8.773856   -43.922780   -76.094648
   23.132797     5.185156     8.410962     8.845158   -32.233387   -71.638381
   22.737287     4.870840     8.143739     8.401484   -37.891003   -58.594831
   23.177820     5.128706     8.047048     8.465785   -16.186812   -76.849389
   23.300055     4.788765     8.144496     8.733719   -21.647894   -80.051981
   23.074899     4.803320     8.298754     8.759779   -13.327252   -80.283133
   22.950647     5.093214     8.429873     8.719102    -3.620774  -107.958987
   22.599685     5.070814     8.366559     8.466860   -18.476149   -85.506789
   22.035375     5.215861     8.650092     8.419791   -19.427903   -84.233789
   22.980928     4.790098     8.517877     8.994156   -36.326983   -63.384275
   23.317100     4.796911     8.233708     8.863387   -35.911492   -66.209265
   23.266248     5.289522     8.294442     8.818779   -44.550392   -52.436901
   23.128509     5.124352     8.061235     8.470266   -25.835110   -69.338399
   23.231250     4.950214     8.303178     8.827788   -28.084421   -77.128981
   22.907544     5.066684     8.191697     8.506883   -49.192359   -67.728659
   23.155398     4.847995     8.553240     9.076721   -31.994864   -76.395630
   23.022675     5.285512     8.561817     8.917451   -44.513286   -82.846859
   23.387428     4.823084     8.561476     9.183141   -37.589453   -81.121860
   22.800380     5.203570     8.439805     8.713738   -34.397812   -55.225478
   23.029919     4.883757     8.490785     8.912720   -25.573480   -90.987317
   23.466703     4.802143     8.293249     8.975690   -31.906597   -76.396168
   23.184513     4.900994     8.374866     8.881080   -36.140811   -82.752851
   22.801120     5.137089     8.317177     8.545387   -38.088239   -75.940497
   22.969555     5.090775     8.339144     8.707447   -47.988326   -64.772213
   23.006019     5.433419     8.378630     8.677960   -36.354231   -70.554251
   22.738751     5.404244     8.449004     8.592976   -34.259898   -74.628896
   22.976973     5.312654     8.220683     8.501641   -48.810052   -81.909965
   23.173236     5.122619     8.226907     8.677810   -40.131904   -73.630842
   22.873669     4.929423     8.502108     8.877588   -29.409518   -68.111684
   23.073865     4.935208     8.243340     8.692779   -36.470025   -69.134368
   22.933437     4.969935     8.157486     8.519579   -45.187253   -61.245894
   23.264152     5.415977     8.194404     8.643096   -44.767489   -66.470541
   23.115517     5.386935     8.269182     8.629085   -40.333907   -72.307915
   22.684714     4.745783     8.373900     8.633489   -31.398903   -82.677220
   23.174213     5.094583     8.091759     8.550310   -44.848934   -69.209577
   22.445033     4.937295     8.504905     8.601386   -32.180743   -79.790632
   22.844106     4.907392     8.190773     8.513550   -42.462706   -62.545833
   23.232424     5.206966     8.188988     8.639143   -26.017274   -77.513667
   22.765719     4.979502     8.534772     8.865645   -36.541916   -58.079755
   23.209721     5.091013     8.097517     8.555920   -42.638742   -85.061310
   22.794154     4.971271     8.356677     8.658940   -48.993104   -63.540989
   22.650076     4.972739     8.358602     8.546277   -37.909258   -75.815258
   23.340121     5.263495     8.145378     8.668904   -36.222863   -66.512982
   23.187680     5.155299     8.170412     8.617736   -39.275961   -73.134647
   22.450838     4.948276     8.486494     8.586570   -22.536614   -72.552273
   22.574597     5.094054     8.281547     8.382416   -42.611266   -69.216328
   22.798657     4.839259     8.321738     8.650524   -28.172253   -63.811456
   23.080607     4.775213     8.135593     8.617612   -30.405462   -70.483466
   22.983020     5.117577     8.225385     8.569710   -23.413436   -66.216478
   22.901701     4.863751     8.224592     8.576792   -29.585434   -72.391842
   23.085041     5.142608     8.117749     8.509058   -42.154522   -69.002974
   23.384040     5.089625     8.104188     8.687287   -43.948451   -71.506296
   23.304349     5.169273     8.168189     8.690530   -29.821242   -67.950740
   23.058455     5.017313     8.313909     8.729842   -29.661418   -73.570447
   22.889746     4.993532     8.330431     8.661067   -30.643559   -70.147900
   23.070185     5.161185     8.328711     8.740590   -34.428529   -62.559455
   22.949927     5.072729     8.270485     8.618869   -32.729081   -64.452183
   22.985849     4.933645     8.320674     8.743214   -33.028899   -61.885378
   22.708461     4.986302     8.293553     8.547403   -38.128623   -51.081122
   23.470872     5.109746     7.967755     8.584733   -33.200602   -75.686073
   22.971341     5.382352     8.408166     8.709394   -48.795852   -69.291488
   23.406664     5.252469     8.377169     8.962008   -39.343949   -66.838421
   23.347183     5.285892     8.304041     8.811386   -30.600212   -80.538637
   22.981423     5.303377     8.514399     8.835625   -26.935393   -79.295826
   22.896745     4.907882     8.542346     8.941736   -33.180546   -68.269438
   22.976725     4.903035     8.398815     8.813185   -41.189634   -72.062932
   22.430834     4.862386     8.559492     8.707904   -28.786783   -68.584033
   22.953731     5.347498     8.411773     8.755620   -40.941808   -49.847184
   22.910853     5.183329     8.152509     8.452084   -46.124485   -56.199018
   22.969648     5.164292     8.183583     8.487149   -43.683470   -82.625253
   22.577868     4.851732     8.365037     8.529929   -41.495671   -86.475731
   22.998497     5.438989     8.494130     8.810425   -36.030286   -69.954551
   23.152085     5.086094     8.366566     8.824769   -36.511795   -74.822233
   22.975006     4.639890     8.279475     8.738444   -32.023021   -73.790290
   23.261645     5.048417     8.422123     8.988922   -24.268081   -62.599934
   23.163116     4.990115     8.314878     8.814584   -34.538709   -66.779583
   23.226656     5.088982     8.216872     8.679854   -29.871522   -89.729210
   22.919435     5.315890     8.432778     8.707888   -25.471287   -73.237828
   22.610653     4.807208     8.414076     8.661586   -45.929476   -63.073444
   22.772088     4.934935     8.278289     8.594931   -39.821316   -47.477460
   22.478980     5.361180     8.427063     8.429300   -34.914664   -62.497929
   22.713550     5.235735     8.418997     8.591968   -39.099929   -71.189033
   23.187497     5.374010     8.173754     8.584862   -37.781723   -63.992252
   22.934726     5.131648     8.209953     8.533462   -31.561528   -59.803800
   23.117467     5.159187     8.516452     8.994887   -20.277418   -63.127883
   22.880394     5.179806     8.407976     8.731930   -29.376422   -55.813768
   22.671918     4.942806     8.349606     8.564199   -33.019707   -69.993316
   22.767216     5.217003     8.414737     8.640963   -21.972732   -62.527978
   22.807021     5.160850     8.526671     8.839061   -38.750824   -54.419117
   23.486042     5.144876     8.236811     8.878244   -24.483341   -67.824390
   23.077022     4.959508     8.320687     8.760136   -33.003590   -75.797090
   23.341532     5.263760     8.106567     8.636030   -36.779565   -63.051072
   22.696769     4.887264     8.563104     8.865367   -41.487004   -66.329002
   23.161795     4.709787     8.331553     8.883077   -35.216555   -72.669541
   22.664269     5.099103     8.629016     8.852107   -45.105463   -75.268459
   22.741083     5.136054     8.481607     8.688000   -38.621280   -87.154450
   23.048342     5.000970     8.290256     8.733258   -46.566773   -59.856729
   23.348270     5.250362     8.337485     8.857151   -40.218170   -81.915169
   22.934759     5.018890     8.234232     8.552620   -35.694956   -83.617511
   23.541357     4.898222     8.199562     8.901776   -42.199436   -79.800988
   22.871910     4.732874     8.279449     8.644997   -42.367396   -82.355069
   23.349309     5.303179     8.571283     9.078790   -35.077398  -104.598700
   23.212521     4.739777     8.136326     8.700150   -46.249879   -77.332520
   22.932739     5.128552     8.371575     8.656874   -29.736643  -100.761525
   22.730355     5.159043     8.502361     8.712762   -31.670176   -76.276787
   22.905906     5.020785     8.470429     8.841550   -45.090422   -63.710371
   23.163771     5.051381     8.329516     8.809074   -46.643871   -70.383972
   23.062525     5.011886     8.536982     8.954929   -34.996409   -91.914526
   23.297421     4.938943     8.158413     8.719839   -47.107282   -78.592731
   23.035839     4.701982     8.381397     8.861066   -33.088405   -77.153710
   22.945910     5.246757     8.516099     8.865885   -57.610608   -62.402447
   23.273547     5.129279     8.180242     8.673783   -47.667428   -85.648596
   23.493327     5.211283     8.249599     8.872556   -50.719815   -72.108041
   22.554965     4.804724     8.510833     8.719098   -37.807594   -78.228726
   23.036113     4.855545     8.144824     8.566093   -33.858738   -78.132680
   22.637197     4.982370     8.402114     8.549070   -35.490630  -111.170803
   23.020524     4.970344     8.426280     8.797778   -24.206686  -106.297184
   22.901306     4.745249     8.387636     8.747919   -25.122596   -98.920844
   23.167554     5.160292     8.331726     8.759541   -38.888760   -88.136832
   22.970125     5.218782     8.213464     8.496531   -26.287795   -79.818129
   22.925981     4.786923     8.509238     8.932598   -27.749046   -74.210714
   22.897550     5.374536     8.493509     8.766026   -29.636594   -68.054310
   23.073152     4.698059     8.188104     8.693113   -34.651910   -69.388015
   23.682529     5.349521     8.218002     8.959404   -42.890959   -57.132484
   22.924655     5.321449     8.457604     8.740168   -35.095178   -73.067746
   23.049564     5.257665     8.402101     8.802107   -41.428428   -57.413776
   22.973648     5.397670     8.500956     8.861028   -37.967302   -51.990196
   22.926351     4.977051     8.514652     8.929425   -46.190882   -58.301634
   23.515988     4.926580     8.280148     8.992840   -37.606600   -64.456798
   23.215860     4.972574     8.291380     8.805338   -39.250656   -76.093474
   23.283227     5.306024     8.260393     8.725511   -29.249866   -77.770376
   23.030114     4.932577     8.182821     8.582538   -26.504644   -76.290784
   22.716824     4.756528     8.344746     8.618792   -29.703473   -79.978272
   23.138239     5.102302     8.251209     8.681705   -39.423554   -77.871738
   22.993235     5.097853     8.279238     8.640614   -39.954227   -69.650076
   22.783549     5.184100     8.401270     8.648224   -35.115887   -60.140575
   23.013306     5.422107     8.441456     8.758613   -38.645605   -70.735437
   23.125169     5.210025     8.238381     8.634304   -20.584485   -73.198134
   23.055724     4.780496     8.231731     8.698517   -18.179313   -72.367597
   22.881668     5.105030     8.238167     8.528592   -39.245419   -66.609428
   23.219525     4.812707     8.198931     8.769745   -37.219395   -65.856839
   23.095879     4.946469     8.307303     8.763634   -22.797801   -73.047606
   23.065832     5.019618     8.134557     8.548623   -36.538610   -67.362861
   22.360471     4.919970     8.470605     8.538247   -27.451187   -61.247317
   22.638643     5.016424     8.562673     8.783424   -32.132957   -72.011307
   22.972314     5.343700     8.311188     8.577415   -31.895751   -83.594128
   22.706887     4.918372     8.518796     8.797013   -22.546683   -72.164132
   22.969840     5.083376     8.543119     8.908606   -31.894348   -83.614111
   23.056945     4.924294     8.293065     8.751051   -39.116569   -64.386110
   22.942344     4.964423     8.591762     8.995461   -37.714571   -74.429679
   22.828698     4.747003     8.292312     8.663507   -38.640178   -62.754161
   23.024519     4.793161     8.078430     8.524176   -32.043888   -66.018409
   23.447018     4.979178     8.078244     8.748165   -35.667980   -61.837436
   23.231904     4.913008     8.081125     8.617082   -22.336473   -68.977081
   23.288610     4.992621     8.222049     8.776599   -27.431218   -70.892921
   23.192866     4.704829     8.140346     8.724066   -30.075108   -64.288646
   23.010235     5.093108     8.228879     8.597523   -32.622604   -67.305227
   23.049207     4.976419     8.239237     8.633606   -16.921675   -80.831329
   23.247075     5.396699     8.476491     8.993695   -32.374818   -55.106944
   22.951116     5.132880     8.231167     8.585536   -43.861500   -53.796191
   23.270726     5.280975     8.192039     8.656701   -33.696174   -74.134808
   22.658770     5.125200     8.617134     8.805162   -32.056701   -87.098952
   23.102346     5.313646     8.421283     8.817801   -38.486225   -67.827709
   23.153249     4.921477     8.220222     8.716323   -38.032185   -70.331244
   22.886487     4.926483     8.207045     8.521137   -30.435082   -77.647037
   23.553573     4.885332     8.264390     8.983190   -33.094175   -73.502054
   22.757800     4.930292     8.309428     8.579181   -34.353484   -67.213922
   23.031866     4.841971     8.420625     8.869614   -47.943679   -78.804675
   22.648832     4.850473     8.535801     8.864642   -43.582191   -46.146748
   22.998241     5.152725     8.416348     8.834185   -36.852999   -51.190881
   22.782455     4.954963     8.422047     8.737856   -44.835725   -60.657728
   23.102039     5.220173     8.466242     8.892139   -27.216098   -68.966142
   23.058490     4.915244     8.194312     8.641968   -37.305171   -65.741855
   22.445400     4.816825     8.441940     8.588509   -31.994168   -61.627492
   23.015222     5.292505     8.509139     8.908167   -33.841635   -56.672214
   23.349648     4.950215     8.278301     8.955276   -45.014822   -44.048949
   22.614644     5.105544     8.307836     8.435780   -33.097568   -65.743262
   23.255021     5.173149     8.333560     8.832899   -41.378481   -72.226964
   23.313562     4.997103     8.288154     8.839825   -31.498784   -81.390545
   22.917851     5.155066     8.314830     8.637937   -39.869334   -60.487446
   23.093510     5.088137     8.277425     8.662333   -25.459060   -91.588711
   23.463072     5.248350     8.168994     8.793674   -24.914569   -59.116610
   22.769488     5.115479     8.494793     8.779718   -18.685325   -60.713840
   22.862338     4.866190     8.243230     8.598118   -23.134357   -59.799533
   22.385179     4.966758     8.489912     8.604374   -40.321150   -45.764487
   22.937722     5.344806     8.361596     8.646349   -24.141689   -64.905221
   22.927709     4.940650     8.528660     8.964178   -37.438512   -56.446012
   22.902604     5.254976     8.422158     8.780889   -22.563051   -46.113691
   23.009227     5.520763     8.656368     9.046281   -25.272867   -57.183629
   22.848473     5.336396     8.696454     9.030857   -36.141720   -57.858557
   22.900729     5.158690     8.583354     8.964421   -28.240602   -57.806625
   23.087572     4.848832     8.516212     9.035827   -35.114244   -63.074314
   22.890432     5.271640     8.587857     8.911760   -26.499018   -66.292918
   23.234086     4.880080     8.220068     8.849214   -42.588578   -42.481592
   23.072546     5.012062     8.409960     8.866984   -25.784332   -66.221538
   23.041421     5.012246     8.463071     8.924770   -36.676857   -59.732842
   22.604213     5.449101     8.744723     8.879978   -29.516139   -72.091983
   23.353462     5.114592     8.315644     8.926730   -43.901566   -54.686576
   23.167050     4.940422     8.230801     8.718955   -27.100579   -75.106195
   23.298621     5.098370     8.214346     8.765150   -27.333749   -63.932013
   23.031448     4.587877     8.150967     8.648982   -38.041495   -74.060172
   23.137299     4.777956     8.371515     8.919027   -42.030453   -62.935302
   22.569388     4.929775     8.379355     8.536308   -27.753194   -69.997439
   22.879776     4.743690     8.288196     8.667114   -37.738519   -74.682183
   23.142326     5.340703     8.257739     8.631828   -45.829054   -83.512234
   23.365509     5.162357     8.128767     8.686330   -36.392998   -68.927245
   22.966484     5.039572     8.325718     8.700157   -45.510033   -66.498338
   22.963264     5.180822     8.316946     8.668759   -34.236803   -57.584261
   22.977373     5.191666     8.213181     8.554589   -31.646718   -57.497715
   22.523469     4.968062     8.434214     8.573249   -17.652580   -65.099833
   22.978988     5.121770     8.286231     8.681426   -57.205114   -49.545049
   23.179199     5.096659     8.151634     8.643598   -51.207483   -56.916905
   23.223694     4.754462     8.247532     8.828319   -48.008707   -69.487602
   23.327197     4.929020     8.281222     8.863723   -16.793631   -75.794213
   23.247648     5.121386     8.349813     8.889869   -35.115733   -59.438836
   23.037912     5.531808     8.497489     8.840824   -31.404698   -62.224685
   22.765814     5.425379     8.502799     8.686453   -37.219184   -66.379289
   23.404706     5.191297     8.438007     9.082556   -30.829532   -53.938298
   22.768881     5.228344     8.335474     8.523101   -20.904892   -70.029152
   23.167034     4.976733     8.341478     8.857172   -41.274408   -63.301079
   23.365406     5.021277     8.347849     8.978230   -41.169808   -58.266756
   23.078063     5.127650     8.312081     8.743646   -41.036987   -59.061991
   23.188048     4.734745     8.324504     8.915836   -48.746734   -58.570366
   23.263549     4.740173     8.297443     8.913069   -39.369917   -65.073428
   23.140218     5.088592     8.577400     9.043330   -56.381036   -81.034066
   23.455236     4.838237     8.289153     8.976831   -46.128757   -68.207146
   23.583743     4.840017     8.389201     9.136117   -51.897460   -66.514504
   23.077806     4.895901     8.471091     8.885846   -16.173644  -108.614012
   23.099308     5.364509     8.238552     8.562898   -31.581456   -88.563333
   23.556160     4.803535     8.088625     8.843177   -52.647246   -72.643308
   22.960824     4.871608     8.509796     8.939117   -43.857381   -70.584917
   22.861319     5.012600     8.398400     8.708129   -30.815115   -75.659381
   23.203741     5.113476     8.225889     8.679048   -41.762416   -88.281410
   23.037063     4.974314     8.362718     8.798236   -45.567468   -67.269386
   22.630340     5.113529     8.341161     8.445525   -35.013282   -98.444397
   22.936407     4.915932     8.123238     8.496040   -41.823772   -61.266691
   23.151822     4.728307     8.546512     9.076560   -30.315184   -81.336078
   22.843677     5.164554     8.270302     8.468255   -21.576842  -101.209616
   23.156228     4.976426     8.088735     8.590472   -42.816129   -57.775465
   22.960872     5.127471     8.229500     8.565471   -39.480414   -64.990033
   23.506509     5.308764     8.356141     8.995500   -34.130868   -63.942798
   22.788298     5.299670     8.399994     8.577156   -18.393391   -79.245455
   23.167452     4.921501     8.142057     8.649456   -44.183544   -67.097002
   22.919744     4.695801     8.237449     8.643452   -39.875073   -76.763360
   22.757060     4.900484     8.312233     8.583623   -26.775959   -69.188362
   22.689084     4.966849     8.297442     8.498903   -35.669883   -74.535850
   22.783176     5.135575     8.709830     9.016118   -35.079819   -73.856561
   22.412240     5.153544     8.346547     8.329554   -39.696479   -71.791991
   23.287552     5.131497     8.320883     8.869951   -42.286126   -61.963513
   23.147064     4.887338     8.436295     8.943320   -25.981858   -75.319445
   23.064089     4.868063     8.199991     8.684286   -42.544594   -57.270022
   22.947362     4.955761     8.456449     8.867741   -42.661794   -63.105543
   22.970321     4.957482     8.349723     8.758806   -36.866115   -62.678498
   22.786235     4.897754     8.508125     8.846335   -23.793493   -67.371014
   23.330614     5.430326     8.356206     8.847511   -30.061504   -72.368147
   22.918587     4.913087     8.292232     8.667016   -37.374466   -65.914057
   22.749203     4.818213     8.321010     8.637702   -51.076907   -60.454411
   23.250389     4.877013     8.250393     8.802745   -25.720344   -75.543293
   23.088534     4.761650     8.124348     8.624021   -39.649747   -67.104131
   22.836603     5.487167     8.507060     8.697647   -39.216718   -81.486867
   23.059050     5.311344     8.461922     8.809629   -15.336174   -83.669588
   23.169381     5.362231     8.433112     8.848185   -30.734347   -74.366325
   22.925257     5.090963     8.231293     8.544873   -39.132827   -70.667816
   22.916945     4.942374     8.592334     8.977996   -20.854287   -80.303217
   23.290402     5.121839     8.280583     8.849471   -40.497319   -55.165548
   23.061463     5.364559     8.303416     8.670926   -34.893466   -57.388178
   23.437304     4.810953     8.155128     8.868639   -36.212845   -59.100043
   23.416238     5.148938     8.179877     8.755379   -24.467862   -76.620073
   23.028270     5.032042     8.114014     8.460315   -24.186501   -86.476514
   23.061195     4.902561     8.400177     8.843932   -30.865403   -80.856752
   23.303104     5.227824     8.232257     8.712378   -33.214102   -87.601850
   22.933546     5.201790     8.211929     8.504846   -46.594041   -70.267862
   22.755911     5.360857     8.745042     8.953788   -31.832618   -94.936219
   23.182804     4.891511     8.127175     8.664222   -49.286332   -61.242215
   23.178456     5.396059     8.213163     8.589469   -28.147613   -76.947400
   23.089175     5.039403     8.218959     8.628081   -37.934730   -81.418936
   22.995141     5.038055     8.211000     8.577095   -40.970791   -72.804686
   23.288118     4.846677     8.222328     8.792494   -31.230318   -81.348867
   22.925699     4.830180     8.260714     8.677263   -33.375690   -56.996995
   23.260943     5.408023     8.363924     8.806953   -39.904054   -79.703635
   23.002995     5.211240     8.358852     8.685688   -19.946368   -78.938844
   23.139106     5.191163     8.482421     8.938017   -32.691075   -68.800629
   23.376790     5.281977     8.118842     8.660966   -23.744286   -64.797044
   23.151600     4.993234     8.430970     8.935199   -29.570650   -67.597190
   22.674691     5.146300     8.341291     8.541753   -41.486607   -49.963893
   22.890796     5.015100     8.194148     8.551985   -40.572990   -47.142665
   22.983109     5.384210     8.389520     8.674630   -34.669214   -77.472384
   23.223575     5.001099     8.023514     8.521733   -34.356029   -73.540616
   23.163856     5.110857     8.188639     8.625714   -26.251818   -75.129126
   23.143843     5.499220     8.263764     8.632245   -42.726661   -64.324854
   22.601126     4.747772     8.398293     8.660241   -39.208940   -58.371310
   23.057008     5.301483     8.212503     8.553157   -39.834073   -69.962201
   23.252824     5.332854     8.280189     8.739913   -32.125065   -69.669463
   22.698154     5.013695     8.452296     8.660686   -13.567220   -81.252589
   23.237821     5.044517     8.254620     8.774867   -30.562241   -68.319264
   23.114212     5.016793     8.198959     8.624861   -35.527054   -82.123038
   23.391501     5.082257     8.094391     8.721224   -45.832878   -55.172278
   23.082756     5.042882     8.098622     8.512840   -42.365879   -69.453941
   23.198943     5.294666     8.579986     9.071980   -38.694041   -66.057018
   22.654212     5.379744     8.648431     8.795358   -28.474472   -74.516088
   22.801824     4.919875     8.311610     8.574834   -27.947762   -88.119899
   23.121608     5.422780     8.338915     8.693638   -36.068423   -77.409237
   22.973054     5.218923     8.284823     8.574026   -22.198791   -82.360473
   23.350497     5.223409     8.341928     8.874534   -32.038468   -76.885006
   23.429424     4.855965     8.390391     9.044310   -20.843979   -74.693290
   23.252973     5.123083     8.188681     8.664186   -18.231488   -80.609538
   23.013669     5.321536     8.280694     8.619868   -48.514614   -60.593764
   23.057537     5.368969     8.284924     8.630470   -30.422391   -63.313410
   22.743833     4.928092     8.390159     8.650696   -21.234358   -74.579131
   22.982973     4.842205     8.229041     8.660400   -36.945156   -62.699621
   22.666535     5.197092     8.334774     8.463209   -13.904267   -68.790957
   22.985382     5.638897     8.328116     8.562308   -24.488801   -68.005662
   23.321997     5.100876     8.115546     8.627533   -16.716362   -83.337379
   23.118038     5.196727     8.284411     8.658865   -29.139929   -93.038912
   22.963603     5.142326     8.202803     8.464390    -8.849798   -96.936773
   23.530017     5.080443     7.995365     8.647053   -24.252775   -79.100589
   23.357746     5.072921     8.165329     8.718172   -14.216726   -78.272509
   23.280581     5.553677     8.402010     8.870926   -37.516837   -62.721198
   23.248324     5.054900     8.160964     8.690985   -31.856897   -62.685817
   22.844236     5.284244     8.427410     8.699433   -40.876505   -57.114647
   23.210168     5.485963     8.383427     8.798974   -26.440240   -70.639043
   23.067764     5.380529     8.477129     8.840782   -14.490138   -73.830747
   23.176855     5.277644     8.238266     8.649363   -29.505830   -74.271538
   23.447923     5.071351     8.026952     8.674921   -25.591197   -60.412476
   23.332010     5.243916     8.308813     8.824343   -20.164235   -76.194856
   22.779083     5.049736     8.340069     8.597112   -35.739230   -66.384343
   23.056188     5.037639     8.346178     8.792114   -37.416227   -59.495716
   22.740396     5.118255     8.609555     8.893668   -40.602831   -62.390049
   23.003932     5.171502     8.373859     8.721044   -42.315790   -78.528652
   23.021746     5.166443     8.649456     9.069628   -52.124855   -69.456538
   23.409850     5.305656     8.407517     8.967881   -47.167792   -76.643078
   22.922336     5.157551     8.396006     8.744525   -46.142383   -56.300678
   23.127106     5.259847     8.358089     8.814196   -55.400596   -51.177270
   22.612084     5.326859     8.306921     8.375503   -36.533668   -65.317500
   23.156143     5.322397     8.195213     8.566632    -9.860950   -76.514719
   22.957958     5.283761     8.330241     8.629966   -39.421758   -69.275187
   22.958742     5.202590     8.475118     8.836416   -27.481274   -63.343515
   23.152528     5.096607     8.335477     8.810765   -42.266393   -63.788005
   23.150621     5.211948     8.410238     8.834396   -27.840725   -78.725068
   23.349353     4.972367     8.341903     8.885462   -13.841077   -99.915981
   22.839774     5.471537     8.476055     8.685972   -40.385790   -68.907390
   23.047320     5.227663     8.370440     8.717817   -28.989091   -82.346444
   23.125309     5.163021     8.252720     8.658398   -35.702076   -77.917057
   22.892498     5.153653     8.412751     8.718451   -26.163466   -68.700106
   23.163742     5.166471     8.247371     8.703185   -26.262869   -63.513212
   23.375429     5.465634     8.395664     8.923696   -23.814186   -68.682790
   22.789532     5.152750     8.378935     8.669840   -24.530864   -48.208755
   22.763794     5.133347     8.431815     8.731133   -26.166369   -46.362373
   23.079479     5.309967     8.231732     8.613831   -30.286687   -56.873697
   23.161072     5.255830     8.271113     8.678584   -12.400754   -74.796081
   22.849266     5.156157     8.329487     8.595032   -15.784052   -66.760341
   22.894997     5.072758     8.290441     8.625266   -33.089090   -56.949006
   23.086309     5.014831     8.278770     8.747323   -11.843348   -58.481084
   23.170850     5.117697     8.216118     8.654919   -26.939696   -77.142501
   22.701528     4.889197     8.264980     8.478322   -18.606882   -74.253555
   23.244989     5.026820     8.218599     8.772121   -31.205394   -57.872665
   23.192931     5.224387     8.208040     8.694604   -19.640857   -53.055886
   22.704696     5.155391     8.329549     8.541817   -31.745750   -50.418571
   23.261509     4.998763     8.092919     8.659108   -19.171336   -56.076609
   22.952358     5.222410     8.481150     8.821814   -23.712945   -68.776885
   22.773620     5.116059     8.535769     8.829110   -20.111437   -62.513317
   23.163663     5.006258     8.111813     8.549861   -27.618102   -89.053169
   22.657110     5.205557     8.553165     8.704856   -30.687419   -84.148039
   22.856509     4.899346     8.360444     8.686786   -42.650701   -81.904161
   23.056646     4.946455     8.408197     8.852348   -49.715387   -75.253016
   23.108808     4.811647     8.315605     8.831989   -43.990161   -64.982631
   22.917307     4.879136     8.437276     8.831524   -52.959837   -71.447742
   23.159871     5.249665     8.397339     8.877975   -34.627483   -54.539042
   23.257247     5.101058     8.300002     8.819505   -42.577588   -69.850252
   23.212159     4.965599     8.093015     8.605652   -46.132342   -71.783147
   22.982118     5.185033     8.571680     8.940582   -39.583675   -74.964512
   22.777895     5.178037     8.420378     8.709419   -33.857418   -46.329960
   23.276130     5.055055     8.160098     8.718254   -21.256568   -58.880559
   23.124000     4.958527     8.367771     8.870176   -23.625632   -63.067808
   23.032137     4.714220     8.320023     8.830769   -31.058794   -59.534786
   23.199019     4.857544     8.284276     8.841748   -26.462549   -64.005840
   23.179308     4.890972     8.076274     8.618745   -36.421872   -56.181958
   22.666567     5.286448     8.409673     8.594077   -46.519045   -45.791649
   22.840019     5.058566     8.321888     8.666628   -31.115358   -44.866157
   23.427842     4.850840     8.323783     9.049130   -32.960981   -49.924381
   22.495987     5.231629     8.540070     8.649894   -34.933779   -50.666368
   22.811737     5.013832     8.387818     8.715041   -34.339956   -53.513825
   22.576804     4.945855     8.579929     8.813698   -35.650280   -61.281248
   22.814174     5.084163     8.537021     8.893815   -37.029956   -49.497158
   23.066291     5.098304     8.351031     8.804803   -23.652806   -55.491001
   23.450786     5.169831     8.175969     8.835831   -38.242849   -50.945778
   22.588621     4.791515     8.435092     8.664134   -32.783558   -68.640075
   23.215830     4.787132     8.082655     8.629059   -23.666450   -75.960479
   23.441673     4.941714     8.026860     8.694142   -28.706160   -65.349438
   23.088345     5.153157     8.431078     8.889993   -32.618707   -57.079695
   22.689676     5.172856     8.295856     8.494762   -44.271697   -48.004926
   22.789456     5.409983     8.490908     8.687567   -17.825893   -68.361644
   23.409348     5.148237     8.286060     8.870462   -26.575145   -73.768924
   23.106787     5.212571     8.520896     8.982524   -24.736923   -62.456383
   22.776166     4.564697     8.368854     8.746666   -28.861332   -71.413488
   23.387213     5.199683     8.307010     8.858521   -26.795264   -78.766067
   22.807605     5.364695     8.429789     8.644721   -29.618451   -63.145459
   23.103897     5.347707     8.271554     8.682052   -29.191649   -51.954284
   23.310013     5.080444     8.171662     8.738703   -24.311461   -61.028969
   23.131724     5.136343     8.359963     8.844719   -26.423912   -55.486795
   23.109000     5.127930     8.327351     8.792911   -19.062200   -56.933951
   23.120391     5.144784     8.656484     9.153002   -48.269862   -62.313028
   22.926222     4.998014     8.408195     8.771227   -44.391585   -71.902763
   23.163448     4.810942     8.534696     9.088062   -45.948468   -66.010591
   23.456802     5.181472     8.463659     9.097868   -49.310157   -66.140452
   22.799373     5.516749     8.428639     8.567916   -35.303245   -84.700906
   23.193813     4.974175     8.256266     8.763922   -38.181732   -70.964521
   23.212033     5.392239     8.351092     8.789784   -29.925770   -66.973383
   23.294662     4.972923     8.203284     8.780019   -40.460109   -64.834185
   23.121517     5.229235     8.252593     8.677832   -33.427172   -59.224458
   23.154218     4.811644     8.210606     8.743800   -32.809128   -65.830913
   23.213252     4.998304     8.210510     8.733046   -38.110488   -64.819728
   23.014312     5.161145     8.222402     8.627444   -36.229634   -46.886836
   23.486384     5.125939     8.046111     8.698383   -24.018859   -62.344234
   22.847512     5.151830     8.312464     8.584459   -23.890566   -62.641139
   22.912206     5.005829     8.356750     8.737919   -44.110641   -54.725645
   23.232103     5.214954     8.261857     8.724362   -26.876993   -73.869735
   23.048047     5.064464     8.167802     8.549198   -16.540975   -70.103934
   23.174085     4.917520     8.146684     8.659437   -16.019649   -64.787302
   22.815794     4.851427     8.166784     8.451101   -22.036602   -72.826173
   22.820032     4.934240     8.144012     8.428093   -30.586003   -62.739369
   23.211323     5.107870     8.328078     8.878981   -30.264700   -50.138233
   23.140698     5.364848     8.320719     8.718248   -22.618310   -66.497483
   22.765948     5.346665     8.311377     8.515550   -55.926365   -51.962569
   23.253297     4.836985     8.173738     8.762437   -38.120437   -63.659774
   23.205280     5.138770     8.106498     8.586295   -31.917551   -61.151577
   22.869269     5.175162     8.314514     8.577392   -36.524894   -72.991700
   23.037547     4.795210     8.315137     8.786013   -30.571149   -69.067139
   23.512377     5.138504     8.276044     8.940538   -30.945381   -65.829752
   23.277928     5.086237     8.191604     8.754060   -38.977515   -55.230984
   22.951147     5.371257     8.446975     8.732882   -48.018522   -76.881423
   22.719710     5.176534     8.289370     8.459020   -44.522664   -74.355388
   23.267547     4.831639     8.272111     8.811728   -19.940838   -93.395054
   22.821087     4.862245     8.325264     8.649154   -41.156184   -72.561577
   22.771240     5.404534     8.624003     8.897356   -43.726575   -48.121998
   22.566884     5.188319     8.519646     8.623599   -35.083395   -77.590322
   23.315108     5.101653     8.243982     8.737406   -23.321252  -106.926079
   22.895482     4.982930     8.207262     8.543888   -44.307818   -63.403428
   22.953323     5.185358     8.264342     8.576263   -30.356260   -67.632363
   22.737478     5.214467     8.326991     8.506827   -40.079527   -69.883430
   23.082055     5.273016     8.251029     8.618432   -34.809698   -68.832298
   23.171553     5.245558     8.291083     8.727847   -42.808526   -67.939643
   23.580528     4.845436     8.028575     8.789785   -26.790042   -71.782813
   23.380755     4.933214     8.258018     8.867166   -22.178077   -76.596340
   22.963315     5.163376     8.265754     8.559892   -22.779812   -82.888992
   23.045857     5.355660     8.450407     8.815273   -26.627471   -66.380649
   23.383571     5.194375     8.267800     8.829643   -53.279413   -74.654377
   23.251553     5.037669     8.002278     8.505209   -32.789193   -74.043833
   23.147899     5.444224     8.258925     8.619537   -35.295469   -74.110527
   22.721111     5.207750     8.512196     8.717410   -42.060634   -71.025314
   23.161150     5.113259     8.283783     8.745800   -34.521336   -67.403638
   23.112918     5.000963     8.232120     8.660099   -26.361787   -81.814357
   22.663031     5.240789     8.520703     8.669832   -38.074892   -78.730837
   23.141845     5.369905     8.408650     8.807913   -27.888704   -71.478601
   23.219816     4.934655     8.075751     8.593417   -36.070311   -73.540257
   23.120322     5.111681     8.238000     8.684484   -48.514929   -62.577871
   22.985687     4.959523     8.318003     8.706129   -41.816240   -76.399448
   22.718589     4.866410     8.379704     8.638675   -41.171337   -79.958708
   23.304421     5.204661     8.126232     8.643932   -34.187491   -65.005597
   23.194398     5.098162     8.298184     8.764314   -34.949466   -78.413551
   22.906303     5.336003     8.568022     8.875879   -49.312511   -65.822275
   23.076388     4.903103     8.373525     8.839140   -39.184976   -72.659998
   22.836364     5.175940     8.199403     8.414194   -38.914596   -82.046329
   23.184291     4.811180     8.251276     8.812765   -42.509682   -62.285346
   22.883757     5.456688     8.334460     8.535301   -44.912329   -82.624370
   22.929669     5.260573     8.505943     8.853853   -36.793048   -57.753984
   22.902339     5.099923     8.363635     8.642526   -24.691601   -91.054771
   22.802664     4.922034     8.233963     8.509582   -24.492148   -70.040314
   22.948188     5.308752     8.270417     8.543193   -31.104479   -70.628992
   23.167971     5.183286     8.091854     8.527832   -21.334871   -62.717445
   22.587600     5.081839     8.430893     8.615033   -29.172683   -49.962050
   23.283131     5.215360     8.380835     8.921380   -14.244247   -62.948361
   22.832350     5.140859     8.251286     8.502163   -25.908432   -63.588922
   22.753019     5.178890     8.624906     8.903079   -40.772360   -62.774342
   22.977568     5.061137     8.209690     8.599904   -28.943311   -52.329035
   23.092796     4.890106     8.442223     8.939615   -23.851509   -67.590309
   22.665758     4.954747     8.368625     8.630151   -42.719443   -47.752017
   22.782150     5.196118     8.613042     8.939490   -49.560122   -47.918407
   23.157454     5.132292     8.394406     8.912327   -42.210238   -49.678068
   22.920906     5.364933     8.566424     8.876282   -24.535101   -68.261899
   23.047133     4.941837     8.196483     8.655625   -34.107521   -54.833530
   23.037013     5.084948     8.271847     8.685211   -32.109258   -58.847913
   23.116322     5.211427     8.553793     9.022969   -33.032712   -62.528714
   23.029752     4.983016     8.315927     8.737396   -17.616105   -67.661552
   23.378283     5.008383     8.047919     8.643041   -16.247266   -70.197757
   23.152734     5.098383     8.380814     8.856952   -37.166792   -65.776200
   23.407008     5.305461     8.235773     8.766770   -17.211703   -79.597043
   22.821973     5.395760     8.438910     8.645066   -28.845211   -68.582411
   22.797388     5.134473     8.708004     9.079911   -49.878175   -50.017796
   23.061627     5.081241     8.358632     8.760210   -29.858331   -75.935954
   22.828545     5.037483     8.530951     8.837019   -41.402628   -78.228701
   23.148215     5.278939     8.357988     8.780731   -34.974722   -67.637182
   23.195299     5.106483     8.025703     8.474544   -32.841882   -74.220252
   23.151693     4.948133     8.086267     8.593247   -42.309505   -57.541688
   23.063109     4.988783     8.348132     8.774156   -38.949591   -77.055770
   23.061786     4.692779     8.211218     8.710784   -30.169651   -69.660876
   23.203308     5.414423     8.433411     8.867353   -31.380598   -70.550569
   23.398022     5.002814     8.090015     8.715361   -50.868167   -66.188716
   23.153768     4.816006     8.064938     8.597143   -38.184950   -62.224478
   23.439310     4.986018     8.097508     8.767974   -33.538781   -59.381365
   23.518121     4.976181     7.885704     8.601631   -34.819439   -62.421265
   23.620239     5.207783     8.031156     8.722474   -28.466381   -70.813220
   22.826348     5.633184     8.472194     8.625547   -21.627942   -72.345134
   23.418166     5.097144     8.330090     8.944507   -38.295998   -68.577023
   22.980413     4.770347     8.369519     8.828180   -39.721224   -65.388819
   23.228842     5.196269     8.397456     8.886222   -21.981735   -71.525435
   22.922314     5.220589     8.339188     8.626048   -31.700106   -71.917871
   22.931457     4.788094     8.328500     8.718719   -29.427985   -80.566476
   22.891181     4.910083     8.287955     8.637130   -39.045963   -71.115023
   22.749445     5.188719     8.230523     8.418055   -30.838452   -60.202704
   22.969493     5.081606     8.419903     8.809031   -30.027118   -62.313356
   22.740729     5.354679     8.450894     8.612193   -28.185446   -71.307805
   23.401410     5.352834     8.330224     8.877472   -28.772033   -71.442328
   23.013311     5.274972     8.378023     8.720182   -44.559352   -70.161619
   23.312450     5.039540     8.391052     8.935449   -40.349411   -84.594172
   22.998012     4.909688     8.125681     8.541311   -42.144354   -60.884510
   23.227234     5.152831     8.489716     8.987612   -38.414205   -75.769341
   22.824822     5.315846     8.336729     8.558182   -32.291237   -62.091350
   22.888509     5.152590     8.308219     8.591714   -33.398846   -69.854916
   23.168147     4.964733     8.170482     8.649241   -36.879845   -76.475732
   23.137306     5.004840     8.286208     8.748481   -31.909364   -73.996996
   23.344495     5.238855     8.189502     8.718073   -40.595948   -70.035129
   23.007806     5.303653     8.216854     8.525559   -43.528873   -72.396388
   22.757397     5.350140     8.398567     8.558017   -24.899838   -71.964731
   22.960817     5.379415     8.424443     8.704977   -28.470297   -75.239167
   23.204279     4.927302     8.100418     8.609936   -43.902644   -76.807609
   22.986616     5.016680     8.271912     8.661367   -42.068890   -64.231479
   22.884943     5.371454     8.256600     8.483623   -31.166252   -64.180815
   22.642434     5.186615     8.288173     8.413899   -34.912081   -62.908012
   23.102374     4.786660     8.146748     8.685790   -28.534163   -52.093269
   23.218103     5.100673     8.215803     8.695577   -27.406103   -73.043495
   23.216692     5.390562     8.187610     8.614732   -40.990113   -64.468062
   22.911916     5.015135     8.171361     8.530644   -49.163993   -51.706002
   22.765026     5.037891     8.276303     8.509022   -42.436399   -73.531292
   22.948280     5.131314     8.207084     8.567380   -35.876817   -49.131326
   23.296383     5.109541     8.047448     8.583425   -44.508748   -64.730137
   23.192057     5.257641     8.120549     8.537917   -31.165923   -72.286788
   22.961229     4.776839     8.223560     8.633278   -31.730413   -74.340352
   22.990529     5.090692     8.524083     8.918329   -43.971546   -71.245625
   23.023395     5.040038     8.165060     8.573946   -48.774426   -57.954664
   23.069004     5.171931     8.207673     8.600621   -44.848752   -64.050653
   22.802281     5.011404     8.268859     8.548620   -43.241249   -62.975028
   22.798456     5.100893     8.329330     8.591992   -45.683964   -63.705636
   22.897938     4.892014     8.369606     8.783520   -32.688657   -52.494525
   23.554458     5.360547     8.276379     8.930098   -44.202760   -62.079687
   23.046049     5.137658     8.346832     8.785563   -38.917444   -50.820380
   23.108423     5.064320     8.215535     8.690155   -26.567076   -52.715989
   23.121056     5.070680     8.259116     8.698776   -33.076772   -70.462292
   22.927802     4.938018     8.326731     8.740608   -44.595990   -51.066433
   22.947337     5.126964     8.242431     8.570086   -30.430843   -64.222244
   23.109654     5.191547     8.353650     8.798120   -25.393162   -59.444405
   23.356748     4.956419     8.117157     8.710767   -21.993577   -72.940175
   23.702636     5.002676     8.044123     8.864750   -30.171928   -60.365754
   23.100019     5.166118     8.228995     8.630509   -26.835869   -68.487524
   23.283274     5.383441     8.187010     8.642830   -26.531563   -69.449621
   23.046526     5.172967     8.252040     8.635328   -34.163742   -62.834382
   22.931212     4.981554     8.213095     8.537349   -12.915978   -74.869326
   23.096442     5.422527     8.359771     8.744661   -35.495006   -57.995580
   22.932234     4.985848     8.270312     8.633321   -31.303863   -63.651467
   22.705139     4.881296     8.380911     8.638285   -24.930486   -70.159241
   22.699919     5.121586     8.309520     8.507098   -39.631437   -58.509760
   23.100786     4.819101     8.090646     8.566873   -20.935002   -70.070732
   22.844748     5.100864     8.316790     8.610586   -33.527241   -59.374927
   23.037058     5.067694     8.241297     8.649776   -41.288856   -61.422675
   22.949189     4.970443     8.375428     8.815909   -38.043924   -46.908927
   23.161658     5.070003     8.247517     8.729260   -21.038860   -62.897116
   23.059190     5.127530     8.224387     8.641948   -25.849100   -55.992189
   23.212319     4.866872     8.305982     8.883663   -35.194891   -58.619810
   23.324651     5.215153     8.180836     8.700188   -32.519479   -70.333855
   22.725857     5.225726     8.275698     8.436985   -35.533588   -66.914029
   23.207524     4.995305     8.125937     8.647816   -42.279432   -61.707309
   22.721834     5.047110     8.280491     8.479382   -40.778159   -75.947645
   22.755940     4.860040     8.308305     8.628043   -40.907787   -53.144008
   22.944223     4.977529     8.615952     9.060094   -34.376686   -59.901963
   22.803945     4.911729     8.323824     8.615401   -24.000631   -73.153410
   22.743842     5.035787     8.583391     8.861959   -32.354785   -73.662150
   23.131214     5.083003     8.251494     8.708980   -24.847439   -63.674483
   23.079977     5.085243     8.208847     8.650217   -23.428196   -55.599133
   22.505612     5.100094     8.257170     8.281583   -26.227994   -71.732703
   22.875157     5.178272     8.457413     8.796055   -29.791882   -53.954094
   23.096488     5.233796     8.164192     8.595161   -45.868723   -46.906189
   23.085373     5.216768     8.379082     8.772769   -22.792712   -72.147223
   22.700295     5.384131     8.434140     8.586753   -30.853579   -58.547570
   23.259522     5.457373     8.416120     8.891038   -40.504983   -62.927438
   22.957127     5.293381     8.395231     8.697751   -38.778755   -71.160445
   23.250093     4.872410     8.247464     8.846440   -26.948956   -57.500432
   23.102028     5.137922     8.479626     8.956165   -34.110757   -57.803876
   23.554979     4.902114     7.872635     8.609025   -34.496873   -74.760307
   23.238108     4.914062     8.061476     8.603843   -24.605867   -67.542922
   23.283343     5.010200     8.195226     8.785504   -27.960461   -54.378350
   23.127190     4.894217     8.308990     8.835369   -35.871540   -57.313265
   23.364392     5.396507     8.262692     8.769086   -34.373030   -72.488886
   22.846887     5.213249     8.256151     8.501664   -36.612696   -64.008580
   23.334441     5.178875     8.158631     8.732499   -40.806102   -54.263592
   23.309240     4.971771     8.022953     8.597794   -35.650233   -66.511277
   23.210267     5.046901     8.425174     8.950777   -50.687906   -65.175187
   22.854502     4.989607     8.194920     8.513343   -26.241421   -54.711756
   23.107762     5.000754     8.123689     8.595062   -32.287201   -55.452516
   23.080676     4.861191     8.353318     8.925419   -44.991411   -37.111899
   23.035297     5.326757     8.174328     8.449500   -24.373563   -92.144932
   22.845424     5.178054     8.353777     8.648844   -36.462768   -53.578906
   23.427652     5.292861     8.197603     8.763402   -37.429946   -70.141685
   22.956463     4.817846     8.374407     8.827969   -26.792877   -58.271676
   23.055574     4.945326     8.226047     8.670029   -28.707128   -63.825650
   23.071967     5.053662     8.203015     8.622841   -18.955039   -64.228644
   23.081843     5.225423     8.178079     8.580336   -51.084692   -56.543170
   22.487859     4.882427     8.448186     8.600524   -24.976738   -62.919222
   22.807009     5.229616     8.558652     8.863926   -34.575558   -54.444717
   23.108894     5.078983     8.299326     8.752695   -30.481985   -62.604843
   22.843617     5.196776     8.373533     8.673506   -22.109911   -52.698653
   23.006403     5.052893     8.266968     8.674397   -39.669560   -56.805907
   22.799715     5.249535     8.550266     8.797618   -30.521795   -72.072796
   22.761536     5.015284     8.527679     8.809440   -18.702738   -74.214253
   22.995699     5.181424     8.268044     8.638668   -43.736262   -55.497465
   22.953847     4.819939     8.364072     8.821742   -37.890241   -54.608615
   23.275253     5.019543     8.233440     8.782117   -41.798096   -67.868396
   22.994640     4.844763     8.283407     8.691909   -27.421690   -79.484681
   23.116712     5.431901     8.438400     8.799385   -34.306683   -79.619944
   22.923806     5.112415     8.393239     8.703646   -24.521301   -79.237643
   23.191011     5.120335     8.361444     8.848124   -40.749314   -67.856142
   23.187336     4.813285     8.313642     8.910772   -45.023005   -50.374048
   22.848240     5.147139     8.525584     8.841600   -36.091313   -63.737265
   22.623308     5.023144     8.383641     8.548018   -38.272459   -74.267669
   23.448314     4.982963     8.243756     8.884211   -35.788834   -74.670390
   23.232770     5.344291     8.337238     8.823469   -35.524623   -57.032618
   23.330145     4.779978     8.185370     8.807711   -21.377141   -73.566630
   22.875924     5.192094     8.302830     8.614079   -31.470937   -50.158159
   22.947893     5.190703     8.596502     8.987482   -33.767688   -60.927951
   22.745379     5.121976     8.316468     8.530648   -38.795137   -65.586592
   22.763013     5.148067     8.542592     8.814322   -38.907579   -62.302151
   22.917929     4.974446     8.153125     8.487419   -34.955998   -66.783908
   23.350890     4.933072     8.281184     8.905346   -33.913223   -63.992148
   22.799431     5.237128     8.330150     8.563426   -34.780997   -58.279316
   23.275109     5.188991     8.408614     8.967835   -25.006924   -57.564358
   22.817762     5.134366     8.232836     8.490622   -28.492178   -55.992723
   22.917682     5.141739     8.432460     8.815818   -54.624467   -46.266885
   22.653454     4.782661     8.443582     8.696893   -16.659621   -76.577756
   22.824300     5.100758     8.372458     8.642241   -22.996403   -68.702282
   23.006109     5.029225     8.179890     8.574828   -36.537427   -59.667486
   22.709007     5.079761     8.332264     8.557667   -19.704501   -54.942539
   23.133320     4.884137     8.247282     8.736412   -31.566049   -73.184345
   23.020918     5.000173     8.324121     8.731744   -33.802589   -69.865043
   23.203673     5.116873     8.194840     8.699152   -42.364694   -56.899587
   23.228579     5.244306     8.358633     8.849420   -37.138275   -62.944793
   23.138514     4.806613     8.242425     8.735320   -30.058628   -82.987189
   23.311313     5.094022     8.221165     8.766919   -22.283286   -69.476171
   23.126948     4.826311     8.355352     8.851131   -24.926040   -78.693454
   22.981886     5.143277     8.060376     8.363346   -25.593672   -70.840679
   22.653530     5.463651     8.382910     8.500816   -32.036928   -46.975303
   23.273681     5.363620     8.246063     8.724217   -35.658292   -62.900618
   23.112173     5.028999     8.134756     8.593735   -29.524673   -58.619219
   21.993105     4.972838     8.459271     8.203885   -25.360346   -76.533660
   23.036214     5.018560     8.350111     8.803610   -24.394499   -56.042338
   22.936906     4.959339     8.454154     8.881890   -27.793971   -55.983330
   23.106916     5.266191     8.287442     8.722289   -39.936707   -51.007970
   23.190717     5.213716     8.280735     8.774458   -35.196302   -53.213784
   23.080260     5.080568     8.247153     8.673100   -26.885203   -63.588487
   23.208475     5.057502     8.210071     8.721283   -14.736581   -62.331743
   23.004047     4.806442     8.259226     8.749245   -37.837671   -49.906196
   23.145113     5.236387     8.200275     8.603059   -29.335358   -71.388871
   22.683751     4.953293     8.432510     8.721823   -44.459730   -47.614319
   22.723052     4.927687     8.306390     8.586552   -40.652585   -52.607188
   23.152408     5.371267     8.322283     8.766448   -38.052427   -51.455642
   22.603473     4.921962     8.461669     8.695786   -27.811159   -56.832439
   23.004437     4.984784     8.260862     8.658161   -34.102407   -68.248634
   22.938492     5.493334     8.378310     8.648558   -33.782946   -58.573074
   23.025344     5.123800     8.329963     8.703533   -30.768064   -71.579612
   23.183451     5.097402     8.307999     8.754912   -30.901299   -87.040113
   23.430559     5.085554     8.105188     8.737610   -40.370039   -61.882119
   23.018847     5.186145     8.286471     8.632120   -22.632934   -71.920927
   23.119732     4.980296     8.149703     8.618820   -49.785595   -65.030813
   23.388789     4.984360     8.288454     8.921265   -49.511674   -63.527395
   23.187130     5.079781     8.068750     8.535659   -52.521234   -73.315111
   23.125455     5.251268     8.315795     8.723582   -47.774303   -70.569270
   23.368885     5.307598     8.207636     8.706862   -26.995333   -84.849718
   23.170493     5.107141     8.329702     8.787668   -33.385682   -75.342347
   22.868789     5.159933     8.248933     8.525312   -39.952891   -62.896265
   22.797409     5.095753     8.293750     8.528349   -36.269959   -74.133758
   23.506434     5.132567     8.352893     9.007643   -37.110205   -69.673405
   22.967739     4.878721     8.318561     8.710908   -37.724108   -79.392396
   23.105508     5.427223     8.434245     8.826522   -51.441554   -61.823825
   22.625287     5.139328     8.397123     8.537766   -40.075733   -71.476916
   22.751799     5.383431     8.666715     8.888253   -32.334847   -70.250954
   23.202535     5.372974     8.447533     8.886769   -21.370542   -73.589873
   23.047000     5.083549     8.393496     8.784734   -28.023564   -79.221118
   22.437511     5.062211     8.399627     8.439293   -29.876173   -68.071305
   22.527308     5.171718     8.609153     8.724885   -32.727212   -72.970218
   23.031040     4.931962     8.326944     8.785888   -33.730736   -58.746713
   22.830950     5.126691     8.467333     8.772961   -23.273475   -62.367843
   22.897835     5.088229     8.316925     8.615033   -33.480092   -75.676145
   22.805295     4.701105     8.522202     8.906575   -38.728021   -72.368455
   22.873587     4.875595     8.290539     8.618555   -29.170224   -80.333714
   23.096579     4.968480     8.413003     8.859851   -31.764254   -82.193360
   23.385852     5.115887     8.485030     9.089231   -34.495027   -69.453645
   22.940049     4.904222     8.397321     8.761623   -22.326326   -85.977901
   23.131743     4.958985     8.166582     8.687033   -47.147445   -48.914700
   23.078072     5.069703     8.151307     8.576387   -39.630077   -60.580403
   23.308257     4.739561     8.019372     8.637367   -27.391886   -75.937579
   22.984930     4.797870     8.323384     8.764171   -36.049183   -69.426995
   22.298570     4.763774     8.341768     8.340928   -30.276447   -75.047560
   23.027491     5.416089     8.292940     8.596607   -45.279295   -73.539622
   22.944102     4.841663     8.412420     8.816677   -29.471802   -75.964042
   23.164300     5.241355     8.218161     8.627944   -33.619634   -75.252021
   23.120387     5.222278     8.234747     8.646593   -44.342859   -65.241483
   23.067644     5.069829     8.683259     9.162670   -36.049536   -67.485508
   23.287042     4.950772     8.133042     8.715586   -54.520575   -62.199944
   23.190098     5.298326     8.348324     8.789069   -38.505166   -68.409968
   22.829363     5.210682     8.658587     8.946835   -47.400953   -79.460322
   23.193692     5.127132     8.267556     8.737960   -54.962495   -74.213191
   23.158036     5.352150     8.475593     8.910287   -42.351350   -66.423687
   23.265043     4.863797     8.403433     8.923804   -22.514542  -104.951878
   23.190233     5.348156     8.479121     8.910564   -40.945187   -78.273515
   23.295658     4.811628     8.580299     9.180079   -36.495433   -73.503236
   22.967355     5.215574     8.446910     8.794443   -31.906941   -65.968192
   22.913068     5.083385     8.410062     8.789328   -41.401164   -51.489175
   22.388829     5.148929     8.422809     8.416009   -42.711630   -71.749939
   23.724260     5.302670     8.317312     9.063365   -43.478426   -69.338501
   23.189264     5.120125     8.229308     8.727650   -38.274012   -56.827493
   23.055650     5.170263     8.154629     8.499055   -30.020788   -80.071226
   23.357630     5.139329     8.176411     8.781235   -31.839357   -53.150179
   22.647412     5.169155     8.348271     8.479135   -33.097911   -71.608883
   23.340527     5.223570     8.500163     9.057694   -42.619517   -70.958459
   22.974126     5.252717     8.392673     8.733150   -42.212080   -62.406613
   23.257562     5.114663     8.119029     8.641441   -39.442364   -60.699883
   22.981760     5.347391     8.317792     8.618000   -23.671475   -66.357645
   22.996779     5.244672     8.457053     8.831209   -30.945392   -61.312775
   23.028371     5.077297     8.317069     8.698263   -29.506409   -74.023012
   23.557608     5.110166     8.441341     9.149742   -45.414355   -62.039382
   23.155519     5.141519     8.475161     8.956656   -24.390433   -67.528920
   23.042114     4.832497     8.355836     8.825248   -34.379908   -68.853701
   23.030673     4.912058     8.313211     8.771113   -35.480827   -60.273382
   23.214025     5.137987     8.164907     8.680533   -38.694712   -52.278855
   23.109574     4.961288     8.244456     8.723981   -39.636443   -62.141554
   22.772542     5.163090     8.377375     8.617691   -45.203929   -62.138865
   23.113860     5.262812     8.285831     8.708274   -37.420871   -57.049696
   22.642391     5.119551     8.348270     8.467811   -21.327083   -80.427684
   23.071504     5.313512     8.111075     8.457440   -44.568730   -64.987277
   23.247424     5.023204     8.169502     8.734996   -45.179080   -52.448225
   23.006129     4.816978     8.148810     8.568084   -24.784291   -72.139442
   22.750049     4.792822     8.380324     8.699952   -19.504490   -65.344841
   22.760097     5.234838     8.491674     8.724928   -35.383435   -62.450418
   23.591415     4.850649     8.078205     8.858097   -39.657325   -65.007586
   22.746432     5.196196     8.187185     8.354022   -32.344910   -64.644599
   22.814977     4.920824     8.431526     8.756100   -36.801678   -70.893185
   22.952468     5.081652     8.329866     8.702740   -48.434363   -58.279952
   23.341593     4.734120     8.137338     8.788964   -45.757515   -70.278395
   22.712553     5.194149     8.360146     8.524741   -29.144359   -72.324327
   22.813602     5.149498     8.304537     8.540455   -40.883720   -73.670278
   22.354473     4.871071     8.411414     8.452159   -32.786467   -71.446913
   23.332265     5.035409     8.031801     8.593701   -37.665829   -71.702027
   22.954887     5.169145     8.286844     8.601910   -35.304399   -71.398428
   23.168217     4.808508     8.269821     8.839081   -49.939248   -55.667335
   23.135120     5.128684     8.186600     8.620791   -31.110382   -66.175534
   22.735533     4.989867     8.329251     8.535688   -17.469837   -82.923197
   22.606051     4.837990     8.483082     8.704528   -35.019295   -78.333730
   22.962095     5.135066     8.449303     8.842778   -33.722352   -55.991533
   23.252207     5.207036     8.159650     8.695197   -37.167169   -47.880018
   22.493813     5.057722     8.654628     8.883738   -40.616669   -41.856687
   23.348054     4.887418     8.214721     8.808499   -27.929571   -80.831891
   23.273362     5.097173     8.332633     8.898892   -34.833576   -57.006501
   23.355674     5.293277     8.246638     8.793994   -29.957552   -62.013089
   22.716443     5.120780     8.348046     8.550136   -31.354777   -63.797349
   22.904474     4.914784     8.387345     8.777755   -20.938849   -62.387451
   22.873818     5.157234     8.416323     8.671762   -33.154253   -96.784262
   22.731290     5.302708     8.441849     8.646016   -35.645591   -55.121782
   22.890591     5.067219     8.312055     8.630011   -38.424424   -65.976229
   23.185024     5.204347     8.216625     8.677507   -24.206869   -61.627836
   22.880999     5.092922     8.230955     8.518936   -30.440249   -66.412766
   23.116210     5.064498     8.138948     8.574797   -47.492345   -69.070332
   22.798082     5.166998     8.158557     8.355002   -31.954052   -69.017961
   23.012957     5.367691     8.512669     8.847264   -32.189138   -74.515926
   22.819506     5.085735     8.193750     8.446946   -37.008729   -63.267784
   23.106265     5.239936     8.247859     8.671127   -39.502980   -55.132710
   23.310868     4.966422     8.253003     8.844304   -25.680110   -64.783107
   22.520693     5.040668     8.303549     8.378512   -23.305573   -65.317388
   22.972924     4.746538     8.229895     8.689357   -42.939022   -59.120169
   22.879384     5.174708     8.391373     8.724374   -48.774138   -50.286618
   23.135595     4.945925     8.286907     8.784152   -34.790447   -64.623850
   22.961604     5.126431     8.475930     8.873466   -33.231229   -57.307281
   22.874426     4.993761     8.363423     8.743018   -37.802677   -48.847185
   23.131036     5.069499     8.176518     8.630858   -24.182009   -62.532664
   23.113980     5.004801     8.263442     8.779197   -36.724216   -47.037114
   23.127968     5.159980     8.212273     8.692430   -47.247920   -45.449344
   23.085366     5.100043     8.291561     8.761806   -39.368734   -48.894863
   22.770196     5.191668     8.564528     8.865281   -36.976544   -51.892156
   22.992972     5.166616     8.303559     8.694995   -30.403380   -51.297876
   22.710492     5.118218     8.378061     8.594934   -35.304231   -59.023483
   23.150522     5.068427     8.256040     8.758715   -22.267487   -54.148937
   23.138002     4.954690     8.262540     8.744756   -37.445164   -70.120107
   22.740997     5.092788     8.364274     8.630138   -24.405679   -49.930833
   23.049833     5.001309     8.343521     8.775306   -11.077277   -68.500403
   22.612456     4.863183     8.221579     8.373291   -23.102748   -74.115193
   22.499657     5.078591     8.354650     8.399225   -19.727036   -75.041727
   23.074635     5.105935     8.192968     8.594972   -37.608280   -67.729398
   23.171943     5.270201     8.471036     8.903703   -17.185399   -80.049910
   23.187727     5.232261     8.203020     8.669570   -40.867950   -56.747137
   22.923835     4.988974     8.175647     8.523795   -40.403453   -62.591072
   22.889045     5.202935     8.359641     8.646428   -28.980296   -65.668556
   22.899944     4.824107     8.240356     8.598641   -26.452822   -74.885602
   22.956711     5.367114     8.391509     8.668577   -42.759205   -78.004935
   23.079548     5.010245     8.493129     8.937598   -40.920586   -78.273099
   22.850282     4.964829     8.228174     8.533231   -35.554503   -66.917740
   23.156110     4.848374     8.124767     8.658356   -35.447408   -59.786748
   23.077085     4.899681     8.163505     8.608181   -26.311168   -71.646417
   22.810760     4.977437     8.613975     8.949432   -29.503583   -75.236858
   23.167568     4.803342     8.342096     8.862262   -26.027224   -79.566087
   22.888500     4.701942     8.360251     8.780317   -38.802187   -66.315517
   22.826965     4.885551     8.130812     8.438294   -38.158145   -61.357854
   22.852835     5.149331     8.284217     8.587160   -29.861562   -50.436913
   23.032009     5.195034     8.364193     8.732321   -35.494587   -69.680319
   22.806927     4.959270     8.231569     8.503424   -27.193214   -68.439266
   22.906496     4.975953     8.131949     8.443663   -46.212273   -80.569941
   23.051283     4.991545     8.170474     8.557182   -33.917568   -85.300637
   23.295225     4.843981     8.085260     8.670312   -30.876213   -74.548444
   23.199194     4.972347     8.568115     9.105027   -29.435874   -71.697041
   23.326163     5.194401     8.357650     8.909624   -32.317368   -66.070869
   22.844647     5.400982     8.501832     8.739334   -39.159778   -66.909221
   22.944936     5.003723     8.494738     8.882948   -30.563844   -71.000619
   22.944274     5.436217     8.279407     8.514417   -40.420671   -78.981646
   23.025139     4.947253     8.224540     8.670635   -36.935762   -55.321297
   23.015684     5.274344     8.289193     8.616843   -43.308961   -73.233361
   23.111876     5.076614     8.438181     8.905130   -43.888870   -64.727333
   23.121013     4.851459     8.308737     8.822364   -27.816057   -65.119980
   22.985694     5.358710     8.324846     8.598248   -30.238059   -82.377400
   22.742519     5.125465     8.428930     8.676905   -32.579083   -58.467371
   23.270994     4.742715     8.312598     8.932142   -37.622937   -64.932719
   23.183114     5.153522     8.421040     8.917799   -25.776985   -63.470902
   22.994033     5.174350     8.558369     8.971166   -47.650313   -58.376424
   22.932321     5.097157     8.225260     8.538662   -37.481894   -71.335133
   23.356778     4.758322     8.215556     8.875324   -30.661043   -66.530019
   23.193069     5.100981     8.293532     8.788957   -37.251578   -63.190292
   22.620320     5.486648     8.604807     8.703116   -20.090199   -68.762304
   23.039427     5.318304     8.310079     8.638610   -33.943094   -73.771192
   23.739406     4.683864     8.184913     9.035292   -32.443952   -78.428465
   22.872147     5.420144     8.570740     8.894729   -47.227852   -45.919185
   22.684595     5.321652     8.526278     8.719370   -19.485420   -57.014404
   23.256678     5.112092     8.193254     8.711614   -24.622892   -64.523333
   22.764121     5.132890     8.385088     8.658315   -36.001159   -49.536406
   22.915844     4.930371     8.291822     8.663177   -29.432774   -63.764808
   22.946566     4.985628     8.242825     8.643255   -29.226159   -51.007278
   23.214970     5.002958     8.252628     8.825941   -23.565466   -49.515666
   23.110113     5.141401     8.202091     8.630459   -32.519128   -61.432523
   23.148821     5.488105     8.346251     8.752238   -27.652521   -57.188554
   22.948742     5.008260     8.551239     8.963630   -33.053774   -65.562706
   22.990883     5.109524     8.279631     8.662047   -43.613767   -57.763631
   23.208133     5.088785     8.455244     9.052512   -40.206175   -41.090905
   22.674153     5.162659     8.409540     8.608706   -29.701342   -54.513848
   23.294161     5.079203     8.346572     8.888820   -38.114656   -73.640740
   22.597669     5.113717     8.409202     8.582159   -45.403395   -51.468379
   23.013236     4.978268     8.191307     8.602789   -34.235595   -60.968585
   22.949857     5.081945     8.304402     8.682565   -42.799442   -53.577427
   22.986893     5.245453     8.180471     8.496493   -25.172299   -61.881354
   23.033918     5.182019     8.256328     8.653669   -30.326470   -53.969631
   23.363447     5.155951     8.104475     8.716949   -45.751515   -47.851819
   22.620877     4.907501     8.297479     8.502566   -29.544926   -55.822558
   22.927801     5.137732     8.200595     8.508004   -29.095632   -63.165558
   22.976650     5.243626     8.494910     8.844912   -27.156827   -69.488298
   23.188859     4.973125     8.459307     9.003444   -40.498761   -61.630901
   23.093157     5.189050     8.163352     8.550640   -32.973800   -67.448958
   23.303547     4.888841     8.331891     8.960257   -36.702441   -57.089382
   23.024838     5.006844     8.210616     8.628417   -28.603553   -58.969519
   23.330421     5.041085     8.118460     8.716668   -27.182925   -56.740377
   23.204006     5.090094     8.174905     8.677248   -33.797432   -59.683434
   23.179014     5.171588     8.369947     8.879199   -34.684416   -53.461932
   22.796516     5.264156     8.468767     8.726440   -38.495816   -56.567662
   23.111827     5.201132     8.192946     8.599156   -42.948723   -65.787023
   22.979258     4.805691     8.187636     8.605670   -43.031024   -72.097458
   22.890239     4.939294     8.235219     8.561751   -39.023910   -75.120661
   22.850064     4.891637     8.213147     8.533385   -29.674334   -66.773091
   22.997880     4.897827     8.369880     8.775001   -35.185064   -82.270592
   23.039527     5.110850     8.311910     8.700288   -28.376003   -69.139790
   22.905347     4.687693     8.161150     8.603029   -39.557956   -51.657723
   22.844933     5.404411     8.492321     8.749646   -35.270257   -57.837000
   22.964980     4.651109     8.367550     8.830940   -26.241222   -71.317859
   23.099914     4.775141     8.214028     8.712573   -37.587241   -71.972460
   23.079072     5.066879     8.354434     8.815694   -34.164227   -57.011611
   22.770661     4.784836     8.367835     8.710518   -34.726888   -61.110431
   23.532960     4.869522     7.962245     8.703341   -42.449878   -68.502708
   22.906787     5.300067     8.295254     8.556987   -45.243458   -70.263306
   23.078066     4.860397     8.221567     8.705081   -46.103324   -63.291569
   23.270936     5.059321     8.167187     8.711627   -35.368837   -62.222226
   23.624453     5.083572     7.977776     8.759450   -32.410342   -51.207771
   23.252811     4.878656     8.159095     8.732884   -25.090135   -64.695682
   23.147517     4.949326     8.281617     8.768964   -37.396768   -71.852126
   23.062469     5.138345     8.211230     8.574913   -29.195514   -79.554147
   22.790445     5.039085     8.321076     8.570404   -34.181430   -74.186203
   23.181821     5.178445     8.133840     8.584951   -38.278092   -64.341103
   23.159219     5.020254     8.317765     8.822060   -50.243096   -60.489323
   23.088408     5.078021     8.222419     8.640504   -22.343851   -67.661277
   23.397552     5.202889     8.367978     8.939022   -28.916576   -74.630389
   23.196876     5.122581     8.150776     8.631700   -32.483133   -62.017662
   22.815654     5.006558     8.256303     8.512149   -24.892629   -74.904548
   23.050047     5.402799     8.245781     8.569949   -37.112260   -65.290214
   22.935069     5.045527     8.188363     8.494451   -27.254603   -78.478377
   22.945300     4.853938     8.293386     8.675236   -27.490629   -77.412327
   23.210761     4.802398     8.077515     8.625640   -35.311032   -73.560784
   23.368927     5.256543     8.303976     8.835393   -26.477264   -77.333140
   23.063229     5.182784     8.308542     8.655555   -18.901987   -88.452294
   22.989081     5.316407     8.536882     8.871723   -55.578582   -79.770890
   23.415961     5.251204     8.283959     8.817493   -21.230608   -91.810801
   23.207397     4.822890     8.256299     8.795933   -26.354593   -76.424241
   23.180322     4.962749     8.476548     8.982220   -36.480204   -78.333405
   23.450360     5.364814     8.301387     8.871788   -47.607578   -72.417750
   23.291457     4.961404     8.204972     8.750031   -36.493548   -81.813273
   23.301832     5.405769     8.386034     8.838243   -38.658516   -96.765368
   22.873141     4.851457     8.352729     8.691876   -33.964445   -84.582736
   22.922245     4.844172     8.443040     8.798791   -26.038298   -99.555065
   23.658710     5.030117     8.150620     8.865084   -30.126680   -95.241739
   23.146755     4.951072     8.264955     8.728711   -41.632804   -86.681624
   23.555039     5.158111     8.091531     8.739260   -42.198568   -83.137041
   23.186879     4.918285     8.435597     8.928503   -36.309199   -92.054169
   22.976592     4.829498     8.159022     8.587228   -46.051989   -61.306691
   23.559146     4.851100     8.139359     8.852078   -46.212816   -90.357483
   23.219277     4.895755     8.082503     8.601827   -24.145002   -75.689873
   23.164887     4.915301     8.251602     8.772427   -27.147919   -63.948740
   23.175106     4.909092     8.336211     8.927644   -36.354628   -44.936478
   22.919508     5.068663     8.399314     8.769600   -29.365404   -58.023999
   22.919917     4.988332     8.249716     8.629708   -35.540006   -52.134088
   23.136088     5.111625     8.351555     8.847957   -40.369332   -52.188980
   23.088142     4.934146     8.198953     8.641170   -39.610177   -76.550919
   23.072177     5.036859     8.173578     8.589832   -33.550123   -67.358568
   23.490891     5.119877     8.044533     8.694514   -41.211288   -65.608537
   22.909901     4.899001     8.359995     8.769030   -41.451324   -55.003602
   22.975448     4.950734     8.292691     8.673441   -17.835708   -72.768972
   22.926175     5.124072     8.367908     8.709269   -28.936812   -62.186519
   22.754306     5.126799     8.338956     8.555055   -55.252246   -79.301768
   22.817269     5.247086     8.539052     8.762228   -38.578502   -98.850587
   23.447473     4.996103     8.345402     8.972766   -55.991683   -82.312309
   23.194203     5.055448     8.207415     8.678951   -47.485165   -81.304151
   23.455541     5.156625     8.191742     8.775995   -46.970560   -93.544677
   23.346529     4.966397     8.216767     8.783978   -53.373810   -94.919773
   23.255098     5.297690     8.317187     8.771310   -51.812592   -88.909426
   23.231768     5.079872     8.336763     8.840170   -56.469443   -77.045009
   23.229108     5.159354     8.250271     8.714101   -54.027244   -91.326191
   23.326326     4.984345     8.237574     8.773834   -40.601285  -109.381989
   23.199841     4.971159     8.284931     8.823910   -43.270193   -59.964907
   23.002790     4.780844     8.177272     8.599114   -18.127431   -75.016853
   23.000068     4.869965     8.109713     8.541144   -31.882007   -57.113503
   23.427790     5.194274     8.436687     9.061927   -37.026517   -63.115281
   23.356079     5.081566     8.237779     8.803591   -25.257798   -73.900113
   22.942136     5.216628     8.246871     8.529733   -34.270213   -75.196848
   22.997338     5.039335     8.160506     8.511664   -31.978740   -75.719608
   23.138959     5.199726     8.252079     8.660139   -33.531301   -75.172690
   23.058056     5.009506     8.314851     8.747548   -29.937419   -66.816449
   23.435602     4.900258     8.118514     8.801425   -24.160230   -62.160802
   22.815091     5.032809     8.428639     8.756909   -35.823974   -55.130288
   23.066371     4.869234     8.481373     8.960579   -42.981374   -71.691786
   22.601153     4.931541     8.452603     8.652284   -61.522413   -78.972098
   23.299655     4.813409     8.350916     8.914622   -37.919125   -96.195391
   22.907144     5.082667     8.546317     8.886315   -37.497877   -78.617110
   22.826683     4.801421     8.390783     8.733454   -28.372995   -76.551468
   22.944815     5.190342     8.234727     8.525275   -39.308817   -77.150493
   23.514286     5.013817     8.110701     8.817036   -28.226265   -60.181063
   23.052687     5.160350     8.448698     8.875554   -30.467756   -61.482519
   22.831444     5.116936     8.393251     8.682638   -48.806623   -63.908696
   23.385195     5.396402     8.259182     8.782160   -52.865240   -73.181138
   22.837580     4.692240     8.319918     8.692179   -40.384841   -74.422662
   23.244723     4.860712     8.278026     8.855775   -43.897190   -65.260467
   23.100647     5.410863     8.323040     8.701019   -31.396158   -60.213109
   23.014927     5.243281     8.585133     8.994448   -37.494178   -62.164938
   23.035829     5.173950     8.191261     8.578227   -38.188735   -55.448897
   23.303403     4.922728     8.159556     8.759435   -36.209493   -61.983940
   23.041202     5.336563     8.404146     8.791345   -34.465013   -54.844051
   23.015814     5.364427     8.368500     8.705789   -42.443855   -62.298702
   22.779031     4.786453     8.293238     8.607492   -37.331944   -70.806127
   23.537507     5.099013     8.432588     9.062032   -42.794026  -104.239996
   23.441961     5.085687     8.234865     8.808658   -31.085821  -106.824620
   22.610715     4.764577     8.458105     8.679511   -43.367381   -91.794375
   23.435672     4.964332     8.289985     8.879868   -35.098869  -119.658835
   23.339543     5.181383     8.324997     8.816906   -26.294568  -117.889306
   23.044925     5.155269     8.509180     8.866684   -31.021704  -108.628596
   23.306775     5.248735     8.323024     8.812427   -51.626235   -94.790083
   23.333259     4.823376     8.224698     8.801621   -32.179310   -98.928025
   22.969965     5.266915     8.185202     8.474977   -33.911535   -68.598087
   23.080208     5.118830     8.301153     8.723276   -38.420379   -63.794346
   23.229790     5.131372     8.092533     8.568118   -39.865356   -72.212928
   23.140698     4.816529     8.136656     8.648026   -36.477507   -69.819603
   23.201682     5.473579     8.404087     8.797679   -25.524907   -81.583230
   23.448594     5.225555     8.106428     8.685463   -14.522977   -72.275945
