   24.196515     5.232996     8.077480     9.081022   -32.960172   -75.758468
   24.117325     5.146540     8.067670     9.043864   -22.837708   -74.133764
   23.439071     5.114933     8.391437     9.012146   -42.899595   -70.876969
   24.160782     4.786613     7.940593     9.055747   -40.135108   -75.510503
   23.895760     5.254998     8.028178     8.866659   -39.143714   -73.830234
   24.050787     4.993930     8.049438     9.029963   -30.212061   -73.793834
   23.826577     5.057055     8.086941     8.934071   -47.936796   -71.567942
   23.671490     5.273070     8.143913     8.882687   -40.237044   -59.885278
   23.919957     4.987525     7.967431     8.886950   -22.049958   -73.553823
   24.217270     5.234850     7.895850     8.953315   -37.257018   -64.223515
   23.865775     4.948802     8.118591     8.992252   -27.654550   -76.939522
   23.944983     5.047572     7.896411     8.861420   -43.610151   -60.172009
   23.765913     4.757326     8.077893     8.943633   -35.024850   -79.980415
   24.142466     5.212354     8.120855     9.091455   -29.209161   -76.650251
   23.643456     5.467642     8.220268     8.927064   -45.110732   -53.190574
   23.671667     5.338300     8.133366     8.825568   -32.869387   -72.350055
   23.684038     4.941286     8.313716     9.122489   -38.731771   -59.280815
   24.073143     5.398518     8.163864     9.103585   -40.221774   -61.131665
   24.173532     5.238685     7.809080     8.856859   -44.333122   -61.157105
   24.069087     5.090679     8.286679     9.186256   -28.954658   -94.046031
   24.129887     4.915315     8.186692     9.193634   -43.726824   -75.252432
   23.984746     5.008867     8.155217     9.063633   -32.766015   -82.722149
   24.193510     5.289815     8.060997     9.046859   -35.047348   -78.984819
   23.859184     4.911888     8.225140     9.077734   -27.462041   -81.439972
   24.047815     4.935118     7.933988     9.007847   -50.575074   -52.311108
   23.803198     4.987542     8.256426     9.092544   -40.860449   -70.370161
   23.761302     4.769948     8.186944     9.042592   -29.167450   -72.810036
   23.619189     5.026960     8.073503     8.824775   -27.427494   -65.050486
   23.966946     5.021236     7.979113     8.965297   -38.703130   -56.257794
   23.998638     5.467699     8.216668     9.074958   -37.445402   -73.427014
   23.614640     5.241764     8.217420     8.915290   -31.169928   -66.297115
   24.138202     5.621209     8.190833     9.067372   -33.129132   -84.741535
   24.135757     5.320750     7.913981     8.897059   -50.416191   -66.295079
   24.088440     5.299370     8.134364     9.096977   -48.248874   -63.285633
   24.006641     5.174342     7.935176     8.876051   -43.910587   -68.370901
   24.010205     5.201979     8.042249     8.979633   -53.010066   -64.734887
   24.043944     5.020268     8.018716     8.970196   -23.662474   -83.908595
   24.170843     5.073809     7.737150     8.828149   -40.414318   -68.963676
   24.149504     5.207885     7.962873     8.943820   -35.609077   -81.894984
   24.153414     5.044135     7.870821     8.913194   -41.239898   -81.932693
   24.032580     5.511429     8.050669     8.881652   -30.664262   -86.083645
   23.948002     4.715471     7.952866     8.951672   -36.447322   -82.670297
   24.146694     5.032258     7.902630     8.949975   -28.912458   -74.103931
   24.225816     5.157502     8.054931     9.104351   -38.865428   -71.151467
   24.021790     4.769536     7.954140     8.971670   -32.067270   -85.460600
   24.034719     4.980148     8.253538     9.152268   -23.426218   -93.205806
   24.136792     5.225755     7.911406     8.911111   -46.767956   -70.573548
   23.621433     4.973503     8.094151     8.852697   -45.431511   -67.815328
   23.762526     4.961396     8.232147     9.090455   -41.929029   -56.913247
   24.039244     5.309081     8.036863     8.974703   -40.417159   -61.756618
   23.947609     5.235727     7.936834     8.823292   -27.926030   -67.813182
   24.211038     4.889669     8.044627     9.141744   -35.009009   -70.356018
   24.229310     5.015155     8.315536     9.303863   -32.085997   -86.955126
   24.017901     5.192031     8.013753     8.947708   -31.383363   -68.746394
   24.424828     5.000399     8.229428     9.313318   -10.087989   -84.575567
   24.421556     5.026672     7.893832     9.082520   -30.362958   -80.380406
   23.830065     5.065841     8.129283     8.973286   -35.332512   -71.318703
   24.089724     5.100856     8.131857     9.127535   -30.438046   -62.571136
   24.307162     5.207380     8.284250     9.305519   -27.676351   -81.185465
   24.180574     5.279169     8.199092     9.168862   -28.639614   -78.158270
   24.074878     5.097432     8.383454     9.317243   -37.989067   -73.175691
   24.404363     5.278996     8.089255     9.175381   -34.408823   -84.049173
   23.837563     4.976765     8.056856     8.915392   -31.973261   -78.264354
   23.625199     4.908465     8.136003     8.890965   -33.567175   -75.915469
   24.097424     5.393551     8.217490     9.106647   -27.846364   -88.270889
   23.869203     4.897235     8.172573     9.036422   -25.841059   -83.310581
   23.799964     4.807984     8.065743     8.929788   -27.736186   -84.131297
   24.068808     4.833038     7.989068     9.024756   -40.173840   -77.567045
   24.303504     5.001141     7.897424     9.088774   -38.404262   -56.408534
   23.841531     5.181967     7.999086     8.802960   -26.899113   -83.030815
   23.898188     5.148380     8.058801     8.915309   -18.467069   -73.824097
   24.090514     5.345637     8.145111     9.044809   -31.003063   -86.722767
   23.870107     5.001879     8.018203     8.885500   -32.903093   -82.584199
   24.275294     5.130951     8.364417     9.351395   -31.053651   -89.865092
   23.875594     4.802201     8.057845     8.956418   -26.473394   -88.756038
   23.726299     4.900082     8.280676     9.088074   -30.791250   -70.884875
   23.982510     5.049710     8.300463     9.200940   -36.010973   -74.529892
   24.175264     5.211517     8.103488     9.043723   -22.169708  -101.387981
   23.511301     4.949001     8.117797     8.790476   -41.141752   -83.041375
   23.703032     4.970070     8.011434     8.804946   -39.989877   -76.692817
   23.506891     5.245808     8.174991     8.767105   -25.281810   -84.611255
   23.879207     5.223435     7.892303     8.721462   -31.658755   -78.357911
   23.798279     5.259545     8.379840     9.163078   -48.250798   -74.342225
   24.050342     5.277340     8.103400     9.022006   -36.453524   -74.087240
   24.145750     5.366884     8.244285     9.174370   -28.320994   -81.403799
   24.211430     5.141991     8.273019     9.267956   -27.966958   -76.514004
   23.995392     5.075871     7.871661     8.833756   -53.617494   -71.885048
   24.409451     5.602365     8.095058     9.117337   -34.613723   -81.910676
   23.817978     5.626008     8.219737     8.934446   -26.669160   -76.512749
   24.250677     5.497049     8.269567     9.234725   -40.084018   -83.473249
   23.654538     5.296851     8.311659     9.031705   -35.939612   -64.608325
   24.053245     5.352874     8.300513     9.207970   -32.832888   -71.272267
   23.661111     5.135379     8.186890     8.905421   -39.018348   -78.979976
   24.313990     5.230956     8.036431     9.143327   -35.758970   -60.034908
   24.241165     5.275567     8.045819     9.088254   -35.292484   -66.701895
   24.087382     4.975443     8.188361     9.200529   -33.155580   -60.880922
   24.078459     5.101668     8.000498     8.985057   -36.212531   -71.973733
   24.096859     5.241632     7.952967     8.920595   -51.252854   -71.447404
   23.869845     5.320879     8.154986     8.957795   -37.211457   -76.988317
   23.941525     5.424793     7.965139     8.797194   -38.783676   -69.292870
   24.330122     5.297747     7.843564     8.950992   -27.846443   -60.639126
   24.336230     4.914358     7.741845     8.940617   -20.182803   -81.955822
   24.274212     5.307322     7.751637     8.791795   -21.358142   -75.291224
   24.357920     5.263912     7.881271     8.967104   -23.984555   -79.228256
   24.011688     5.304993     8.005868     8.852662   -16.660218   -92.316156
   23.546895     4.993790     7.979221     8.646122   -19.205655   -89.247515
   24.178415     5.157468     7.944120     8.938366   -20.719969   -86.220534
   23.810537     5.175920     7.974639     8.760746   -18.519141   -81.693383
   23.512519     5.117951     7.999206     8.624552   -35.916631   -86.591060
   24.161656     5.281008     7.971421     8.892112    -5.068699   -93.164032
   24.186591     5.193863     8.359196     9.312588   -24.584925   -82.142591
   24.080539     5.378438     8.047023     8.951298   -31.450863   -78.020654
   24.345993     5.044338     7.823809     9.008238   -36.000958   -69.660119
   24.045340     5.496041     7.881738     8.753109   -41.432752   -69.249636
   24.413908     5.466549     8.194480     9.242526   -33.109111   -82.692879
   23.731609     5.430054     8.105472     8.839288   -34.255480   -61.168574
   24.187570     5.044859     8.051010     9.108121   -39.797484   -68.853080
   24.118589     5.140853     8.112292     9.071914   -39.126227   -84.420617
   23.648624     5.517575     8.360481     9.034792   -46.094999   -69.140491
   24.061041     5.487888     8.185562     9.090177   -50.263547   -67.367720
   23.837842     5.158771     8.357791     9.149503   -40.320820   -86.769736
   24.117029     5.257080     7.997396     8.985842   -53.277747   -64.739644
   23.603472     4.901565     8.209912     8.934128   -42.566565   -85.921590
   24.044498     5.085122     8.193704     9.093114   -37.856638   -98.615391
   23.668427     5.392443     8.183064     8.837730   -41.230889   -91.529466
   24.015314     5.189314     8.011490     8.951322   -48.299068   -67.048306
   24.118860     5.129028     8.187864     9.162983   -34.903847   -72.886308
   24.062662     5.173583     7.888973     8.859296   -43.940317   -71.680609
   24.063340     4.783765     8.018000     9.062348   -45.632773   -74.694057
   23.981210     5.084008     8.042919     8.963767   -32.863388   -75.441425
   23.944941     4.950961     7.958666     8.914340   -37.620489   -71.195227
   24.093724     4.794955     8.064790     9.108026   -29.102665   -73.261642
   24.405828     4.974483     8.046386     9.218443   -36.267873   -72.870600
   24.638726     5.364539     7.869683     9.084081   -25.238695   -75.755301
   23.627802     4.877932     8.143508     8.933654   -23.773348   -64.308881
   23.861573     4.901832     8.212062     9.076794   -47.008585   -79.868870
   23.733860     5.291047     8.122008     8.823995   -21.462168   -89.683394
   24.309907     5.447261     7.960694     8.970759   -29.396933   -78.983314
   24.274807     5.169962     7.868163     8.946517   -40.413376   -79.900446
   24.565336     5.038380     7.923616     9.224853   -33.926929   -58.883698
   24.432551     5.130354     7.859022     9.067235   -39.877224   -66.954700
   24.622155     5.193079     7.768568     9.054547   -40.758634   -78.208700
   23.776767     5.257898     8.103891     8.873701   -42.236504   -73.365180
   23.896147     5.330431     8.071171     8.878578   -32.388237   -79.833251
   24.222962     5.209369     7.965481     9.011046   -45.618786   -71.818538
   24.086849     5.066220     8.076887     9.069990   -43.573883   -69.617817
   24.553304     5.357222     7.929089     9.109452   -34.340499   -74.249016
   23.958273     5.362751     8.310603     9.162192   -47.892003   -76.212213
   23.788594     5.343877     8.382894     9.168753   -53.614994   -66.270783
   23.913848     5.033470     7.888252     8.803854   -36.192670   -74.688073
   24.320200     5.010335     7.893251     9.056228   -47.606597   -72.688508
   23.887546     5.422735     8.115029     8.923216   -41.821721   -69.614253
   23.583269     5.480866     8.224992     8.846730   -38.873705   -71.089422
   24.229388     5.225188     7.849945     8.912546   -47.044745   -69.182941
   24.035447     5.423027     8.027598     8.940219   -51.699332   -60.722022
   23.549450     4.989841     8.025470     8.759938   -51.768852   -59.785910
   24.022517     5.304507     7.956183     8.882204   -52.816802   -63.711334
   24.307522     5.180806     7.896185     9.020693   -41.400773   -64.690323
   23.895315     5.415987     8.068436     8.887790   -46.511595   -66.572431
   23.962657     5.387654     8.084168     8.932236   -32.881897   -72.793365
   24.344404     5.275084     7.974210     9.049550   -33.710681   -79.245192
   24.276292     5.431789     8.162838     9.170610   -28.830833   -71.134262
   24.291067     5.282057     7.907376     8.978680   -46.889257   -71.444204
   24.198406     5.382127     7.917829     8.897214   -38.077478   -75.149766
   23.937387     5.156248     7.926948     8.833627   -52.102565   -68.089255
   24.053299     5.105690     8.027668     9.002197   -45.835277   -68.971487
   23.829455     5.011250     8.023040     8.885326   -41.681847   -72.891886
   24.139035     5.334314     8.020175     8.981230   -45.193168   -73.800140
   24.421518     4.818606     7.878510     9.171521   -26.699852   -58.692150
   23.808663     5.305931     7.972229     8.768828   -37.603475   -64.018823
   23.750480     5.112501     8.164430     8.981775   -37.193290   -60.463161
   24.163265     4.921642     7.958378     9.001441   -14.966501   -84.055631
   23.680252     5.141204     8.144836     8.925382   -18.359866   -57.250071
   24.301970     5.451217     7.827178     8.862945   -24.548113   -62.228986
   24.177056     5.429874     8.033532     9.002657   -45.179193   -70.079348
   23.808133     5.178510     8.075964     8.850808   -29.324686   -88.908660
   24.142289     5.226804     8.047214     9.030851   -44.082684   -74.395588
   23.958619     5.386805     8.127978     8.945090   -27.495093   -86.822565
   24.183926     5.440588     8.021495     8.976758   -33.520811   -74.565252
   24.337817     5.461831     7.991602     9.003013   -35.404262   -86.818044
   23.549228     5.396966     8.097068     8.692723   -23.952375   -74.495249
   24.596831     5.466613     7.873079     9.006501   -12.085000   -78.857006
   24.119057     5.320427     7.849719     8.828182   -24.106099   -60.583050
   24.083628     5.287322     8.198423     9.165334   -23.759284   -56.273874
   23.850447     4.918354     8.101095     8.993507   -19.925235   -68.444221
   23.917757     5.276180     7.929844     8.754162   -14.677500   -79.020329
   23.613912     5.007775     7.954822     8.679705   -20.728764   -77.904094
   24.125883     5.508983     8.065067     8.967429   -28.029550   -75.426138
   24.150738     5.145669     7.891984     8.892817   -29.684479   -82.964979
   23.867195     4.820538     8.318271     9.142989   -14.707382   -95.313063
   24.187375     5.173212     7.847305     8.891940   -41.885546   -72.945687
   23.994151     5.340478     8.043137     8.906694   -32.334455   -78.478570
   24.142196     5.272627     8.116719     9.049753   -26.710830   -89.788165
   24.163802     5.233415     7.828803     8.842846   -35.457180   -71.664351
   24.479713     5.386903     8.028239     9.111335   -28.539741   -93.912902
   23.854441     5.241025     7.904944     8.712492   -36.028058   -80.087964
   23.938218     5.242589     7.831108     8.694153   -24.945712   -75.420134
   24.001254     5.355521     8.059964     8.874256   -21.231874  -106.771617
   23.726318     4.808963     8.193342     9.016019   -31.568435   -75.915250
   24.273693     5.438429     7.969405     8.976553   -46.507708   -76.672215
   24.124260     5.053601     7.863276     8.926501   -49.746606   -64.448374
   23.895286     4.946784     7.913983     8.829173   -41.700289   -81.633687
   24.045435     4.979776     7.954074     8.966144   -43.180507   -68.968506
   23.801969     5.017760     8.275963     9.095279   -26.682934   -73.616081
   24.242958     5.005913     8.041921     9.064122    -5.307524   -90.818346
   24.108201     4.912054     7.726248     8.855617   -31.634564   -59.968388
   23.997053     5.221039     7.948555     8.806030   -19.000673   -97.129785
   23.978716     5.274727     8.108138     8.937769   -17.787607   -95.610915
   24.282561     5.213688     8.022547     9.094070   -50.938087   -72.121753
   24.197967     5.101893     7.969408     9.012641   -27.037349   -75.057956
   24.030497     5.306980     7.999020     8.896021   -42.029029   -77.792880
   24.175450     5.421711     8.181702     9.146460   -29.567537   -68.589992
   24.198910     5.553703     8.108940     9.072775   -37.948043   -64.462367
   24.238965     5.016195     8.286272     9.296756   -39.618976   -82.127284
   23.876758     5.358207     8.112498     8.927321   -45.587700   -69.902146
   24.193751     5.213357     8.139240     9.099747   -39.144885   -99.062127
   23.618147     4.934758     7.909608     8.666531   -34.996254   -78.305913
   23.896894     4.980016     8.298039     9.180132   -20.933162   -67.760212
   24.414414     4.862639     7.914409     9.135337   -29.318981   -80.334567
   24.294564     5.018152     7.826774     8.970388   -28.903263   -76.333777
   23.983800     5.567499     7.970245     8.745541   -35.941013   -95.097703
   23.826362     5.071827     7.932956     8.777755   -41.740915   -76.990003
   24.402845     5.239079     8.077018     9.198577   -56.005781   -73.548827
   23.839078     5.273602     8.130014     8.932514   -44.302469   -73.515840
   23.917309     5.024748     8.032841     8.927829   -31.257274   -77.765607
   24.152328     5.115533     7.904235     8.938256   -37.590440   -72.598666
   24.207506     5.308234     8.064492     9.059567   -44.581861   -77.836295
   23.805954     4.887152     8.086326     8.976432   -36.725755   -64.969581
   24.334847     5.087956     8.054601     9.157540   -38.013079   -78.717470
   24.026536     5.408866     8.233518     9.144350   -42.461040   -62.477047
   24.114849     5.328302     8.155815     9.109957   -45.105977   -70.495395
   23.992141     5.207094     8.335735     9.250772   -40.287177   -63.069318
   24.135989     5.055622     8.054223     9.055435   -40.728849   -80.398453
   24.445857     5.276560     7.940590     9.094113   -54.237316   -73.240586
   23.941593     5.198445     8.044348     8.927261   -41.254572   -71.495131
   24.335748     5.111803     7.812067     8.942142   -40.876398   -85.048939
   23.658898     5.083948     7.965826     8.688608   -35.264980   -86.368631
   24.408159     5.084314     7.732486     8.948745   -45.933711   -75.974753
   23.646250     5.413481     8.204098     8.875066   -46.046279   -71.264905
   23.666408     5.327967     8.093531     8.740327   -26.308495   -98.143765
   23.781638     4.943227     8.012772     8.850565   -40.299770   -81.056824
   24.367276     5.169581     7.756052     8.896418   -36.472641   -82.560776
   24.584888     4.998620     7.919288     9.200263   -28.203659   -75.257156
   23.815967     5.087437     7.956762     8.787346   -36.396950   -77.222196
   23.648929     5.200538     8.048629     8.752211   -26.194533   -73.711332
   24.124365     5.468031     8.137666     9.056509   -49.809375   -78.051625
   24.018535     5.148150     8.089139     9.014923   -50.257910   -75.288765
   23.869616     5.009848     7.877549     8.780690   -44.924977   -72.927554
   23.987607     4.957821     7.899442     8.865297   -36.207440   -81.822747
   24.199987     5.013832     8.102299     9.121356   -29.022992   -85.120696
   24.178423     5.233927     7.985471     8.971844   -36.077715   -83.261646
   24.286684     5.055322     7.647316     8.816444   -39.566976   -75.116675
   23.868581     5.012971     8.000115     8.898307   -39.679129   -67.826075
   24.009283     5.267444     8.183241     9.069311   -35.513543   -78.199494
   24.165740     5.289712     8.061396     8.990852   -18.866572   -94.927821
   23.910345     5.032608     7.955835     8.883541   -38.568095   -65.555135
   24.293739     5.452441     7.913958     8.942669   -36.984864   -67.922451
   23.957129     5.494311     8.321379     9.163852   -37.479563   -70.100389
   23.819207     5.095127     8.125820     8.921563   -28.292610   -89.325308
   24.113292     5.377884     7.990800     8.938248   -45.305867   -68.828849
   23.937094     5.462983     8.183353     9.030384   -41.132972   -63.577291
   23.872100     5.235794     8.242990     9.059781   -33.403753   -77.509060
   23.912608     5.347561     8.090724     8.905301   -36.700042   -80.091217
   24.095506     5.178050     8.013120     8.989197   -41.394776   -71.888122
   23.771150     5.068401     7.987286     8.799554   -44.728457   -75.495739
   24.032744     5.093160     8.004817     8.949224   -45.807983   -80.477961
   23.780775     5.329850     8.080303     8.836249   -42.904634   -73.448030
   23.850528     4.984455     8.031120     8.894989   -27.399591   -79.008829
   24.316664     5.113826     8.246913     9.302725   -36.776173   -76.699866
   23.891679     4.960456     7.991836     8.924984   -35.945424   -64.885233
   24.066172     4.858810     8.185321     9.170506   -37.428331   -74.938987
   24.202974     5.195564     7.931875     8.969564   -35.129028   -72.079283
   24.165730     5.488674     8.058655     8.979691   -32.310489   -81.023707
   24.189826     5.136781     7.915173     8.990911   -44.617518   -61.874784
   24.433499     5.118399     8.246028     9.378229   -48.327334   -69.248102
   24.125166     5.408084     7.975172     8.923341   -45.601853   -68.205259
   23.799777     5.177072     8.225185     9.000811   -34.053007   -84.721731
   24.063868     5.110252     7.928370     8.898111   -41.588761   -78.686633
   24.467819     5.404202     8.183471     9.258828   -25.869407   -83.414172
   24.054718     5.168120     7.947435     8.880699   -35.796194   -85.144437
   24.190709     5.236919     7.854027     8.917383   -45.633899   -58.012634
   23.968779     5.230179     8.053000     8.947580   -41.800447   -69.947718
   24.251289     5.201116     8.082768     9.140723   -42.549730   -68.916000
   24.265575     5.264564     7.845875     8.919302   -43.963901   -68.222077
   24.324104     5.135325     7.901753     9.051558   -40.203305   -62.792851
   24.159625     5.205183     7.906494     8.891886   -22.755741   -81.427482
   23.908954     5.216294     8.114067     8.917882   -22.018756   -98.350142
   23.975340     4.911396     8.043243     9.031278   -38.376482   -63.276161
   24.064187     5.269077     8.038618     8.970628   -40.259180   -73.713512
   24.217130     5.188295     7.878700     8.903029   -37.893681   -87.169823
   24.141965     5.231030     8.157314     9.121411   -29.794749   -76.880579
   24.378428     5.428679     7.860710     8.898657   -29.691088   -88.381243
   24.245337     4.998114     8.019059     9.064295   -33.951218   -97.627391
   23.957426     5.223679     7.925584     8.779627   -27.813014   -88.692493
   23.708905     5.051405     8.104003     8.877189   -40.324267   -75.242087
   24.234895     5.155840     7.847523     8.925194   -51.948152   -73.862983
   24.161464     5.155633     7.850775     8.861908   -33.107590   -82.745736
   24.280269     5.046147     7.921562     9.009943   -32.717526   -87.927754
   24.291951     5.235696     8.319169     9.336387   -49.972010   -82.814192
   23.906606     5.247543     8.073945     8.873102   -22.546951   -96.971120
   24.437803     4.854944     7.886135     9.185143   -39.424440   -59.002022
   24.251152     5.429929     8.004832     9.049085   -52.866817   -56.641772
   23.966738     5.244522     7.922168     8.804189   -33.724560   -74.798362
   23.757963     5.180337     8.212636     8.970425   -22.171137   -79.213745
   23.927682     5.341557     8.123567     8.961493   -29.235405   -72.600356
   24.694644     5.245176     7.750661     9.088485   -36.542060   -63.070492
   23.898942     5.264625     8.216621     9.051099   -26.679900   -73.111442
   24.036690     5.189387     8.095857     8.992753   -47.767947   -94.080493
   24.080039     5.312122     8.247415     9.134236   -32.916359   -93.323289
   24.212986     5.060694     7.971887     8.987656   -22.872430   -97.760308
   24.256050     5.110785     8.084890     9.108544   -26.201498   -89.620581
   24.213373     5.372403     8.071462     9.076653   -46.568243   -68.906751
   24.116759     5.274095     7.822244     8.786904   -26.911386   -73.547916
   24.271246     5.133693     7.954209     9.030510   -30.782026   -76.764196
   24.255464     4.989542     7.990610     9.100740   -28.992666   -69.576135
   24.409761     5.138561     7.845707     9.013088   -26.137764   -74.741507
   23.854899     5.138485     7.957841     8.811978   -33.429774   -70.053936
   24.234456     5.290666     8.025976     9.054569   -37.862318   -70.884775
   23.872369     5.128322     8.095060     8.933496   -38.796378   -80.230739
   23.717340     5.320285     7.994699     8.727177   -43.308078   -66.725853
   23.994753     5.474646     8.091668     8.937469   -46.184761   -75.862102
   23.859707     5.335232     8.119624     8.919445   -47.816631   -74.772542
   23.998585     5.286264     8.364631     9.265522   -35.168104   -65.301446
   24.402419     5.243521     7.820932     8.943251   -27.475147   -81.294944
   24.149020     4.897849     7.940355     9.016776   -34.271401   -75.896802
   23.925477     5.037769     7.870412     8.791332   -35.520208   -75.751785
   23.884103     5.168616     8.002396     8.868132   -35.955279   -68.326160
   23.924326     5.455163     8.402951     9.196066   -35.109296   -90.235087
   23.764079     5.374318     8.048711     8.781315   -49.288325   -75.475017
   24.311027     5.362954     8.011519     9.071933   -47.542326   -69.863324
   24.360376     5.409143     8.243855     9.333115   -51.872449   -59.009247
   23.817166     5.028471     8.102367     8.969433   -44.403241   -63.305747
   24.199120     5.226380     8.113995     9.144247   -45.791206   -65.856521
   23.945101     5.118072     8.297974     9.172409   -38.567084   -75.046310
   23.916981     5.232387     8.204205     9.040678   -41.394851   -81.640800
   24.426866     5.234758     7.864739     8.983324   -41.915154   -95.281363
   24.082708     5.076527     7.997524     8.993269   -33.647854   -70.623873
   23.826346     4.916650     7.961511     8.863477   -41.556753   -68.870654
   24.432105     5.287620     7.893501     9.050451   -40.333605   -67.385007
   24.352921     5.181642     8.002381     9.123143   -42.608170   -71.065795
   24.020878     5.348191     8.341789     9.233330   -38.306832   -72.075322
   24.062315     5.152297     8.190954     9.125916   -38.004911   -76.160413
   24.524899     5.120619     8.196231     9.329105   -23.938495   -85.394614
   24.193935     4.920970     7.847897     8.973780   -43.945155   -73.407610
   24.446276     5.261922     8.311057     9.399618   -40.619436   -79.298779
   24.205883     5.285415     8.325281     9.308648   -37.834799   -74.574070
   24.482510     5.202514     8.450267     9.567781   -48.438296   -65.711641
   23.921289     5.002471     8.399946     9.264467   -38.476925   -75.111164
   24.075123     5.131604     8.466171     9.391760   -38.775867   -72.203721
   24.474776     5.075590     8.051421     9.223364   -36.058085   -79.354370
   24.120308     5.113753     8.053403     9.027967   -35.456303   -82.971512
   24.184887     4.957345     8.021478     9.094570   -40.771616   -71.924482
   24.131403     5.089338     8.148280     9.147421   -48.630019   -71.055109
   23.702698     5.242637     8.118894     8.866933   -42.508946   -65.443515
   23.824319     5.128598     8.382496     9.198679   -52.286638   -71.834306
   23.761587     5.043357     8.315107     9.116474   -50.116647   -70.672743
   23.976845     5.480565     8.411436     9.242855   -28.355053   -78.916827
   24.061022     5.074077     8.397231     9.351709   -45.294506   -63.059230
   24.267910     5.159134     8.148472     9.206526   -33.284708   -69.421693
   24.010738     5.159340     8.001094     8.920220   -33.669236   -77.731562
   24.300412     5.294372     7.936943     9.021208   -57.239643   -66.203380
   24.530179     5.132403     8.186787     9.389261   -42.746577   -62.081190
   24.059317     5.172675     8.121122     9.073088   -39.809897   -69.872675
   24.350334     5.114816     8.002946     9.129101   -37.289096   -73.476379
   24.115269     4.955060     8.171911     9.153023   -22.974383   -79.265805
   24.436743     5.060808     7.871393     9.083804   -42.885260   -74.686762
   24.207990     5.204134     8.141305     9.115493   -34.782569   -94.142865
   24.201239     5.159766     8.008268     9.054054   -46.857715   -69.651682
   24.049282     4.828951     8.097158     9.083123   -34.421178   -83.223228
   24.160975     5.364877     8.192820     9.092877   -25.018326  -103.500335
   24.292374     5.278210     8.197426     9.191500   -25.062715   -92.827289
   24.466225     5.039346     8.225044     9.310209   -28.093681  -101.742095
   24.557277     5.258389     7.892953     9.074271   -34.690326   -90.524283
   24.032971     5.067196     8.207551     9.137986   -35.501622   -76.137646
   24.199784     5.141749     8.264884     9.280829   -37.529543   -67.876972
   24.214961     5.288545     8.106835     9.088937   -26.324729   -82.418499
   24.077279     5.219651     8.023708     8.992070   -42.691427   -66.588487
   24.090899     5.166710     8.139255     9.096220   -42.100678   -74.452087
   24.431197     4.928578     8.006679     9.161875   -33.125116   -98.097490
   24.374020     5.206094     8.023236     9.127918   -60.755406   -80.185447
   24.545522     5.238572     7.818306     9.062282   -46.752067   -68.909544
   24.036188     5.150993     8.097443     8.992826   -26.750738   -93.562785
   24.682447     5.119867     7.844595     9.207350   -45.287942   -61.993757
   23.956656     4.992960     8.021501     8.933031   -30.216790   -85.051045
   24.010083     5.301828     7.944631     8.866518   -45.819731   -62.759843
   24.122917     5.256741     8.054708     9.002783   -31.444619   -81.180621
   24.304232     5.086773     7.894777     9.020575   -33.941357   -73.391073
   24.486817     5.320684     7.862757     9.061910   -46.397815   -60.780708
   24.506684     5.088292     7.676901     8.973541   -43.206478   -68.707000
   23.892878     5.273763     7.800787     8.670851   -50.699542   -59.990277
   24.058118     5.180521     8.025783     9.018207   -55.758204   -56.456691
   23.708082     5.121838     8.208499     8.968630   -31.020799   -72.059411
   24.523056     5.044430     7.860553     9.100281   -26.005849   -80.789825
   24.157469     5.445090     7.991734     8.932500   -43.692897   -75.834915
   24.343400     5.072160     7.983666     9.133022   -30.936158   -65.363264
   23.843797     5.411440     8.109624     8.880959   -39.735163   -75.699881
   24.297959     5.239580     7.835058     8.930359   -40.028182   -70.017967
   23.902683     5.286685     8.050260     8.893518   -36.683569   -69.901960
   23.190792     5.390742     8.365897     8.760624   -38.752254   -88.027465
   23.940869     5.080427     8.035776     8.894181   -32.240575  -102.578655
   23.889561     4.868726     8.113923     9.000837   -38.358884   -87.729070
   24.079865     5.390825     8.212408     9.126675   -38.423411   -74.180496
   24.096080     5.167945     7.966841     8.976322   -56.172109   -61.096488
   24.080044     5.259577     7.852886     8.818678   -43.397336   -67.990066
   24.443272     5.357754     8.024983     9.139125   -21.856671   -67.033873
   24.413654     5.417655     7.748058     8.842978   -36.885132   -76.314625
   23.673184     5.339279     8.135440     8.845875   -29.470625   -65.074501
   24.207674     5.023096     7.970487     9.060583   -38.364468   -67.869144
   24.014378     5.407059     8.271992     9.104173   -32.680923   -97.890142
   24.078848     5.533853     7.990026     8.887007   -48.500635   -65.604138
   24.224179     5.270674     7.958814     9.002332   -55.156510   -66.867634
   24.436947     5.006525     7.967911     9.184186   -42.052665   -68.489787
   24.045997     5.354132     8.162182     9.084014   -41.063655   -65.841018
   24.004123     5.316751     7.854686     8.707217   -22.831411   -88.831110
   23.753000     5.121659     8.157916     8.946746   -22.022220   -70.163173
   24.249465     4.994898     7.735244     8.897386   -34.265920   -69.313877
   23.849411     5.165712     7.899605     8.756648   -33.205212   -65.419560
   24.413822     5.138183     7.783232     8.964219   -31.206927   -76.614701
   24.019107     5.037884     7.876732     8.839916   -34.057778   -81.780051
   23.885620     5.052472     8.106424     8.994489   -41.844546   -67.724289
   24.276288     5.316694     7.920967     8.959908   -30.305425   -74.149993
   24.177742     5.454465     8.217521     9.211800   -39.491727   -56.141777
   24.054891     5.015976     7.863158     8.865157   -32.427567   -76.701838
   23.612750     4.985896     8.017190     8.741955   -35.652921   -82.804382
   23.899720     5.165666     8.004900     8.871707   -50.055748   -72.685781
   24.069339     5.246080     8.144651     9.093563   -46.138574   -67.965395
   24.000647     5.346111     8.165923     9.060692   -38.112390   -66.955255
   23.614274     4.938563     8.070966     8.823698   -34.908639   -72.795827
   24.125968     4.987729     7.977346     9.000079   -42.223427   -81.942013
   23.970021     5.096735     8.008983     8.916977   -42.145568   -80.163603
   24.103847     5.070529     7.914779     8.957042   -30.005047   -61.198860
   23.837433     5.146332     7.956342     8.774734   -44.125387   -83.810224
   24.362961     5.246739     7.867530     8.999891   -48.116627   -68.855895
   23.794319     5.357605     7.929173     8.682020   -40.660169   -73.345225
   24.262197     4.772658     7.808308     9.015884   -38.302267   -78.614919
   24.179604     5.000800     8.115106     9.106254   -35.315637   -98.066424
   24.277187     5.060798     8.039926     9.117719   -42.647968   -80.663917
   24.168809     5.314745     7.872447     8.851620   -50.785569   -79.276483
   24.500456     5.259136     8.349755     9.433201   -35.481476   -88.374992
   24.074593     4.620322     8.075537     9.179798   -39.903725   -61.189665
   24.377959     5.020883     7.781414     9.005045   -41.244932   -68.837406
   23.992140     4.813508     7.743518     8.806353   -36.354581   -72.645313
   24.244735     5.349017     8.077620     9.069258   -32.872572   -82.875523
   24.315902     4.873984     8.025493     9.204466   -27.680487   -60.706739
   24.397549     4.906442     7.958877     9.157216   -27.782783   -74.628680
   24.171278     5.100364     8.279724     9.219763   -24.974823   -96.698362
   24.059033     5.295919     8.047219     8.925775   -23.962893   -93.451161
   23.983105     5.073989     7.983782     8.948159   -28.224260   -61.301362
   24.285677     5.426038     8.036120     9.032966   -36.547461   -84.415469
   24.126941     4.938927     8.262684     9.223323   -34.754496   -86.855620
   24.179078     5.130757     8.014383     9.077256   -38.774646   -59.679836
   23.962861     5.335975     8.178152     9.031657   -16.944724   -71.610675
   24.141603     5.061500     8.371437     9.328189   -40.896964   -78.691416
   24.024335     4.871610     8.111662     9.077753   -34.908484   -80.846657
   24.173718     5.119470     8.066597     9.043463   -33.504924   -96.092867
   24.170245     5.258680     8.379798     9.327109   -30.268012   -79.911409
   23.999366     5.427213     8.409314     9.237151   -28.743029   -90.814303
   24.491443     5.429453     8.162849     9.249427   -23.894029   -80.058077
   23.871131     5.332257     8.055655     8.864084   -47.135574   -73.424839
   24.086920     5.068554     7.973943     8.958484   -33.315686   -79.077520
   24.575737     5.425416     7.936813     9.070740   -32.099052   -93.485435
   23.926274     5.147778     7.999728     8.874548   -45.545450   -78.706313
   23.997452     5.221760     7.993882     8.891331   -27.839415   -76.236320
   23.698757     5.045055     8.086699     8.847927   -41.079810   -80.128851
   24.079121     5.320417     8.058549     8.920330    -7.724681   -96.697995
   23.981298     5.418035     8.170134     9.008686   -37.821364   -82.189445
   23.816912     5.416896     8.177282     8.917320   -34.121000   -84.909531
   24.373009     5.509626     7.981115     9.019379   -40.665876   -78.196396
   24.161982     4.745044     7.918449     9.051547   -46.568705   -76.769940
   23.808284     5.109975     8.055277     8.855757   -35.619430   -84.826595
   23.777371     4.985185     8.331856     9.156754   -20.387908   -66.647486
   23.823913     5.237842     8.132368     8.944524   -46.390239   -68.494763
   23.588642     5.330682     8.051487     8.728808   -58.054490   -57.318956
   24.192911     5.352816     8.114007     9.087444   -36.536808   -78.328160
   23.954741     5.014685     8.020640     8.916956   -35.818218   -92.651386
   23.967725     5.308494     8.024619     8.868123   -34.168272   -85.728774
   24.190575     4.969438     8.232717     9.285801   -47.681082   -62.047730
   24.188388     5.136922     7.929281     8.974115   -43.275386   -73.470029
   24.093277     4.752404     8.197517     9.223996   -40.951245   -69.863109
   24.085617     5.097701     7.954412     8.934929   -43.712517   -79.744851
   24.193424     4.880156     8.131584     9.195056   -44.366555   -72.636717
   23.980962     5.077240     8.148202     9.045870   -46.408151   -83.554500
   23.899424     4.753391     8.193593     9.112773   -35.650376   -75.916795
   23.936399     4.724526     8.191034     9.106963   -38.812807   -91.492882
   24.184709     4.870960     8.008130     9.082128   -43.218183   -82.549928
   24.315940     4.839673     8.055045     9.210189   -41.452639   -72.237694
   24.185757     4.851713     7.720896     8.885465   -48.604455   -79.261547
   24.223432     5.044430     8.035167     9.073155   -39.601611   -88.286205
   23.855840     5.344724     8.076023     8.846520   -43.165577   -89.314938
   24.294803     5.242226     8.043818     9.077183   -38.859545   -88.781970
   23.453999     5.027411     8.054549     8.689085   -18.994254   -71.495776
   23.677558     5.240645     8.041906     8.769464   -37.775948   -67.299563
   24.350498     5.401319     8.266879     9.303223   -25.437321   -70.736769
   23.823470     5.152497     8.291815     9.129668   -35.821204   -63.238434
   23.731058     5.322260     8.162728     8.892187   -29.132861   -73.080009
   24.036929     5.358323     7.994015     8.912838   -37.871030   -63.759360
   24.269388     5.229111     8.080153     9.088559   -16.276088   -84.665404
   23.951374     5.315600     7.957507     8.864645   -42.104459   -53.929061
   23.951117     5.400130     8.194186     9.042266   -25.828493   -68.875563
   24.243618     5.080800     8.041299     9.061007   -20.005279   -92.864567
   23.765204     4.904354     8.107191     8.943680   -26.931762   -74.485714
   23.975088     5.130464     7.932934     8.855792   -28.020940   -71.717651
   23.419087     5.247750     8.154568     8.708789   -18.982769   -75.002498
   23.894308     5.028978     7.927159     8.845676   -20.583590   -64.901780
   23.921604     5.033973     7.974007     8.889925   -34.070947   -71.780976
   23.789356     4.904050     8.128759     8.974648   -19.024455   -73.822875
   24.303079     4.857384     7.870868     9.063080   -21.682119   -69.845448
   24.058891     5.340947     7.852882     8.763788   -24.290338   -71.651634
   23.960968     5.115955     7.929325     8.850632   -28.176758   -70.765687
   24.073139     5.304407     7.991403     8.912193   -23.970384   -74.590492
   24.372020     5.255404     7.906576     9.004999   -22.698101   -76.009657
   24.099389     5.043420     7.928186     8.961522   -22.118318   -63.975855
   24.065090     5.347893     8.162005     9.051486   -19.117051   -79.579239
   23.627306     4.861814     8.044482     8.816978   -34.497961   -77.443128
   23.898347     4.749755     8.082616     9.047805   -26.165472   -66.536381
   23.933186     5.121073     7.984304     8.873998   -12.375029   -71.112794
   23.596200     4.936942     8.147733     8.846515   -23.721085   -93.930277
   24.153313     5.287781     8.289349     9.246818   -27.324625   -72.878183
   23.884610     5.373470     8.085030     8.891347   -19.361079   -70.081807
   24.226054     5.144911     8.214442     9.199644   -14.314768   -82.617826
   23.762037     5.237852     8.074084     8.843093   -28.967258   -70.797056
   23.801118     5.076506     8.048137     8.884379   -38.240539   -69.085002
   23.867864     5.010788     8.042265     8.928093   -38.708262   -71.076899
   23.611834     5.050591     8.024152     8.767212   -44.837271   -64.982241
   24.329087     5.192446     7.867277     9.008061   -47.973769   -63.949627
   23.985238     5.074507     8.029608     9.021425   -53.308509   -51.098138
   24.403487     5.094586     8.124086     9.311816   -48.981941   -52.777329
   24.052047     5.096588     7.912155     8.922468   -34.950882   -60.252166
   24.120696     5.093701     8.070724     9.064435   -36.591051   -74.776599
   24.216803     5.099374     7.939804     9.016092   -23.511752   -65.991241
   23.734634     5.251200     8.174714     8.930339   -32.616583   -69.432704
   24.136375     4.965932     7.890113     8.922370   -19.178717   -85.490460
   24.329326     4.951600     8.242096     9.294178   -40.600490   -91.209328
   24.394983     4.999978     7.782087     8.990328   -34.337135   -81.801234
   24.421194     5.146158     7.998184     9.190552   -47.628503   -60.179973
   23.963723     5.041812     8.328308     9.271564   -48.885350   -54.651561
   24.228170     5.333950     8.363838     9.349710   -32.846295   -72.017234
   23.996305     5.037402     8.153114     9.091354   -32.326314   -69.693590
   23.963062     5.563051     8.381961     9.247378   -37.993079   -57.337621
   23.904108     4.899181     8.140474     9.037335   -47.116785   -80.697342
   23.816944     5.061816     8.040709     8.892217   -54.246296   -68.147897
   24.196745     4.802486     7.949085     9.077060   -33.484229   -74.118850
   24.504435     5.327882     7.955687     9.138410   -48.271665   -67.833746
   24.236092     5.144067     8.204455     9.296956   -50.717740   -50.160378
   24.377012     5.299625     8.082593     9.164444   -41.910720   -79.889520
   24.130792     4.939927     8.191597     9.197402   -39.871297   -73.578683
   23.926438     4.947546     8.079435     9.013349   -36.747123   -68.385736
   23.743089     4.819582     8.108669     8.946327   -32.768465   -77.861165
   23.909720     5.010839     8.286116     9.169111   -41.676650   -70.045699
   23.735152     4.924808     8.102075     8.929008   -46.402394   -70.648337
   23.934316     5.441742     8.024941     8.855338   -38.142107   -67.484102
   24.222632     4.884677     7.904758     9.042902   -41.605516   -73.244215
   23.881629     5.446390     8.349990     9.152199   -46.326271   -75.154753
   24.069092     5.222907     8.333317     9.270215   -49.759996   -69.724906
   24.244846     5.404505     8.295235     9.310279   -44.380187   -64.680501
   24.055507     5.130080     8.267459     9.216332   -41.909922   -67.582141
   24.060205     5.208078     8.130347     9.084755   -34.526158   -65.929913
   23.844997     5.165672     8.338693     9.150584   -26.475555   -75.689635
   24.034382     5.149087     8.012689     8.961049   -28.946990   -70.480887
   24.140758     5.027034     8.306460     9.289880   -29.135800   -70.528028
   24.042913     4.997517     8.020120     9.019959   -38.571737   -66.741236
   24.050125     4.962469     8.077150     9.079785   -47.115241   -66.405742
   24.189593     5.551048     8.128573     9.058286   -35.652480   -78.517905
   24.439313     5.199487     8.317538     9.414940   -41.194810   -75.583652
   24.104928     5.536316     8.202586     9.083469   -51.096914   -87.902547
   24.151342     5.310407     8.314304     9.248648   -58.070863   -89.009952
   23.900349     5.234956     8.273480     9.084392   -33.868706   -89.173233
   24.231092     5.046057     8.193946     9.204611   -29.325963   -85.191042
   24.137432     5.433245     8.189954     9.129748   -42.065889   -74.000460
   24.030750     5.055035     8.254464     9.191544   -29.085821   -70.174594
   24.062220     5.363840     8.184786     9.080504   -31.261657   -78.981470
   23.891728     5.221874     8.058809     8.912897   -58.516017   -68.988172
   24.201367     5.271094     8.016829     9.020322   -35.664638   -75.780575
   23.642662     5.263980     8.255951     8.958884   -47.419491   -69.570757
   24.213661     5.337688     7.900530     8.903605   -29.704298   -71.958116
   24.135536     5.252777     8.281884     9.224940   -35.710965   -80.938928
   24.156541     4.852906     7.873497     8.967328   -33.472244   -83.565348
   23.938858     4.791176     8.238594     9.169450   -32.566634   -71.822124
   24.324320     5.257953     7.941203     9.034625   -33.386742   -68.990004
   24.126713     4.978241     7.906029     8.961143   -41.508392   -74.410781
   24.113061     5.494801     8.288792     9.208725   -29.105968   -67.743542
   24.212089     5.173801     7.909556     8.984807   -44.562005   -63.259741
   23.948345     4.925695     8.006632     8.968784   -34.927701   -68.523346
   24.194759     4.978955     8.133648     9.163807   -27.765726   -77.538432
   24.188893     5.473525     7.966995     8.917639   -40.317493   -75.285216
   23.799226     4.833381     8.145818     8.977218   -11.055123   -86.728352
   24.190384     4.981392     8.158048     9.222440   -38.528220   -62.363992
   23.665031     4.792868     8.019116     8.860325   -36.108276   -65.813449
   24.060774     4.914848     7.958734     8.986486   -31.229111   -71.544712
   24.231090     5.141405     7.905297     8.969663   -37.294404   -75.747591
   23.834936     5.056640     8.045739     8.919906   -41.816578   -63.748883
   23.823520     4.883263     8.146130     9.016418   -42.443779   -73.949009
   24.255560     4.890825     7.931179     9.080173   -45.751902   -73.005869
   24.028193     5.159608     8.079041     9.035090   -39.711329   -64.091005
   23.932208     4.936159     7.875347     8.823197   -24.639803   -77.001737
   24.148265     5.065539     7.984336     9.022484   -39.461704   -70.726765
   24.269472     5.234815     7.972024     9.054467   -38.016252   -63.370613
   24.009673     5.054598     8.059067     9.006402   -30.971562   -72.416004
   24.200289     4.840459     8.075596     9.148338   -30.658016   -78.466638
   23.789362     5.417140     8.135689     8.879704   -34.223672   -72.976001
   24.125420     5.307177     8.161485     9.079473   -35.584804   -92.031675
   24.278974     5.000939     7.956236     9.039862   -35.092872   -93.320861
   23.928884     5.183296     8.097514     8.958118   -48.440318   -79.741020
   23.603270     5.168775     8.106453     8.784466   -39.738011   -79.207396
   24.117309     5.301444     7.954896     8.911310   -44.840386   -74.682696
   23.587651     4.958280     8.222964     8.928552   -42.252161   -84.761273
   24.075424     5.027004     7.974064     8.971182   -34.377675   -75.230575
   23.789132     4.710617     7.969454     8.863450   -34.325290   -90.705852
   23.827852     5.075072     8.001913     8.854476   -37.519795   -70.208759
   24.088281     5.096578     7.973902     9.022294   -36.542433   -51.610616
   23.920892     5.347610     8.018202     8.858756   -31.749094   -68.680467
   24.443702     5.190842     7.945476     9.140927   -48.199466   -63.325543
   23.601309     5.029645     7.989839     8.729089   -36.305450   -66.549757
   24.249427     5.213658     7.939857     8.992004   -39.953213   -75.643316
   24.114564     5.125701     8.024154     9.027313   -27.018483   -67.292923
   24.244696     5.389264     8.044279     9.073161   -44.542863   -64.458186
   23.991153     5.485108     8.206852     9.056253   -26.465643   -70.943835
   23.367451     4.872999     8.226449     8.843786   -31.842826   -76.341575
   24.006889     5.143870     8.141741     9.045244   -39.868991   -80.246853
   23.687382     4.826671     8.130366     8.938745   -32.019928   -75.424039
   23.992207     5.075591     8.141452     9.078551   -46.685470   -67.630867
   24.192155     4.922564     8.005993     9.080622   -27.588866   -75.467120
   23.986903     5.394934     8.074670     8.939378   -40.337764   -71.768781
   23.552962     4.878372     8.210340     8.935891   -43.677024   -72.546491
   23.866767     4.999323     8.233486     9.110351   -40.338792   -67.006785
   23.965903     4.891477     7.916397     8.913369   -34.974159   -68.641360
   23.724962     5.035349     8.078357     8.863499   -42.576925   -76.657185
   24.198332     5.069700     8.233868     9.257595   -39.452804   -69.602661
   24.018392     4.915167     8.154530     9.121856   -29.511168   -70.623972
   24.341991     4.955665     7.816755     9.035983   -30.458806   -64.102990
   24.219065     5.181790     7.957136     9.016253   -38.670934   -67.790275
   24.129733     5.060687     7.886421     8.945846   -37.819230   -64.212055
   24.033695     4.793365     7.952686     9.048447   -40.122464   -53.670395
   23.831607     5.300359     8.091779     8.899558   -28.904388   -65.861119
   24.014627     5.006883     8.176848     9.149000   -39.690607   -61.597926
   23.826742     5.242861     8.163425     8.965573   -22.018451   -71.219051
   24.054757     5.057072     7.854814     8.881489   -32.095473   -61.236708
   24.148627     5.126907     7.808520     8.866727   -36.560999   -64.760233
   24.447863     5.001267     7.860992     9.093477   -26.645821   -71.215910
   23.855312     5.120223     7.975576     8.829999   -34.621076   -71.829548
   24.141720     5.179459     7.942569     8.924096   -34.973904   -84.037033
   23.897263     5.171645     7.940197     8.807766   -37.327303   -71.982550
   23.703549     5.262910     8.149093     8.901607   -48.969113   -62.286998
   24.288162     5.277397     7.924997     8.969612   -35.923300   -81.380301
   23.943057     5.137335     8.018166     8.906059   -26.386219   -75.048306
   24.054220     5.504209     8.020475     8.897560   -46.795292   -72.116296
   23.438262     4.920237     8.122817     8.789511   -38.055143   -67.161184
   24.278456     5.171271     7.975555     9.046848   -41.277389   -77.500654
   24.319116     4.847552     8.215355     9.312033   -35.209308   -75.438762
   24.143421     5.014621     7.898118     8.950881   -30.762200   -73.915565
   24.243527     4.887714     7.921482     9.052048   -26.153360   -75.542463
   23.887891     5.160038     8.117184     8.973881   -42.878355   -71.809238
   24.486171     4.960551     7.983220     9.225996   -39.529240   -69.760137
   24.153518     5.075281     8.031097     9.076217   -36.652735   -64.780583
   23.955019     4.779651     7.973300     9.027509   -33.376182   -52.317379
   24.202741     4.930853     8.065537     9.157508   -25.429225   -63.387737
   24.016348     5.182057     7.933775     8.855269   -31.469334   -77.377058
   23.871471     4.979285     8.237401     9.142981   -45.131077   -58.324238
   24.079693     5.256372     8.024585     8.989443   -30.698890   -63.712653
   23.999244     5.316246     8.099315     8.985568   -25.697443   -70.386625
   24.003240     4.981595     7.987528     8.938260   -31.047360   -82.217626
   24.207341     4.934098     8.046803     9.123760   -33.249310   -73.631745
   24.317863     5.032209     8.066148     9.190577   -31.851242   -66.705555
   24.125949     5.091927     8.093692     9.106549   -24.170488   -64.294531
   23.932804     4.685703     7.995562     9.059154   -33.561244   -51.636929
   24.228372     4.987880     7.945131     9.054826   -25.175833   -66.901675
   24.023969     5.272290     8.048742     9.029418   -37.516525   -46.314938
   24.036898     5.061961     7.920354     8.925556   -34.625812   -62.193920
   23.968304     5.148169     8.074383     9.002530   -20.337542   -60.856031
   23.925243     5.073379     8.033207     8.990435   -25.367298   -50.883046
   23.908433     5.134227     8.108385     9.030036   -42.034244   -54.137440
   23.982524     5.226291     8.163525     9.148314   -40.310750   -39.930853
   23.866232     4.958727     7.944093     8.865907   -26.141822   -65.240497
   24.107301     4.901976     7.831757     8.944344   -40.520494   -61.306438
   24.178946     5.205722     8.106971     9.116894   -52.821488   -71.439862
   23.760896     4.964903     8.174661     9.014100   -35.820239   -64.949849
   24.235339     5.463080     8.113010     9.121441   -40.102001   -62.965382
   24.125454     5.080624     7.840012     8.892049   -43.278049   -67.016368
   23.749202     4.891559     8.241123     9.068614   -44.642328   -69.771426
   23.998949     4.900631     8.068885     9.059676   -27.140649   -65.027953
   24.264282     5.340814     7.920101     8.971088   -37.310323   -64.832796
   24.044873     5.322467     8.097433     9.051292   -28.865780   -53.838957
   24.541640     5.573906     8.176247     9.293461   -32.036770   -63.021442
   23.922733     4.852756     8.036813     9.059710   -42.714879   -47.113050
   24.117750     5.164062     8.253083     9.235420   -37.383452   -65.101366
   24.106165     5.355128     8.164836     9.128727   -43.458982   -62.205347
   24.115056     5.150538     8.029938     9.016650   -23.469998   -70.663423
   23.812652     5.054942     8.425325     9.272630   -25.823462   -59.969710
   24.231898     5.392281     8.137554     9.167195   -32.908657   -56.698818
   23.794749     5.300321     8.105952     8.881121   -33.713695   -70.918310
   23.720361     4.899105     8.198805     9.060457   -40.417831   -53.568557
   23.820485     5.047092     7.972729     8.817637   -19.904279   -73.563544
   23.919906     4.845677     8.051080     8.989608   -38.343917   -77.265397
   23.914319     4.871393     8.005104     8.978340   -32.324519   -62.188061
   24.124590     4.999160     8.082835     9.101819   -17.078336   -67.608928
   23.827600     4.945413     8.011447     8.929620   -30.111084   -57.459430
   24.030074     4.915972     7.979828     8.970220   -35.444995   -79.543099
   23.891902     5.094551     8.002606     8.917927   -33.831473   -58.430807
   23.863393     5.194287     8.359313     9.186037   -38.376612   -72.814737
   23.782332     4.939534     8.086539     8.946123   -34.405401   -67.031952
   24.022734     5.545883     8.187930     9.062879   -33.715250   -63.452845
   23.935034     5.176620     7.980836     8.887588   -43.101842   -63.735700
   23.568806     5.061764     8.196002     8.915812   -38.015505   -62.283042
   24.102095     4.988252     7.771972     8.846349   -27.513437   -65.899379
   24.166689     5.097977     8.109009     9.150874   -29.582575   -61.034406
   24.039390     5.055032     8.059737     8.985677   -14.577460   -85.263056
   24.133628     5.231035     7.828277     8.816171   -38.411711   -76.627503
   24.380309     5.056845     7.942753     9.118323   -37.145238   -69.709404
   23.903628     5.209305     8.110703     8.952049   -40.223689   -78.658920
   23.795014     5.388551     8.028996     8.786003   -40.876355   -69.449711
   23.829122     5.512891     8.070909     8.816429   -28.150971   -69.898944
   23.757441     5.280617     8.047408     8.805377   -29.309033   -69.867508
   24.212854     5.277500     7.934387     8.979848   -24.792893   -58.647292
   23.897511     5.408563     8.146272     9.000616   -35.883062   -55.372129
   23.514159     5.190744     8.128896     8.790712   -27.443825   -60.623482
   24.156596     5.431461     7.956643     8.899489   -20.846378   -69.121272
   23.967513     5.325928     8.029912     8.953308   -39.140187   -50.763644
   23.989550     5.434987     8.014443     8.865338   -20.894612   -69.059830
   23.035267     4.886562     8.263491     8.719650   -35.051050   -62.319253
   24.020848     5.106348     8.112813     9.085187   -36.913983   -59.240760
   23.879639     4.750828     7.978886     8.954253   -19.675283   -66.089568
   24.242410     5.040147     7.923765     9.002062   -23.851296   -79.851680
   23.837854     5.106326     8.011573     8.841099   -35.551018   -79.728815
   24.117169     5.395549     8.298664     9.274084   -44.145319   -55.554296
   23.945991     5.143952     8.144208     9.066261   -34.350865   -59.319489
   24.098212     5.008684     7.918355     8.954242   -35.527076   -70.198343
   23.961657     5.043912     8.051502     9.007546   -37.101069   -60.731330
   24.258669     5.236272     8.045025     9.090169   -37.287491   -74.039030
   24.400738     5.313764     7.830702     8.981635   -49.645695   -63.360677
   24.675764     5.124816     7.884235     9.201388   -35.173096   -72.824425
   23.624089     5.218948     8.100324     8.796062   -31.639223   -69.634834
   23.972498     5.050548     8.023755     9.006614   -40.567982   -54.220853
   23.840774     5.154007     7.972897     8.818843   -47.768932   -68.573498
   24.438844     4.940616     7.829136     9.092511   -43.157581   -72.795993
   24.164631     4.808138     7.884334     9.035868   -41.156765   -65.134461
   24.068797     5.014051     8.013049     9.014739   -37.006357   -70.530851
   24.058081     5.044360     7.978814     8.965818   -25.487649   -71.453957
   24.178850     5.395760     8.022937     9.003154   -42.401625   -68.721687
   23.879186     4.896389     7.968874     8.888797   -25.347154   -74.535098
   23.905396     4.957143     8.188995     9.096035   -27.335566   -67.000493
   24.138951     4.811022     8.197612     9.214334   -33.056384   -77.948357
   24.057305     5.264142     8.120825     9.058098   -32.679442   -67.968369
   24.118569     4.983393     7.966809     9.005605   -32.898596   -72.540217
   23.823366     4.892125     8.097356     9.007832   -35.839294   -60.087973
   23.772985     5.273372     7.986235     8.748828   -37.864482   -73.311354
   23.954090     5.035877     7.991465     8.964585   -51.325435   -56.156403
   24.182664     5.154918     7.942343     8.977451   -27.867331   -70.709034
   23.992359     4.953042     8.004315     8.983899   -39.721483   -69.096808
   24.316719     5.103176     7.868014     9.038306   -39.289346   -58.536605
   23.990411     5.000434     7.924109     8.899281   -35.202042   -70.246199
   23.558926     5.322986     8.200175     8.829575   -39.229201   -74.340316
   24.260648     5.191960     7.850143     8.900126   -24.844075   -83.176047
   24.129315     5.027363     7.907666     8.946550   -38.184083   -75.621489
   23.940926     4.941818     8.045320     8.965716   -37.237726   -81.324286
   23.805930     4.855123     7.912898     8.829625   -36.992416   -67.739648
   24.096859     5.043251     7.932872     8.944258   -23.702933   -72.718941
   24.375505     5.249803     7.844157     8.986653   -37.450950   -66.252389
   23.919438     5.210904     8.148124     9.061470   -36.029068   -53.092089
   23.970251     5.094917     8.103614     9.029783   -20.441718   -65.299828
   23.692436     5.056577     7.888450     8.672562   -40.101514   -70.422589
   23.473472     5.019044     8.282367     8.936401   -24.764664   -71.382893
   24.017962     5.337869     8.324751     9.214275   -18.779658   -67.490570
   23.668419     5.140188     8.485238     9.232327   -39.588098   -67.610464
   24.639878     5.283931     7.659224     8.966329   -36.711460   -63.481497
   23.867508     5.203909     8.374415     9.227018   -49.246870   -62.747764
   24.125140     5.062514     8.379843     9.368447   -29.916784   -61.144675
   23.979853     4.953315     7.984186     8.998491   -31.144680   -54.328911
   23.880786     5.110347     8.118743     8.969790   -31.074697   -76.292038
   24.052570     4.999095     8.118324     9.166871   -38.072666   -46.147176
   24.210080     5.029466     7.919975     8.996493   -20.809614   -72.839886
   23.969751     5.176546     7.933351     8.870685   -43.260502   -60.949386
   24.110972     5.455999     8.020272     8.975261   -44.105895   -57.564762
   23.585153     4.907661     8.081697     8.841500   -47.901845   -65.676032
   24.149928     5.077759     7.854311     8.907688   -41.719864   -72.000048
   24.009611     5.322951     8.087362     9.000604   -28.877649   -61.940716
   23.880150     5.019483     7.906938     8.847096   -35.299373   -57.472060
   23.885739     4.965086     7.996592     8.930629   -25.291154   -61.760429
   24.031407     5.350815     8.057907     8.951851   -21.611269   -70.191883
   24.285606     5.000901     7.922965     9.073905   -33.963885   -65.636571
   24.024238     4.595790     7.992881     9.100819   -28.253381   -60.731472
   24.110211     5.267007     8.219135     9.176753   -32.779820   -68.736918
   23.997482     5.352087     8.049749     8.929476   -35.843906   -71.224533
   24.057093     5.010789     7.817655     8.827064   -29.742350   -77.207773
   24.132911     5.038183     8.148529     9.166468   -33.541327   -65.892056
   24.266655     4.821521     8.094658     9.200264   -27.680686   -76.742368
   24.229227     4.639706     8.258323     9.346041   -39.577952   -72.058197
   23.922664     5.147246     8.237347     9.130468   -27.627812   -62.279224
   24.083407     4.878052     7.960210     8.988547   -28.864839   -80.730089
   23.964568     4.901529     7.930952     8.904890   -30.406391   -75.285509
   24.244138     4.916700     8.089904     9.191366   -29.183027   -67.165254
   24.058703     4.873023     8.048838     9.036226   -46.822927   -89.138483
   23.920459     5.071827     8.078109     8.998825   -44.038064   -62.022337
   23.761495     4.879008     7.930737     8.821429   -40.062343   -63.801078
   23.877829     4.812581     8.195587     9.066358   -23.178583   -87.359890
   24.209660     5.279527     7.862793     8.932055   -48.137306   -55.018058
   24.219242     5.014745     8.047206     9.108112   -24.084301   -73.611297
   24.261751     5.157668     8.066490     9.146406   -31.486420   -63.484737
   23.962094     4.925255     7.967059     8.926093   -28.422328   -75.214278
   23.862294     5.282245     7.857422     8.688087   -40.695351   -66.243426
   23.881358     5.145461     8.012154     8.893343   -41.333829   -63.872764
   24.028400     5.224714     7.944583     8.896598   -38.360751   -62.950674
   24.102369     5.178723     7.927364     8.955609   -42.800873   -55.964934
   23.941725     5.394715     8.143561     8.969054   -29.130110   -77.241580
   24.124302     5.026185     7.809799     8.900041   -32.157649   -58.548188
   23.897927     5.417377     8.114442     8.974976   -36.887163   -52.137765
   23.919993     5.252765     8.055627     8.945427   -37.131195   -58.905815
   23.896449     5.178035     7.958231     8.829342   -27.974714   -68.046272
   23.980422     5.311463     7.957534     8.826199   -17.920642   -71.828825
   23.864717     5.346928     8.302513     9.134921   -33.279069   -62.585588
   24.001827     5.229713     7.917309     8.861248   -38.433413   -60.057289
   23.807915     5.254736     7.992156     8.796345   -47.004404   -66.608499
   24.143770     5.561472     8.247366     9.193608   -38.088379   -60.235029
   24.200629     4.912155     8.042986     9.149337   -37.162508   -63.194737
   24.259742     5.192259     8.014428     9.087480   -44.395169   -68.396136
   24.187484     5.097636     7.951514     9.006318   -35.417057   -71.107581
   24.481783     5.177230     8.038208     9.201967   -30.496416   -75.768030
   24.464891     5.263179     8.283607     9.407734   -44.855549   -69.607576
   24.127884     4.914117     8.418449     9.384892   -41.040964   -73.220400
   24.372501     4.845229     8.057177     9.234594   -33.670981   -72.415494
   24.020633     5.449648     8.133987     9.003826   -36.385337   -73.443932
   23.863184     5.226176     8.103820     8.941105   -29.426814   -67.822195
   23.677486     5.027414     7.950026     8.726119   -37.063708   -71.875503
   24.268237     5.304891     7.876437     8.920860   -32.782200   -73.047183
   24.089841     4.786527     8.263458     9.300637   -44.289725   -57.832279
   24.225193     5.207667     8.028417     9.090049   -38.601878   -62.541859
   24.113515     5.487748     8.156142     9.077238   -31.049825   -68.441950
   24.535195     5.377013     7.776994     8.966701   -33.658627   -67.843298
   24.403803     4.870541     7.785774     9.088021   -40.207376   -60.868890
   24.443396     5.206365     7.988623     9.164810   -34.634855   -63.610180
   23.712487     5.197209     8.135465     8.920380   -37.746928   -58.059648
   24.546654     5.219577     8.000796     9.219485   -34.837230   -65.908329
   24.291649     5.367844     8.059275     9.093353   -36.862540   -73.954727
   24.162449     5.019387     8.025451     9.081944   -37.451219   -67.495260
   24.005154     5.268092     8.215145     9.114064   -35.402810   -70.984053
   24.205634     4.834666     7.953403     9.071648   -28.247148   -74.978445
   24.232949     5.345391     8.167998     9.202541   -41.000702   -60.534217
   24.003938     5.062864     7.870116     8.846237   -38.437416   -68.833859
   24.286598     5.292123     8.263567     9.285357   -27.427637   -72.857874
   24.171606     5.176213     8.027194     9.034030   -36.481411   -76.197826
   24.092489     5.086421     8.285940     9.225910   -22.645792   -76.604875
   24.134943     5.064114     8.303451     9.252585   -29.468722   -83.209772
   23.835763     5.260158     8.081966     8.915464   -54.520246   -60.514092
   24.297699     5.063705     8.094436     9.186958   -39.435512   -72.983908
   24.416604     5.102802     8.009011     9.150575   -24.894090   -78.010492
   24.397117     5.207708     7.958404     9.111688   -43.624343   -67.326719
   24.252674     5.195881     7.946145     9.003073   -41.125357   -76.258813
   24.263318     5.146358     7.994271     9.086856   -52.106613   -66.499538
   25.125713     5.470849     7.936148     9.352811   -36.455273   -81.370608
   24.187705     5.050329     7.903451     8.958811   -39.641744   -81.152393
   24.367117     5.043602     7.888237     9.041992   -33.737558   -82.787963
   24.081162     5.060426     8.102034     9.114024   -31.978040   -59.440785
   24.208261     5.261621     8.012293     9.042554   -41.352398   -67.635745
   24.085134     5.160755     8.045309     9.039511   -39.260831   -62.525510
   24.247268     4.947789     7.934901     9.088263   -50.089427   -62.882506
   23.512630     5.124611     8.050045     8.696566   -31.847006   -71.857912
   24.042969     5.425965     8.254454     9.146313   -45.285994   -73.999618
   24.084980     4.987047     8.133839     9.115125   -23.316381   -73.695895
   24.185016     5.086698     8.106356     9.088051   -19.044078   -90.131423
   24.176408     5.149822     7.913822     8.969479   -20.198201   -60.093343
   24.361263     5.307822     8.068689     9.124846   -15.972815   -75.521112
   23.619052     5.596052     8.358878     8.978610   -35.386030   -80.252490
   24.059996     5.442592     8.241713     9.149533   -30.069255   -65.982385
   24.508440     5.080753     7.851181     9.161003   -45.417136   -49.402757
   23.842586     5.267259     8.289326     9.085516   -46.075243   -78.938981
   23.817201     5.427145     8.085943     8.865820   -43.645361   -63.128087
   24.191628     5.155746     7.793943     8.846171   -33.014057   -74.260227
   24.333152     5.447064     8.142151     9.182103   -34.638623   -71.054545
   24.000374     5.304267     8.218722     9.088082   -23.154280   -77.736211
   24.187291     5.297462     8.009615     8.987887   -39.103393   -82.114255
   23.843045     4.881491     8.053691     8.903512   -31.415398  -101.930718
   23.950085     5.333235     8.079187     8.930193   -44.215095   -74.799942
   24.081020     5.066713     7.981060     8.938430   -22.705136   -88.324512
   23.697294     5.295168     8.183300     8.864790   -31.733339   -95.206915
   24.089165     5.270828     8.339803     9.233164   -14.803741   -82.775940
   24.081381     4.870620     7.998674     9.043360   -25.785494   -69.019805
   24.343844     4.959324     7.849906     8.991453   -21.880410   -95.064674
   23.898474     5.012850     7.901844     8.795561   -26.067949   -81.321028
   23.898232     4.743188     8.315908     9.207133   -33.408099   -77.182733
   24.158848     5.067883     8.126340     9.096300   -29.789330   -94.187191
   23.721875     5.446356     8.316163     9.025729   -46.270533   -75.795964
   24.729611     5.275144     7.939721     9.170935   -29.009538  -101.964081
   23.889547     5.136651     7.999428     8.846209   -41.100105   -83.998148
   24.102784     4.915578     8.165324     9.182567   -51.383389   -67.551908
   23.650369     4.538715     8.069407     8.931775   -27.884138   -77.172790
   23.633965     4.914089     8.075933     8.854062   -31.790844   -69.027475
   23.911615     4.942465     8.014474     8.910713   -32.464709   -88.063556
   23.795183     4.963612     7.981053     8.811016   -37.004324   -89.707570
   24.120858     4.846075     8.009758     9.079380   -51.550070   -71.533983
   23.883133     4.901965     7.880738     8.816245   -43.571968   -76.980258
   23.757864     5.272024     8.322115     9.072987   -11.971140   -73.993478
   24.051741     5.190758     8.037005     8.981471   -38.972368   -72.653001
   23.937356     5.053058     7.921595     8.832895   -41.168525   -79.741722
   23.965612     4.933353     7.987353     8.921905   -21.224082   -83.508875
   23.872290     4.732962     8.208125     9.103974   -33.097153   -80.824239
   23.936388     5.105398     8.228287     9.081457   -26.919432   -85.244593
   23.996045     5.153590     8.068047     9.013307   -40.671214   -62.308733
   24.070303     5.077105     8.054984     9.040233   -25.390252   -67.405228
   24.238925     4.927851     7.950916     9.097092   -38.868439   -63.348889
   24.164453     5.193531     8.344285     9.310844   -39.134347   -76.314309
   24.024294     4.764442     8.017148     9.075543   -37.792115   -61.925585
   24.245720     4.991295     8.435984     9.435272   -33.239594   -76.780647
   24.090392     5.121579     7.968149     8.984038   -42.190478   -62.105393
   24.279604     4.982994     8.006513     9.075423   -11.783066   -86.353227
   23.982034     5.180663     8.159753     9.012115   -19.565956   -92.916294
   24.122553     5.311983     8.011063     8.931804   -24.814406   -87.707688
   24.253940     5.300781     8.115743     9.156909   -30.414233   -64.005368
   24.575287     5.214410     7.897376     9.142369   -27.788163   -65.338874
   24.104092     5.161589     8.315437     9.243680   -32.386713   -82.369051
   24.115393     5.425693     8.236577     9.210453   -47.469984   -55.180023
   24.185539     5.108780     8.105942     9.136516   -41.389466   -71.121071
   23.709412     5.276523     8.463008     9.252446   -43.716604   -54.148419
   24.394128     5.057740     8.104926     9.258808   -41.331907   -66.724411
   24.127864     4.983661     8.007331     9.083675   -44.493428   -57.802471
   24.100171     5.399336     7.963747     8.904493   -41.326673   -65.661798
   24.217252     5.011760     7.901482     8.986642   -34.109472   -79.082023
   24.234318     5.137010     8.123783     9.208921   -40.390173   -56.101453
   24.394726     5.244130     8.034257     9.164004   -30.270566   -64.866247
   24.034934     5.174793     8.333861     9.236039   -36.578430   -78.401865
   23.884153     5.458846     8.371259     9.189408   -40.934227   -67.485300
   24.087055     5.234273     8.360762     9.250695   -22.534344   -89.092979
   23.979052     5.395398     8.470924     9.311859   -39.924511   -82.722387
   24.208580     5.065347     8.256397     9.263971   -30.282111   -75.416195
   24.128319     5.287092     8.364795     9.318464   -32.920439   -68.279959
   24.507475     5.133883     7.778390     9.037196   -39.532620   -68.799433
   24.122198     5.083891     8.392790     9.358887   -37.281438   -68.574595
   24.334488     5.055877     8.429661     9.466603   -34.516929   -75.975587
   24.154119     5.424787     8.362128     9.316271   -37.774782   -67.758164
   24.301513     5.512916     7.984206     8.992232   -32.393630   -70.405996
   24.355173     5.063665     8.169954     9.261215   -43.974513   -79.265861
   23.560958     5.092657     8.412603     9.109553   -44.798333   -67.824959
   24.157715     5.171546     8.156226     9.142597   -53.400255   -77.208774
   24.288084     5.354287     8.104775     9.143464   -27.382477   -67.161749
   23.871770     5.483873     8.288835     9.093007   -43.036472   -67.427439
   24.240393     5.191434     8.315229     9.358739   -48.575797   -61.445746
   24.358329     4.956294     8.303593     9.392979   -30.463042   -70.861227
   23.971729     5.085223     8.333643     9.247748   -38.506554   -64.340626
   24.215650     5.251561     8.280522     9.299458   -33.484462   -62.990551
   24.078637     5.330820     8.262035     9.165944   -34.743690   -82.000892
   24.022597     5.198331     8.062006     8.987390   -33.598842   -71.855383
   23.909652     5.025938     8.284093     9.141701   -45.796644   -81.582600
   24.063177     4.903233     8.069794     9.058222   -50.892739   -83.036068
   24.039118     5.048622     8.220458     9.100451   -22.216596  -105.743005
   24.455191     5.358044     7.945969     9.044688   -30.901661   -86.854688
   24.208394     5.013382     8.173677     9.186953   -42.605763   -85.388221
   24.265987     4.936880     8.318679     9.320078   -35.470807   -94.006314
   24.002799     4.996600     8.267275     9.131816   -25.846698  -107.077634
   23.863926     5.128842     8.398700     9.258110   -29.970253   -61.838240
   24.556908     4.893742     8.086021     9.379678   -41.686534   -56.494851
   23.967935     5.156109     8.329039     9.205593   -28.493655   -74.761584
   23.985717     4.865034     8.018820     9.016376   -37.293014   -67.765037
   23.983499     4.891216     8.001650     9.004832   -45.765738   -64.191927
   24.212477     5.240120     8.188970     9.198411   -38.639938   -73.218574
   23.910747     4.874414     8.090004     9.081924   -36.205408   -50.352658
   24.367296     4.940884     8.074516     9.259619   -31.815810   -58.570504
   23.929905     4.949674     8.005297     8.951945   -30.950346   -67.951455
   24.148242     5.012420     8.016317     9.109153   -42.338189   -52.826280
   24.207910     5.369093     7.906356     8.911666   -46.942592   -68.939247
   24.426397     5.112697     8.072034     9.246897   -36.400857   -62.687435
   24.069755     5.136743     8.138025     9.080769   -20.491692   -74.672373
   23.867105     5.148506     8.056650     8.926282   -37.507795   -63.959544
   24.108255     5.281774     8.312217     9.282646   -45.399577   -61.682109
   24.581644     5.583820     8.014434     9.151826   -30.494454   -65.411217
   24.489300     5.101035     8.227419     9.382901   -31.622631   -68.441508
   24.164684     5.202837     8.011287     9.049256   -34.511449   -59.319648
   23.980436     5.048379     8.279517     9.206371   -36.534775   -64.701740
   24.124701     4.997103     8.098049     9.114038   -38.142809   -72.119492
   24.522418     5.247763     8.080499     9.274583   -59.101415   -68.400645
   23.917457     4.919644     8.156696     9.030000   -26.884365   -91.287364
   25.024284     5.264655     7.943113     9.372199   -25.314909   -67.698836
   23.701531     5.339558     8.335414     9.010198   -31.182866  -101.467633
   24.229343     5.260799     8.082918     9.055650   -24.086512   -94.441569
   24.383329     5.393983     7.817367     8.920898   -43.845315   -67.984082
   24.184373     5.400578     7.912702     8.867446   -26.113234   -77.016881
   23.866955     5.438746     7.974730     8.750483   -35.867862   -72.921248
   24.262967     5.261488     8.038261     9.056167   -24.824632   -81.575326
   23.913862     5.076697     8.154038     9.021843   -25.026626   -77.416050
   24.239558     5.261927     8.134936     9.195791   -49.158636   -59.111545
   24.187939     5.145801     7.855408     8.917464   -28.979610   -66.148048
   24.411870     5.159790     8.135716     9.250539   -35.395916   -77.389174
   23.929917     5.458448     8.218805     8.990600   -22.687599   -96.841588
   24.066567     5.200867     8.029610     8.926350   -15.115448   -93.831820
   24.157810     5.214993     7.938526     8.957419   -59.063482   -67.755676
   24.403232     4.908278     7.894866     9.067728   -30.470124  -101.506558
   24.012288     5.319097     8.104168     8.954797   -41.125811   -98.631612
   24.035388     5.371868     8.309388     9.173135   -52.259528   -92.426175
   24.022711     5.213756     7.963436     8.832273   -28.387671  -108.138562
   23.873563     5.307232     8.481025     9.266809   -45.928448   -91.572523
   23.910662     5.026137     8.271530     9.150287   -47.826490   -71.993150
   24.026066     5.189227     8.117787     9.040395   -42.922484   -73.465259
   24.171550     5.535530     8.262654     9.195146   -45.724578   -78.360202
   24.131768     5.126486     8.117279     9.105001   -44.562416   -75.251264
   23.964674     5.178871     8.221649     9.090190   -35.423775   -80.732631
   23.886974     5.305211     8.111191     8.954599   -34.912512   -64.635734
   24.531399     4.870024     8.163290     9.309429   -22.206414  -105.057377
   24.228908     5.113901     8.268979     9.230848   -21.966904   -98.176347
   24.381656     4.936689     8.168752     9.260235   -44.380627   -96.834939
   24.108322     5.153701     7.919662     8.909061   -56.807723   -77.108565
   23.980275     5.064863     8.024537     8.964697   -50.038506   -70.342538
   23.826734     4.901059     8.025573     8.889001   -40.464392   -86.512478
   24.206262     5.188413     8.395285     9.370154   -42.445988   -79.425529
   24.029719     5.001443     8.116225     9.058442   -51.101753   -83.101887
   24.306588     5.156522     8.371041     9.425366   -56.623144   -68.191997
   24.166148     5.140306     8.006119     9.025689   -56.288796   -74.368155
   24.388709     5.066306     7.784255     8.974142   -48.390892   -81.738379
   24.218175     5.284151     8.234597     9.231701   -36.110637   -74.876345
   24.348446     5.089709     8.096222     9.211684   -53.288273   -72.936259
   24.327829     5.079839     7.895534     8.984257   -42.964721  -108.081500
   24.223863     4.921815     8.338132     9.311968   -33.139201   -97.789796
   23.875044     5.249978     7.986041     8.802633   -44.458048   -80.856691
   24.103831     5.116467     7.939461     8.908964   -51.832178   -92.967220
   24.044997     4.811696     8.202564     9.166762   -35.455599   -81.601076
   24.151501     4.636517     8.087074     9.170382   -37.365008   -82.878647
   24.392205     5.171149     8.054754     9.172878   -32.668325   -76.357367
   23.854856     4.816779     8.233639     9.068706   -25.550055   -99.709047
   24.432477     5.062610     7.836238     9.035857   -41.627735   -82.752961
   24.210067     5.124170     8.020753     9.049633   -30.131518   -79.916310
   23.964412     5.019663     8.240897     9.111921   -34.636479   -91.541373
   24.390527     4.850905     8.120650     9.246288   -40.472355   -94.067054
   24.041946     5.073985     7.942570     8.879970   -41.273739   -96.855534
   23.768952     5.186272     8.184640     8.925051   -43.644746  -104.013674
   23.860092     5.104103     8.215697     9.027861   -54.022423   -94.315935
   24.095758     5.207520     8.004402     8.936766   -52.904719   -95.843764
   23.992189     5.370934     8.235259     9.063843   -46.764357  -102.196984
   23.465605     5.132203     8.359814     8.922511   -17.679984  -117.599778
   23.912015     4.909645     8.225390     9.057174   -19.048175  -112.070885
   23.984235     5.151912     7.996139     8.899434   -35.777197   -79.584375
   23.765282     4.823009     8.248964     9.039568   -36.444731  -104.328364
   24.046379     5.313654     8.319225     9.191625   -53.684937   -95.060597
   23.969103     5.048555     7.886442     8.804431   -43.097151   -91.768740
   23.927194     5.217758     8.137814     8.966750   -37.542060   -92.733199
   24.086882     4.659703     8.070431     9.114430   -53.427039   -91.816580
   24.244857     5.312064     8.216816     9.223940   -47.150898   -77.938014
   23.695402     4.817122     7.995677     8.811502   -56.466750   -91.701693
   24.283923     4.826510     8.048833     9.181095   -35.380779   -76.314153
   23.540672     5.363097     8.229988     8.843211   -52.792147   -76.320472
   23.749432     4.814567     8.146091     8.964863   -28.093318   -86.606276
   24.368090     5.307936     7.989431     9.021741   -29.745484  -104.001697
   23.973239     5.484414     8.164926     8.983764   -44.745433   -85.206027
   24.334286     5.314272     7.949570     8.977633   -27.060554   -94.690165
   23.909807     5.062423     7.996063     8.849660   -28.817080   -97.159150
   23.716025     5.259908     8.102129     8.839574   -39.140326   -71.475467
   23.923680     5.405694     8.257313     9.125447   -51.479948   -58.023645
   23.981937     5.197342     8.204263     9.091626   -38.821618   -75.249950
   23.770495     5.127307     8.006276     8.804216   -41.659889   -73.888995
   24.303882     5.522047     8.039116     9.040675   -46.836408   -78.331282
   24.432706     5.186820     8.097733     9.242135   -38.914663   -70.839252
   24.250667     5.324693     7.957268     8.961007   -46.686165   -86.733349
   24.094906     4.965350     7.883312     8.932140   -35.320844   -71.824456
   23.972448     5.451676     7.937382     8.751986   -24.167565   -78.679034
   23.849050     4.870432     8.009647     8.926041   -32.798334   -69.914809
   23.597281     5.470206     8.314862     8.925841   -34.266028   -87.677659
   23.829232     5.005954     8.088511     8.919239   -34.783340   -86.219192
   23.846286     5.187061     8.130130     8.989602   -36.610464   -59.454142
   24.172130     4.897401     8.008911     9.071369   -30.553367   -79.428454
   24.085655     5.531496     8.120183     8.981221   -28.512476   -84.508194
   23.669293     5.075395     8.165596     8.911979   -35.773337   -73.412510
   23.991520     5.095230     8.064869     9.026749   -33.889861   -59.708767
   24.020743     4.787723     7.955456     9.014893   -42.991446   -64.794176
   23.762422     5.476313     8.215835     8.956335   -42.026972   -65.925150
   24.040781     5.084061     7.945682     8.920775   -30.943616   -70.960227
   23.926330     5.126811     7.879007     8.800407   -40.568039   -64.013882
   23.762069     5.199359     8.089084     8.885401   -38.295153   -63.963517
   23.684102     5.218190     8.183057     8.944062   -35.056002   -59.464207
   24.082405     5.401570     8.175513     9.095167   -34.468320   -70.501503
   23.716418     5.332094     8.054376     8.777999   -34.523674   -69.361424
   24.137195     4.919110     8.006098     9.079699   -34.050084   -65.494891
   24.323151     5.250949     7.796444     8.888461   -39.521476   -78.469065
   23.703037     5.208948     8.123582     8.870138   -25.144300   -68.629138
   24.196759     5.042771     7.982082     9.083499   -44.093984   -58.915724
   23.882597     4.897384     7.910675     8.875568   -34.451308   -61.787307
   23.391619     4.855451     8.036921     8.722860   -27.828947   -55.982141
   24.113699     5.040723     7.987837     9.023072   -24.444985   -63.682113
   24.054662     5.006875     7.975757     8.994930   -33.156630   -63.169057
   24.002554     4.820545     7.866992     8.898756   -27.406754   -74.709867
   23.743956     5.017197     8.033913     8.828316   -20.713631   -78.142157
   24.075506     5.132929     7.923318     8.884055   -32.769007   -82.385860
   23.864230     5.233958     7.931008     8.737554   -31.539201   -83.673652
   24.052915     4.993997     7.895442     8.889551   -25.452268   -78.861099
   24.389556     5.129042     8.051637     9.140306   -50.951220  -101.430690
   24.026873     5.139167     8.131166     9.008853   -40.672935  -113.969870
   23.984653     5.279916     8.027175     8.870128   -45.462985  -104.832310
   24.102099     5.164342     8.189882     9.135095   -59.889272   -82.549872
   23.816977     4.996419     8.197256     8.996718   -35.095434   -98.151777
   24.228524     4.895640     8.166779     9.235394   -19.789834   -69.181986
   23.898191     4.979583     7.934604     8.823375   -42.227353   -92.788775
   23.806053     5.225146     8.183181     8.954468   -51.622192   -87.897033
   24.249049     5.166742     8.087824     9.084675   -36.578177  -102.064095
   23.624153     5.331428     8.332218     9.011083   -56.141311   -73.216976
   24.405192     5.480361     8.163226     9.213821   -51.795747   -85.218283
   23.888156     5.212427     8.210099     9.017340   -47.373895   -95.093239
   24.292277     5.126551     7.981403     9.043799   -58.860548   -95.263571
   23.998745     4.924667     8.128565     9.068577   -54.732440   -82.550004
   24.465067     5.071211     7.992097     9.122285   -26.180074  -104.179004
   24.740936     4.936579     7.984984     9.294687   -41.304502  -104.164579
   24.191429     5.127384     7.942517     8.988198   -36.628811   -73.445837
   24.170621     4.969743     7.848196     8.981109   -48.203573   -58.914052
   24.031475     5.187724     7.987072     8.928495   -33.691155   -70.325066
   24.251090     5.227308     8.271387     9.302359   -46.975674   -69.838346
   23.830845     5.127003     7.823150     8.666576   -35.009838   -73.685306
   23.970946     5.169278     8.018728     8.912577   -35.127914   -77.475805
   23.934213     5.167360     8.009439     8.901079   -41.619599   -69.899797
   23.805719     5.040551     8.041360     8.883004   -33.049831   -71.550619
   23.969542     5.174756     8.104487     8.980323   -50.432713   -85.052059
   24.516834     5.526692     8.193805     9.258412   -39.508030   -96.160821
   24.345883     5.131213     8.040410     9.119055   -31.526483   -88.721945
   23.873345     4.924272     8.224365     9.080864   -37.707292   -83.772707
   24.400336     4.982151     8.110352     9.207328   -31.210588   -99.269274
   24.473591     4.910563     8.304853     9.440252   -40.720573   -77.051751
