   25.118099     5.622511     7.997393     9.363980   -38.871883   -74.040662
   25.288841     4.956902     7.997160     9.568878   -47.467402  -107.316395
   25.351138     5.029430     7.872866     9.464007   -34.389565  -121.783002
   25.289070     5.039653     7.976173     9.520264   -45.042979  -121.331304
   25.451875     5.188681     7.888086     9.493748   -40.892768  -123.588072
   25.727660     5.210470     7.893082     9.655827   -50.789667  -112.679381
   25.398414     5.062659     7.898934     9.551866   -58.370206  -119.686870
   25.546024     5.081639     7.759600     9.510287   -45.802563  -107.815490
   25.429443     5.131089     7.890168     9.518828   -47.476395  -116.006930
   25.498648     5.287402     7.697049     9.423758   -57.046331  -106.378681
   25.374460     5.149860     7.719211     9.454005   -67.682472   -85.273696
   25.015436     5.231633     8.027796     9.409657   -56.567221  -108.155607
   25.305786     5.218520     8.067537     9.543150   -41.114794  -113.116175
   24.924003     5.426735     8.222891     9.471722   -48.616841  -103.694355
   25.192889     5.277499     8.001533     9.414455   -31.454624  -115.515102
   25.241365     5.452012     7.981014     9.424120   -48.152111  -103.089946
   25.663835     5.149858     8.000078     9.652338   -30.503658  -120.536717
   25.339595     5.388593     7.777162     9.321303   -40.527257  -112.930662
   25.488329     5.225801     8.073534     9.600115   -32.192877  -123.948361
   25.208894     5.084595     7.818141     9.377501   -47.801913  -115.417003
   25.160409     5.120599     8.180762     9.601692   -50.988948  -104.196142
   25.137961     5.294163     7.741018     9.311150   -69.505424   -81.632661
   25.333866     5.379182     8.214698     9.645168   -51.772815  -107.023619
   25.096097     5.357595     7.885934     9.281831   -39.712978  -116.485988
   25.273923     5.372246     7.960604     9.388967   -22.747944  -110.759348
   25.118234     5.492893     7.810557     9.203967   -37.731614  -108.874295
   24.747733     5.113305     8.036960     9.285744   -36.165008  -108.906496
   25.174049     5.149825     7.779465     9.285627   -32.235356  -117.253916
   25.109921     5.193839     8.052562     9.467420   -44.497095  -103.048812
   25.272654     5.161388     7.922606     9.451693   -39.868635  -106.360798
   25.141216     5.293356     7.952447     9.389115   -40.813061  -101.044359
   25.436986     5.188956     7.933015     9.537122   -45.158210  -107.767805
   25.317461     5.071704     7.863452     9.432702   -31.761839  -113.769377
   25.525198     4.985766     7.613177     9.433988   -41.596881   -98.912121
   25.517203     5.263135     7.835525     9.503315   -49.774810  -110.659274
   25.272042     5.153906     7.926103     9.453263   -38.932901  -106.845181
   25.109246     5.069246     7.841059     9.299443   -28.148043  -134.465434
   25.130214     5.320091     7.710120     9.164801   -32.169894  -119.609607
   25.048307     5.103812     8.078674     9.437474   -21.473494  -108.272271
   25.627969     5.395281     7.778181     9.480629   -46.496468  -107.636797
   25.403891     5.027742     7.758130     9.430736   -38.740882  -116.536201
   25.530543     5.213188     7.937012     9.522331   -24.488928  -119.027569
   25.088822     5.327561     8.033228     9.401756   -38.677739  -107.107767
   25.220743     5.233244     7.941261     9.393041   -30.363010  -116.631465
   25.403002     5.188030     8.030026     9.523097   -21.229934  -122.051696
   25.444991     5.079591     7.599861     9.351485   -36.788515   -97.539148
   25.493866     5.093278     7.672015     9.402626   -33.623756  -104.714817
   25.609780     5.330316     7.818705     9.453471   -26.444105  -119.664307
   25.269815     5.119993     7.819747     9.416592   -47.778615   -98.944398
   25.565243     5.261224     7.660611     9.424101   -46.422730   -98.594804
   25.318428     5.222337     8.097594     9.548773   -35.239820  -122.957321
   25.516632     5.140418     7.543701     9.326413   -37.861702  -107.877843
   25.151064     5.278610     7.792403     9.327867   -48.640278   -83.633720
   25.064564     5.166258     8.147537     9.587979   -54.848815   -71.187767
   24.978227     5.443941     8.140087     9.529852   -56.458096   -50.240788
   25.287783     5.355239     7.883919     9.445930   -38.189360   -68.615428
   25.353003     5.132868     8.113849     9.622299   -31.738759   -98.225743
   25.599598     5.248648     7.951444     9.643655   -38.303875   -78.953745
   24.975721     5.027571     8.090554     9.444537   -33.454854  -107.505866
   25.023920     5.295551     7.965454     9.391563   -46.125772   -80.091336
   25.366331     5.243071     7.755165     9.373542   -30.130936   -91.317771
   25.155206     5.193272     7.954484     9.402780   -43.403935  -119.262675
   25.630820     5.296629     7.856924     9.516314   -31.450953  -112.913894
   25.284264     5.164443     7.890586     9.437375   -47.532629  -120.846493
   25.144351     5.076195     7.730029     9.252839   -30.227828  -119.655488
   25.329910     5.266154     7.895212     9.447590   -50.600207  -114.560766
   25.273009     5.314081     8.070801     9.539069   -51.786882  -102.748197
   25.097211     5.324365     8.027271     9.422374   -52.051355  -106.912648
   25.150251     5.211747     7.996540     9.439559   -43.373121  -104.916024
   25.162282     5.179242     7.819019     9.296949   -30.236707  -115.522921
   25.437082     4.939392     7.994359     9.642914   -42.901014  -101.636828
   25.324788     5.257086     7.781618     9.329930   -31.608176  -117.002689
   25.289663     5.132443     7.842781     9.434235   -49.890993  -105.154816
   25.005770     5.072764     7.966384     9.391176   -47.335829  -100.893526
   25.091943     4.912556     8.042861     9.485656   -32.361879  -111.552181
   25.076406     5.091282     8.009971     9.466232   -54.768497   -96.798873
   24.671097     5.106539     8.307576     9.492972   -47.083112   -89.711044
   24.769739     4.954309     7.922281     9.298645   -47.231204   -85.555181
   25.101325     5.043394     8.203676     9.607365   -47.143504   -98.393308
   25.039691     5.141421     8.106801     9.481434   -43.311579  -103.283985
   25.168776     5.105641     8.027907     9.498484   -36.178146   -95.710050
   25.585845     5.555174     7.886078     9.459936   -40.988733  -113.797932
   24.985458     5.246102     8.033071     9.377073   -39.659486  -104.864736
   25.122393     5.122484     7.816691     9.371369   -49.509714   -82.790481
   24.943199     5.062662     8.135284     9.467117   -43.331644  -106.862668
   25.222916     5.049207     7.813516     9.410580   -48.972677   -97.443399
   25.121911     5.309419     7.924717     9.385488   -49.308908   -91.282484
   24.926584     4.997287     7.950270     9.401954   -51.151113   -78.295330
   25.133827     5.091217     8.165115     9.599017   -39.574944   -86.387259
   24.924327     5.157043     7.853953     9.217977   -32.498983  -113.758865
   25.151083     5.502766     8.019224     9.349981   -25.545122  -109.979636
   25.014441     4.677591     7.849133     9.438725   -50.466955   -92.964971
   25.333902     5.214103     7.674169     9.297351   -38.873031  -110.486704
   25.450537     5.058590     7.429507     9.309657   -54.236500   -82.509962
   25.122690     5.138428     7.616736     9.160017   -31.966905  -109.950487
   25.479515     5.158046     7.765063     9.492242   -51.572404   -92.623181
   25.283136     5.373433     7.790128     9.284950   -34.340107  -121.304202
   25.088570     5.043364     7.873953     9.312690   -20.458125  -120.300029
   25.227992     4.777770     8.048250     9.613242   -34.617332   -95.266215
   24.886871     4.832797     7.844372     9.350608   -54.842209   -83.052631
   25.175892     5.150365     8.045261     9.471459   -25.356151  -105.654660
   24.714305     5.294008     8.044441     9.265036   -50.435807  -101.203394
   25.048187     4.929348     7.792215     9.314001   -32.282309  -100.748575
   25.488598     5.407754     7.734459     9.385166   -46.589078  -104.577898
   25.022770     5.067586     7.958887     9.362614   -37.564619  -119.023958
   25.188627     5.342524     7.781163     9.292007   -47.015516   -99.050904
   25.158180     5.119931     7.728471     9.307772   -52.399641   -99.704821
   24.821738     4.973312     7.921009     9.273358   -39.837425  -111.503649
   24.643299     4.758549     8.015449     9.367003   -42.915184   -71.512543
   25.009831     5.406155     8.069304     9.459601   -58.374627   -73.019525
   25.141427     5.130563     7.799306     9.376392   -42.538249   -73.674437
   25.040581     5.294835     7.832841     9.346639   -63.698216   -64.946815
   25.377254     5.461828     7.674738     9.315060   -55.390361   -86.039484
   25.108186     5.198762     7.947343     9.434267   -57.490870   -87.945423
   25.107556     5.182852     7.920037     9.413002   -40.770661   -82.460263
   25.065078     5.183623     7.589599     9.159644   -51.284370   -87.797034
   25.182513     5.004198     8.030574     9.580754   -46.668399   -75.284958
   25.180122     5.077696     7.872675     9.497811   -48.959745   -56.738879
   25.126647     5.218793     8.100833     9.489281   -47.345200  -126.060613
   25.654616     5.472690     7.877565     9.490071   -33.658473  -115.734843
   25.165066     5.274173     7.962113     9.365131   -30.241966  -123.348806
   24.895381     5.328318     8.104659     9.351163   -31.459725  -113.332348
   25.288021     5.293242     8.101684     9.523591   -29.656147  -111.177758
   25.231577     5.254462     7.941678     9.422182   -40.288580  -107.380062
   25.466992     5.104253     7.850178     9.451095   -21.832557  -132.022577
   24.993415     5.084204     8.021549     9.363862   -27.502146  -131.411308
   25.233053     5.319731     8.034734     9.481068   -49.433516  -112.415989
   25.342447     5.229536     7.780809     9.352366   -26.777826  -105.020588
   25.225643     5.317747     7.775597     9.257756   -27.368615  -112.368477
   25.519792     5.544202     7.776585     9.346619   -32.016220  -106.269020
   25.550638     5.197592     7.663654     9.422018   -42.409850  -101.399639
   25.329409     5.201242     8.252119     9.665566   -27.378141  -108.612639
   24.895365     5.048781     7.908130     9.268312   -32.442610  -114.625255
   25.597432     5.200334     7.682212     9.487997   -53.174876   -96.411164
   25.600802     5.170210     7.757888     9.476127   -33.188041  -115.594388
   25.540130     5.056483     7.861501     9.540144   -32.715660  -117.141998
   25.535962     5.394906     7.741107     9.402761   -40.957933  -105.028650
   25.327469     5.228862     7.960069     9.476232   -40.307576  -114.840721
   25.284971     5.156367     7.847560     9.397644   -38.453471  -114.138293
   24.966786     5.134387     8.165625     9.569912   -64.170952   -70.753901
   25.346407     5.344168     7.998952     9.493250   -38.906079  -103.728171
   25.602265     5.445359     8.079862     9.585921   -24.031054  -114.053117
   25.038890     5.258209     7.861382     9.277848   -46.136058  -111.068947
   25.382560     5.037838     7.692496     9.362583   -31.532462  -114.090669
   25.297365     5.328952     7.781489     9.362273   -55.755313  -103.456080
   24.981384     5.098992     8.004939     9.368988   -38.377156  -118.606374
   25.283890     5.139446     8.009900     9.532256   -44.510203  -102.487688
   25.072148     5.048185     8.194893     9.585716   -52.608920  -105.724267
   25.264254     5.135050     7.858617     9.387475   -36.512048  -126.871055
   25.106610     5.200578     7.879088     9.355455   -50.005716  -101.533655
   25.250401     5.104939     7.873647     9.406716   -31.261418  -107.559274
   25.189760     5.077939     8.142865     9.550009   -23.600360  -110.280486
   25.161857     5.101592     7.923583     9.413772   -45.088284  -114.631022
   25.090825     5.430830     7.745488     9.216928   -54.607012   -88.180939
   25.582722     5.216933     7.844180     9.510676   -37.030250  -126.133274
   24.835100     5.267449     7.991917     9.271337   -32.374813  -100.588741
   24.881577     5.362616     8.116732     9.325537   -26.948307  -128.862222
   25.172607     5.212625     7.929565     9.350426   -26.155602  -127.178298
   24.779921     5.213882     8.171054     9.382891   -43.748685  -119.806650
   25.505173     5.378668     8.050690     9.588839   -45.294988  -114.369669
   25.190372     5.360019     7.828113     9.309328   -48.000178  -109.262687
   25.351113     5.295366     8.040234     9.514804   -38.189096  -120.412885
   25.323495     5.275546     7.835621     9.361958   -34.850936  -123.074541
   25.265296     5.376120     7.985028     9.440891   -46.748703  -115.237315
   25.290776     5.364675     7.887688     9.373579   -41.248172  -120.788323
   25.248514     5.117673     8.094048     9.581516   -53.916855  -113.789494
   24.976514     5.054229     8.030873     9.416493   -49.005787  -110.876054
   25.330099     5.137644     7.767723     9.354567   -31.819891  -118.639793
   25.722050     5.102596     7.651867     9.449088   -18.957962  -122.613481
   25.490263     5.197090     8.112559     9.683038   -43.860190   -98.910277
   25.498604     5.347020     8.086861     9.611620   -32.282100   -98.416495
   25.303712     4.778335     7.966337     9.670584   -57.445833   -72.522815
   25.560388     5.102610     7.746587     9.586112   -64.409589   -74.166100
   25.082150     5.018077     8.044431     9.500585   -40.655454   -90.750363
   25.330615     5.050487     8.141337     9.703071   -54.006581   -84.764825
   25.615994     4.979380     7.978039     9.767585   -55.999310   -79.066257
   25.199896     5.179052     8.160316     9.595585   -38.585101   -91.986098
   25.222167     5.041963     8.055064     9.580233   -48.821213   -90.365882
   25.347710     5.215155     7.933679     9.497713   -47.864915  -104.677410
   25.457563     4.951661     7.948622     9.673769   -53.687367   -79.430102
   24.840169     5.052131     7.821293     9.294931   -55.705160   -63.480453
   25.317603     5.286504     8.144936     9.633972   -56.906906   -94.562958
   25.129547     5.162755     8.189078     9.553082   -36.299660  -112.997666
   25.154641     5.002093     8.056615     9.540472   -49.607686  -102.284586
   25.253811     5.011591     7.715894     9.328770   -32.670918  -110.028198
   24.894388     5.051420     8.300923     9.600551   -60.124426   -94.688198
   25.433499     4.999090     7.919770     9.673044   -65.448930   -66.330508
   25.452035     5.577654     8.071373     9.562422   -48.949893   -88.879793
   25.174345     4.980217     7.948526     9.495463   -45.628603   -91.193234
   25.075395     4.972224     8.201923     9.557147   -24.368900  -113.996162
   25.131703     5.152519     8.092034     9.551641   -62.697004   -93.685445
   24.949430     4.814244     8.019871     9.514344   -64.656610   -77.257416
   25.289567     4.900619     8.106781     9.683535   -51.173627   -89.418047
   24.600658     5.146362     8.140458     9.305012   -43.781476  -102.062606
   25.080487     5.026137     7.992270     9.451596   -46.062171  -102.225877
   25.367640     5.120330     8.079478     9.687940   -64.563935   -79.769444
   24.957096     5.245358     7.759902     9.237205   -64.088371   -77.444949
   25.286429     5.476452     7.977485     9.506246   -57.831514   -67.632827
   25.346543     5.009761     7.741644     9.489087   -60.617835   -75.353941
   25.180769     5.145938     8.164023     9.621837   -50.837674   -86.048964
   25.513638     4.973624     7.860650     9.576741   -44.256791  -114.606285
   25.009984     5.249498     8.202597     9.547752   -58.774410   -95.347286
   24.927055     4.971339     8.036370     9.397657   -40.618983  -117.182743
   25.141709     5.093136     7.916809     9.393351   -21.837853   -96.447560
   25.243348     4.949600     7.994921     9.520424   -28.519395  -105.168981
   25.342035     5.230037     7.728466     9.327813   -24.684773   -95.389100
   25.013791     4.881263     7.956154     9.432832   -41.494988   -96.021102
   25.120550     5.152558     8.114267     9.526779   -33.833958   -93.336477
   24.771015     5.018543     7.881742     9.200586   -17.651386   -99.453655
   25.349826     4.967069     7.843577     9.477976   -23.662739   -94.706827
   25.068682     4.793952     7.918251     9.481757   -47.008638   -85.817122
   25.112019     5.041267     7.992169     9.420303   -22.307566  -109.496547
   25.169333     5.006662     7.719858     9.311925   -41.180792  -105.709473
   25.191154     5.285553     8.038001     9.498465   -48.618203   -92.095395
   25.406009     4.957116     8.004967     9.602958   -35.875347  -113.747736
   24.896363     5.271677     7.925942     9.238636   -32.447676  -106.442280
   25.350579     5.232313     8.107490     9.601362   -44.427998  -105.099352
   25.228811     5.073105     7.894867     9.423132   -33.993980  -107.207741
   25.189865     4.981117     7.881732     9.430126   -37.593913  -102.832102
   25.386223     5.006508     7.819248     9.450137   -24.440792  -106.434830
   25.121741     4.999391     7.964841     9.448408   -29.790015   -96.309511
   25.139391     5.089827     8.052314     9.480910   -26.136124  -101.725806
   24.929664     4.903456     7.729777     9.277814   -31.887742   -70.700075
   25.007090     4.805381     8.046448     9.488122   -34.199697  -101.115877
   24.926038     4.929256     7.968788     9.405657   -47.533220   -88.445232
   25.417443     5.057937     7.687988     9.365119   -25.062092  -107.261044
   25.114685     5.087497     8.018652     9.467835   -34.263826   -96.052577
   25.101289     5.247313     7.812320     9.371182   -59.547451   -65.334689
   25.258156     5.040639     7.587434     9.281210   -41.142155   -89.870240
   25.151000     5.228106     7.841379     9.326333   -42.466430  -106.689866
   24.849982     5.184050     7.958976     9.372216   -49.694137   -58.875356
   25.296772     5.211649     8.083123     9.614284   -58.976444   -87.626360
   25.153268     5.219055     7.805843     9.386754   -48.275657   -65.264742
   25.160853     5.224700     8.050323     9.460069   -36.082541  -110.364122
   25.106987     5.381358     7.953745     9.347473   -42.753788  -106.228204
   25.289521     4.778107     7.883390     9.530462   -35.539263  -102.104986
   25.022062     5.027226     7.737519     9.242053   -39.826980  -106.219699
   25.053009     4.939799     7.990778     9.474340   -44.265354   -89.436383
   25.426031     5.336546     8.006956     9.543071   -42.179148  -102.313346
   25.336330     5.291647     7.870026     9.382218   -30.994980  -118.661069
   25.081353     5.344537     7.832996     9.257639   -33.467635   -96.902984
   25.548093     5.461643     8.139298     9.684821   -55.333277   -93.336434
   25.445314     5.296897     7.826284     9.491996   -43.924422   -80.329081
   25.274886     5.034687     7.997937     9.527523   -18.133923   -91.367469
   25.022788     5.043130     7.686901     9.259612   -44.235608   -75.974823
   25.247014     4.980063     7.874665     9.544172   -55.833380   -66.299002
   25.090356     5.524599     7.935741     9.331326   -40.682867   -78.497386
   25.301336     5.243224     7.864650     9.429269   -39.924111   -94.376623
   25.357717     5.153532     7.725315     9.427746   -40.652616   -68.879415
   25.071356     4.924977     8.078793     9.608809   -46.876650   -60.281631
   25.117598     5.110279     7.699700     9.294087   -39.076329   -73.438486
   25.494472     4.928992     7.857019     9.603338   -28.323301   -78.645483
   25.204227     5.005357     7.889827     9.466649   -30.503558   -81.289507
   25.515149     5.111897     7.910190     9.566982   -24.030389   -93.446442
   24.978043     4.951635     8.150934     9.505838   -15.598616   -92.025082
   25.391770     5.159525     7.975455     9.508687   -19.013527  -106.170787
   25.192014     5.101916     7.743321     9.330995   -34.543616   -87.611907
   25.461675     5.132658     7.982887     9.662378   -49.085059   -71.145177
   24.882461     4.897463     7.913408     9.358215   -37.063369   -83.075857
   25.243289     5.073080     7.784300     9.409289   -44.246323   -85.100028
   25.174413     5.045768     7.904043     9.498224   -44.476787   -67.309229
   25.376148     4.957995     7.919366     9.629409   -39.875001   -61.871079
   25.459686     4.877728     7.610684     9.464444   -43.082162   -77.863900
   25.373758     5.054479     7.969616     9.593531   -41.643955   -86.248933
   25.532892     4.969795     7.519460     9.403245   -47.321370   -95.420344
   25.187838     5.375644     7.832480     9.373959   -61.767424   -79.135589
   25.312311     5.265869     7.815942     9.395890   -40.822300   -95.017253
   25.106009     5.181514     7.911844     9.445696   -60.383703   -72.620433
   25.306973     5.210716     8.120197     9.626480   -49.587890   -89.868755
   25.373904     4.839273     7.700185     9.489819   -49.848294   -84.271056
   25.545171     5.053798     7.669636     9.443450   -37.824956  -107.244704
   25.237605     5.138076     7.788280     9.368441   -42.042014   -97.664984
   24.802837     5.035480     7.935674     9.286100   -46.086251   -95.319934
   25.253671     5.102021     8.008835     9.525709   -41.846755  -100.093729
   24.650166     4.926368     8.038783     9.266306   -26.549484  -111.029616
   25.499775     5.194500     7.724386     9.461112   -51.933803   -98.501829
   25.146373     4.858976     7.953422     9.476781   -26.168810   -98.748243
   25.121977     5.042948     7.931410     9.445784   -54.083747   -97.562775
   25.104183     4.919693     7.874114     9.445015   -50.412257   -85.007508
   25.321297     5.125972     7.645335     9.383804   -57.487830   -72.703690
   25.402421     5.192180     7.977577     9.553302   -46.277710  -105.407534
   25.249324     5.138651     8.016169     9.515109   -42.131875  -103.648791
   25.042897     4.847190     7.949823     9.486361   -47.758823   -80.420982
   25.487448     5.140315     7.854866     9.535147   -44.429631   -98.329983
   25.401837     5.109213     8.062604     9.606421   -36.006522  -108.534676
   25.159783     5.037181     8.216504     9.636688   -46.634739  -103.630564
   25.439545     5.320326     7.809393     9.455724   -52.604810   -97.762825
   25.220400     5.247862     7.915713     9.466521   -68.899806   -94.253958
   24.898727     5.293196     7.870886     9.238464   -57.163670   -95.112707
   25.012655     5.285716     8.018171     9.346745   -28.479963  -110.272133
   25.117962     5.024365     7.972210     9.386816   -14.044875  -119.949968
   25.453512     5.361473     7.548652     9.277450   -48.870621   -90.817813
   25.008408     5.253792     7.919719     9.321064   -46.879779   -99.787230
   25.508993     5.008601     8.069537     9.715406   -47.127149  -101.481204
   25.028629     5.158725     7.708775     9.169778   -31.487957  -109.624028
   25.343720     5.360917     7.830092     9.377483   -40.998707  -105.401329
   24.773275     5.120505     7.769907     9.182539   -59.526585   -73.912126
   25.332222     5.218326     7.899049     9.466038   -40.320262   -97.815248
   25.067737     5.185372     7.799452     9.312023   -47.938687   -84.179547
   25.157913     4.815291     7.976696     9.583754   -56.077625   -77.140192
   25.461275     5.115582     7.603787     9.349478   -35.148723   -97.027024
   25.344367     5.094148     7.826044     9.524162   -61.148214   -74.756957
   25.152323     5.020585     7.783625     9.362682   -47.327912   -96.419387
   25.237286     4.999508     7.894142     9.479858   -47.059675   -96.411421
   25.257093     5.147374     7.739949     9.319894   -37.174958  -108.212710
   25.691391     4.959861     7.784612     9.650566   -43.996019   -87.983671
   25.065953     5.179979     7.811056     9.344527   -54.749992   -75.673731
   24.867091     5.334420     7.989171     9.284403   -45.044160   -99.684750
   25.085237     4.954295     7.977465     9.523465   -58.351280   -74.055266
   24.991678     5.030549     8.124493     9.510719   -38.950541   -88.939292
   25.170882     5.293646     7.695525     9.236644   -41.017334   -91.760990
   25.297715     5.330002     7.683732     9.343251   -63.747724   -79.844454
   25.183847     5.061451     7.668118     9.337535   -61.871228   -82.106238
   24.880519     5.128189     7.700890     9.152575   -44.534036   -85.676504
   25.110464     5.159326     7.902149     9.356984   -33.727135  -103.528609
   25.531091     5.378219     7.642480     9.390801   -50.457276   -84.539171
   25.208986     5.535306     8.024186     9.423263   -47.534907   -99.194656
   24.772478     5.239337     7.924727     9.260276   -57.278482   -76.558851
   24.967570     5.240502     7.766069     9.188462   -40.391118   -96.768266
   25.066938     5.145068     7.601438     9.146409   -38.924619   -97.836158
   25.543936     5.171300     8.146278     9.753075   -55.423196  -102.234760
   24.838761     5.085373     8.056539     9.448869   -61.455152   -65.459887
   25.436339     5.268778     7.929953     9.502311   -40.400558  -110.237020
   25.247355     5.231970     8.123245     9.542292   -36.976047  -115.516944
   25.295178     5.494685     8.130794     9.481026   -26.074419  -121.814207
   25.436689     5.163295     7.751825     9.410887   -36.731222  -107.835100
   25.259735     5.238271     7.752796     9.314910   -41.632643  -107.676518
   25.415825     5.411323     7.841856     9.414970   -43.962840  -103.064512
   25.485603     5.471004     7.749088     9.359353   -46.539799  -120.389882
   25.053512     5.239565     8.091142     9.433064   -37.308162  -116.314853
   24.980198     5.413828     8.071740     9.351798   -39.645729  -118.372230
   25.444617     5.453445     7.925743     9.497005   -53.375727   -97.317829
   25.138967     5.196562     8.207177     9.590254   -46.227837  -102.809027
   24.646906     5.397292     8.143020     9.290671   -49.623374  -105.093780
   24.998270     4.988701     8.126497     9.495436   -43.549508  -113.282875
   25.184315     5.440869     7.923722     9.438016   -74.106637   -77.454687
   25.096303     5.283202     8.144295     9.540836   -56.629705   -91.632379
   25.198124     5.247132     7.810836     9.383032   -63.790144   -89.748373
   24.779108     5.420616     8.151951     9.349995   -52.670251  -111.593731
   25.036687     5.291404     7.809651     9.282883   -70.655153  -100.510578
   25.105512     5.255966     7.993128     9.511745   -79.603956   -68.688088
   25.199201     5.218356     7.954107     9.497795   -67.103156   -84.742444
   25.223762     5.298013     8.107942     9.492536   -27.578266  -114.051896
   25.701385     5.206816     7.950493     9.626417   -28.242757  -112.337113
   25.207539     4.893525     7.677355     9.375701   -44.495027   -81.596448
   25.016571     5.190852     7.789647     9.262847   -48.842912   -92.329278
   25.029593     5.128791     8.088262     9.481307   -56.106240  -105.717244
   25.046898     4.892917     7.670945     9.293987   -46.062508   -83.101103
   25.151822     4.876775     7.765489     9.401095   -34.667015   -79.415671
   25.221822     5.407626     8.036607     9.531800   -50.901663   -65.700262
   25.424070     4.871418     8.077535     9.729754   -39.869179   -85.243218
   24.841488     5.062459     7.677136     9.121292   -46.994414   -96.029853
   24.979203     5.272706     7.857484     9.262781   -51.582529   -99.602126
   25.296141     5.207169     7.690610     9.329425   -43.207834   -89.531828
   25.184925     5.222418     7.939781     9.472633   -43.980979   -75.503421
   25.024778     5.262561     7.831104     9.310254   -54.251595   -78.608983
   25.076091     5.238954     7.746120     9.264519   -48.654780   -84.103413
   25.067978     5.109311     7.660020     9.292905   -53.800575   -56.186742
   24.996218     4.908754     7.948335     9.398717   -38.955505  -103.610008
   25.257733     5.646673     7.953026     9.371665   -42.374107   -85.000177
   24.992837     5.250085     7.736085     9.179019   -40.296107   -95.220907
   25.449813     4.957237     7.723928     9.460476   -34.793642   -98.744280
   25.275735     5.212169     7.566183     9.238661   -42.402173   -82.411901
   25.556613     4.860753     7.629225     9.514682   -42.228932   -85.449667
   25.467299     5.203666     7.700993     9.422326   -42.089476   -88.585325
   25.080540     5.036752     7.851772     9.361445   -39.663651   -94.203222
   24.855203     5.117335     8.011028     9.331090   -39.089119  -100.959103
   25.513035     4.923328     7.679753     9.578740   -58.931277   -61.214082
   24.790920     4.856283     8.157729     9.511287   -53.139134   -73.328497
   24.867110     5.453486     7.963557     9.224376   -33.435511   -98.350492
   25.016459     5.132097     7.932754     9.377038   -54.340275   -95.383062
   24.997055     4.972078     7.782173     9.292736   -41.205234   -94.826509
   24.972510     5.453847     7.805453     9.156535   -28.506664   -86.839610
   25.012770     5.216387     7.664736     9.189462   -52.860276   -80.215913
   25.139892     4.904101     8.079981     9.611553   -49.142236   -77.491219
   25.333596     5.267120     8.126278     9.617057   -39.968114   -89.145587
   24.991376     5.081886     7.938236     9.356525   -35.590620   -96.862656
   25.062704     5.244713     8.142831     9.519456   -40.272522   -88.907082
   24.959105     4.763990     7.807312     9.357983   -33.762712   -83.733004
   24.824306     5.154770     7.829009     9.183323   -38.764338   -96.694773
   25.269384     5.372580     7.650747     9.264116   -52.548961   -84.806953
   25.188963     5.330486     7.770480     9.357265   -56.999884   -66.875720
   25.211411     4.995012     7.778270     9.341146   -20.377495  -103.842012
   25.057750     5.056215     7.656035     9.228884   -41.788915   -86.835102
   25.122124     5.167136     7.803918     9.352899   -52.281921   -83.849047
   24.997624     5.200274     7.723002     9.210428   -41.938613   -83.212337
   24.676627     5.203406     8.035266     9.280877   -53.651484   -87.078741
   25.128984     4.990533     8.007251     9.563651   -62.457216   -72.748009
   25.231306     4.955916     8.037968     9.598671   -51.504448   -88.968712
   24.974865     5.250350     7.813717     9.286208   -53.333422   -72.286017
   25.286154     5.044965     7.657233     9.350810   -43.853112   -85.739569
   25.166545     5.030605     7.900489     9.474562   -61.384628   -88.578056
   25.075598     5.415581     7.690897     9.144509   -44.480167   -95.132690
   25.062350     4.997214     7.864526     9.415629   -59.727860   -81.847829
   25.233743     5.147381     7.641977     9.305437   -57.028535   -88.738960
   25.110209     5.343592     8.189960     9.555552   -39.970056   -86.952663
   25.004544     5.442102     7.719302     9.150225   -53.058078   -83.436115
   24.808790     5.048983     7.882912     9.221849   -33.534000  -105.535686
   25.324000     5.068623     7.991710     9.559952   -47.512911  -103.260270
   24.835710     5.455980     7.980348     9.246155   -50.718664   -96.037487
   24.859843     5.288836     7.774362     9.129391   -52.805202  -104.651886
   25.468117     5.481100     7.716522     9.342626   -44.768442   -99.457428
   25.085075     5.451648     7.779159     9.199936   -40.615750   -95.406539
   25.193140     5.246615     8.118438     9.535436   -47.948891  -110.947907
   25.160157     5.208350     8.020326     9.448355   -43.138002  -116.000376
   25.577447     5.163619     7.591230     9.421046   -53.927370  -114.628095
   25.266643     5.145448     7.980381     9.522171   -54.870897  -101.200635
   24.963848     5.204461     8.144506     9.448772   -43.885781  -116.671749
   25.260325     5.344563     7.964313     9.483142   -46.246766   -81.959558
   24.849176     5.126540     7.801047     9.201803   -52.910919   -94.204127
   25.108134     5.026678     7.688799     9.285030   -50.078337   -94.369497
   25.260337     5.367544     7.751831     9.321379   -51.075295   -90.978831
   25.625037     5.297851     7.540059     9.378496   -45.470218   -84.784215
   25.129601     5.181131     7.663109     9.242991   -47.231909   -86.462832
   25.243139     4.999456     7.650164     9.306964   -40.935343  -104.444828
   24.721608     5.268516     7.739356     9.076875   -49.537753   -73.912253
   24.964897     5.198245     7.749156     9.218285   -58.390453   -91.019711
   25.529970     5.277290     8.007032     9.601260   -46.739055  -115.035660
   25.529123     5.476859     7.948551     9.479523   -37.136743  -128.678649
   24.942249     5.220839     8.078834     9.421469   -55.664265   -99.670913
   25.007287     4.981233     8.122187     9.496766   -44.365690  -117.625982
   25.562495     5.387922     8.062694     9.665542   -60.935479  -101.976561
   25.326288     5.115410     7.914986     9.484981   -46.408276  -117.565259
   25.067422     5.100472     8.238313     9.572805   -38.130489  -115.739564
   25.361602     5.121320     7.949597     9.485712   -32.358143  -129.707464
   25.196564     5.282260     7.984068     9.441113   -49.815010  -110.051143
   25.271764     5.142922     7.806846     9.346940   -33.460366  -131.361141
   25.224536     5.242289     8.061410     9.496767   -45.316045  -127.055069
   25.282251     5.339243     7.779517     9.313864   -38.822613  -105.981213
   25.121633     5.258885     7.853214     9.342724   -60.487372  -107.369200
   25.687159     5.361159     7.777470     9.519223   -48.430555  -112.497214
   25.432354     5.307803     7.979549     9.523524   -44.338925  -117.952433
   25.409803     5.363814     7.904841     9.456867   -47.074207  -117.726073
   24.969983     5.350661     8.063529     9.366064   -46.982983  -118.983512
   25.171709     5.213780     7.959791     9.421010   -43.470358  -107.361053
   25.408951     5.435839     7.889794     9.430997   -49.070870  -120.017347
   25.004810     5.323633     8.146873     9.491715   -58.137953   -94.632155
   25.252844     5.381814     7.864147     9.347083   -45.956991  -118.145988
   24.806986     4.832102     7.924475     9.329332   -46.590577   -96.782660
   25.335002     5.363869     7.799770     9.378068   -45.702573   -94.849708
   25.443979     5.487626     7.878858     9.508168   -66.169061   -78.141953
   25.164128     5.562176     7.781680     9.240365   -52.532388   -87.371136
   25.376096     5.220364     7.459524     9.220929   -51.128033   -93.113239
   24.679999     5.126366     8.045364     9.288632   -43.603031   -92.244833
   25.268004     5.031069     7.789891     9.438854   -45.050206   -83.423168
   25.146836     5.387784     7.875890     9.328643   -46.046947   -96.760931
   24.962006     5.076933     7.821143     9.333791   -57.983680   -72.229765
   25.090097     5.246115     7.811486     9.292173   -43.718051   -94.258923
   25.248699     5.052157     7.815356     9.412325   -49.863103  -109.551909
   25.174049     5.180360     7.971056     9.442173   -49.462191  -112.623290
   25.480540     5.308119     7.838054     9.459653   -46.418561  -120.653340
   25.328682     5.263411     8.109042     9.584860   -42.476485  -103.097736
   25.331745     5.275221     7.820593     9.393128   -47.813858  -112.787333
   25.431713     5.056278     7.827047     9.505346   -50.230816  -119.907177
   25.230972     4.907759     7.941698     9.496443   -40.575426  -118.122059
   24.893348     5.143444     7.871217     9.228784   -43.358301  -123.057800
   25.342159     5.364057     7.932432     9.442399   -43.715894  -110.439316
   25.081877     5.345164     8.042112     9.458737   -66.500580   -93.943605
   25.257018     5.517364     8.065911     9.449893   -41.511871  -114.381403
   25.271058     5.118554     7.994539     9.490244   -35.616836  -115.442780
   25.561220     4.974732     7.791545     9.573811   -49.118932  -107.838748
   24.845192     5.208763     8.240606     9.485458   -51.870523  -108.424826
   25.439581     5.359573     7.975995     9.533609   -49.858358  -106.185305
   24.989687     4.986327     7.928443     9.385906   -54.932384  -103.551428
   24.987724     5.210464     7.795520     9.238118   -55.196146  -104.960042
   24.973416     5.203342     7.995224     9.333361   -38.860877  -122.483297
   24.995876     5.274510     8.007646     9.345677   -38.343258  -111.992712
   25.495356     5.207955     8.156705     9.677598   -38.559525  -121.511455
   24.836375     5.369861     8.005215     9.251614   -16.916164   -92.035885
   25.421207     5.579625     7.692875     9.245030   -28.327326   -83.238218
   25.067027     5.074968     7.727704     9.305215   -49.557711   -77.337903
   25.249777     5.065161     8.002523     9.493952   -28.431186  -109.688199
   24.770255     4.960119     7.877741     9.255521   -36.708577   -88.127476
   25.500740     5.210615     7.436812     9.353963   -71.248521   -66.326144
   25.599539     5.111394     7.634174     9.400900   -28.757000  -120.158109
   25.287541     4.947617     7.771197     9.420156   -34.923884   -96.012550
   24.984484     4.877766     7.795900     9.311505   -40.456818  -100.581212
   25.148082     4.998566     8.045384     9.513465   -28.141595   -95.676154
   25.089522     5.253345     7.702720     9.184549   -29.435884   -96.122974
   24.662844     5.325365     8.005385     9.175457   -29.553457  -105.692246
   25.096794     4.823428     7.714186     9.376219   -48.392001   -78.924372
   24.984130     5.275666     7.727893     9.202072   -56.323672   -82.777456
   25.268572     5.284002     7.926218     9.445903   -54.674442  -109.909819
   25.193448     5.044124     7.801119     9.321177   -27.591199  -128.239523
   25.124889     5.148067     7.915149     9.402143   -55.016045  -108.174293
   25.302608     5.261960     7.943224     9.438397   -38.607376  -118.855718
   25.405872     5.191327     7.856941     9.514712   -61.392915  -101.336544
   25.312943     5.161314     7.799330     9.367900   -33.719733  -115.131258
   25.353737     5.308093     7.855975     9.414444   -44.693360  -110.205652
   25.210079     5.041434     7.911632     9.402837   -27.090593  -124.627285
   25.249020     5.369690     7.928457     9.380308   -24.224330   -98.391903
   25.400179     5.316861     8.140933     9.620646   -24.794491   -88.290202
   25.061042     5.092510     8.012673     9.535651   -58.537629   -60.186487
   25.150832     4.966261     8.026854     9.540499   -34.199239   -83.570330
   24.842460     4.960339     7.987161     9.406823   -41.165446   -68.692091
   25.405488     4.982333     7.723582     9.440641   -32.710142   -91.100593
   25.194484     4.987045     7.616733     9.276371   -34.273675   -87.905834
   25.095536     4.938249     7.804536     9.301637   -15.656037  -110.927495
   25.115670     5.198271     7.749818     9.278316   -37.056623   -86.728282
   24.997388     4.775946     7.955157     9.457185   -35.571748   -88.182365
   24.796728     5.064958     7.870485     9.227975   -35.791104   -92.516514
   25.141872     5.029618     7.715386     9.276863   -32.428571  -103.702775
   25.343145     5.150871     7.813710     9.453776   -44.511707   -88.829919
   24.903478     5.380662     7.916657     9.242989   -43.212057   -93.636983
   25.257872     5.205061     7.733027     9.266086   -16.631627  -104.328022
   25.253439     5.122795     7.857164     9.343387    -8.262747  -113.684115
   25.168460     5.498410     8.148247     9.462322   -14.243910   -91.607314
   25.571295     5.340771     7.711560     9.383753   -21.291090   -95.453190
   25.404622     4.909162     7.729759     9.495599   -42.507651   -81.741976
   24.859014     4.960310     7.935395     9.365851   -27.561269   -68.630178
   25.453831     5.097726     7.872794     9.510619   -15.616083   -88.706378
   25.247075     5.066210     7.858586     9.365864   -17.606297  -119.464360
   25.088652     4.969216     7.955329     9.475437   -47.212094   -84.160819
   24.748579     4.924297     7.875567     9.281889   -54.156141   -79.649659
   25.092351     4.939002     7.947012     9.434303   -36.744334  -103.136142
   25.292544     5.261059     7.795694     9.412662   -55.318841   -85.661321
   24.745250     5.137401     8.170490     9.438743   -62.284968   -84.241388
   25.148747     5.541846     7.946213     9.376409   -58.403579   -84.683339
   24.803967     5.149791     7.861102     9.257475   -69.178863   -76.453094
   24.857202     5.247408     7.775257     9.157980   -49.064259   -88.883364
   25.169546     5.059428     8.015226     9.527464   -40.810948   -84.618055
   24.973249     5.052835     7.692958     9.200113   -45.007580   -97.035352
   25.362556     5.020457     7.992309     9.627255   -60.217696   -92.339168
   24.766554     5.264254     7.861982     9.162233   -49.403877   -94.509284
   24.796959     4.943279     7.826952     9.223539   -44.938661  -102.504761
   25.009883     4.920115     7.522950     9.170046   -47.529398   -85.094580
   25.075860     5.169515     7.917080     9.425879   -64.080183   -79.738517
   24.640413     4.763689     8.036100     9.345541   -46.817455   -88.111556
   24.855545     4.913783     7.877674     9.328045   -43.584652   -81.442692
   25.035327     4.952281     7.868505     9.382800   -45.102708   -91.132838
   25.340416     5.179841     7.771549     9.446230   -53.114342   -80.139967
   25.145874     4.854024     7.735474     9.409795   -46.061081   -74.468334
   25.049387     5.145183     8.064942     9.475065   -38.861569   -89.689815
   24.930377     5.256710     8.009986     9.312477   -27.732111  -108.084877
   24.995487     5.005734     7.742717     9.272187   -52.620774   -94.415134
   25.121039     5.091807     8.223744     9.641194   -47.222371   -86.445495
   24.962569     5.154917     7.709333     9.201401   -50.029847   -85.089473
   25.154390     5.184552     7.792775     9.378249   -56.291117   -75.422072
   24.833386     5.193517     7.858254     9.197426   -35.080026   -95.791900
   25.220585     5.263152     7.951401     9.422044   -31.142407   -99.215862
   24.995393     5.251262     7.947140     9.439024   -57.540728   -51.502340
   24.926500     5.125749     7.731234     9.215582   -57.626680   -84.363157
   24.961724     5.244083     7.788418     9.190631   -35.580098   -99.199165
   25.030898     4.941549     7.761223     9.298338   -35.944866   -94.020435
   24.909660     5.117223     7.863111     9.234704   -32.883996  -108.556021
   25.211998     5.112325     7.615300     9.174756   -17.939471  -117.870818
   24.874679     5.115404     7.679756     9.130523   -42.716201   -88.737564
   24.942839     5.075662     7.873256     9.275953   -36.909317  -106.878784
   25.162235     5.331947     7.902216     9.403513   -57.097038   -85.758789
   25.312202     5.194670     7.857516     9.359648   -16.002123  -117.948777
   25.387783     5.271138     7.799222     9.427236   -48.435414   -98.438091
   25.404919     5.127265     7.870638     9.543637   -55.005353   -87.495116
   25.432044     5.169874     7.809989     9.437026   -34.745318  -110.583256
   24.932682     5.181597     7.892321     9.362923   -62.086225   -64.230851
   25.068906     5.227145     7.845454     9.359119   -63.475895   -79.753305
   25.113394     5.181805     7.918726     9.409230   -38.687007   -84.296747
   25.287766     5.093177     7.672666     9.397169   -56.353969   -69.507649
   25.508646     5.065531     7.737820     9.482214   -28.627189   -85.002143
   25.047518     5.336607     7.989017     9.399128   -42.168426   -83.317892
   25.188753     5.518435     7.927697     9.408409   -57.155118   -71.248076
   25.104289     4.841717     8.006622     9.560319   -47.211307   -76.871688
   25.323941     5.416535     8.118070     9.598022   -40.375687   -73.430645
   24.920972     5.068136     7.876827     9.346713   -44.841549   -70.570926
   25.316009     5.439822     8.122091     9.622849   -52.501430   -65.412610
   25.218269     5.106156     7.808055     9.411084   -45.275975   -83.050261
   25.376704     4.940846     7.919676     9.626436   -47.817661   -71.037289
   25.141313     4.985434     7.859726     9.416950   -41.435126   -90.476380
   25.139965     5.314045     7.696955     9.224737   -42.376929   -87.493629
   25.071190     5.125737     8.120152     9.576870   -50.460393   -70.661562
   24.924710     4.875007     7.681384     9.262546   -55.890113   -80.101694
   24.682929     4.896418     7.863109     9.235522   -35.027505   -79.078955
   25.282273     4.921497     7.895154     9.461439   -25.830597  -117.398354
   25.234677     5.187066     7.688002     9.321434   -51.795170   -86.074998
   25.096307     4.991076     8.019419     9.465884   -31.313811  -102.179561
   24.939475     5.200958     8.131626     9.461084   -44.697916   -93.338673
   24.901873     5.146743     8.150252     9.468696   -44.768320   -91.805402
   25.408092     5.188519     7.578819     9.328716   -46.746522   -84.273028
   25.072181     5.352599     7.703440     9.210172   -55.147930   -81.494729
   25.035332     5.306372     7.943327     9.307754   -30.757746  -105.828386
   25.095101     5.066556     7.922161     9.407290   -35.240779   -92.072864
   24.936371     5.190265     7.889226     9.334166   -44.571750   -70.782095
   25.236062     5.428977     7.819783     9.348540   -39.420858   -73.143199
   24.775819     5.167953     7.762771     9.146705   -44.643480   -77.478544
   25.437578     5.257519     8.231632     9.719371   -42.827659  -100.341664
   25.100081     5.148632     7.738018     9.292633   -54.103794   -89.967615
   25.162950     5.244295     7.993814     9.498476   -59.372155   -80.694954
   25.120816     4.942248     7.976332     9.502194   -51.313616   -91.768578
   24.838674     4.991507     7.877378     9.308338   -67.505644   -87.635396
   24.925768     4.962763     8.117576     9.474040   -40.493769   -97.302767
   25.129130     4.872655     7.838767     9.478839   -60.121145   -74.431284
   25.437489     5.058845     7.713911     9.469498   -37.255183   -73.108134
   25.453467     4.792013     7.802542     9.581533   -40.401473   -90.133273
   24.950972     5.024865     7.822366     9.274039   -38.510874   -98.041808
   25.235993     5.136632     7.622021     9.316003   -46.896466   -65.342113
   25.219301     5.089292     7.910223     9.437254   -24.098917   -92.437135
   25.116151     5.092436     7.639377     9.252174   -51.191022   -85.829293
   25.091968     5.171465     7.811513     9.304258   -43.162516   -98.331473
   25.198067     5.088731     7.900233     9.478856   -42.849796   -75.950470
   24.973985     5.529868     7.850961     9.195195   -41.850383   -85.261183
   25.076737     5.508618     8.098615     9.421757   -25.276497   -82.435688
   25.006844     5.514993     8.077877     9.356592   -22.361757   -91.022727
   25.144378     5.277849     7.893200     9.399997   -36.558882   -73.127263
   25.144888     4.857770     7.883163     9.475528   -36.325696   -81.900400
   25.285008     5.153563     8.193649     9.678864   -39.555242   -82.714307
   25.307692     4.978023     7.967755     9.608120   -41.098299   -70.770359
   25.126111     4.994810     7.947951     9.499197   -38.923569   -72.374267
   25.247398     5.025345     7.676089     9.375938   -51.849729   -77.624857
   25.675109     5.299822     7.657754     9.515022   -50.485583   -66.517667
   25.452541     5.097285     7.802457     9.561431   -49.978403   -64.987444
   25.156343     5.179653     8.019732     9.496239   -38.890642   -85.400643
   24.871773     5.161999     7.884746     9.287577   -52.829142   -81.437045
   25.173458     5.205924     7.713188     9.270198   -51.697924  -110.369360
   25.461174     5.182523     7.742784     9.403389   -32.180647  -107.173352
   25.590966     5.461706     7.821954     9.473360   -47.660042  -107.367822
   25.700153     4.926018     7.654462     9.583349   -48.888087   -97.674957
   25.196417     5.159909     7.920092     9.375130   -14.314288  -105.713993
   24.916817     4.750311     7.832462     9.348965   -41.084997   -93.025893
   24.760996     5.057582     7.826430     9.224502   -55.985356   -77.767908
   25.253715     4.853205     7.781179     9.466607   -50.867069   -92.393676
   25.338095     4.963987     7.727544     9.457281   -56.367641   -90.733461
   24.856064     5.102203     8.162356     9.458335   -43.260383   -93.571268
   25.178592     5.025069     7.614558     9.301811   -47.435584   -73.410819
   25.494239     5.088819     7.641501     9.454420   -48.537728   -76.472219
   24.996253     5.445915     8.067051     9.383328   -38.557084   -93.153895
   25.274856     5.356456     7.787135     9.344327   -42.120386   -89.912503
   25.279450     5.004096     7.649714     9.382578   -47.172144   -72.099397
   25.050000     5.239701     7.964790     9.406741   -34.856224   -77.823705
   24.912874     5.128030     8.111525     9.474376   -37.544957   -76.178015
   25.367170     5.096648     7.864897     9.529915   -35.565860   -71.745211
   24.965705     4.961165     7.948184     9.415809   -35.180246   -77.308375
   25.356327     5.036456     7.950414     9.587261   -27.510813   -69.983046
   25.458769     5.155315     7.801761     9.466384   -33.257106   -97.107445
   25.013669     4.805058     7.823453     9.460834   -61.968745   -60.646256
   25.171853     5.034233     7.647034     9.286942   -42.846181   -87.203489
   25.076331     4.877964     7.797642     9.331830   -10.009427   -89.252910
   25.002925     5.226774     8.010936     9.361803   -14.821453   -91.832050
   25.289765     5.309811     7.670497     9.273286   -30.480282   -79.257648
   25.440611     4.902334     7.738518     9.503274   -25.401842   -78.019013
   25.276498     5.099589     7.908595     9.503091   -44.408238   -85.439544
   25.069463     5.272214     7.891491     9.397350   -65.056277   -72.079117
   25.068171     4.916397     7.705835     9.320754   -35.511589   -75.168218
   25.011451     5.217247     7.757087     9.282735   -51.621564   -65.765709
   25.152595     5.437688     7.838047     9.276268   -34.032465   -93.308320
   25.106443     5.439858     7.856757     9.336684   -49.267208   -66.631958
   25.481760     5.249335     7.623815     9.347867   -31.924807   -84.596113
   25.196542     5.550808     7.768718     9.221551   -35.757122   -85.532540
   25.218646     4.833057     7.685706     9.371537   -29.437010   -87.473472
   25.120615     5.618646     7.926718     9.320604   -53.537229   -83.499641
   24.535576     5.040129     7.943516     9.169958   -46.772278   -87.373885
   24.781020     4.884130     7.976148     9.390876   -59.409878   -72.071665
   25.309003     5.213403     7.945189     9.376570    -1.934180  -125.369445
   25.449087     5.086434     7.870235     9.524718   -36.343672   -99.069410
   25.232667     5.096437     7.754782     9.331055   -29.297409   -99.062236
   25.350504     4.977420     7.890875     9.512273   -26.556576   -94.299350
   25.303127     5.019213     7.924163     9.472507   -25.451650  -110.442962
   25.558610     4.896253     7.776529     9.554250   -35.433728  -108.368308
   25.076302     4.857379     7.726976     9.296576   -27.120896  -101.898465
   25.340629     4.971494     7.626370     9.326598   -32.110807  -108.055111
   25.406879     5.279862     7.547168     9.287095   -47.990255   -80.908057
   25.425410     4.971469     7.646295     9.463178   -56.434126   -80.159664
   25.067103     5.085083     7.934197     9.387575   -25.808120   -91.521027
   25.139089     5.118549     7.729459     9.276580   -34.596610   -95.781122
   25.142836     5.458620     7.925354     9.309214   -29.236105  -100.958940
   25.422357     4.995851     7.735593     9.471866   -33.779383   -81.681918
   25.221988     5.511586     7.877093     9.360425   -43.326767   -75.583755
   25.209861     5.165328     7.784885     9.333430   -32.692074   -96.525341
   24.878618     5.236486     7.774662     9.165461   -32.594449   -82.961303
   25.198537     5.114136     7.966475     9.461111   -25.473059   -92.954413
   25.128927     5.024347     7.865928     9.408183   -31.260275   -83.050053
   24.903218     5.183240     7.802025     9.221898   -36.180184   -81.986752
   24.974471     4.981846     7.792526     9.308792   -49.743836   -87.192462
   24.949732     5.043882     7.905221     9.361436   -60.087195   -88.940564
   24.862933     5.098946     7.874343     9.245561   -29.358464   -93.819768
   25.341955     5.638983     7.918337     9.404339   -53.107827   -86.461635
   24.721278     5.230271     8.006683     9.272604   -52.772590   -88.680178
   24.999378     4.712178     7.859803     9.477242   -62.408940   -72.304334
   25.321159     5.174605     7.978419     9.553198   -47.988002   -87.314190
   24.826576     5.351290     7.927654     9.272546   -63.505123   -74.450226
   25.178103     5.084394     8.101116     9.554772   -26.001759   -89.802646
   25.241887     5.002843     8.007890     9.524627   -37.300349  -107.764100
   25.360834     4.865804     7.686533     9.420344   -28.920364   -92.377746
   25.435250     5.359878     7.827401     9.457527   -52.665537   -95.816968
   25.105597     5.018068     7.789883     9.303709   -25.737266  -102.411204
   25.027141     5.063211     7.884349     9.340106   -27.994274   -92.770384
   25.195312     4.857966     7.904408     9.512043   -45.900902   -88.638206
   25.424857     5.234588     7.569988     9.234166   -24.782292  -110.532999
   25.737077     5.232640     7.820698     9.621024   -44.763948   -93.059097
   25.053807     5.070379     8.047902     9.429194   -19.696924  -104.650566
   25.277222     5.059765     8.086774     9.603285   -29.792964   -88.611548
   25.046465     5.066497     7.878748     9.339071   -25.247262   -93.687348
   25.472814     4.928689     7.904963     9.606932   -33.874355   -92.020818
   25.053400     5.036094     8.124786     9.552388   -39.781544   -82.780293
   25.219430     5.185117     7.922938     9.367423   -15.266499  -115.107881
   25.138008     5.514373     7.842128     9.232749   -31.132358   -99.163540
   24.897652     4.817971     8.050265     9.453422   -40.579267   -93.329478
   25.512861     5.291401     7.631392     9.387194   -53.265715   -98.274382
   25.000068     4.753982     7.985593     9.495389   -49.931452   -90.042242
   25.422565     5.434016     7.773383     9.399988   -48.640823   -87.767224
   25.193282     5.104545     7.738628     9.344050   -46.393868   -88.183215
   25.297333     5.021819     8.002958     9.537907   -35.093077  -109.103421
   24.857934     4.994819     7.562614     9.077446   -38.133106   -85.703786
   25.131126     5.133478     7.910209     9.433240   -58.986693   -90.249899
   25.375378     4.948887     7.771075     9.448822   -39.789864  -116.628779
   25.183725     4.870354     7.775810     9.372198   -36.023739  -118.093492
   25.138122     5.092017     7.820470     9.309234   -29.584786  -114.628263
   24.856159     5.209778     7.976975     9.333679   -63.078522   -86.197061
   24.754947     4.932379     7.858930     9.231148   -43.936780   -98.281914
   25.254100     5.144769     7.761544     9.389043   -55.691192   -91.498512
   24.920550     4.918027     7.821538     9.280060   -39.774289  -103.938811
   25.074331     5.273561     7.903519     9.312174   -33.401627  -103.956297
   24.907304     5.353503     7.790163     9.208655   -60.345623   -71.811452
   25.151591     5.180929     7.916713     9.383955   -43.436677  -112.644559
   25.131657     5.228366     7.651649     9.216630   -50.919348   -93.872168
   25.489385     5.309751     7.825043     9.499664   -53.703536   -94.554861
   24.603623     5.083675     7.860989     9.084492   -35.049504  -116.856073
   25.423141     5.237641     7.750953     9.449070   -55.488429   -89.425361
   25.128410     5.165338     7.625380     9.234298   -52.402191   -82.788035
   25.484479     4.992628     7.892629     9.529776   -23.334200  -119.474514
   24.750239     5.158801     7.664653     9.041252   -51.368409   -91.917954
   24.849228     5.011892     7.728014     9.177068   -45.388723   -94.268448
   25.231130     5.308161     8.160418     9.599160   -53.912948   -93.417904
   25.133795     5.240057     7.852195     9.304284   -33.917330  -109.664592
   24.889563     5.058576     7.667246     9.161710   -46.219297   -83.128019
   25.354489     5.028425     7.785133     9.389471   -20.209204  -113.766498
   25.095785     5.264657     7.766219     9.252793   -48.207477  -101.494801
   25.000899     4.932376     7.986839     9.436465   -45.753926   -97.628635
   24.980924     4.856947     7.828856     9.385021   -38.021323   -72.178016
   25.243682     5.095672     7.889468     9.355402   -11.491856  -129.813186
   25.124615     4.913386     7.915270     9.373408   -12.910489  -125.141469
   25.116147     5.144492     7.882351     9.336420   -23.171370  -102.276947
   25.339491     5.110048     7.553426     9.300515   -42.210263   -76.882363
   25.374835     5.252843     7.779368     9.369137   -33.460280  -107.914244
   25.187181     5.522322     7.895198     9.317603   -37.869257   -92.340456
   24.875837     5.109207     7.933730     9.347375   -43.674577   -74.040598
   24.948750     5.432534     8.005799     9.307461   -32.929945   -94.994142
   24.791949     4.979795     7.783362     9.227504   -48.378804   -78.192219
   25.067872     5.283601     7.691687     9.232861   -62.014499   -79.278142
   25.347619     5.147176     7.704513     9.370229   -40.394428   -92.194172
   25.364938     5.010952     7.924922     9.489310   -20.239025  -114.909301
   24.921510     5.016560     7.991934     9.330670   -23.819663  -116.900813
   24.952745     5.093328     8.254598     9.521132   -25.888834  -113.336633
   25.256413     5.389649     7.827872     9.283480   -27.514103  -116.921237
   25.258347     5.285440     7.976785     9.401405   -21.969634  -120.520694
   25.208088     5.373280     7.824967     9.304351   -36.278929  -100.312978
   25.526173     5.006488     7.807901     9.511822   -28.552807  -110.104150
   24.935263     5.021301     8.063104     9.377101   -18.909947  -117.403990
   25.210903     5.225695     7.667537     9.247801   -38.750728   -94.865213
   25.778732     5.239433     7.950080     9.611489   -16.384094  -126.145761
   25.361212     4.899715     7.891383     9.554472   -30.077802   -87.720572
   25.531388     5.200357     7.808625     9.472484   -33.906381  -111.739508
   25.308450     4.974217     7.783172     9.520693   -66.662454   -72.241023
   25.687494     5.128663     7.676630     9.521506   -46.921604  -108.157411
   25.390155     5.174413     8.102059     9.580339   -26.557506  -120.493641
   25.392386     5.296407     7.831110     9.472617   -60.070667   -93.454791
   25.349831     5.305050     7.904262     9.449258   -50.898860  -124.129466
   25.192290     5.221799     8.040845     9.451863   -34.312573  -123.755893
   25.040134     5.113902     7.920315     9.358608   -45.874742  -106.550213
   25.411541     4.978199     7.862241     9.510653   -39.269698  -122.579935
   25.266659     4.739736     7.655920     9.366119   -29.401789  -121.628236
   25.379942     5.048306     7.712141     9.519465   -74.756181   -65.304149
   25.250084     4.948386     8.007233     9.529453   -37.458794  -120.542578
   25.114413     5.055383     7.916212     9.425967   -50.058018   -95.830283
   25.184676     5.343635     7.917242     9.337716   -29.564526  -111.252982
   25.273346     5.425491     8.049512     9.482654   -44.131843  -104.907186
   25.331664     5.261705     7.698217     9.354738   -49.200752   -86.315241
   25.213787     4.949836     7.945936     9.477148   -38.533179  -116.709194
   25.285767     5.256636     7.766237     9.256592   -16.136518  -128.226520
   24.624924     5.239718     8.003648     9.212495   -56.366202   -93.713993
   25.273622     5.366685     7.859860     9.354154   -44.112530  -118.200689
   25.044376     5.148657     7.807795     9.286327   -45.348977   -98.419668
   25.530525     5.442745     7.965538     9.494745   -31.506921  -116.335934
   25.594557     5.306311     8.049852     9.626863   -37.914412  -118.958275
   24.989261     4.902100     7.998885     9.429083   -42.238225  -107.502495
   24.983261     5.320615     8.252786     9.538544   -49.030857  -103.186029
   25.226686     5.315073     7.763838     9.298357   -49.714563  -109.989160
   25.502895     4.966342     7.929829     9.685922   -66.960810   -92.936254
   25.166643     5.315416     8.139828     9.585620   -69.556590   -88.257152
   25.252370     5.018282     7.876428     9.537604   -64.763854   -72.562348
   24.966826     5.444659     8.021438     9.384012   -65.540900   -81.979154
   25.525670     5.084238     7.788329     9.521571   -49.723416  -116.324827
   25.112462     5.499413     8.062536     9.436892   -59.738015   -99.620498
   25.173564     5.102412     7.899544     9.362287   -23.812603  -118.156744
   25.474614     5.107178     7.899397     9.570627   -50.442674  -102.941272
   25.285790     5.075798     7.968205     9.499870   -39.032007  -111.954183
   25.219785     5.293392     7.765215     9.300723   -40.257081   -97.941464
   25.280417     5.075328     8.162357     9.622997   -34.686566  -108.490446
   25.038765     5.102670     7.974064     9.395280   -43.200933  -104.769448
   24.917923     5.111983     8.255059     9.576746   -48.105103   -82.776815
   24.916403     4.773322     8.192153     9.567533   -44.765016   -93.125938
   25.368403     4.920882     7.844634     9.518079   -45.545172  -106.435490
   25.363011     5.044256     8.053597     9.603543   -44.566022  -120.443167
   25.400469     4.948616     7.920770     9.577382   -36.461911   -93.982067
   25.273682     5.027405     7.828863     9.506603   -69.670677   -83.109814
   25.112572     4.845874     7.992040     9.503148   -31.077087   -93.836345
   25.361145     4.965781     8.153954     9.710548   -33.955542   -89.332223
   25.502637     5.161129     8.115737     9.690589   -30.862102   -92.879581
   24.909787     5.199985     8.203171     9.525998   -57.475638   -85.431995
   24.981973     4.816778     8.057582     9.501669   -43.863074   -94.309429
   25.086601     5.193413     8.174391     9.549922   -36.907738   -92.791493
   25.667227     5.109309     7.652303     9.446753   -21.419347  -102.575982
   24.893093     5.246331     7.785704     9.167026   -31.874257   -88.628631
   25.327370     4.818476     7.966701     9.624164   -44.271043   -88.869620
   25.305126     5.172210     7.729108     9.361543   -32.893795   -84.077114
   25.589621     5.334062     8.031017     9.644432   -43.443032   -94.129057
   25.301905     5.099122     7.929553     9.457528   -27.108910  -110.974213
   25.685055     5.202968     7.881861     9.575051   -27.342965  -112.588502
   25.180926     4.887778     7.942502     9.547170   -50.069410   -77.937637
   25.357446     5.035501     7.775558     9.488744   -53.377856   -80.737379
   25.255727     5.034412     7.813007     9.358803   -24.262140  -121.574255
   24.941737     5.060543     7.957693     9.396250   -35.724608   -74.433593
   25.308225     4.860423     7.742854     9.487479   -48.768995   -77.926288
   24.997783     5.104012     7.828815     9.251913   -26.951037  -106.246838
   25.365565     5.100181     7.844887     9.453266   -34.245620  -104.280483
   25.279604     5.201181     8.114973     9.585468   -42.719352  -100.810222
   25.314586     5.209535     8.089949     9.545270   -21.398697  -104.196447
   25.152720     5.026243     8.053765     9.588593   -40.369373   -66.386115
   25.561120     5.416749     7.777904     9.476901   -37.117495   -62.366011
   24.870172     5.494412     8.045693     9.369892   -43.784706   -56.635867
   25.088466     5.366994     7.988324     9.427623   -38.897174   -69.870774
   24.714770     5.197986     7.957589     9.264773   -34.983230   -70.282093
   25.629511     5.527694     7.829644     9.468004   -30.424354   -78.478924
   25.603544     5.241142     7.678885     9.434496   -28.402186   -88.365595
   25.293764     5.288183     7.704297     9.336270   -38.517204   -71.103770
   25.110825     5.104627     7.819147     9.384656   -44.989843   -73.701129
   25.294447     5.109039     7.793075     9.449982   -36.199585   -68.405246
   25.055662     4.877154     7.752749     9.377004   -37.014540   -66.108480
   24.773684     5.074264     8.148970     9.451944   -27.055638   -68.292630
   24.997759     4.833062     7.819967     9.381434   -36.425358   -77.250863
   25.077533     5.071684     7.913079     9.461930   -53.784108   -67.231434
   24.779113     4.789000     7.879886     9.330682   -31.275384   -72.212321
   24.739279     4.924301     8.095816     9.365454   -25.834756   -96.479278
   25.488818     4.841032     7.689462     9.519532   -35.866404   -82.380145
   25.245221     5.111882     8.024965     9.570569   -39.121265   -77.587684
   25.063344     5.053886     7.811515     9.362191   -33.729690   -69.223361
   24.860501     5.010251     8.188793     9.512747   -38.758963   -81.054104
   24.894755     4.950885     7.901720     9.341122   -29.202289   -80.253293
   24.934863     5.268362     7.894629     9.282328   -29.308782   -78.810965
   25.160742     4.967954     7.778521     9.371307   -31.275022   -86.588585
   25.146386     5.103734     7.765046     9.293085   -20.366511   -91.654081
   25.084459     5.220294     7.848539     9.340902   -28.283200   -72.152610
   25.136510     5.249435     8.146134     9.612358   -58.324481   -67.993250
   24.819395     5.123463     7.858249     9.318715   -59.101758   -52.199729
   25.196081     5.057629     7.735248     9.300967   -32.962653  -110.255699
   25.002157     5.421029     7.836717     9.227888   -35.267172   -82.168768
   25.101904     5.098672     7.863378     9.417830   -36.112499   -64.280904
   25.131197     5.064636     7.750298     9.398984   -53.668474   -57.162026
   25.473472     5.372588     7.912680     9.530978   -33.945269   -69.643578
   24.487652     5.140776     7.827398     9.058932   -31.386847   -67.944457
   25.263638     4.992143     7.810544     9.479670   -42.035307   -71.295681
   25.161947     5.179879     7.922927     9.442490   -31.485433   -74.856904
   24.742345     5.119910     7.935719     9.307936   -33.318386   -54.906118
   25.101182     5.044260     7.769802     9.357342   -50.024568   -78.394121
   24.921764     5.191804     8.014997     9.400611   -45.923447   -79.925750
   25.466342     5.410984     7.816722     9.462140   -39.059163   -69.570839
   25.087757     4.881611     7.917519     9.428806   -28.668308   -95.735441
   24.886239     5.382149     8.060124     9.401301   -42.684010   -65.468207
   25.075240     4.867166     7.762064     9.383553   -34.151846   -69.989405
   25.026839     5.132224     7.872459     9.381034   -54.862759   -74.583170
   25.040808     5.227247     8.163318     9.534438   -34.397626   -81.880362
   25.090966     5.206766     7.867931     9.449442   -62.940590   -49.162976
   25.242704     4.917672     7.732001     9.393153   -35.629880   -89.783067
   25.266119     4.960831     8.097740     9.639952   -30.745511   -82.753000
   24.707001     4.951827     8.216775     9.442791   -33.543940   -92.501195
   25.382829     5.207130     7.925955     9.611511   -59.160315   -55.054028
   25.744729     5.124298     7.707101     9.634755   -53.544272   -67.419967
   25.074605     5.260722     8.043210     9.362274   -16.607991  -122.751113
   25.799911     5.290748     7.730946     9.572297   -48.010595  -104.892585
   25.239836     5.191244     7.997777     9.446893   -28.508887  -116.779424
   25.243815     5.199431     7.829590     9.307200   -19.845018  -125.220896
   25.400932     4.951514     7.789215     9.471657   -32.369949  -102.019867
   25.231401     5.022902     8.136200     9.628932   -37.116052   -89.955225
   25.271194     5.132989     8.205266     9.644886   -32.919252  -100.221957
   25.413177     4.979385     8.036609     9.604435   -25.925029  -113.330861
   25.579883     5.162261     7.688162     9.479700   -40.139301   -85.150157
   25.528034     4.927353     7.886058     9.604309   -21.381343   -91.510940
   25.753280     4.892690     7.820589     9.618122    -7.261875  -117.421705
   25.699117     4.951598     7.698932     9.499635    -9.110686  -116.289870
   25.389963     5.097489     7.945509     9.502364   -26.872459  -115.810995
   25.492597     5.402546     7.939080     9.456361   -21.743577  -112.300990
   25.267987     4.910869     7.969739     9.510913   -22.012643  -108.368427
   25.640777     5.121172     8.059272     9.716229   -24.849008   -93.680809
   25.521349     5.068240     7.733984     9.447652   -19.877203   -97.476277
   25.432232     5.381339     7.734200     9.273899   -16.696074  -120.735736
   25.439658     5.006827     7.827734     9.443267   -14.277756  -121.793830
   25.191579     5.223319     8.024300     9.560719   -50.620565   -63.367435
   25.390990     5.105702     7.924050     9.475891   -24.238774  -121.103862
   25.151617     5.135650     7.926014     9.445655   -34.555132   -80.070398
   25.384201     5.291614     7.900700     9.485644   -26.153530   -75.650896
   25.235525     5.377112     8.021957     9.520925   -48.703950   -72.883836
   25.400172     5.197627     8.003797     9.579515   -32.322808   -86.800475
   25.273727     5.296847     8.185131     9.559146   -14.457226  -105.401472
   25.139408     5.073625     7.797752     9.257966    -7.822483  -116.751413
   25.318548     5.237637     8.151378     9.597909   -24.172246   -97.093658
   25.284815     5.192223     7.997452     9.462715   -27.916642  -119.372813
   25.427345     5.256305     8.082045     9.644532   -26.309411   -68.909815
   25.206484     5.374353     7.927539     9.403655   -25.992296   -73.478723
   25.235930     5.321527     8.103464     9.554133   -28.123895   -76.132600
   25.367563     5.041179     7.890705     9.553167   -36.371514   -76.641176
   25.016238     5.469253     7.648202     9.093351   -39.952171   -66.869218
   25.086761     5.169428     7.726346     9.278641   -38.811758   -74.862130
   25.034141     5.318655     8.017638     9.386054   -20.387966   -81.744602
   25.141747     5.422487     7.933164     9.332356   -19.319988   -85.495155
   25.339898     4.992631     8.048157     9.632666   -27.994742   -82.110515
   24.963582     5.117136     8.049268     9.479680   -38.165567   -64.965716
   25.251176     5.370393     8.044011     9.495111   -26.268729   -81.060683
   25.489224     5.177793     7.642626     9.393384   -28.817035   -74.477071
   25.021148     5.347417     7.713695     9.165339   -35.040838   -79.600790
   25.014562     5.370729     7.926684     9.321319   -30.151487   -76.769738
   25.168682     5.103932     7.780671     9.344758   -33.577206   -87.191295
   25.189309     4.859002     7.773515     9.461961   -46.843702   -70.673459
   24.897217     4.767401     7.749532     9.267485   -21.725356   -88.205010
   25.016597     5.335469     7.630132     9.115680   -43.761306   -78.598804
   25.432995     5.305692     7.844688     9.528751   -47.745744   -59.165601
   25.409701     5.334136     7.677906     9.352791   -37.355009   -74.292808
   24.872702     5.207951     8.089553     9.403792   -21.625535   -76.918865
   24.923402     4.771162     8.100119     9.485551   -22.800277   -95.536817
   25.049528     5.166101     7.652545     9.160178   -39.656814  -103.643870
   24.862020     5.504011     7.814444     9.123728   -37.367871   -75.950970
   25.546814     5.190943     7.660293     9.382623   -19.358539   -91.864283
   25.081357     4.891597     7.868272     9.367473   -25.671697  -108.687359
   24.697001     5.096396     7.870403     9.130662   -21.656938  -106.151619
   25.455687     5.485794     8.033641     9.536127   -40.659888   -98.016054
   24.913780     5.121849     7.917824     9.301007   -30.257886   -91.799402
   25.189243     5.271217     7.630945     9.194128   -30.559612   -86.130702
   25.058003     5.187496     7.848938     9.338616   -48.193368   -85.737554
   25.360847     5.360768     7.908477     9.492059   -43.278308   -76.535142
   25.176690     4.943963     7.786031     9.394825   -25.792288   -80.021976
   24.646863     5.101710     7.934450     9.232855   -34.749599   -71.371245
   25.024838     5.269127     8.056273     9.389954   -23.528497  -102.346212
   25.404899     5.233965     7.803303     9.467654   -35.406231   -73.249747
   25.256759     5.023282     7.661736     9.366294   -35.206699   -66.268991
   24.961207     5.106676     7.756141     9.252390   -37.426443   -75.491964
   25.847336     5.058194     7.626649     9.552785   -25.090007   -94.711058
   25.297060     5.289915     7.999082     9.494583   -30.033540   -91.492384
   25.232314     5.120425     7.621906     9.276063   -32.125865   -75.483865
   25.121908     5.442183     7.710378     9.233624   -44.938216   -57.132143
   25.091517     5.494738     7.910284     9.325638   -36.177848   -70.684125
   25.261564     5.288817     8.156744     9.619430   -29.864773   -71.783821
   25.201583     5.352811     8.089254     9.535246   -36.218265   -76.159179
   24.870739     4.978432     7.952103     9.373358   -28.161978   -71.459444
   25.268978     5.088254     7.787578     9.449626   -47.207771   -71.805985
   24.872157     5.195274     7.866106     9.242428   -32.053890   -84.348231
   25.295666     5.150291     7.912114     9.536621   -49.258179   -71.045200
   24.984599     5.122711     7.925658     9.388469   -44.683516   -75.693302
   25.343584     5.320245     7.854772     9.485341   -45.242451   -59.931358
   25.488834     5.022595     7.672049     9.480764   -30.951867   -64.394452
   25.344424     5.190180     7.882597     9.470082   -27.885444   -86.777193
   24.923923     4.903697     7.919067     9.312890   -21.607869  -112.151124
   25.247707     5.190898     7.979194     9.502997   -30.182985   -81.903641
   25.092739     5.173797     7.928589     9.346179   -28.101715  -109.188927
   25.131212     5.223475     7.662976     9.229705   -37.818694   -78.539246
   24.902458     5.094339     7.962133     9.388837   -47.755747   -72.565408
   25.281020     5.432313     7.837189     9.375635   -31.726528   -63.886628
   25.628536     5.439473     7.715401     9.324516   -11.126168  -115.110488
   24.749196     5.328832     7.735132     9.041920   -39.391727   -82.927381
   25.293617     5.161163     7.609867     9.286019   -40.709153   -85.366698
   25.219030     5.144219     7.588777     9.266408   -49.533914   -77.422298
   25.043288     5.133019     7.811032     9.306939   -32.259417   -81.747472
   25.018563     5.235544     7.953197     9.354899   -28.160987   -88.352572
   24.965822     5.342225     7.825359     9.221879   -33.518723   -82.269937
   25.151622     5.040113     7.805647     9.380728   -33.043407   -80.903789
   25.228489     4.899997     7.748093     9.428097   -26.510267   -69.450982
   25.234207     5.451086     7.833237     9.323717   -29.361524   -77.002080
   25.145788     5.096110     7.700076     9.253073   -26.239121   -95.025568
   25.106794     4.974790     7.868650     9.427718   -30.332096   -74.019580
   25.107324     5.470515     8.212798     9.530855   -32.345118   -87.971242
   25.047022     5.360983     7.874228     9.301278   -35.524854   -80.973960
   24.811415     5.047728     8.116071     9.373662   -21.233646  -104.173265
   24.030012     5.259726     8.017793     8.896425   -29.295920   -91.434953
   25.088537     5.034387     7.919129     9.417365   -25.992715   -82.056713
   25.498157     4.970231     7.779524     9.560523   -31.895235   -71.860688
   24.942896     5.020717     7.895504     9.359651   -35.777685   -76.326173
   25.221313     5.051213     8.124874     9.678360   -41.698511   -58.627543
   25.338919     5.108364     8.113144     9.670758   -29.723259   -70.083251
   25.401028     4.891020     7.857059     9.601383   -30.772314   -64.219957
   25.229538     5.296920     7.760313     9.338376   -31.610524   -64.555946
   25.418820     4.967863     7.698321     9.493455   -43.564066   -68.287937
   25.599996     5.033056     7.551251     9.451270   -42.808451   -76.944740
   25.051029     4.851868     7.960899     9.478210   -26.271247   -77.961369
   25.064755     4.992445     7.998430     9.480140   -22.059258   -73.564908
   25.379956     5.408598     8.218301     9.728499   -65.990271   -73.296386
   25.224714     5.317973     8.110580     9.621583   -61.174041   -64.090593
   25.522298     5.160637     7.863178     9.581642   -52.271751   -88.547139
   25.280055     4.944735     7.846140     9.478698   -42.986462   -95.365152
   25.192057     4.895817     7.668200     9.363702   -49.521884   -85.039288
   25.639821     5.179590     7.992218     9.739331   -60.877136   -81.146361
   25.129563     5.367588     7.887827     9.403978   -66.764092   -71.865675
   25.277868     5.167631     8.043173     9.633003   -72.645045   -73.427674
   25.185231     5.145310     7.989635     9.469215   -12.672782   -77.423549
   25.621196     5.508480     7.830712     9.490314   -33.398143   -67.437183
   25.752744     5.016532     7.828576     9.663145   -22.985638   -84.896138
   25.297381     5.352039     8.036450     9.522012   -28.550506   -78.817385
   24.871394     5.002034     7.851737     9.287981   -23.528169   -73.869639
   24.729547     5.446041     7.807240     9.101087   -44.540144   -61.971395
   25.097573     5.166830     8.130000     9.581178   -41.300101   -68.948019
   24.689973     5.058257     7.684226     9.091205   -39.020894   -67.164906
   24.620834     4.988523     8.012709     9.270893   -23.902021   -79.948882
   25.289134     4.872401     7.844738     9.512057   -36.379908   -83.863717
   25.103620     5.064637     7.939483     9.414533   -16.243775   -82.682019
   25.232001     4.938252     7.878663     9.521978   -40.933358   -71.142517
   25.001982     4.853847     7.794569     9.376224   -34.947338   -69.213886
   25.440272     5.143155     7.858239     9.583625   -46.667757   -60.142773
   25.073417     5.324712     8.118036     9.501446   -38.375017   -82.097256
   24.994015     5.384704     7.843958     9.281071   -43.513666   -65.865878
   25.511836     5.334360     7.866292     9.522297   -34.928382   -77.651517
   25.567003     5.180694     7.957608     9.596970   -17.081365   -88.938723
   25.148203     5.053231     7.702675     9.352263   -42.537353   -62.422223
   24.976300     5.098563     7.821317     9.320474   -39.930371   -71.307577
   25.016011     5.114255     7.675539     9.183917   -23.590398   -82.001283
   25.219697     5.106182     7.980456     9.486638   -25.158964   -90.381487
   24.923390     4.795866     8.071915     9.490009   -24.742401   -82.282288
   24.815509     5.020871     8.157012     9.511534   -36.558544   -61.369201
   25.014716     5.131061     7.849810     9.345968   -34.301336   -69.947820
   25.406080     4.960561     7.831566     9.505827   -16.785745   -85.157980
   25.186442     4.964615     7.977059     9.501970   -21.484270   -87.053960
   24.708718     5.058155     7.937307     9.281984   -47.425716   -73.000781
   25.075914     5.199340     8.071301     9.424436   -16.969893  -104.326937
   25.019908     5.221868     7.971640     9.402507   -32.927331   -75.674177
   25.385870     5.085505     7.894449     9.547740   -42.780554   -84.552348
   25.010562     5.232320     8.144499     9.505129   -28.159460   -78.642094
   25.188730     5.303759     7.631404     9.234868   -55.812068   -83.246115
   25.544407     5.124678     7.609438     9.403192   -44.890305  -108.769783
   25.153551     5.178922     8.048118     9.488549   -46.698307  -104.675761
   25.518526     5.114932     7.737116     9.488851   -51.070716  -105.543561
   25.322602     5.102816     7.800831     9.427531   -48.837984  -106.655401
   25.886440     5.148890     7.936935     9.770107   -47.814835  -111.458214
   25.283291     5.279658     8.049649     9.481604   -29.428694  -116.927449
   25.128479     5.311851     8.064818     9.424413   -33.026510  -116.461963
   25.324981     5.212477     8.016085     9.490213   -25.966214  -114.785417
   25.325267     5.116125     7.881576     9.431146   -31.824065  -119.496909
   24.850478     5.389969     8.112382     9.334889   -35.968461  -110.897075
   25.678485     5.349132     8.046375     9.693959   -49.860419   -99.886968
   25.622761     5.027884     8.018100     9.721721   -39.988343  -100.254568
   25.122203     5.229933     7.994136     9.381105   -28.057083  -117.211237
   25.610627     5.343788     7.743781     9.446151   -38.993147  -108.504071
   25.289271     5.219450     8.182098     9.571743   -22.983666  -123.535830
   25.408575     5.375254     7.923027     9.405779   -22.174079  -121.948648
   25.120240     5.333625     7.961238     9.345514   -33.636486  -113.955613
   25.461741     5.245453     8.008907     9.548814   -26.239708  -107.415698
   25.180908     5.226786     7.927033     9.393869   -33.086182  -101.701372
   25.199542     5.306589     8.173294     9.544072   -32.768049  -107.152188
   25.376164     5.208432     7.848533     9.362374    -9.600480  -120.924155
   25.314412     5.149082     7.743971     9.342766   -30.132174  -104.018416
   24.959882     5.004996     7.950010     9.355145   -37.316069  -105.332350
   25.032522     5.142901     8.080626     9.434410   -37.566934  -118.767211
   25.461449     5.425072     8.024184     9.518415   -32.532398  -109.347134
   25.423487     5.425193     8.151772     9.620343   -50.908041  -118.150671
   25.373937     5.260317     7.723125     9.339462   -41.936480  -115.063602
   25.409196     5.270618     8.004850     9.541835   -41.445476  -108.242740
   25.353695     5.231770     7.765903     9.354157   -36.217304  -113.344566
   25.348633     5.301972     7.895113     9.447016   -48.713001  -110.475488
   24.974480     5.162574     7.824952     9.204279   -28.433919  -123.759604
   25.545358     4.967137     8.009035     9.676569   -11.784310   -85.818557
   25.466279     5.266581     7.597362     9.374183   -47.533685   -66.975191
   25.076684     5.113115     7.622956     9.182551   -29.280661   -83.923309
   25.367328     4.984175     7.628674     9.400629   -39.668532   -74.328350
   25.024599     5.043200     7.792086     9.341827   -37.749698   -67.463935
   24.948630     5.089132     8.123431     9.564827   -41.672232   -50.772007
   25.158109     4.972863     7.611913     9.310346   -38.730817   -63.651261
   24.988293     5.118414     7.732094     9.234675   -31.647629   -76.349079
   25.022542     5.401482     7.749836     9.181967   -32.968476   -74.409192
   25.221898     5.399548     8.265418     9.591336   -22.300197  -101.538222
   24.976323     4.963014     7.763601     9.264944   -20.475188   -83.456095
   24.854838     5.007420     7.848296     9.264206   -20.161859   -77.451860
   25.523452     5.331593     7.766777     9.416129   -17.621009   -79.141855
   24.768336     5.000166     8.162306     9.458420   -38.528013   -78.126468
   25.083350     5.260962     8.047627     9.492607   -45.763864   -75.391125
   25.203952     5.047145     7.787755     9.378531   -29.748999   -85.146195
   25.323537     5.369333     8.077808     9.571380   -39.344801   -79.711856
   25.090936     4.926349     7.707672     9.305153   -29.069072   -83.421944
   25.492153     5.655937     8.088222     9.555101   -35.976997   -78.751033
   25.064425     5.047616     7.884985     9.417844   -39.506175   -71.818753
   25.003505     5.058811     8.039046     9.495980   -28.590836   -62.498053
   25.284805     4.981540     7.808039     9.464228   -24.100221   -71.577791
   25.193987     5.105395     8.026800     9.540992   -29.098084   -74.812222
   25.251049     5.052606     7.953868     9.546500   -39.697370   -74.415636
   25.249489     5.116283     7.811192     9.417146   -30.329890   -75.901885
   25.229356     5.060615     7.834107     9.442623   -38.349713   -79.349543
   24.824110     4.924340     7.968693     9.430917   -50.724612   -56.113270
   24.881719     5.183988     7.844903     9.275916   -34.339211   -62.891577
   25.087634     4.753476     7.870797     9.502094   -35.328647   -65.193106
   25.250003     5.133774     7.874478     9.443105   -22.201144   -75.456569
   25.304307     5.017724     7.913066     9.523687   -40.824952   -89.526176
   25.072736     5.087237     8.117757     9.486957   -22.588757  -104.153498
   25.177694     5.030624     7.812540     9.403548   -34.532977   -80.187982
   25.059916     5.218300     7.594388     9.162426   -50.697747   -78.658010
   24.849161     5.376796     7.805017     9.170984   -41.766618   -67.891962
   25.296024     5.350048     7.945017     9.493119   -33.919018   -62.477494
   24.816894     5.295621     8.053741     9.339606   -23.323260   -75.145641
   25.123584     5.162788     8.041772     9.459965   -27.483937   -97.969698
   24.728702     5.155913     8.081811     9.358056   -33.011851   -77.002968
   25.262869     5.139156     7.645228     9.309844   -28.743600   -66.696379
   25.235682     5.375332     7.766337     9.337167   -35.132445   -56.407758
   25.056717     5.315488     7.899335     9.374295   -46.636546   -69.015078
   25.253870     4.893813     7.684570     9.409549   -40.335840   -74.490709
   25.022576     5.187487     8.055746     9.467059   -29.887276   -74.723599
   25.399898     5.023493     7.831071     9.521276   -30.369179   -77.792032
   24.655906     5.133079     8.081343     9.346221   -25.526083   -63.563492
   25.452463     5.184511     7.626508     9.375217   -31.998073   -70.138926
   25.450612     5.049617     7.745286     9.453926   -21.807699   -84.094018
   25.410570     5.191602     7.807879     9.456824   -23.283156   -75.371384
   24.946305     4.876029     7.849074     9.362920   -32.047814   -75.405098
   25.262248     5.208046     7.760486     9.334374   -35.166154   -96.971953
   24.878700     4.919038     8.030592     9.450416   -29.606724   -68.618543
   25.245528     4.971949     7.810691     9.474066   -33.209092   -66.287816
   25.421256     5.414461     8.087658     9.629167   -45.433586   -70.846006
   24.991751     5.125491     7.896640     9.381105   -39.008634   -67.356032
   24.957791     5.259621     7.966983     9.365014   -24.972732   -64.980822
