   26.918080     5.193808     7.313263     9.932629   -33.538486   -99.842233
   26.853280     5.343639     7.584910     9.944952   -39.070685   -89.056812
   27.491609     5.429718     7.392087    10.085133   -29.306830   -98.863789
   27.497942     5.544118     7.321401     9.951646   -27.390670   -98.036484
   27.187861     5.562287     7.762005     9.997114   -28.183234   -79.218016
   27.334897     5.544525     7.392131     9.966341   -40.056253   -95.849582
   27.057389     5.572292     7.718354    10.003509   -46.650403   -77.149434
   27.664409     5.584200     7.379703    10.048882   -24.358499  -107.674425
   26.662990     5.387054     7.259514     9.602543   -27.894702   -85.861055
   27.107918     5.742777     7.485600     9.756751   -39.922978   -83.047545
   27.254420     5.577637     7.498140     9.942579   -39.954126   -89.790069
   27.284087     5.421264     7.213564     9.890387   -26.959438  -101.689184
   26.911958     5.398714     7.336524     9.861135   -48.461729   -95.076918
   27.626752     5.523329     7.254174    10.138815   -38.832080  -113.755492
   27.401929     5.790052     7.415725     9.834006   -41.259594   -90.925154
   26.942956     5.239810     7.314650     9.914266   -38.323517   -78.949697
   27.579381     5.441988     7.345722    10.122157   -42.921611   -74.142601
   27.714560     5.558204     7.667531    10.167808   -33.857021   -70.868435
   26.681774     5.326988     7.502553     9.820578   -38.043140   -73.447320
   26.980814     5.512306     7.753767     9.961413   -34.560585   -66.965597
   26.762461     5.579654     7.896110     9.927547   -35.112417   -63.587612
   27.141221     5.574686     7.695373     9.939294   -30.274759   -75.373580
   27.491997     5.734386     7.564312     9.867836   -21.860019   -83.632632
   26.883863     5.357700     7.751744     9.982223   -27.063210   -68.853774
   27.116877     5.639114     7.442207     9.752662   -31.933082   -74.059601
   27.292026     5.344379     7.694546    10.160613   -32.543787   -75.540081
   27.291392     5.202043     7.411489    10.079687   -20.726313   -79.019217
   26.820185     5.640880     7.781319     9.836002   -31.629829   -67.850968
   26.934882     5.360296     7.640846     9.991482   -39.568390   -64.883525
   27.269083     5.603954     7.711777     9.985712   -33.729172   -69.120498
   26.849868     5.338281     7.392954     9.782775   -25.817950   -77.836044
   26.473444     5.402417     7.926370     9.953303   -42.678665   -95.469700
   27.503854     5.772654     7.577594     9.923181   -24.854921  -106.192080
   26.915532     5.756549     7.839052     9.827089   -28.322072   -72.008948
   27.315922     5.569988     7.615704    10.009988   -38.451354   -76.790762
   27.024183     5.355538     7.437835     9.920402   -35.413793   -81.034231
   27.444709     5.285166     7.465551    10.095055   -10.097057   -99.234369
   27.146735     5.341581     7.636311    10.021857   -21.944559   -78.181617
   27.222750     5.688951     7.821962     9.943142   -19.913559   -89.562817
   27.220036     5.432142     7.544584     9.943186   -21.821920   -77.755178
   27.065579     5.355981     7.469594     9.911503   -24.251421   -90.116557
   27.074893     5.585703     7.549188     9.798785   -23.876294   -81.040748
   27.220481     5.548299     7.748274    10.049051   -40.970237   -62.864947
   27.318253     5.666235     7.412952     9.844949   -37.153601   -86.073093
   27.082705     5.474115     7.725852     9.956183   -18.398068   -91.032102
   26.723437     5.544117     7.832489     9.898164   -32.575502   -84.908458
   26.970888     5.586522     7.763196    10.015058   -51.808816   -79.887356
   27.135307     5.655299     7.479882     9.794365   -37.035268   -74.076343
   27.409024     5.733606     7.474113     9.858596   -38.986660   -72.894385
   27.186802     5.799678     7.618947     9.810821   -31.925647   -94.750731
   27.199474     5.655016     7.556211     9.820072   -23.443557   -92.915020
   27.193491     5.535352     7.298134     9.820646   -38.955558   -80.132263
   27.441250     5.463428     7.175463     9.921544   -25.091329  -102.321018
   27.414072     5.574966     7.340026     9.917754   -40.531224   -74.649138
   26.993617     5.622002     7.638632     9.865621   -36.110714   -92.647285
   27.254380     5.477465     7.207385     9.813548   -27.224067   -94.219080
   27.136733     5.657535     7.768597    10.044531   -50.782514   -83.020553
   27.270012     5.530184     7.279051     9.862545   -40.211465   -82.233687
   27.432801     5.540312     7.296355     9.923707   -36.246621   -82.069884
   27.104134     5.339370     7.261639     9.938188   -40.178726   -97.937279
   26.722638     5.690940     7.644451     9.739080   -39.222913   -96.043872
   26.839746     5.586092     7.887121     9.937794   -25.912934  -100.145534
   27.208690     5.460919     7.667023    10.124879   -45.375590   -89.442314
   27.181354     5.386142     7.266899     9.881655   -28.932251   -94.611974
   27.170272     5.552811     7.641904     9.964635   -30.821187   -96.946255
   27.390908     5.620033     7.720195    10.040392   -21.726757  -108.386177
   26.795599     5.404961     7.381414     9.779389   -40.686291   -92.833519
   27.340306     5.639397     7.338250     9.876934   -39.558921   -98.876861
   26.787621     5.648188     7.533507     9.719848   -39.264110   -96.815929
   26.965547     5.704153     7.743025     9.860259   -34.465870   -87.596979
   27.108359     5.482040     7.598866     9.895562   -19.891048   -90.883562
   27.042073     5.555373     7.360464     9.794039   -44.695288   -78.204829
   27.302716     5.667916     7.466375     9.935616   -40.258048  -109.592681
   26.849333     5.495804     7.549487     9.862763   -47.313909   -77.467287
   27.653924     5.728832     7.532205     9.964705   -36.503999   -67.760798
   27.291182     5.584041     7.772436    10.068613   -34.292193   -84.048630
   26.957511     5.582990     7.676978     9.902212   -38.966587   -84.842997
   27.000890     5.747926     7.595695     9.725727   -24.765798   -99.533516
   27.336875     5.477318     7.276840     9.977350   -44.967415   -88.785465
   27.244935     5.451560     7.819298    10.221832   -46.168930   -84.155292
   27.198832     5.640385     7.325143     9.821591   -46.959935   -90.661381
   27.449642     5.637505     7.400054     9.964273   -36.873738  -103.585388
   27.601544     5.319126     7.697488    10.249673   -12.369388   -95.372493
   26.932538     5.589131     7.499656     9.800441   -42.503866   -88.058940
   27.203937     5.367960     7.332275     9.881052   -18.636337   -92.225765
   27.126487     5.454837     7.760551    10.033318   -20.601288  -103.708591
   27.064324     5.371870     7.503497     9.898162   -17.561698  -101.254388
   27.419060     5.548166     7.652880    10.051178   -33.154784   -72.782447
   27.841119     5.483921     7.726316    10.294556   -21.239789   -93.073992
   27.193868     5.343469     7.480738     9.981292   -27.926850   -68.193243
   27.667360     5.538003     7.484112    10.012433    -6.416759  -105.987019
   27.364585     5.315780     7.685446    10.273641   -42.255043   -80.895005
   27.592199     5.365054     7.423194    10.195944   -32.573059   -87.301669
   27.363388     5.325459     7.702822    10.303154   -48.981289   -76.806058
   27.250718     5.432955     7.530227     9.990513   -28.497207   -85.649337
   26.874213     5.375304     7.703078     9.976009   -33.190233   -88.612353
   27.207788     5.528764     7.692201    10.014542   -27.550319  -100.079394
   27.066155     5.356618     7.447328     9.937554   -34.822246   -75.823474
   27.189708     5.630437     7.523505     9.835273   -30.451033   -84.031311
   27.273806     5.293659     7.385441    10.052302   -29.069887   -90.825521
   27.193562     5.302802     7.421287    10.047382   -30.210147  -103.388316
   27.179181     5.505841     7.407477     9.847394   -25.811070   -98.090810
   27.198852     5.578996     7.683371     9.969558   -32.055071   -82.528238
   27.242024     5.523698     7.572171     9.948307   -20.508750  -109.945214
   27.039449     5.376727     7.833593    10.127823   -34.975955   -85.777717
   26.875286     5.383302     7.802532    10.064755   -38.285738  -102.271520
   26.883879     5.390412     7.315846     9.757857   -32.274464   -89.656170
   27.540769     5.658813     7.551784    10.055816   -34.194573  -103.556955
   26.817395     5.582691     7.724166     9.866655   -34.625917   -98.779822
   27.387538     5.440231     7.521883    10.066887   -30.737883   -90.078338
   27.389249     5.533761     7.735499    10.105840   -25.089298  -101.021209
   27.009873     5.265959     7.661779    10.047887   -20.423868  -109.719727
   27.160857     5.422195     7.420438     9.949774   -30.858437  -107.212540
   27.343243     5.426919     7.866382    10.262195   -28.721746  -109.079262
   27.162272     5.432630     7.741630    10.047000   -14.993909  -116.362114
   27.521314     5.572539     7.632288    10.158251   -35.946667  -102.382641
   27.006926     5.665769     7.861700     9.995026   -38.974306   -89.799218
   26.830494     5.522531     7.703303     9.902409   -28.383581  -132.646867
   26.883436     5.413923     7.807942    10.002673   -28.155978   -95.114112
   27.173784     5.447846     7.539499    10.076333   -47.087606   -99.238496
   27.102900     5.699559     7.711891     9.925625   -32.164455  -112.695832
   26.997930     5.349572     7.672721    10.050892   -35.782215   -95.505472
   26.809445     5.636426     7.677477     9.796952   -32.180985  -101.649659
   27.430554     5.310995     7.209607    10.042807   -29.396761   -85.560707
   27.011503     5.477412     7.457813     9.929313   -49.689989   -94.401268
   27.782302     5.582019     7.452450    10.111286   -22.799731  -101.216491
   27.372114     5.764014     7.647442     9.981659   -38.682327  -103.260880
   27.336133     5.463608     7.282813     9.937829   -38.207652   -81.591570
   26.985891     5.431051     7.809421    10.057754   -29.943912  -103.726190
   27.259110     5.778462     7.790012     9.984563   -40.969111   -85.529494
   27.468505     5.468462     7.322643    10.072223   -47.433616   -79.572275
   27.372180     5.524793     7.690961    10.060527   -26.755890   -87.685870
   27.040073     5.404594     7.670059    10.004126   -36.177431   -61.030841
   27.072608     5.507448     7.538024     9.896066   -36.982796   -75.337921
   27.070057     5.802919     7.462978     9.672333   -36.968245   -76.815165
   27.491498     5.539842     7.358903     9.948191   -19.450242  -107.977042
   27.229965     5.535742     7.513798     9.962693   -38.500338   -91.272118
   27.601131     5.681434     7.467180     9.939092   -19.422590  -104.841388
   27.139363     5.656309     7.638733     9.924014   -41.240392   -86.524769
   27.122634     5.313154     7.481295     9.944837   -14.254692  -103.248017
   27.258002     5.462048     7.411408     9.926001   -30.654930   -86.350008
   27.374730     5.455237     7.397939     9.971161   -18.313630  -111.644434
   26.958234     5.384174     7.510584     9.959907   -46.419871   -81.707998
   27.426368     5.594637     7.402922     9.976010   -31.782280  -111.033145
   27.467746     5.588319     7.445980    10.068890   -40.219741  -107.852247
   26.708196     5.280027     7.661591     9.962901   -41.076143   -91.665421
   27.243811     5.395309     7.600850    10.079003   -27.593635  -104.035649
   27.132098     5.410929     7.893936    10.180790   -33.536874   -90.894829
   26.881208     5.753768     7.547009     9.699288   -36.397015   -99.471549
   27.081165     5.236456     7.252952     9.891527   -18.532662   -98.653892
   27.440890     5.485968     7.313428     9.997757   -28.147168  -108.702480
   27.070600     5.248342     7.774802    10.151891   -23.047346  -104.134051
   27.007609     5.383117     7.362861     9.822659   -21.510953  -109.554308
   26.835944     5.473219     7.777184     9.906841   -22.431672   -92.312257
   26.975695     5.356817     7.325968     9.854404   -33.154450  -103.359116
   26.976700     5.403485     7.484420     9.934039   -44.626621   -82.703358
   27.421336     5.172067     7.547199    10.271870   -18.372427  -107.087602
   27.062437     5.380826     7.722081    10.049580   -24.182853  -107.016415
   27.032527     5.260952     7.510176    10.029793   -33.068453   -93.940622
   27.286652     5.658744     7.641505     9.962554   -29.419452  -106.354995
   27.076544     5.471279     7.575077     9.956225   -34.904607   -98.003243
   27.597798     5.699490     7.360693     9.980209   -40.851114   -95.949004
   26.990746     5.379953     7.813693    10.093298   -32.459767   -96.329003
   27.306788     5.588598     7.535386     9.968665   -35.950686   -95.104050
   27.312271     5.557600     7.701744    10.047172   -26.575441  -101.865968
   27.537923     5.416338     7.246569    10.020810   -22.282237   -99.243976
   27.236737     5.519730     7.587443     9.913869   -22.100928   -77.012428
   26.944882     5.444435     7.609840     9.901226   -30.435774   -90.099984
   27.475228     5.718980     7.323417     9.869309   -35.521975  -102.629027
   27.134565     5.476365     7.712301    10.034669   -31.514206   -92.750755
   27.031234     5.375278     7.486430     9.948806   -35.615103   -94.064469
   26.995659     5.448691     7.500370     9.907757   -39.984146   -91.913598
   27.585249     5.683608     7.419176     9.954379   -36.216011   -85.476818
   27.268008     5.471146     7.401044    10.063919   -56.035687   -87.039840
   27.266036     5.353078     7.806746    10.282722   -37.623883  -105.278182
   26.740982     5.485559     7.699352     9.892049   -41.438913   -88.863366
   27.273798     5.519940     7.653686    10.046056   -37.087483   -81.033982
   27.095657     5.142302     7.368619    10.082887   -31.885367   -92.962540
   27.354873     5.605385     7.632652    10.026722   -38.827940   -83.776184
   27.017459     5.365990     7.762414    10.105521   -39.748688   -83.017306
   27.549180     5.689879     7.562690     9.990478   -34.180995   -84.930009
   26.657330     5.203509     7.858856    10.046595   -31.998068   -98.015025
   27.339416     5.469276     8.002503    10.299559   -28.518345  -108.984775
   27.079402     5.485827     7.820628    10.117078   -44.300256   -82.064816
   26.899649     5.328427     7.533244     9.980363   -41.078710  -106.088691
   26.940977     5.438848     7.773430    10.040452   -36.145460  -102.411198
   27.375734     5.383022     7.696307    10.255173   -34.710132  -106.825643
   27.669572     5.709028     7.527395    10.089788   -37.392859  -102.739847
   26.820426     5.331453     7.821522    10.029060   -27.955554  -102.630750
   26.735354     5.397395     7.340111     9.775088   -49.296701   -95.587001
   27.315406     5.392191     7.527534    10.067413   -29.732158   -91.777153
   27.217456     5.283939     7.604365    10.220807   -42.855544   -97.927205
   27.382582     5.690233     7.814133    10.124589   -43.774384   -89.347257
   26.766400     5.056639     7.771781    10.081054   -18.098375   -90.868101
   26.899973     5.414514     7.485352     9.812370   -26.980120   -84.179120
   27.036226     5.639493     7.628883     9.877939   -34.598758  -104.560732
   27.332023     5.381250     7.310084    10.005694   -38.074936   -77.502178
   27.345247     5.504470     7.362899    10.044586   -54.808880   -82.480271
   27.299357     5.575648     7.375979     9.946831   -44.605665   -97.571750
   27.293505     5.373752     7.540567    10.058908   -27.876094   -87.475394
   27.538445     5.522125     7.529744    10.109904   -20.258816  -119.955878
   26.876785     5.251517     7.765129    10.114297   -42.652892   -76.336189
   27.487142     5.659072     7.718264    10.125256   -49.341386   -72.107670
   27.284271     5.442255     7.750035    10.128156   -28.714321   -92.026068
   27.249267     5.271850     7.374951    10.051555   -27.779554   -94.519931
   27.379431     5.571865     7.612918    10.043939   -33.339203   -95.944238
   27.187809     5.452675     7.499737    10.058489   -55.468045   -73.903170
   27.493356     5.368987     7.436586    10.196280   -35.888992   -98.227188
   26.790481     5.142059     7.606163    10.080411   -46.369198   -91.906874
   26.686949     5.331871     7.565377     9.748403    -9.138454   -99.583743
   26.919310     5.623407     7.710132     9.743099     0.743918  -119.564882
   26.850913     5.426758     7.792658     9.898784    -8.552248  -106.635297
   26.731983     5.357029     7.717079     9.806556     0.844548  -105.474317
   26.906927     5.649210     7.826993     9.900313   -33.908863   -70.435879
   27.167577     5.755777     7.715859     9.881388   -35.808389   -77.755152
   27.245243     5.440702     7.619516     9.922515    -0.750305  -104.734383
   26.788391     5.182971     7.562979     9.984365   -35.382900   -89.624184
   27.410138     5.539874     7.352506     9.978816   -32.609708  -107.421032
   27.394290     5.687910     7.458651     9.899738   -32.972658  -101.362038
   27.369081     5.654363     7.256518     9.796300   -37.710236   -82.015037
   26.991251     5.543308     7.356018     9.797078   -47.969965   -83.015233
   26.895998     5.612864     7.783092     9.932079   -40.067151   -84.763687
   26.219248     5.200058     7.500803     9.665561   -41.616984   -92.058228
   26.872314     5.725405     7.749801     9.796282   -22.880275  -116.870902
   27.440236     5.416152     7.755405    10.200157   -14.535030  -117.364204
   27.137040     5.644707     7.492610     9.847142   -32.846576  -112.311193
   27.464085     5.500583     7.530464    10.075782   -11.861721  -133.906854
   27.312708     5.510679     7.312946     9.890401   -25.974071  -108.127038
   27.326280     5.616719     7.661112    10.003990   -21.920895  -117.323508
   27.327617     5.690052     7.508799     9.938945   -34.057676  -116.553657
   26.994709     5.619033     7.894055    10.051004   -31.415050  -128.999933
   27.236215     5.817064     7.527447     9.808821   -29.661678  -121.206126
   27.000460     5.449327     7.687171     9.998855   -26.329428  -124.063729
   27.241011     5.511451     7.439645    10.042860   -44.812090  -116.659514
   27.034214     5.285788     7.474861    10.029046   -32.144894  -116.715189
   27.019875     5.619822     7.469770     9.769122   -22.008514  -128.301535
   27.215165     5.634746     7.872877    10.075257   -33.945335   -90.529401
   26.884380     5.241908     7.568440    10.026930   -39.781814   -96.393218
   27.011650     5.490054     7.673897     9.939996   -21.813188  -118.411754
   26.977726     5.198236     7.467308    10.016852   -28.674301  -104.912542
   27.103718     5.270598     7.750872    10.193056   -37.023053   -90.179155
   26.820292     5.279587     7.643869     9.967878   -31.968730   -88.084714
   26.975378     5.360747     7.482137     9.903450   -26.444278  -108.754324
   27.103897     5.441583     7.584871    10.031445   -43.565909   -91.967325
   27.399109     5.679036     7.501512     9.834891    -4.247532  -125.868038
   27.355717     5.358858     7.510429    10.130063   -32.363566   -95.544058
   26.965534     5.555160     7.750610     9.931084   -28.786035   -96.751701
   26.941648     5.528093     7.495459     9.828552   -40.604779   -87.583957
   27.196485     5.286326     7.372415    10.046624   -38.348038   -82.326189
   27.077422     5.317059     7.265002     9.850063   -26.106039   -83.210112
   27.046304     5.443730     7.522117     9.969641   -38.418878  -108.626304
   26.977002     5.388171     7.408851     9.899915   -44.179092   -79.079980
   27.443337     5.545590     7.257410     9.865653   -25.462046   -90.765707
   27.235742     5.621048     7.430024     9.860283   -35.370172   -98.872642
   27.115348     5.380921     7.893829    10.213754   -37.237499   -94.235763
   27.524272     5.471818     7.433879    10.086090   -36.677459   -80.902019
   27.264067     5.285686     7.274065    10.024726   -32.702275   -90.197251
   27.583540     5.629775     7.203575     9.985652   -48.168131   -90.432576
   26.931094     5.340072     7.396593     9.806176   -16.853853  -108.798842
   27.273984     5.447720     7.302890     9.894156   -19.708367  -114.945413
   27.053904     5.251251     7.354418     9.918074   -18.021365  -105.945256
   26.960038     5.391879     7.559746     9.957193   -43.831772   -63.916919
   27.296073     5.544605     7.881891    10.164692   -29.996400  -100.349170
   27.239535     5.347652     7.437270    10.044594   -31.823494   -98.521111
   27.087686     5.363649     7.374085     9.847586   -13.465877  -111.020025
   27.355583     5.467267     7.737637    10.151655   -20.684935  -117.589956
   27.300148     5.402303     7.477523    10.103017   -47.438614   -77.465266
   26.916900     5.306111     7.386888     9.853441   -29.251261   -87.928338
   26.745741     5.280212     7.854076    10.053522   -33.983407   -77.434978
   27.237116     5.468313     7.317126     9.874115   -31.482613   -88.579046
   27.160616     5.471500     7.387091     9.833203   -23.988332   -90.799678
   27.191789     5.551904     7.424154     9.882849   -36.796760   -95.164622
   27.127364     5.283166     7.499403    10.012955   -24.395514   -92.716325
   27.306749     5.344821     7.269789    10.023029   -35.827575   -93.526527
   26.868175     5.158559     7.430753     9.967324   -30.360943   -99.937889
   27.207675     5.264936     7.316028    10.062402   -37.114435   -95.687837
   27.363275     5.475732     7.567418    10.024664   -27.746560   -84.376010
   26.794335     5.465802     7.388440     9.713992   -34.568812   -87.274527
   27.482644     5.489500     7.338238     9.995259   -28.097396   -96.889330
   27.068080     5.341857     7.364502     9.917191   -31.539388   -97.385256
   27.115212     5.305840     7.284787     9.966770   -36.900376   -99.386189
   27.409042     5.768358     7.502816     9.918820   -37.090913  -108.539929
   27.514394     5.470213     7.341125    10.053864   -31.547313   -97.651927
   27.279586     5.723033     7.572457     9.895159   -34.380148  -101.722796
   27.384913     5.615104     7.288419     9.863288   -36.174434   -94.012963
   26.889011     5.233761     7.650146    10.035398   -31.234951   -97.509670
   27.245819     5.475024     7.479927     9.968374   -38.903391   -71.473836
   26.887659     5.164770     7.369045     9.898947   -21.481577   -93.102090
   27.129941     5.374816     7.474721     9.985451   -37.374203   -79.974465
   27.476343     5.678423     7.378017     9.882961   -30.187149   -98.542792
   27.049617     5.488102     7.738738    10.127683   -57.941863   -83.293011
   27.506101     5.480297     7.403493    10.092933   -40.647437   -85.693683
   26.918278     5.152278     7.532712    10.036945   -30.099389   -91.224448
   27.005178     5.248690     7.415642     9.954368   -28.714010   -90.753056
   27.216590     5.348021     7.625674    10.121833   -36.210788   -83.807586
   26.999022     5.266068     7.671929    10.092225   -36.538799   -80.721262
   27.085790     5.559304     7.488682     9.907415   -45.663679   -94.160075
   26.908583     5.381991     7.208499     9.779917   -46.027643   -81.957630
   27.020343     5.356844     7.482790     9.937631   -32.981691   -90.967175
   27.395379     5.438866     7.282113    10.033129   -34.163468  -109.133812
   26.729493     5.097824     7.504059     9.979758   -36.108483   -89.295247
   28.014271     5.542888     7.308986    10.304172   -39.614584   -91.042968
   27.548021     5.472088     7.419569    10.101885   -33.186853   -93.133744
   27.403761     5.446497     7.252617     9.986582   -35.283519   -94.529356
   27.252759     5.232840     7.250845    10.077723   -38.475972   -86.860599
   26.929707     5.242680     7.264793     9.952229   -50.766142   -89.018317
   27.353745     5.427891     7.347382    10.087389   -51.445075   -84.261749
   27.148365     5.208016     7.486057    10.143742   -34.235892  -103.001204
   27.334037     5.308045     7.516720    10.180808   -30.317439  -108.569442
   27.079898     5.443949     7.736376    10.080292   -37.330233   -96.810161
   27.076099     5.385653     7.469135     9.958084   -33.094966  -103.213051
   27.166760     5.529933     7.439671     9.885769   -35.423878   -94.947968
   27.126513     5.452417     7.601088     9.938398   -16.414520  -112.157678
   27.499489     5.680864     7.315720     9.800451   -24.816237   -83.368844
   27.093728     5.408191     7.464603     9.892715   -20.904998  -107.003814
   26.960932     5.560063     7.670086     9.854563   -24.240229   -96.063646
   27.579416     5.486392     7.289334    10.071771   -33.263490   -98.928425
   27.419740     5.651669     7.790146    10.098914   -33.971462   -90.751586
   27.088190     5.212248     7.340069    10.006307   -28.501733  -100.460872
   27.523596     5.753746     7.633906    10.055561   -41.170909  -100.095163
   27.309923     5.628763     7.346918     9.863656   -38.899508   -96.438644
   26.976820     5.087689     7.363316    10.055210   -31.078084   -98.820607
   27.098784     5.469443     7.502821     9.892144   -30.699028   -85.994447
   27.345631     5.295560     7.478118    10.174249   -32.790896  -100.424554
   27.058808     5.320920     7.286114     9.844142   -16.502966  -114.906522
   26.856508     5.389473     7.732295    10.055792   -48.718330   -94.963075
   27.120230     5.257067     7.602490    10.084048   -20.909192  -108.692029
   27.564921     5.642584     7.478871    10.136739   -53.939132   -93.042423
   26.927751     5.400005     7.532904     9.991286   -50.546251  -100.556061
   27.049313     5.210359     7.295501    10.018333   -42.704869   -86.759535
   27.453980     5.440452     7.331366    10.005116   -30.408378   -86.363299
   27.462432     5.497351     7.421498    10.097027   -40.384303   -98.260478
   27.371326     5.612812     7.658314    10.045379   -35.442491   -93.765185
   27.410743     5.668601     7.758435    10.055899   -33.935201   -86.073020
   27.315801     5.475015     7.666160    10.173355   -45.624500   -91.307378
   27.647568     5.677886     7.374237    10.026441   -41.446100   -93.444046
   27.612035     5.539885     7.264281     9.999468   -34.902687   -83.096542
   27.406141     5.615525     7.353955     9.865817   -27.289199   -98.984198
   27.477300     5.383799     7.455579    10.125541   -24.476514  -103.756233
   27.132297     5.273129     7.437900     9.973575   -16.449531  -105.459921
   27.441666     5.477838     7.258392     9.927565   -26.205187   -92.857034
   27.218765     5.341438     7.466096    10.005963   -14.372125  -121.676771
   27.554312     5.395617     7.346169    10.063791   -19.134903   -97.996926
   27.140859     5.414095     7.347436     9.847806   -17.243527  -112.409206
   27.252477     5.295178     7.402274    10.104623   -40.716873   -86.684301
   27.217100     5.340457     7.452021     9.987938   -24.049451   -90.171086
   27.416659     5.395098     7.505544    10.062118   -23.253346   -88.252378
   27.550871     5.463873     7.252940    10.017388   -18.055506  -116.681399
   27.037923     5.277669     7.683116    10.082802   -25.293323  -105.040003
   27.033580     5.329580     7.678536    10.077917   -35.734501   -90.210688
   27.660625     5.743789     7.583892     9.996993   -23.349740  -102.606870
   27.107097     5.302348     7.525949     9.987157   -11.630826  -122.399495
   27.029648     5.450456     7.511812     9.876032   -23.741895  -110.020827
   26.798254     5.450292     7.864612     9.969137   -23.728249  -105.252627
   27.048513     5.428694     7.955375    10.166399   -28.228009  -108.375317
   26.986023     5.560606     7.602637     9.923497   -49.919690   -73.209777
   27.582605     5.930804     7.689379     9.926579   -32.853392   -93.975199
   27.619097     5.720983     7.669691    10.043240   -29.493397   -91.369745
   27.411349     5.488673     7.329775     9.999094   -42.952546   -78.295146
   27.847054     5.772003     7.614343    10.046217   -17.535006  -104.597869
   27.418383     5.463934     7.734613    10.119848   -16.433245  -102.676142
   27.454701     5.380544     7.444988    10.108208   -15.826030  -120.882543
   27.292736     5.638093     7.664778    10.029286   -47.591905   -75.174831
   27.003445     5.374953     7.504004     9.953492   -36.660276   -97.355157
   27.363102     5.343147     7.438866    10.168902   -39.614067   -99.354129
   27.257141     5.531865     7.278918     9.889600   -42.516693   -94.414752
   27.164557     5.420850     7.190913     9.859400   -39.487538   -90.522556
   27.692043     5.615818     7.240534    10.040150   -35.407733  -103.510743
   27.132691     5.572584     7.415592     9.821197   -29.418691  -107.901621
   27.191385     5.667961     7.630966     9.970755   -47.604250   -87.995124
   27.733153     5.611772     7.158713     9.925042   -22.393710   -95.059778
   27.099162     5.419183     7.297249     9.901118   -48.408008   -75.971314
   26.699912     5.687252     7.887329     9.945751   -57.083945   -76.426167
   26.895592     5.635917     7.456346     9.695337   -31.378105  -101.685574
   27.076659     5.630439     7.400967     9.714532   -16.480426  -123.293246
   27.295671     5.766491     7.465032     9.831781   -48.499069   -70.559667
   26.999088     5.372984     7.624138     9.878023     3.053606  -129.845816
   27.398697     5.362372     7.458089    10.084922   -20.735820  -106.630347
   27.549226     5.577159     7.730467    10.065968    -3.466384  -118.057858
   27.106969     5.323690     7.684415    10.056085   -13.553541  -119.589480
   26.996669     5.581777     7.580374     9.765933   -13.627627  -105.620968
   26.995495     5.278064     7.519081     9.908131   -11.742277   -97.967420
   26.714889     5.507192     7.591427     9.699494   -12.259356  -117.299114
   27.490984     5.749671     7.765007    10.052975   -25.468876  -111.182981
   27.190678     5.707330     7.674293     9.882097   -19.213898  -119.183478
   27.421937     5.413868     7.646618    10.143562   -15.966441  -115.795940
   27.044891     5.433361     7.316706     9.778518   -25.496358   -91.740810
   27.214164     5.577434     7.733461     9.945706   -10.335676  -112.502217
   27.132085     5.416253     7.309888     9.813055   -20.628373   -96.055883
   27.253824     5.681208     7.629997     9.816063    -6.787924  -109.664894
   27.122767     5.498732     7.946409    10.110918   -20.456664  -103.670654
   27.239035     5.546752     7.656589     9.999278   -34.513950   -79.422932
   27.232538     5.518298     7.707523    10.044773   -21.755007  -116.253538
   27.323118     5.752044     7.525800     9.856123   -31.668042  -102.459342
   26.994643     5.419899     7.492082     9.863271   -29.095832   -83.427589
   27.229033     5.522983     7.605062    10.016512   -45.234925   -64.459699
   27.130269     5.754298     7.707059     9.778896    -9.866741  -105.707772
   27.392250     5.586149     7.444623     9.973650   -47.755842   -65.587210
   27.263203     5.678567     7.588999     9.853498   -26.568113   -84.585979
   26.834572     5.408431     7.808538    10.007251   -37.196324   -67.962770
   27.270060     5.536058     7.749601    10.041782   -26.397047   -87.651491
   27.422996     5.735165     7.664271     9.934554   -33.221679   -72.825064
   27.251347     5.624239     7.580551     9.885000   -29.516615   -78.506411
   27.409993     5.570368     7.770052    10.040091   -22.639798   -73.648901
   27.413245     5.559903     7.624014    10.057067   -32.051835   -92.072556
   27.184797     5.333420     7.804763    10.247564   -40.500882   -94.802534
   27.541038     5.331040     7.513955    10.268009   -32.219214   -99.851089
   26.958550     5.539779     7.744685     9.970459   -40.407539   -79.602896
   27.186078     5.818655     7.642051     9.756915   -22.937284   -86.608851
   27.202124     5.514652     7.510205     9.987976   -45.223924   -84.580370
   26.579243     5.210059     7.737357     9.909169   -22.359682   -89.840349
   27.152269     5.333565     7.723094    10.209306   -48.467770   -80.671186
   27.418522     5.337752     7.531224    10.226844   -44.001434   -81.239751
   27.174434     5.133021     7.429857    10.149315   -31.544059   -87.290486
   27.652730     5.490632     7.864368    10.307941   -27.348536   -93.275561
   26.891259     5.094140     7.561376    10.080791   -30.581007   -97.828170
   27.208358     5.247532     7.547229    10.149406   -35.226064   -85.492755
   27.098989     5.229944     7.407145    10.092011   -49.170466   -70.793601
   27.269956     5.593904     7.332224     9.885009   -45.300412   -90.972322
   26.717404     5.380381     7.771002    10.020618   -50.243371   -96.114961
   27.241460     5.582306     7.483344     9.980453   -48.153162   -93.774393
   27.238959     5.313907     7.354762    10.048440   -33.874079   -99.837032
   27.381914     5.585114     7.379669     9.983071   -46.117723   -92.592775
   27.168747     5.399472     7.542245    10.095784   -45.896911   -96.123998
   27.498658     5.584506     7.121637     9.854824   -37.927655   -80.649488
   27.239096     5.338947     7.604389    10.190073   -42.304250   -97.222209
   26.980790     4.997452     7.458534    10.212781   -45.383442   -86.098604
   27.578240     5.396543     7.345731    10.148172   -25.047874  -108.916027
   27.461250     5.617186     7.241871     9.918515   -39.839436   -99.934940
   27.226323     5.508508     7.849933    10.159900   -39.797331   -83.439717
   27.370217     5.321025     7.479726    10.179391   -40.891253   -84.207192
   26.994576     5.358829     7.439284     9.941466   -42.537244   -84.081747
   27.383007     5.202520     7.471786    10.221863   -26.444087   -97.861356
   27.375568     5.324885     7.263550    10.068542   -31.277467  -100.892647
   27.347740     5.603383     7.903876    10.158159   -37.525821   -79.849487
   27.443054     5.483896     7.443452    10.057979   -28.431634  -107.571608
   27.267990     5.150673     7.228666    10.081774   -22.272883   -99.759793
   27.571263     5.522534     7.657123    10.191174   -23.398877  -114.943940
   26.917194     5.088367     7.377252    10.027557   -29.431688  -108.382068
   27.484081     5.446718     7.359070    10.024275   -30.023494   -85.855821
   27.155672     5.296145     7.556763    10.079113   -31.511319   -90.680305
   27.338055     5.324135     7.791619    10.282506   -39.569917   -77.860260
   26.975861     5.140278     7.584666    10.171788   -47.624377   -81.013062
   27.251749     5.463637     7.878378    10.192369   -32.030090   -94.742588
   26.959707     5.294612     7.487659     9.879033   -14.030849  -103.858969
   27.062178     5.239249     7.599713    10.096117   -30.390439   -98.566273
   27.502778     5.365449     7.515951    10.241890   -40.535070   -88.850110
   27.499703     5.488566     7.508047    10.151905   -31.579295  -111.974745
   27.365618     5.366184     7.621348    10.207958   -41.986292   -81.236583
   27.383550     5.356423     7.308285    10.035499   -33.130251   -83.111077
   27.257636     5.328939     7.453123    10.103566   -44.113927   -75.815885
   27.063805     5.663689     7.518814     9.802338   -37.277153   -91.337479
   27.472042     5.532219     7.221590     9.942290   -40.676990   -81.509418
   27.406636     5.439985     7.699836    10.234837   -38.874787   -97.674898
   27.234170     5.100151     7.611122    10.273374   -30.224068   -87.921388
   27.234853     5.516020     7.579102    10.027883   -44.569109   -79.031316
   27.276397     5.588552     7.673748    10.030507   -32.139860  -103.467389
   27.727370     5.645949     7.409872    10.102698   -50.217470   -73.596726
   27.450918     5.598223     7.182665     9.910502   -46.354949   -88.899154
   27.112611     5.477964     7.492270    10.018387   -54.089965   -90.452112
   27.046920     5.500335     7.330744     9.804524   -40.308678   -86.031088
   27.493977     5.445967     7.331031    10.091904   -38.423396   -94.208475
   27.151494     5.359925     7.601590    10.060645   -29.032187  -102.491317
   27.251547     5.305795     7.732313    10.208739   -34.116670   -83.928637
   27.158111     5.327289     7.612071    10.129784   -39.941631   -89.664779
   27.061386     5.286881     7.656011    10.064943   -27.910104   -86.088417
   27.687844     5.366662     7.625374    10.376142   -39.894183   -87.579619
   27.287409     5.309763     7.252771     9.972568   -25.793291   -91.098242
   27.310026     5.222904     7.714285    10.296892   -30.993155   -98.683374
   27.059410     5.135301     7.436392    10.062806   -29.357367   -76.491922
   27.350962     5.424948     7.767836    10.133774   -18.467332   -97.646978
   27.264473     5.305765     7.317349    10.081830   -48.009839   -74.065273
   27.089259     5.633856     7.518894     9.861204   -44.549989   -86.238653
   26.884546     5.325512     7.755360    10.080724   -44.747130   -75.504185
   27.387786     5.157591     7.772146    10.426599   -39.469552   -86.436407
   27.509077     5.361197     7.733104    10.294897   -29.597653   -95.711101
   27.414695     5.618777     7.640801     9.976041   -26.326794   -82.535248
   26.814885     5.310733     7.656733     9.918364   -22.873634   -90.835485
   27.049393     5.146349     7.432733    10.081798   -32.440235   -92.006043
   26.898183     5.150155     7.709693    10.109709   -28.131173  -102.193919
   27.184425     5.297404     7.505708    10.054524   -31.684840   -79.761006
   27.063473     5.306569     7.289265     9.886404   -29.458070   -90.339119
   27.226962     5.297701     7.306550    10.043274   -38.264448   -92.578165
   27.165295     5.268975     7.557790    10.125924   -38.427994   -80.439836
   26.922064     5.329728     7.766057    10.032807   -25.920074   -96.532855
   27.521793     5.612246     7.679451    10.162040   -39.993116   -96.556973
   27.246822     5.404250     7.603963    10.084948   -24.893797  -114.134207
   27.061821     5.422294     7.829010    10.030279   -14.897869   -99.242426
   27.123387     5.476702     7.864548    10.077154   -19.197893  -107.210778
   27.628938     5.656116     7.291203     9.892374   -23.324268   -96.097139
   27.142392     5.245736     7.754803    10.206091   -29.947599   -98.323859
   27.073625     5.430762     7.579118     9.966752   -34.445757   -86.714062
   27.637659     5.575110     7.566815    10.142619   -24.709184  -112.063790
   27.195198     5.576673     7.805324    10.036244   -26.347544   -97.959472
   26.984864     5.196104     7.309039     9.935224   -28.760035   -92.005608
   27.232495     5.308014     7.676896    10.124549   -26.271307   -79.725041
   26.918386     5.370941     7.733103     9.984250   -22.865108  -105.686084
   27.157838     5.290983     7.629138    10.171658   -35.149927  -108.442261
   27.216286     5.353005     7.753905    10.213533   -41.705561   -84.390843
   27.266676     5.350338     7.510281    10.071400   -29.608439   -95.021296
   27.138796     5.283170     7.753504    10.179416   -35.264962   -78.696299
   27.275631     5.365189     7.328913    10.038596   -39.361568   -95.268894
   27.299826     5.605912     7.424118     9.948129   -48.772569   -85.957612
   27.411853     5.736802     7.792632    10.051890   -42.850255   -73.292938
   27.691460     5.403994     7.415470    10.298699   -32.929976  -110.921551
   27.143088     5.554239     7.483671     9.961684   -53.996268   -82.147632
   27.417888     5.791543     7.554697     9.959313   -52.504105   -82.391419
   27.273149     5.397526     7.787492    10.121919   -13.419489  -108.550923
   27.166560     5.515223     7.709888    10.041318   -37.044923   -85.378226
   26.979333     5.367613     7.739939    10.054822   -34.723042   -86.990373
   27.246073     5.422253     7.709733    10.048758   -18.086879   -93.130535
   27.086426     5.539139     7.686175     9.973664   -37.826833   -78.000102
   27.809045     5.540418     7.373157    10.238742   -37.825561  -101.402420
   27.279540     5.278007     7.414222    10.092320   -32.571590   -86.688394
   27.059815     5.431861     7.791154    10.117337   -38.318519   -98.991479
   27.322213     5.495291     7.321776     9.974840   -43.346365   -92.541461
   27.180882     5.338777     7.379878    10.023751   -41.005458   -87.715109
   27.213204     5.413618     7.760260    10.206647   -39.005311  -107.127214
   27.352780     5.521646     7.373629     9.961700   -36.929026   -94.211792
   27.441502     5.415066     7.810654    10.303468   -36.613644   -95.819208
   27.240484     5.249456     7.666704    10.277032   -43.463283   -92.215365
   27.505515     5.320318     7.320713    10.224612   -45.921842   -86.318265
   27.193111     5.475043     7.847121    10.182946   -43.807219   -81.964039
   26.946573     5.629721     7.740228     9.987132   -58.650439   -70.500690
   26.963704     5.350140     7.672496    10.109392   -51.398469   -91.864989
   27.162737     5.515477     7.541970     9.951280   -34.743264   -98.335725
   27.028771     5.361627     7.676544    10.068822   -41.085969   -78.541105
   27.190654     5.550116     7.446415     9.945802   -47.219130   -91.101336
   27.061014     5.245092     7.459606    10.075177   -40.484352   -95.816205
   27.433212     5.381819     7.358516    10.095143   -40.963921   -76.920354
   27.289680     5.440854     7.893666    10.261483   -36.356781   -98.457139
   27.285789     5.556613     7.313431     9.895220   -37.425084  -103.509854
   27.508886     5.373395     7.050482    10.060695   -37.455475  -101.044942
   27.278309     5.334152     7.459432    10.053667   -24.806004  -101.913176
   27.605594     5.393448     7.711148    10.343317   -36.090130   -93.303714
   27.197670     5.400696     7.797695    10.188248   -41.382432   -80.074718
   27.299065     5.578633     7.623470    10.121434   -55.495085   -88.715372
   27.294621     5.512339     7.293226     9.858031   -31.203881   -88.826289
   27.771535     5.449566     7.271642    10.290398   -58.916365   -73.737513
   27.359525     5.684983     7.503548     9.953898   -46.070616   -88.304796
   26.829338     5.673536     7.709013     9.861611   -43.833828  -103.026397
   27.130052     5.301078     7.660501    10.146492   -34.111363  -102.132211
   27.367904     5.448575     7.476502    10.138682   -48.806482   -89.516517
   26.853183     5.600738     7.719825     9.904318   -43.816228   -90.200910
   27.828815     5.389185     7.428464    10.321081   -38.734778   -79.998724
   27.262333     5.345658     7.457925    10.041454   -37.364915   -64.490399
   27.145105     5.319128     7.407972    10.026803   -32.350465  -110.040835
   26.947204     5.396313     7.723468    10.003858   -33.709927   -78.626540
   27.525929     5.388737     7.469022    10.109781   -17.482844  -103.556679
   27.419665     5.403621     7.562445    10.224379   -39.769318  -103.522877
   26.969429     5.350995     7.757252    10.038683   -23.322027  -108.122878
   27.060452     5.355781     7.451152     9.968576   -41.575302   -74.420866
   26.847517     5.659349     7.802303     9.810347   -13.957310  -113.998054
   27.098812     5.252135     7.568176    10.139145   -38.949755   -99.155061
   27.132792     5.465166     7.535370    10.019291   -52.275523   -69.628527
   27.244377     5.310104     7.779716    10.221366   -34.263060   -80.995142
   27.753712     5.336440     7.356607    10.317358   -26.497136  -108.403809
   27.357002     5.101960     7.689934    10.401139   -38.262399   -82.605834
   27.373846     5.408103     7.832292    10.297770   -45.539858   -78.888495
   27.749891     5.379025     7.504275    10.335473   -42.837170   -77.517094
   27.592312     5.467906     7.429376    10.121738   -34.189042   -86.622825
   27.292817     5.482210     7.280745     9.876439   -34.631794   -78.752183
   27.252167     5.271904     7.730174    10.299911   -38.808775  -106.189451
   27.281420     5.438388     7.594496    10.087325   -42.873005   -69.963621
   27.331431     5.360339     7.538251    10.073964   -17.793717  -108.461235
   27.162961     5.240529     7.554665    10.133882   -35.578303   -84.085132
   27.346532     5.302036     7.428240    10.127791   -37.359368   -79.171033
   27.376500     5.313713     7.225305    10.054989   -35.385711   -87.435706
   27.012565     5.213885     7.713147    10.231809   -57.251662   -66.283236
   27.489857     5.537423     7.413561    10.026805   -40.473944   -79.239625
   26.938874     5.111723     7.591694    10.069954   -23.496372   -88.353716
   27.144989     5.261742     7.477795    10.123431   -44.394328   -85.712202
   27.191488     5.219147     7.493343    10.145594   -35.455061   -89.636531
   27.206105     5.348075     7.471062    10.074136   -36.911427   -99.894647
   27.560360     5.367642     7.646022    10.272327   -24.372914  -105.409595
   27.820919     5.395784     7.282183    10.179194   -11.811123  -108.305868
   26.879181     5.400432     7.749036    10.033309   -43.557708   -81.985430
   27.531806     5.618371     7.759726    10.132946   -31.799551   -89.045997
   27.758291     5.705728     7.391500    10.077040   -23.460785  -128.570885
   27.201589     5.366894     7.395983    10.080220   -36.015385  -127.933485
   27.458261     5.496867     7.461277    10.206107   -51.568873  -106.046461
   27.117157     5.308757     7.683568    10.182225   -33.839787  -121.857157
   27.701468     5.461756     7.157751    10.266818   -56.971131   -99.924224
   27.467809     5.352253     7.405008    10.190268   -29.790886  -114.336360
   27.086940     5.474163     7.510357     9.844784    -7.991935  -127.416208
   27.385040     5.379381     7.814001    10.278385   -24.541433  -115.164001
   27.491447     5.460700     7.347284    10.105028   -21.490763  -136.671438
   27.157358     5.262144     7.397494    10.062123   -34.255381   -99.384252
   26.932862     5.236736     7.558480     9.940937   -13.195130  -108.739040
   27.277055     5.522429     7.387940     9.859896   -19.865544  -106.280973
   27.549742     5.651699     7.820448    10.226668   -31.260664  -118.368020
   26.899336     5.455872     7.633693     9.957575   -40.217588  -108.849476
   27.379673     5.622809     7.543555    10.056790   -36.561747  -120.150790
   27.113532     5.549341     7.620555     9.994234   -38.331180  -109.628394
   27.688007     5.611101     7.407988    10.188029   -37.930694  -121.073140
   26.868036     5.293278     7.747773    10.130652   -50.389844   -97.112458
   27.505178     5.652132     7.815374    10.193580   -29.644258  -118.148702
   27.326524     5.552234     7.431055     9.928442   -23.512746  -115.050130
   27.461544     5.477944     7.606338    10.156353   -26.172795  -113.860694
   27.231373     5.445134     7.765518    10.160833   -23.597903  -129.480656
   27.200437     5.445520     7.251026     9.912906   -39.610498  -102.906960
   27.354714     5.407632     7.485341    10.073571   -32.578078   -92.374276
   27.273992     5.467593     7.635747    10.088799   -43.933075   -68.810370
   27.760419     5.689854     7.577668    10.149261   -29.851806  -109.808839
   27.789055     5.424950     7.573538    10.259507   -21.018148   -95.274090
   27.022174     5.742661     7.750003     9.825349   -18.272914  -115.659080
   27.500265     5.659132     7.747523    10.042403   -17.534316  -104.344773
   26.923972     5.422095     7.770857     9.989365   -21.674449  -117.248237
   27.153365     5.563133     7.756805     9.955208    -8.376859  -124.694901
   27.596027     5.652715     7.689485    10.037643    -9.809331  -113.579482
   27.380562     5.518010     7.732962    10.215802   -33.242281  -123.218880
   26.972332     5.586750     7.705379     9.867797   -17.062994  -122.160118
   27.457036     5.725268     7.841113    10.104610   -25.291799  -114.980530
   27.635739     5.641488     7.581481    10.081625   -14.581893  -126.517184
   27.342756     5.733351     7.552276     9.920134   -29.556804  -118.294772
   26.730722     5.281389     7.838030     9.994095   -20.531867  -108.471135
   27.438923     5.632564     7.712068    10.063742   -17.675787  -122.521937
   27.297048     5.585858     7.673951    10.036371   -25.480800  -116.751396
   27.234979     5.561532     7.468472     9.867735   -22.374795  -107.228997
   27.305697     5.619455     7.345159     9.905815   -39.488129  -110.644704
   27.146029     5.524442     7.734820    10.127214   -42.016025  -117.845663
   27.778609     5.566559     7.365009    10.298252   -43.873007  -121.102781
   27.231886     5.465675     7.452482     9.912112   -15.251747  -118.060892
   27.297220     5.695888     7.691290     9.898365   -19.163621   -97.014432
   27.593561     5.637192     7.514213    10.058938   -24.890929  -115.109513
   27.361934     5.367352     7.591894    10.184085   -20.288766  -130.219625
   26.881423     5.400641     7.635269    10.009535   -39.676584  -130.134108
   27.806170     5.625950     7.327642    10.243949   -41.441808  -124.191951
   27.196264     5.584797     7.289413     9.893712   -46.284208  -116.700960
   27.353088     5.538029     7.592428    10.111970   -35.666681  -115.748534
   27.024532     5.434512     7.524038     9.893298   -22.925666  -113.765583
   27.443456     5.599031     7.399518     9.980123   -27.626739  -119.302135
   26.953541     5.347235     7.306762     9.862407   -38.412417  -100.727244
   27.147653     5.612939     7.501846     9.827271   -24.202874  -110.396742
   27.016433     5.481633     7.522538     9.835440   -17.349625  -116.236120
   27.621450     5.723225     7.560166    10.037213   -27.667357  -111.461036
   27.593791     5.447895     7.222546     9.954447    -2.242821  -119.137728
   27.071131     5.493458     7.310303     9.755352   -19.800967  -115.461955
   27.151088     5.391105     7.475713     9.878860    -5.392050  -115.591344
   26.840423     5.521300     7.502115     9.720952   -16.421064  -122.379613
   27.195132     5.563855     7.561349     9.967557   -28.519459  -122.374694
   27.350536     5.529144     7.465968    10.033070   -34.704318  -111.215934
   27.274412     5.614561     7.626882     9.925625   -14.584677  -119.339428
   27.378029     5.468890     7.641777    10.085560   -18.342247  -112.867604
   27.399109     5.377421     7.493630    10.085416   -24.490643   -96.321231
   27.187838     5.351844     7.451902     9.938161    -6.386342  -124.553675
   27.287109     5.389115     7.459791    10.038873   -22.151553  -116.989258
   27.186970     5.723863     7.630241     9.939529   -49.967633   -84.392208
   27.506989     5.636834     7.608847     9.999525   -15.966021  -112.706927
   26.845872     5.466778     7.636210     9.782139    -4.307660  -125.024389
   26.931780     5.395899     7.926540    10.024535    -7.397746  -110.338658
   27.432880     5.404631     7.322688    10.045363   -24.420754  -110.436519
   27.273123     5.389852     7.404641    10.149030   -50.956965  -107.391156
   27.639117     5.756074     7.526950    10.107852   -32.968653  -135.177614
   27.276383     5.452968     7.357664    10.108449   -57.429934  -104.536397
   27.331673     5.743280     7.518291     9.929264   -30.637666  -132.073159
   27.313616     5.430048     7.520684    10.150537   -36.801871  -120.706781
   27.065393     5.524994     7.513427     9.996332   -48.567698  -118.203149
   26.941587     5.604455     7.648718     9.976138   -54.941298  -108.422451
   27.201076     5.571964     7.570449    10.018859   -39.736964  -116.170561
   27.243813     5.675971     7.586246     9.919045   -24.973585  -124.808673
   27.530007     5.499893     7.350537    10.104484   -35.623188  -108.784457
   27.248588     5.596265     7.518626     9.998881   -40.689909  -113.857195
   26.886514     5.477069     7.704064     9.881966   -10.894230  -137.839769
   27.498790     5.638189     7.474647    10.144677   -50.732409  -115.082694
   26.969275     5.476928     7.539341     9.962544   -46.500089  -109.972624
   27.453653     5.556176     7.375813    10.058152   -40.441258  -109.725692
   27.310763     5.644034     7.593813     9.933452   -18.981180  -120.826559
   27.175512     5.532125     7.486066     9.939565   -27.765014  -125.042653
   27.119477     5.395780     7.611157    10.007515   -28.376072   -93.988486
   27.168638     5.572045     7.583466     9.874686   -18.737755  -107.499642
   27.391214     5.586057     7.656052    10.012257   -23.642248   -98.062704
   27.378623     5.686800     7.515324     9.886648   -22.632938  -110.076744
   26.961282     5.405295     7.361769     9.809058   -27.430907  -108.272678
   27.320869     5.546946     7.729105     9.985438    -5.847348  -112.873622
   27.161111     5.491018     7.746641    10.029431   -22.960812  -102.808653
   27.204237     5.529563     7.563837     9.965478   -31.657807  -102.177015
   27.277331     5.439003     7.434710     9.905361    -9.226780  -114.408699
   27.103370     5.690764     7.419224     9.685786   -19.721840  -107.487842
   27.159721     5.345566     7.439450     9.962174   -15.139163  -122.102534
   27.447193     5.775554     7.751957    10.005447   -25.660531  -108.740909
   27.479429     5.522154     7.408600    10.007351   -20.713766  -115.037996
   27.140704     5.345043     7.592358    10.024198   -20.935380  -106.091247
   26.987000     5.503037     7.408667     9.742906   -17.746665  -113.175236
   27.092855     5.422150     7.575082     9.971781   -22.522210  -118.362264
   27.037882     5.431697     7.796458    10.051377   -21.607166  -115.934584
   27.031002     5.714066     7.560771     9.783128   -30.471338  -112.103798
   27.401521     5.633066     7.724710    10.057745   -21.873454  -115.162411
   27.066889     5.540777     7.701267    10.074418   -53.182008   -93.205670
   27.110238     5.270000     7.505003    10.117266   -45.015261   -87.633819
   27.190388     5.389826     7.665560    10.108043   -32.343187  -100.082830
   27.421540     5.781592     7.475762     9.814084   -23.234631  -105.188834
   27.052469     5.357197     7.458762     9.955387   -24.159019  -124.632163
   27.673014     5.510192     7.562055    10.175675   -12.355194  -125.941362
   27.674668     5.387252     7.769861    10.435813   -32.475598  -109.975193
   27.543010     5.518408     7.576220    10.269262   -45.536064  -110.503180
   27.769935     5.507867     7.426566    10.167465   -19.823165  -109.758389
   27.671288     5.457331     7.749983    10.339635   -21.514869  -121.256793
   27.258027     5.209222     7.661058    10.287534   -31.177692  -113.509984
   27.486590     5.468081     7.607922    10.054236    -7.013960  -111.887455
   27.672552     5.341185     7.414419    10.245360   -21.447461  -106.524510
   27.117319     5.403863     7.381032     9.926999   -40.882860   -77.954588
   27.228061     5.355273     7.755935    10.206678   -34.772793   -98.261855
   26.973755     5.455175     7.586206     9.925934   -33.339998  -104.942464
   26.932615     5.212523     7.458061    10.059338   -47.334395   -96.544645
   27.314145     5.479648     7.587836    10.097759   -30.298378  -115.961661
   27.331390     5.560977     7.447300    10.032707   -46.003260  -102.180378
   27.478703     5.435084     7.617151    10.188029   -34.958259   -89.622944
   27.380466     5.539431     7.648996    10.191003   -52.310473   -91.336378
   27.390362     5.296541     7.392700    10.145630   -32.670056   -93.887988
   27.270914     5.651333     7.848135    10.060889   -21.565525  -117.392512
   27.369181     5.500426     7.219116     9.942472   -43.655485   -88.455962
   26.997380     5.242400     7.422272    10.005670   -41.391219   -77.437107
   26.953168     5.319907     7.433345     9.886197   -19.976885  -122.712946
   27.030864     5.276389     7.331281    10.000633   -43.819410  -101.004129
   27.047728     5.555232     7.540399     9.855413   -29.134456  -106.446912
   27.651735     5.660828     7.750576    10.163516   -33.904266   -90.025592
   27.140773     5.221122     7.693750    10.201655   -28.664619  -107.785546
   27.102924     5.209124     7.738992    10.218210   -32.504947  -101.142471
   26.226381     5.222744     7.972102     9.915779   -38.155178   -97.960999
   26.767773     5.544653     7.589993     9.782763   -30.605520  -117.287523
   27.072594     5.461784     7.557772     9.968989   -27.875656  -125.121694
   27.380081     5.610506     7.290527     9.970876   -53.426764   -96.463432
   26.966655     5.538771     7.352220     9.739050   -32.182056  -106.254886
   27.072132     5.560964     7.436093     9.809170   -25.330606  -117.882772
   27.104928     5.620530     7.401715     9.776307   -24.845454  -122.467210
   27.160404     5.811218     7.669251     9.864231   -31.687044  -117.093721
   27.101818     5.150493     7.776324    10.239612   -31.435586   -80.834004
   27.409494     5.284126     7.506425    10.236096   -42.243895   -78.791728
   27.228978     5.612213     7.882327    10.069839   -26.426225   -95.954096
   27.495274     5.329114     7.418070    10.164511   -36.287278   -75.620223
   26.891129     5.244879     7.732949    10.066437   -32.778832   -75.609203
   27.117250     5.525857     7.654065     9.973062   -30.469338  -102.744029
   27.613092     5.453297     7.656630    10.226318   -34.695686   -78.880332
   27.519255     5.184672     7.471478    10.348143   -33.952675   -93.626897
   27.127033     5.296013     7.411720     9.997258   -25.117612  -110.919125
   27.175724     5.292737     7.678010    10.211067   -41.302988   -94.621052
   26.987305     5.235251     7.696560    10.070589   -21.487345  -103.958797
   27.197004     5.430525     7.558709    10.065158   -37.326370  -104.123180
   27.280087     5.197098     7.718926    10.334183   -39.778722   -91.445917
   27.035905     5.385014     7.818404    10.118008   -28.615040  -112.327567
   27.703635     5.427449     7.460009    10.280130   -28.822254  -112.000668
   27.240846     5.455412     7.849672    10.156706   -24.431052  -105.208801
   27.016946     5.310558     7.383833     9.946220   -36.306801   -97.313646
   27.369970     5.269159     7.659886    10.226627   -30.356365   -79.008792
   27.092793     5.080193     7.792964    10.293964   -29.762909   -94.567284
   27.441164     5.224393     7.591685    10.362038   -41.811398   -91.264368
   27.169791     5.184337     7.415720    10.216629   -50.482424   -94.355753
   27.252134     5.300344     7.436573    10.109304   -35.454337   -98.341657
   27.172318     5.382883     7.393969    10.030623   -41.959605  -104.663254
   27.468532     5.412317     7.640597    10.348157   -47.928464  -110.347673
   27.252741     5.535496     7.302261     9.978726   -58.182402   -91.956082
   27.452108     5.349348     7.357600    10.213680   -54.069047   -78.662523
   27.106787     5.325766     7.603203    10.151807   -53.661530   -75.687643
   27.169923     5.186744     7.321237    10.102324   -42.280492   -78.483792
   27.521906     5.430077     7.198893    10.083417   -39.154380   -98.563015
   27.118429     5.395885     7.392301     9.975291   -43.597606   -93.284883
   27.277375     5.640575     7.371187     9.767771   -20.989976  -102.348459
   27.010906     5.139948     7.545371    10.104420   -28.270142  -101.365369
   27.332391     5.675439     7.463717     9.922280   -49.626453   -76.182921
   27.213446     5.396208     7.854047    10.342744   -59.752207   -92.095997
   27.649723     5.653514     7.508764    10.278748   -59.664451  -113.060904
   27.665824     5.801107     7.219350     9.948753   -42.197008  -117.606028
   27.034107     5.607175     7.262215     9.689698   -39.225761   -88.065780
   26.924066     5.606763     7.595884     9.836430   -33.285854  -115.375623
   27.344628     5.530279     7.821759    10.286216   -48.437831  -109.346324
   26.969651     5.324355     7.820946    10.142661   -34.052892  -110.348467
   26.951292     5.432676     7.657708    10.069704   -53.630557  -100.820964
   27.731959     5.572021     7.530067    10.320867   -64.272333   -78.448230
   27.425702     5.620510     7.516532    10.024937   -30.243078  -117.802259
   27.304775     5.546114     7.424212    10.069686   -48.013801  -118.769122
   26.915489     5.543812     7.912135    10.043892   -34.738852   -98.631848
   27.392247     5.644931     7.325950     9.927690   -42.757127  -104.377423
   27.461604     5.553397     7.618579    10.120132   -30.469161  -109.041460
   27.500142     5.447929     7.425993    10.141054   -28.591212  -116.401954
   27.270414     5.375244     7.282206     9.952845   -19.014756  -121.822228
   27.087272     5.428025     7.784112    10.152252   -36.467317  -118.459833
   27.156560     5.264057     7.410597    10.016755   -21.304536  -110.593955
   27.429765     5.445796     7.489450    10.174469   -34.409333  -119.045944
   27.535154     5.679429     7.555407    10.055665   -27.426310  -122.252720
   27.440446     5.620856     7.791982    10.208669   -38.522895  -111.857431
   27.253250     5.445326     7.515839    10.127676   -50.740677   -97.507899
   27.475024     5.618756     7.437712    10.040287   -37.271410  -112.280670
   27.614433     5.662886     7.436393     9.995033   -29.593320  -100.616723
   27.117109     5.682701     7.742959     9.894151   -11.567973  -133.911394
   26.957336     5.365519     7.462074     9.902482   -28.987383  -114.280081
   26.932518     5.426234     7.625325     9.989124   -41.709347  -104.992286
   27.538047     5.472721     7.653601    10.211118   -17.056765  -128.886534
   27.027364     5.291168     7.668452    10.038928   -13.080628  -127.872147
   27.240292     5.602665     7.798751    10.047082   -21.157824  -117.495172
   27.384802     5.486799     7.566974    10.145499   -28.806407  -128.351785
   27.376992     5.361646     7.584526    10.221857   -28.200712  -122.828207
   26.940266     5.539279     7.630140     9.995471   -53.354661  -108.968452
   27.290343     5.682204     7.753078    10.146466   -61.147059   -87.061250
   27.286836     5.427020     7.330172    10.038130   -42.372640  -105.424054
   27.002155     5.515677     7.828932    10.080262   -36.831656  -114.555423
   27.593809     5.181205     7.557817    10.428963   -26.426700  -111.018960
   26.893351     5.541887     8.002750    10.032559   -17.720398  -119.641841
   27.249445     5.372236     7.670414    10.238408   -42.245899  -112.596164
   27.321195     5.411368     7.609836    10.164771   -40.691843   -92.376596
   27.619815     5.695023     7.712417    10.212453   -48.366173   -95.514590
   27.532854     5.242170     7.616005    10.401302   -34.076681  -105.337536
   27.309468     5.277359     7.504586    10.094743   -12.144812  -115.454070
   27.393210     5.323775     7.656826    10.226910   -25.569132  -104.842703
   27.209531     5.546382     7.740302    10.020760   -20.698511  -112.456132
   27.540889     5.381988     7.423641    10.131487   -17.610009  -112.052740
   27.413910     5.490065     7.648696    10.026279    -5.649177  -115.380228
   27.521519     5.452210     7.505141    10.187000   -29.186514  -115.508370
   27.486325     5.389451     7.533839    10.134361   -12.515412  -119.790225
   27.147035     5.500434     7.694512     9.961872   -11.763059  -119.710274
   27.217937     5.469924     7.535550     9.984838   -24.977068  -112.653171
   27.493310     5.184909     7.446246    10.327963   -39.457401   -82.870625
   27.368388     5.310724     7.459665    10.171425   -30.984969  -106.193548
   27.167260     5.331959     7.715727    10.206150   -42.289473   -95.192126
   27.144750     5.443197     7.536376     9.941496   -21.721183  -109.972593
   26.908262     5.150919     7.701115    10.153827   -39.190331   -94.762667
   27.155230     5.290385     7.699053    10.146739   -26.890258  -101.965010
   27.133064     5.277465     7.852463    10.198689   -20.646497  -107.947171
   27.475639     5.414550     7.410756    10.187249   -50.008484   -83.990381
   26.829667     5.331887     7.365874     9.808691   -31.647811  -106.917580
   27.042551     5.256445     7.781633    10.130138   -19.707896  -111.136054
   27.474770     5.445850     7.372196     9.973858    -6.993062  -117.916342
   27.294886     5.688594     7.742203    10.080599   -50.937656   -85.518467
   26.541358     5.397927     7.755646     9.867945   -37.795576   -86.237170
   27.288981     5.400889     7.815585    10.320797   -50.789111   -95.710473
   27.129821     5.285962     7.499179    10.051423   -32.543522   -90.926327
   27.000729     5.561887     7.741571     9.940499   -31.573553   -88.718909
   27.344939     5.243535     7.580353    10.208988   -28.181035   -90.704885
   27.568972     5.457726     7.471437    10.222710   -41.075578   -99.764507
   26.741719     5.406822     7.967251    10.043391   -29.191934   -98.943117
   27.638035     5.516184     7.533634    10.118222   -14.540483  -115.685814
   27.073931     5.370670     7.324019     9.837804   -18.714419  -111.281452
   27.109899     5.299332     7.490041    10.131013   -56.555681   -75.421581
   27.322780     5.239876     7.726466    10.245982   -13.056467  -120.725930
   27.001192     5.217194     7.594842    10.074833   -25.158540  -115.806234
   26.808619     5.127622     7.619445    10.023312   -25.779453  -104.167310
   27.100385     5.299248     7.749919    10.154743   -37.908307   -71.767004
   27.173023     5.488441     7.758180    10.142462   -43.964226   -94.767992
   27.383192     5.306709     7.469139    10.247791   -39.558167  -108.938954
   26.945945     5.293989     7.886943    10.105790   -17.173901  -111.754876
   27.160129     5.043394     7.649543    10.322011   -34.943546   -94.768642
   27.125275     5.362401     7.600205    10.043119   -30.294216   -97.924327
   27.406207     5.419063     7.628549    10.249870   -46.075316   -93.941232
   27.187398     5.366500     7.594896    10.051199   -15.805967  -125.979801
   27.657841     5.612432     7.134096     9.937604   -21.025348  -118.973274
   27.378219     5.654278     7.448178     9.894112   -28.230680  -105.965339
   27.064226     5.506783     7.821826    10.082355   -32.407846  -110.587230
   27.079880     5.548061     7.846202    10.181412   -59.113783   -89.999153
   27.380003     5.387587     7.800488    10.262777   -29.660187  -102.435758
   27.133041     5.460905     7.695803    10.036919   -25.306039  -112.601855
   27.058673     5.273675     7.478805    10.014956   -25.054166  -116.036992
   27.637181     5.535624     7.634408    10.321988   -35.263592  -129.005078
   27.453441     5.470254     7.504071    10.112709   -21.146320  -125.560990
   27.227947     5.206034     7.444519    10.175816   -40.415925   -86.104226
   27.412469     5.376164     7.538290    10.230155   -34.600715  -115.292170
   27.128809     5.453136     7.311135     9.889779   -36.692544  -108.094201
   27.383153     5.412347     7.468532    10.140456   -30.636790  -119.536693
   27.575732     5.619978     7.573507    10.066205   -18.905495  -119.183805
   27.011986     5.574600     7.750889     9.940113   -26.295805  -105.942811
   27.168047     5.570586     7.634227     9.988170   -35.745777  -103.464360
   26.942398     5.276423     7.283830     9.923860   -47.975636   -84.074346
   27.229754     5.490202     7.250726     9.925537   -43.440694  -106.778140
   27.090623     5.452570     7.704647    10.029269   -34.450426   -84.169922
   26.571943     5.378154     7.574240     9.898612   -67.634113   -61.667216
   27.103640     5.502700     7.650553    10.017190   -47.173442   -67.891958
   27.436373     5.820239     7.539860     9.852038   -37.321090   -80.094508
   27.008047     5.611958     7.668439     9.864048   -31.083764   -85.368458
   27.064521     5.399828     7.450386     9.969370   -44.480178   -88.411873
   27.184425     5.653623     7.479303     9.788814   -31.787144   -73.036926
   26.593661     5.547185     7.643072     9.713162   -28.737673   -82.248818
   27.160662     5.556967     7.723865     9.926068   -13.230336  -101.829132
   27.241401     5.600483     7.489629     9.917438   -31.392681  -111.796500
   27.508638     5.733923     7.501767     9.938469   -45.270117   -68.382884
   26.821115     5.761137     7.636451     9.711175   -39.738544   -62.741185
   27.020386     5.484924     7.365077     9.855162   -49.454908   -76.504627
   27.309235     5.694821     7.472737     9.951663   -59.608389   -72.859456
   26.991581     5.601145     7.609976     9.853779   -37.052213   -83.212861
   27.211789     5.617875     7.620403     9.937983   -37.595385   -79.652228
   27.229838     5.298366     7.748774    10.313462   -49.514228   -94.226109
   26.869549     5.393661     7.849188    10.134688   -54.989987   -76.893939
   26.966305     5.567933     7.665272     9.902782   -30.093923  -114.359536
   27.415426     5.574825     7.584812    10.040575   -34.573116   -91.701552
   27.450178     5.617728     7.567114    10.031058   -30.154626  -106.401826
   27.261802     5.685078     7.319743     9.787770   -33.883536  -109.058233
   27.320792     5.499923     7.383001    10.012650   -43.700621   -96.841256
   27.283458     5.497310     7.596099    10.033362   -28.751136  -104.497982
   27.063395     5.631964     7.721685     9.870495   -14.220969  -117.290033
   27.253969     5.358519     7.643316    10.078535    -8.452425  -126.977015
   27.469161     5.632863     7.718107    10.017563   -12.495698  -110.422136
   26.986753     5.186781     7.598825    10.022223   -13.118328  -109.619897
   27.136647     5.282103     7.461930    10.011332   -29.043346   -82.266581
   27.028886     5.262546     7.650544     9.998367    -9.415622  -105.777339
   27.251863     5.502121     7.403196     9.861745   -16.348003  -111.283367
   27.220804     5.291945     7.481520    10.036825   -16.948007  -109.207719
   27.494114     5.447973     7.219081     9.999801   -28.431317  -100.908659
   26.946108     5.438281     7.962577    10.128228   -30.875338  -105.553115
   27.233120     5.414316     7.719767    10.268961   -62.297321   -80.788606
   27.109920     5.419447     7.530041    10.012307   -32.015112  -118.919336
   27.616929     5.710620     7.628157    10.175708   -41.722550  -114.840217
   27.271957     5.705626     7.805621    10.117424   -45.291253  -110.400968
   27.054173     5.476395     7.627686    10.069877   -46.267194  -117.058031
   27.491701     5.746479     7.464007     9.967752   -37.537072  -112.050898
   27.376614     5.553140     7.389732     9.978607   -26.983683  -122.999094
   27.431348     5.630136     7.502134     9.962409   -18.863646  -123.807242
   27.693578     5.776914     7.510262    10.129030   -54.336678   -97.301863
   27.079636     5.174551     7.472201    10.049337   -13.699499  -123.167977
   27.215099     5.416952     7.706772    10.167314   -32.507718  -119.043695
   26.820301     5.455686     7.306605     9.712354   -36.355191  -104.199101
   26.897524     5.406376     7.719453     9.939892   -17.302188  -120.612869
   27.049754     5.285737     7.698853    10.148613   -34.853590  -109.668178
   26.911594     5.558441     7.842429    10.013519   -39.611403   -95.735501
   26.899525     5.289492     7.477747     9.898045   -24.690213  -106.871709
   27.405071     5.367733     7.344273    10.112601   -27.162360  -120.004810
   27.379511     5.531427     7.500636    10.110422   -35.478507  -126.082257
   27.140232     5.707040     7.777172     9.970768   -29.595607  -116.517003
   27.485865     5.451029     7.822623    10.320792   -45.595468   -81.526738
   27.426085     5.341856     7.501272    10.261059   -50.079723   -85.114014
   27.190513     5.509623     7.483276    10.026086   -46.943759  -106.241045
   27.102537     5.458953     7.771176    10.107542   -32.622252  -114.235517
   27.657992     5.591177     7.344428    10.191832   -45.815653  -116.394053
   27.189028     5.343837     7.498624    10.125383   -36.683307  -120.313785
   27.423763     5.367960     7.412764    10.207705   -28.428531  -137.869256
   27.045892     5.531489     7.631664    10.006577   -42.102815  -114.271434
   27.434337     5.515731     7.630646    10.116462   -26.307599  -110.224019
   27.696645     5.575462     7.622793    10.250179   -27.312881  -122.116720
   27.051058     5.300213     7.541817     9.994602   -14.305679  -130.445893
   27.438094     5.484760     7.668556    10.317247   -52.076123  -111.285141
   27.106890     5.457588     7.584258    10.081688   -43.422901  -121.673706
   27.317228     5.443643     7.681974    10.187268   -28.880295  -125.510414
   27.055051     5.455215     7.534473     9.975378   -34.261631  -120.398916
   26.826756     5.354011     7.504594     9.891922   -35.612456  -113.532090
   26.948807     5.542689     7.710527     9.970147   -36.221840  -116.517846
   26.852250     5.250889     7.812518    10.020785    -5.163514  -137.965336
   27.225060     5.266086     7.442062    10.017788   -12.229047  -110.103939
   27.000105     5.389630     7.516316     9.875839   -21.766375   -96.372227
   27.247116     5.524747     7.745392    10.081860   -35.973996   -84.015260
   26.962829     5.132104     7.643988    10.067356   -14.321673  -105.534595
   27.318152     5.524915     7.594824    10.006382   -26.780041   -99.287900
   27.539696     5.438777     7.639633    10.264354   -26.574740  -119.929834
   27.103485     5.248051     7.477743    10.097039   -35.312023  -106.695679
   27.155320     5.572345     7.689642    10.046889   -40.005732  -107.930665
   27.178645     5.469526     7.233236     9.862224   -30.696027  -119.798122
   27.240711     5.615930     7.687223     9.992231   -19.626263  -128.564343
   27.444427     5.297306     7.400557    10.196410   -29.774464  -106.768759
   27.298965     5.331073     7.461653    10.057934   -19.919919  -109.361263
   27.332501     5.353973     7.651302    10.137095   -12.021206  -122.856467
   26.995625     5.382424     7.643551    10.072233   -38.039759  -123.945835
   27.063769     5.279396     7.670179    10.170931   -34.914937  -123.278338
   27.304054     5.354890     7.436021    10.128316   -29.854285  -124.131824
   27.344014     5.471997     7.429869    10.063114   -34.009046  -115.792263
   26.904464     5.185762     7.636125    10.183593   -55.837585   -97.315174
   27.200030     5.238757     7.653434    10.259196   -34.352905  -118.886152
   27.262857     5.272061     7.434471    10.138695   -32.556258  -106.615748
   27.500472     5.396609     7.566607    10.242409   -27.659363  -117.901387
   27.268312     5.391121     7.311659     9.989687   -41.046606   -82.429183
   27.510897     5.633372     7.492090     9.981067   -26.505270  -103.850287
   27.022179     5.410031     7.435779     9.898677   -35.699494   -96.962096
   27.041553     5.546731     7.478659     9.865520   -35.898434  -110.118297
   27.380616     5.480825     7.581084    10.145246   -30.862088  -120.162382
   27.404823     5.548029     7.801116    10.241821   -45.828687   -93.513185
   27.267306     5.541490     7.499352    10.027775   -38.587752  -114.887506
   27.274833     5.339485     7.213390     9.919271   -22.483618   -97.806081
   27.486418     5.536175     7.355746     9.905352   -14.673010  -102.935171
   27.227230     5.601800     7.515124     9.859822   -30.444512   -80.020670
   27.204037     5.457456     7.572873    10.041634   -38.998350   -92.023363
   27.145087     5.539449     7.532007     9.959312   -48.262420   -75.278512
   27.010646     5.746718     7.417480     9.668625   -33.316631  -101.892114
   27.223064     5.427600     7.317129     9.878564   -26.509471   -92.698972
   27.154682     5.223789     7.688247    10.248311   -45.635504   -80.114601
   27.263350     5.391049     7.240387     9.932604   -28.008232  -107.103649
   26.945157     5.482259     7.768071    10.047108   -43.499951   -98.148754
   26.654567     5.533092     7.860308     9.910076   -35.885894   -92.594938
   27.023517     5.331754     7.861474    10.195234   -42.240335   -86.214037
   27.285800     5.455800     7.792692    10.251745   -50.555444   -85.880201
   27.769307     5.450359     7.246999    10.219410   -35.425036   -99.755369
   27.123594     5.476303     7.777639    10.058104   -26.866944  -101.810868
   27.390068     5.518834     7.400849     9.971774   -36.620760   -83.679544
   27.061388     5.261557     7.361379     9.898891   -18.539033   -89.050558
   27.414056     5.376922     7.534276    10.054214   -12.859272   -99.783368
   27.133617     5.304708     7.400746     9.974774   -31.326068   -81.487983
   26.839242     5.041233     7.562334    10.074326   -30.341154   -81.658107
   27.383733     5.574673     7.641719    10.031735   -23.848144  -106.895232
   27.098155     5.575032     7.629687     9.928062   -38.548115   -79.259549
   26.772606     5.195441     7.510066     9.935339   -34.320127   -83.864528
   27.129773     5.674450     7.662073     9.876259   -28.469351   -98.281630
   27.339836     5.628776     7.348824     9.936829   -53.848479   -83.600020
   27.440169     5.533189     7.456756     9.933929   -23.263835   -81.249692
   27.051381     5.675532     7.501212     9.779950   -41.148901   -73.851206
   26.921743     5.570783     7.471685     9.723269   -25.775444   -98.349091
   27.059644     5.756443     7.676104     9.907776   -51.956220   -85.684845
   27.545816     5.578843     7.338259     9.964257   -32.581985   -88.769481
   27.395846     5.535735     7.229539    10.035557   -54.190275  -104.689482
   27.312792     5.428181     7.619091    10.079839   -29.766479   -88.307843
   27.261141     5.538663     7.315652     9.881803   -37.839270   -96.200483
   26.922657     5.490344     7.640799     9.953412   -47.532473   -77.785406
   27.164286     5.184841     7.707325    10.217706   -31.501227   -81.429336
   27.154502     5.490205     7.430630     9.909112   -31.307248  -109.025925
   26.951162     5.395910     7.555296     9.897700   -24.944154  -107.936825
   27.322788     5.357160     7.361929    10.039266   -22.945556  -115.014210
   27.259273     5.495815     7.374681    10.012876   -47.351547  -102.883966
   27.074466     5.171107     7.504046    10.157689   -39.758355   -99.241672
   27.127905     5.467588     7.447582    10.006145   -51.133485   -97.175619
   27.302422     5.341803     7.403341    10.200819   -55.501585   -95.122041
   27.013721     5.662667     7.448774     9.797883   -45.669250  -100.876910
   27.334468     5.364437     7.415814    10.104220   -41.212828   -86.736617
   27.555366     5.681033     7.457439    10.001332   -43.031003   -85.390750
   27.390712     5.780065     7.723252    10.043496   -52.841252   -78.418142
   27.708433     5.793156     7.337550     9.974764   -48.007393   -87.650010
   26.904625     5.230838     7.504146     9.995859   -38.873598   -80.941643
   27.272276     5.283213     7.346516    10.133467   -47.801554   -83.007624
   27.222713     5.455472     7.490980    10.072602   -50.027665   -91.484786
   27.203328     5.483605     7.521850     9.942406   -33.925195   -73.219785
   27.235705     5.273436     7.575416    10.157941   -31.671236   -96.549432
   27.153142     5.348347     7.351335    10.054201   -59.010063   -69.141701
   26.903673     5.073004     7.691551    10.163376   -33.721638   -87.130709
   27.259893     5.198305     7.595888    10.203917   -33.888194   -72.552749
   27.016242     5.092773     7.630428    10.207862   -32.355933  -110.575690
   27.500047     5.421311     7.371637    10.172845   -38.733940  -106.440134
   27.855211     5.813389     7.275019    10.046734   -50.679342   -92.789834
   27.078076     5.405078     7.481758     9.963088   -37.969659   -94.828857
   26.736244     5.466803     7.721509     9.790044   -10.958411   -81.733986
   26.950172     5.364806     7.472951     9.902992   -33.442605   -98.945655
   27.474268     5.425798     7.650005    10.193976   -31.560045   -92.141031
   27.201078     5.431283     7.338828     9.931683   -42.083715   -76.030882
   27.154901     5.446434     7.381854     9.909667   -36.544031   -91.049229
   27.088284     5.171879     7.292511    10.097452   -48.569036   -84.926650
   27.274345     5.456279     7.515486     9.994596   -22.853429  -109.920764
   27.210478     5.068743     7.453454    10.280955   -40.967655   -89.169348
   27.279232     5.298993     7.383277    10.099919   -38.029159   -90.238640
   27.471548     5.445965     7.410555    10.068142   -31.739892   -93.110550
   27.344176     5.805247     7.553023     9.897585   -43.069385   -96.996953
   27.027043     5.512232     7.840309    10.052361   -39.319283   -70.442136
   26.564720     5.524211     7.461547     9.612388   -31.626854   -74.974052
   27.471836     5.568377     7.767869    10.162934   -35.826158   -86.144267
   27.132362     5.415337     7.371774     9.937139   -47.894783   -60.869766
   27.417543     5.260332     7.401279    10.115619   -28.993417   -68.356512
   26.950975     5.286268     7.393714     9.944300   -44.591810   -68.950081
   27.203937     5.594517     7.374954     9.791001   -28.613379   -94.733989
   27.270015     5.742776     7.742178     9.928813   -30.232464   -87.003416
   26.755300     5.554492     7.737157     9.821106   -28.636813   -65.457700
   26.875366     5.407544     7.467875     9.782841   -24.532430   -71.792499
   27.093767     5.449807     7.468908     9.883982   -33.685259   -66.721251
   27.629632     5.556554     7.332254     9.983709   -21.440036   -98.815112
   26.890507     5.227944     7.625171    10.010416   -29.648991   -81.001167
   27.199737     5.645601     7.468954     9.836154   -32.154209  -101.509844
   27.391032     5.507484     7.548038    10.027384   -33.628428   -78.801653
   27.221285     5.381943     7.690182    10.063072   -14.199894  -110.061641
   27.110090     5.366751     7.690615    10.058081   -27.470467   -91.663848
   27.181161     5.592196     7.712722    10.009145   -40.227798   -79.562639
   27.176661     5.798454     7.827180     9.923569   -30.763610   -91.744322
   27.215147     5.579849     7.531940     9.886825   -27.124353   -98.125868
   27.064208     5.694445     7.351629     9.698916   -43.900965   -70.250059
   27.420198     5.704447     7.844738    10.076807   -37.355444   -74.629943
   27.382070     5.660858     7.846010    10.128023   -35.836240   -94.480143
   26.953930     5.469098     7.374695     9.756391   -30.803846   -80.785517
   27.419485     5.492360     7.805683    10.227519   -40.327197   -82.061718
   27.483749     5.554340     7.577298    10.042996   -24.274951  -100.167469
   27.200270     5.244946     7.358095    10.105098   -43.265301   -84.306448
   27.135351     5.362626     7.554915    10.009359   -31.684246   -80.462468
   27.591115     5.427662     7.733717    10.259198   -36.201002   -71.539075
   27.266682     5.377004     7.766749    10.176765   -33.658181   -79.886755
   26.978146     5.693504     7.586571     9.825833   -48.643088   -73.258034
   27.263201     5.510305     7.546819    10.010159   -43.392736   -71.985747
   27.602073     5.384926     7.348468    10.207512   -38.969189   -90.879084
   27.642455     5.490443     7.435373    10.185856   -37.766763   -95.579987
   27.502590     5.462324     7.263793     9.984286   -29.992779   -87.087252
   27.475854     5.466103     7.808643    10.210703   -26.403165   -90.717412
   27.542018     5.670874     7.431378    10.025845   -45.406671   -93.006757
   27.025762     5.032371     7.851818    10.353800   -40.354989   -90.100103
   27.728184     5.650436     7.366415    10.100250   -57.523840   -65.308829
   27.463065     5.315154     7.304627    10.069970   -18.487344  -101.732118
   27.048184     5.816755     7.558614     9.718665   -38.571762   -75.640796
   27.364328     5.457158     7.231273     9.913886   -31.210814   -90.532293
   27.234722     5.601672     7.329227     9.808626   -43.673696   -60.879444
   27.362821     5.555708     7.352916     9.882701   -33.461998   -78.868633
   26.952614     5.403145     7.701436     9.973440   -29.315585   -83.656990
   27.179724     5.297898     7.365034     9.916355   -16.651394   -82.912984
   26.924743     5.207625     7.352977     9.922201   -35.585011   -64.660546
   27.280632     5.500870     7.304978     9.863864   -33.299245   -81.013301
   27.382146     5.409914     7.385659     9.966492   -24.324387   -77.042036
   27.544817     5.464597     7.386563    10.163987   -31.874382  -118.195759
   26.892624     5.376246     7.432046     9.824545   -31.853517   -81.004619
   27.371275     5.517625     7.299615     9.953634   -41.397915   -88.569334
   27.379199     5.404123     7.389838    10.027705   -34.524806   -77.650884
   26.919099     5.245160     7.372012     9.823578   -10.434318  -107.201050
   27.108508     5.317014     7.395039    10.039115   -50.136661   -75.974508
   27.162496     5.368004     7.489398    10.060336   -46.219554   -79.636085
   27.333780     5.428586     7.318364    10.007725   -43.892395   -79.052069
   27.391144     5.851650     7.395873     9.808317   -49.266850   -84.509176
   26.851573     5.163774     7.457662    10.010746   -43.984628   -77.269496
   27.502978     5.362361     7.649062    10.174278   -22.053856   -81.983834
   27.443764     5.665975     7.653603     9.979369   -27.396522   -87.849575
   27.008634     5.333825     7.575261     9.969121   -29.092628   -80.657765
   27.351400     5.464311     7.512837    10.003649   -28.356014   -84.595152
   27.152986     5.348259     7.486346     9.954318   -17.896468  -102.873647
   27.010293     5.310704     7.454989     9.985429   -39.727284   -90.754277
   26.834673     5.298268     7.931752    10.137238   -38.441216   -70.711623
   26.987291     5.400318     7.388308     9.777027   -13.848403  -109.733331
   27.126391     5.410510     7.318285     9.913162   -39.939851   -93.501478
   27.584958     5.494049     7.675816    10.171929   -29.412655   -83.338482
   27.177921     5.453889     7.547547    10.016998   -40.515735   -87.382320
   27.277814     5.751622     7.873911    10.052993   -31.439628  -108.746166
   27.118687     5.297771     7.144333     9.883139   -32.035636   -97.361791
   27.483350     5.395644     7.204948    10.025132   -33.981870   -85.345018
   27.173444     5.424540     7.542258     9.968416   -27.719180   -90.275103
   27.358439     5.684810     7.629815     9.950805   -37.344554   -75.538474
   26.934192     5.290604     7.460215     9.948766   -39.870378   -74.659239
   26.946048     5.496855     7.330352     9.754885   -37.015888   -97.036089
