   27.616819     5.808503     7.485976     9.845570   -28.334830   -75.419932
   28.231313     5.591268     7.293663    10.144715   -14.361785   -79.615403
   27.813629     5.816619     7.571396    10.058375   -47.914565   -70.775679
   28.388727     5.573367     7.647459    10.367040   -12.581720   -89.496784
   28.430113     5.994359     7.499102    10.112391   -35.350181   -79.458452
   28.150968     5.771833     7.418358    10.113401   -40.175062   -66.813031
   28.304756     5.727614     7.565390    10.234248   -25.029406   -83.629348
   27.896435     5.528452     7.605509    10.192312   -25.450148   -72.920073
   28.295827     5.896728     7.492588    10.087687   -29.218669   -80.059309
   28.194708     5.788314     7.720337    10.152586   -28.376693   -67.366451
   28.151050     5.641826     7.340948    10.125631   -24.763644   -74.851671
   28.089739     5.908910     7.857338    10.068123   -15.758020   -82.410536
   28.253602     5.933263     7.429185     9.993893   -13.548456   -97.052704
   28.364603     5.413766     7.256222    10.494898   -31.522836   -83.110119
   28.782775     5.842807     7.616397    10.365171   -49.374441   -51.568752
   28.123830     5.806908     7.476678    10.092905   -36.240914   -73.175875
   28.021805     5.540059     7.152242    10.168897   -35.960003   -75.961380
   28.601300     5.768015     7.530713    10.317797   -21.997683   -85.467762
   28.064288     5.611942     7.354095    10.109296   -25.514809   -72.855565
   28.450479     5.808863     7.324940    10.215412   -29.344492   -84.440516
   28.094495     5.724573     7.489439    10.115168   -29.785253   -75.419361
   28.482980     5.923268     7.401089    10.119391   -29.233200   -77.687078
   28.285639     5.860147     7.370372    10.107297   -46.236148   -61.421915
   28.278390     5.695122     7.297472    10.177807   -34.796021   -69.700645
   28.220367     5.621615     7.284560    10.243475   -37.418852   -73.451071
   28.199888     5.690361     7.230413    10.112513    -5.428564  -111.922631
   28.533869     5.993981     7.441787    10.122297   -28.276272   -84.038567
   28.410046     5.713145     7.379598    10.376942   -50.335024   -73.062135
   28.227479     5.520215     7.370197    10.347430   -35.290113   -74.777452
   28.238592     5.797671     7.158989    10.124632   -39.804298   -80.449596
   28.629954     5.611190     7.593326    10.454384   -24.314376   -78.303149
   28.541436     5.809948     7.304540    10.259039   -28.867138   -84.883321
   28.535048     5.902892     7.403871    10.244698   -24.463781  -100.153057
   28.254124     5.982415     7.408498    10.079943   -31.140924  -100.854289
   28.832794     5.881080     7.445841    10.478629   -70.680665   -52.427077
   28.100086     5.903649     7.261170    10.083723   -49.501227   -88.314033
   28.249098     5.858117     7.608854    10.048900    -9.222691   -89.676308
   28.292754     5.809931     7.676029    10.106209     6.262324  -108.161503
   28.381859     5.740836     7.475808    10.333511   -44.431993   -75.908980
   28.439656     5.811654     7.447005    10.215637    -5.623590  -114.270832
   28.349507     5.978179     7.537673    10.096490   -14.422767  -109.742492
   28.507097     5.846642     7.621314    10.238873   -18.723640   -91.320411
   28.010316     5.609999     7.642088    10.225629   -14.948180  -100.785815
   28.531436     5.928612     7.129964    10.208162   -27.976076  -101.015670
   28.407951     5.574235     7.055311    10.351062   -35.999915   -79.150795
   28.406970     5.751565     7.225491    10.349113   -34.820387  -101.258709
   28.125640     5.662059     7.300282    10.148820   -25.970877   -87.778173
   28.535123     5.911236     7.658596    10.195645    -4.401846  -108.037316
   27.622656     5.479845     7.624759    10.177592   -32.422806   -77.244740
   28.157095     5.875173     7.201383    10.029566   -27.243405  -101.071796
   28.515501     5.584946     7.479901    10.456794   -20.902310   -93.208362
   27.900446     5.826202     7.559273    10.046847   -51.292676   -53.749798
   28.395018     5.736405     7.761022    10.390132   -46.702943   -65.566004
   28.195739     5.677441     7.342493    10.182873   -30.024570   -81.060223
   28.174596     5.383672     7.282869    10.392416   -34.931047   -71.377170
   28.302949     5.924412     7.583934    10.089766   -15.099427   -99.296254
   28.294172     5.769956     7.527788    10.227209   -34.904107   -78.410183
   28.402590     5.771669     7.345429    10.165738   -30.148137   -71.824881
   27.917451     5.764137     7.737242    10.164160   -41.655082   -68.403942
   28.566328     5.903305     7.388721    10.152821   -15.198304   -91.953542
   28.169547     5.761059     7.513139    10.124131   -17.514858   -94.129504
   28.143935     5.751742     7.412561    10.034315    -7.939477   -96.394530
   28.565999     5.840811     7.432896    10.252112    -1.322672  -119.413272
   28.172272     5.635130     7.696834    10.234174     8.267815  -121.613417
   28.043814     5.499372     7.426075    10.222559    -5.581438  -107.934849
   28.059380     5.609109     7.683579    10.154488     5.620054  -105.800680
   28.349545     5.965660     7.782427    10.068237   -11.091300   -85.462808
   28.159188     5.701446     7.404306    10.064195   -13.742443   -83.539548
   28.237205     5.897823     7.387166    10.003003   -21.395036   -85.711061
   28.143519     5.693707     7.201805    10.130597   -37.506009   -75.667833
   28.372423     5.832133     7.536339    10.248449   -28.663747   -94.345165
   28.181417     5.654234     7.557098    10.155529   -18.698574   -74.229881
   28.200534     5.689474     7.427065    10.162934   -28.888314   -74.814116
   28.332046     5.606632     7.694697    10.258334    -6.743684   -81.988698
   28.337666     5.590711     7.511671    10.241520   -11.351757   -80.935128
   28.604004     5.890418     7.378791    10.135675   -23.679492   -72.649585
   27.906409     5.693147     7.197039     9.918886   -21.846747   -80.555382
   28.291042     5.932570     7.546788    10.058495   -34.399718   -67.706035
   28.503821     5.779936     7.663471    10.288202   -35.454412   -64.992269
   27.962772     5.627256     7.373395    10.035127   -19.174894   -78.384720
   28.470550     5.829879     7.529415    10.147482   -23.566300   -70.920531
   28.207899     5.836858     7.326444    10.123696   -22.048095  -108.815993
   28.269532     5.732690     7.647964    10.199997   -25.893476   -72.566551
   28.421473     5.760608     7.429830    10.117204   -11.049975   -80.370596
   28.369685     5.717741     7.527554    10.275761    -7.570114  -111.485041
   28.972656     5.749300     7.271649    10.484314   -24.518212   -81.527336
   28.189266     5.584025     7.493070    10.222674   -17.445067   -83.006913
   28.453885     5.805841     7.784601    10.298182   -31.428470   -73.178713
   27.893395     5.813504     7.507181    10.015258   -30.929097   -87.570551
   28.014042     5.532917     7.582278    10.316393   -26.151743   -93.591241
   27.552603     5.404198     7.298255    10.130337   -37.375557   -90.513909
   27.899671     5.711385     7.682952    10.105054   -18.784296   -90.752799
   28.296331     5.870307     7.229814    10.062627   -39.513796   -70.016186
   28.534363     5.921034     7.428939    10.150808   -19.142311   -90.951390
   28.063277     5.538632     7.316413    10.175131   -26.528204   -75.494951
   28.176720     5.528197     7.411546    10.272277   -28.039762   -74.122068
   28.163229     5.524606     7.668791    10.245157    -6.566184   -82.176735
   28.080507     5.747262     7.780310    10.131521   -18.858521   -73.254101
   28.138009     5.756571     7.513494    10.110203   -28.981352   -74.881068
   28.423969     5.511445     7.495859    10.407064   -18.482173   -83.600190
   27.935176     5.503503     7.668536    10.230168   -22.463454   -71.754900
   28.574320     5.942371     7.525289    10.151035   -19.634766   -85.999538
   28.088746     5.387930     7.283066    10.334657   -27.246476   -80.885270
   28.488206     5.735708     7.289017    10.231478   -35.453692   -65.936404
   28.782991     5.982927     7.428005    10.267686   -24.433775   -91.937035
   28.122145     5.767759     7.507861    10.041930   -14.458321   -85.467309
   28.373870     5.776389     7.682678    10.176329   -19.483495   -72.052008
   28.539255     5.883709     7.250672    10.093846   -22.360807   -75.689462
   28.278058     5.669487     7.501079    10.258196   -31.977059   -74.901917
   28.409573     5.813898     7.480212    10.151206   -21.518864   -80.528299
   28.297817     5.818792     7.652271    10.166161    -8.804212  -103.081291
   28.375716     6.047836     7.360636     9.938864   -28.254905   -72.693590
   28.240196     5.901290     7.209504     9.975997   -19.754241   -93.164852
   28.532332     5.768360     7.452127    10.284337   -28.925096   -79.435811
   28.275067     5.848526     7.481587    10.120783   -20.703145   -94.778454
   28.100391     5.656582     7.303233    10.071165   -18.955562   -82.714183
   28.311087     5.842703     7.617423    10.206540   -13.803951  -110.389038
   28.497704     5.877418     7.432226    10.212920   -19.888763   -98.838936
   28.131579     6.024076     7.128966     9.845624   -35.198659   -80.599846
   28.394770     5.716682     7.574087    10.192048   -14.325194   -78.644557
   28.434267     5.629690     7.577324    10.391134   -21.880303   -90.241385
   28.261030     5.560393     7.178582    10.195403   -26.735694   -69.894373
   28.067940     5.636653     7.445495    10.113378   -24.103778   -73.287133
   28.736590     5.966967     7.482775    10.147808   -17.696076   -78.549171
   28.629801     5.709605     7.608036    10.316092   -16.244816   -77.706178
   28.648483     6.064737     7.467495    10.187211   -40.567865   -79.808049
   28.437026     5.694069     7.134670    10.130803    -9.874648   -85.286863
   28.103359     5.517445     7.564846    10.366225   -14.831462  -111.649538
   28.358899     5.636323     7.503075    10.403248   -24.440890  -100.739565
   28.227035     5.672684     7.381574    10.251496   -13.313494  -114.532960
   28.111858     5.826095     7.674335    10.177357   -14.147509  -117.401087
   27.767432     5.796629     7.567378     9.976796   -10.419518  -119.253994
   28.365486     6.022383     7.776803    10.101433   -16.007411   -95.958496
   28.002997     5.716529     7.565014    10.184454   -33.469473   -88.762631
   27.973931     5.832991     7.414378    10.052211   -48.450380   -70.513515
   28.439786     5.853604     7.538856    10.253295   -35.916850   -82.186352
   28.106417     5.608575     7.580236    10.327577   -29.136613   -95.348045
   28.179938     6.098694     7.358296     9.898875   -24.982123  -100.661589
   28.380259     5.810385     7.603709    10.235071   -14.163188  -103.991423
   28.371086     5.545795     7.487893    10.415701    -4.894546  -116.712490
   28.195235     5.580816     7.308466    10.226267     4.634354  -130.054899
   28.603409     5.613180     7.313509    10.403195    -2.366977  -110.264669
   28.429620     5.881498     7.484775    10.104290    -1.077822  -108.118090
   28.554350     5.809100     7.582705    10.299252    -7.928833  -109.433575
   28.262257     5.758640     7.823080    10.336565   -16.555355  -110.080018
   28.160728     5.679882     7.548907    10.141378     1.121337  -110.105725
   28.408238     6.020434     7.244018    10.029656   -26.869334   -92.528418
   28.474655     5.721018     7.103761    10.223905   -24.639848   -83.851290
   28.228592     5.712543     7.364316    10.145974   -22.314584   -86.071719
   28.074682     5.616105     7.544703    10.171913    -4.765392  -106.669045
   28.573788     5.615586     7.206828    10.434082   -25.401382   -91.243566
   28.480964     6.010433     7.324141    10.121017   -31.921263   -91.350091
   28.220155     5.747355     7.171784    10.084002   -24.690648   -86.829340
   28.011415     5.756240     7.695108    10.059712   -11.843808   -84.227930
   28.228164     5.539683     7.377160    10.342207   -32.691991   -80.336925
   28.406910     5.715562     7.493529    10.354565   -44.095165   -73.218072
   27.879748     5.598318     7.244306    10.046849   -28.732988   -82.265734
   28.559931     5.978747     7.319443    10.205106   -34.907242   -90.546879
   28.369782     5.907236     7.353306    10.028394    -1.769618  -108.689091
   28.621222     5.850838     7.188806    10.353294   -24.282403  -109.492595
   28.086755     5.453505     7.083022    10.274763   -35.763029   -79.861806
   28.353250     5.800713     7.578435    10.192182   -32.311203   -70.924929
   28.209221     5.644496     7.171011    10.266288   -27.791389  -103.919161
   28.111664     5.789776     7.566768    10.108992   -26.168421   -83.854805
   28.469452     5.755961     7.254861    10.314050   -19.468577  -108.645999
   28.266729     5.587132     7.334270    10.255392     0.071876  -118.521462
   28.445204     5.895366     7.229044    10.230040   -48.000149   -79.708183
   28.288116     5.556422     7.395476    10.299268    -4.764975  -108.583373
   28.413079     5.699652     7.849083    10.401122   -13.538226  -102.194638
   28.186955     5.629067     7.101245    10.159639   -12.510848  -109.315717
   28.263609     5.644784     7.897043    10.347536    -6.345731  -100.543192
   27.999025     5.784808     7.680488    10.047844   -13.746568   -86.852363
   28.225143     5.883266     7.471303    10.094228   -17.870768  -105.601898
   28.352330     5.867564     7.570606    10.235710    -9.959330  -126.669391
   28.138694     5.701923     7.613462    10.147199    -6.205082  -101.263806
   28.076677     5.669944     7.365799    10.097688   -23.246256   -83.258512
   28.168460     5.676599     7.599525    10.240258   -19.365965   -95.814532
   28.457538     5.620203     7.245841    10.367783    -6.128887  -118.960080
   28.314759     5.752191     7.523593    10.189567   -12.126658   -98.664608
   28.525599     5.732289     7.404785    10.312241   -12.697122  -102.308120
   28.138134     5.686988     7.706608    10.248088    -2.294744  -121.372014
   28.034730     5.489382     7.455923    10.287962   -21.242513   -94.130387
   28.409848     5.433452     7.308475    10.382128    -1.811030   -99.712361
   28.215913     5.792321     7.298730    10.129153   -25.264385   -97.261685
   28.071303     5.572305     7.592540    10.250246   -18.968761   -90.086551
   28.101499     5.786045     7.566825    10.044025    -2.063768  -106.620687
   28.105129     5.858920     7.660758    10.094506   -18.248645   -97.821681
   28.167777     5.720680     7.212465    10.139919   -28.971577   -91.908775
   27.932555     5.569818     7.616703    10.138481     0.432375  -107.869087
   28.537391     5.641586     7.532018    10.427237    -9.811861  -107.936162
   28.049170     5.619347     7.388015    10.134981   -27.439777   -76.817205
   28.278170     5.525373     7.366924    10.323449   -23.280916   -83.298152
   28.230005     5.539917     7.577963    10.441022   -28.576883   -94.893772
   28.159413     5.839057     7.340694    10.152385   -44.950017   -85.344742
   28.087329     5.761649     7.596350    10.126888   -15.373877  -100.571591
   28.479411     5.894039     7.328773    10.187899    -9.759727  -117.302218
   28.360227     5.626848     7.311453    10.224636     1.191412  -109.917605
   28.424904     5.851748     7.791831    10.356635   -48.727689   -70.613258
   28.208678     5.699044     7.728492    10.295145   -32.274812   -77.918306
   28.563549     5.831391     7.704754    10.368644   -43.569935   -71.604132
   28.359484     5.702416     7.334828    10.159027   -26.310180   -69.076876
   28.812159     5.956320     7.398161    10.256604    -2.818959  -110.738792
   28.272818     5.477843     7.347530    10.367267     1.049512  -123.505271
   28.363708     6.011467     7.338615    10.066392   -24.970906  -102.932440
   28.189218     5.769454     7.509725    10.174901    -9.963877  -117.252439
   28.407687     5.635351     7.303921    10.249414     0.893101  -110.730332
   28.517434     5.768000     7.573167    10.341612   -25.832781   -90.597379
   28.197351     5.809891     7.545305    10.258516   -45.224455   -85.110512
   28.189222     5.658819     7.308635    10.139659    -0.888606  -116.101151
   28.154477     5.634108     7.451255    10.250872   -29.245425   -86.915213
   27.694766     5.488088     7.666309    10.248645   -31.870720   -87.383763
   28.101284     5.688554     7.226910    10.120344   -39.841750   -72.322024
   28.345728     5.822897     7.518386    10.236577   -23.740482  -101.053124
   28.104777     5.646756     7.242185    10.231254   -29.442048  -103.924730
   28.003241     5.553336     7.349172    10.301658   -38.871896   -92.196554
   28.512695     5.877289     7.745298    10.375823   -30.594666  -100.997854
   28.112657     5.523551     7.354983    10.188845    -6.804501   -98.927683
   28.460397     5.733435     7.488331    10.269754   -10.556349  -100.802271
   28.197545     5.744298     7.314240    10.073688    -6.816991  -106.069681
   28.236361     5.569551     7.486294    10.254063   -16.757813   -83.831536
   28.173002     5.634325     7.636172    10.240906    -4.376483  -108.040840
   28.297771     5.970430     7.509689    10.116166   -15.216834  -120.079829
   28.141353     5.724225     7.113999    10.088758   -14.729181  -114.034051
   27.700122     5.779474     7.646121     9.971532    -6.197884  -119.410244
   28.406801     6.030594     7.480513    10.152832   -32.375925  -102.366689
   28.512957     6.068839     7.150391    10.037800   -21.117483  -101.094501
   28.374158     5.992767     7.346797     9.996280    -5.704300  -110.540633
   28.446126     5.629752     7.272771    10.354867    -3.222095  -122.906567
   28.437465     5.760542     7.520155    10.205389    16.076438  -132.342302
   28.141754     5.698363     7.288878    10.052982     6.188819  -122.735321
   27.881668     5.628587     7.108880     9.920765   -11.600215   -97.479489
   27.724718     5.712691     7.712956     9.930162    -5.475266   -71.356150
   28.347792     5.728888     7.559853    10.121339   -11.728239   -73.637407
   28.017196     5.526545     7.411278    10.176011    -1.650630  -113.512902
   28.383262     6.051980     7.310793     9.998571   -20.029644  -101.009176
   28.274903     5.495757     7.585472    10.413541   -20.674394   -88.502714
   27.895857     5.771908     7.586820    10.062117   -28.857949   -85.801599
   28.346166     5.659379     7.307475    10.237196   -18.533315   -90.964629
   28.363414     5.856136     7.356115    10.042543   -35.096764   -55.351799
   27.742583     5.427144     7.173897    10.108447   -35.860675   -73.383540
   28.421011     5.558098     7.304909    10.283404   -11.885366   -85.331697
   28.387220     5.961744     7.760763    10.216137   -35.045521   -83.751561
   27.585312     5.725691     7.401730     9.776401    -5.480014   -97.690591
   28.590551     5.975082     7.175933    10.076545   -22.747201   -82.166978
   27.898771     5.682098     7.631506    10.150939   -13.778854  -112.911299
   28.468223     6.087674     7.538624    10.038247   -31.981848   -76.887133
   28.059760     5.669533     7.350674    10.123116   -22.904576   -93.233882
   27.913280     5.605784     7.509952    10.061742   -14.345345   -81.807104
   28.504194     5.828408     7.523993    10.247701   -17.750596   -96.352279
   28.510243     5.938283     7.207223    10.099835   -23.086090   -88.240158
   28.196082     5.591388     7.578579    10.290234    -5.984426  -110.585715
   28.642724     5.505080     7.378874    10.488204   -10.508900   -92.626404
   27.922371     5.574981     7.587250    10.219448   -26.492817   -88.200953
   28.045918     5.655166     7.453967    10.069963   -20.082377   -74.151905
   28.222360     5.685526     7.509949    10.195576   -22.013668   -84.117875
   28.692990     5.839270     7.345026    10.223941    11.653211  -120.030759
   28.329011     5.597204     7.711322    10.327420     3.017300  -109.743728
   28.456645     5.683377     7.070435    10.174376   -13.703685   -87.021956
   28.255440     5.632269     7.591774    10.287825   -33.401022   -68.599195
   28.217706     5.662841     7.557558    10.121433    -2.116041   -89.423120
   28.139128     5.769464     7.833265    10.272043   -19.982216  -102.135040
   28.541284     5.904299     7.534593    10.096334    -7.130322   -87.799001
   28.209798     5.779193     7.688864    10.122171     9.891813  -120.118579
   28.221011     5.547869     7.709618    10.450801   -24.840733   -96.757140
   27.881312     5.628414     7.745152    10.262201   -25.631767   -99.676470
   28.333009     5.525760     7.580420    10.370208   -19.304864   -81.543537
   28.041542     5.706821     7.462078    10.096843   -12.476364  -104.910703
   28.407359     5.753292     7.697809    10.302884   -14.495018   -99.603859
   28.230710     5.709592     7.935412    10.364576   -25.957060   -85.763189
   28.522371     5.921284     7.314725    10.147522   -17.547500   -97.497455
   28.044290     5.711290     7.318303    10.124666   -47.300707   -66.107745
   28.164999     5.897214     7.364992    10.008627   -23.972650   -93.208849
   28.355892     5.889301     7.586931    10.236454   -27.247754  -102.564978
   28.277086     5.730963     7.340035    10.225674   -43.227821   -71.415809
   28.543676     5.799402     7.102913    10.248785   -38.768912   -74.453053
   28.453836     5.835877     7.785825    10.234807    -7.621607   -98.442062
   28.495196     6.006883     7.382339    10.065477    -9.880491  -105.976696
   28.219170     5.799020     7.320647    10.052483   -13.116275   -98.386027
   28.553570     5.645140     7.641405    10.385420    -9.313182   -94.906561
   28.170942     5.860080     7.751201    10.205466   -28.355534   -94.023558
   28.324841     5.674673     7.260500    10.200629    -6.792815  -107.957389
   27.759469     5.711554     7.721419    10.099882   -12.856350  -112.644027
   28.172079     5.573311     7.398389    10.300821   -32.623174   -82.575052
   28.592885     5.909010     7.308905    10.096491   -22.362664   -72.895723
   28.617859     5.802658     7.243648    10.227735    10.979176  -126.646572
   28.154901     5.767430     7.587994    10.134429     2.635527  -125.289805
   27.958904     5.876162     7.689176    10.056183   -12.448404  -114.135907
   28.023642     5.583595     7.726495    10.304279   -11.246318  -111.686493
   28.124524     5.629613     7.358920    10.260415   -40.054984   -80.508595
   28.004141     5.554801     7.571949    10.216723   -22.462595   -81.770198
   28.350305     5.764960     7.527569    10.238084   -37.876682   -70.189477
   28.341445     5.703093     7.501514    10.415266   -51.142460   -78.353418
   28.565304     5.986689     7.039887    10.106896    -9.128496  -116.186170
   28.194886     5.873269     7.438059    10.056301   -21.945612   -94.514824
   27.823813     5.678974     7.464855    10.046049   -11.176866  -117.569415
   28.466335     5.594784     7.152129    10.341062    -1.411982  -119.473138
   28.512093     5.776334     7.550056    10.287229    -3.243449  -113.839051
   28.388039     5.748102     7.554151    10.254310   -23.603998   -86.097803
   28.214843     5.606277     7.666914    10.383048   -25.042784   -95.858980
   28.165950     5.625377     7.451929    10.219199   -10.353850  -106.434832
   27.973794     5.580756     7.487166    10.224211    -6.540460  -128.118031
   28.126915     5.627659     7.229812    10.171623   -10.611050  -115.548382
   28.431906     5.819010     7.316736    10.171512    -9.028515  -107.714162
   28.252299     5.534128     7.193608    10.330741   -33.538757   -82.754109
   28.348966     5.481786     7.480656    10.401919    -7.370230  -101.586336
   28.445483     6.037457     7.425514    10.079824   -15.459598  -110.415529
   28.452609     5.897712     7.216065    10.193202   -39.584276   -83.854925
   28.358154     5.806797     7.552054    10.288028   -41.121264   -80.848396
   28.378366     5.943838     7.413545    10.200396   -52.644134   -74.782521
   28.305856     5.740250     7.456760    10.225742   -24.517573   -90.983199
   28.070849     5.724446     7.429689    10.081694   -13.135464  -102.483278
   28.347610     5.920507     7.315678    10.127043   -11.468675  -124.766905
   28.383272     5.768469     7.292567    10.207261   -13.707652  -106.448266
   28.288028     5.728849     7.062059    10.210590   -34.640542   -92.325843
   27.702829     5.546746     7.678550    10.152401    -8.247272  -115.163629
   28.661018     5.727758     7.619306    10.356636    -1.197514  -104.652492
   28.051402     5.609606     7.547276    10.209029   -21.256250   -90.027158
   28.378902     6.009415     7.420047    10.118905   -41.680119   -83.810313
   28.355694     5.743682     7.430993    10.271429   -10.540910  -117.652348
   28.169624     5.784761     7.609810    10.159166    -9.556753  -111.463403
   28.201981     5.928516     7.402862     9.988400   -18.368237   -95.525129
   28.205050     5.931085     7.607862    10.145991   -12.093278  -128.870859
   28.313810     5.884433     7.375124    10.111818    -9.746570  -117.664260
   28.490639     5.820655     7.327845    10.289395   -12.042668  -121.526858
   27.938926     5.608333     7.583165    10.113594     5.350594  -120.587009
   27.984186     5.636373     7.933906    10.308685     1.075297  -127.576397
   28.006650     5.659766     7.903647    10.291619   -14.677086  -100.581807
   28.763488     5.820567     7.553799    10.441691   -11.172471  -115.469180
   28.184861     5.660887     7.664078    10.310570    -8.708590  -119.204940
   28.324181     5.710193     7.435569    10.258300    -1.052436  -127.546058
   28.175057     5.920646     7.370990    10.055480   -16.825718  -119.029542
   28.107279     5.628753     7.373817    10.250964   -17.158737  -116.149379
   28.079958     5.622215     7.695201    10.316365   -12.797539  -116.015641
   27.869620     5.597294     7.430676    10.063070     2.933929  -126.479840
   28.208079     5.768954     7.396529    10.106572     2.394494  -126.583127
   28.265423     5.744235     7.498521    10.216475    -3.809390  -123.365336
   28.036577     5.762662     7.176167    10.004270   -23.222714   -98.571344
   28.333580     5.966199     7.356166    10.149223   -39.638193   -94.241921
   28.280384     5.940934     7.573060    10.168710   -15.839805  -123.905394
   28.475277     6.041248     7.531951    10.260941   -53.319302   -87.517810
   28.405803     5.804757     7.470415    10.320443   -17.583126  -121.276339
   27.846219     5.589821     7.499576    10.090421    -2.863821  -118.328627
   28.013136     5.788182     7.414236    10.055878    -9.742475  -123.348276
   28.194022     5.696526     7.482203    10.279212   -23.326813  -106.974422
   28.158269     5.838044     7.581356    10.128267   -10.307656  -116.651610
   28.226761     5.839041     7.329455    10.147594   -28.056712  -102.485696
   28.266624     5.935815     7.655904    10.153054   -20.897066  -105.826353
   28.243100     5.862654     7.385106    10.155527   -34.175316   -94.065455
   28.884336     5.830395     7.722949    10.524048   -16.271107  -110.269788
   28.010729     5.661995     7.594890    10.348674   -56.848134   -75.305289
   28.198048     5.371967     7.626427    10.643277   -34.978450   -99.157245
   28.327950     5.681926     7.136303    10.270130   -20.362324  -108.973158
   28.436265     5.653545     7.122991    10.294713   -34.703681   -76.807483
   28.636082     5.929161     7.205582    10.390182   -41.353998  -104.657962
   27.898314     5.679906     7.365120    10.133334   -44.151980   -81.706012
   28.472343     5.465181     7.507929    10.636556   -42.479747   -81.306951
   28.285582     5.861347     7.657566    10.274449   -40.894225   -87.781732
   28.224395     5.753587     7.377056    10.194062   -31.909619   -88.867189
   27.991298     5.675372     7.720559    10.231392   -17.066446  -105.862902
   28.183376     5.800779     7.122966    10.156240   -35.408314  -104.486290
   28.450347     5.699749     7.203992    10.327445   -14.201915  -114.400915
   28.154534     5.716209     7.056211    10.150383   -24.232220  -113.478288
   28.427397     5.628880     7.293077    10.412340   -19.449025  -110.567175
   28.406099     5.905741     7.497159    10.297596   -35.380802  -106.479239
   28.260449     5.654791     7.732938    10.458657   -34.008697   -98.324156
   27.925868     5.504674     7.898047    10.421768   -20.607250  -104.171910
   28.251325     5.543297     7.101363    10.356434   -49.806080   -71.473749
   28.651155     5.860530     7.395767    10.425428   -57.744918   -72.706103
   28.320163     5.674369     7.793794    10.471454   -31.582869   -98.593215
   27.933535     5.436744     7.492185    10.386625   -30.379148  -101.305317
   27.979533     5.628327     7.186155    10.189437   -37.940578   -98.992613
   27.929626     5.547304     7.666401    10.342622   -23.435242  -110.321452
   27.927741     5.720315     7.465113    10.155599   -24.379677  -116.680757
   28.191771     5.658118     7.141954    10.277131   -35.548656  -100.949366
   28.546426     5.798827     7.249991    10.326671   -20.286640  -108.113743
   28.204375     5.642805     7.277001    10.361505   -37.421377  -103.514081
   27.906617     5.562417     7.523460    10.247874   -23.663397  -105.938871
   28.562336     5.722165     7.101931    10.415386   -33.647023   -97.295227
   28.095133     5.561385     7.220078    10.290136   -16.622398  -126.651425
   27.985837     5.581450     7.204716    10.247333   -41.124815   -95.260942
   28.171463     5.922827     7.025214     9.982373   -30.717231  -103.670000
   28.395973     5.878034     7.452492    10.250798   -27.409119  -106.344551
   27.849926     5.610763     7.233384    10.028521   -21.389683   -99.399436
   28.202849     5.628625     7.421790    10.363964   -35.610708   -95.667582
   27.969664     5.647328     7.149548    10.191552   -47.516855   -92.437937
   28.502772     5.660816     7.623320    10.312516    -7.619725   -90.874649
   28.462236     5.742647     7.223685    10.237841    -0.732692  -121.491279
   28.487919     5.594095     7.622304    10.366112   -12.877380   -84.770042
   28.191749     5.881167     7.257851    10.015304   -37.878985   -74.163884
   28.397281     5.639074     7.667138    10.391394   -29.841083   -79.311072
   27.710568     5.533007     7.714824    10.202625   -21.854928   -94.674478
   28.070372     5.800388     7.455811    10.154427   -47.633836   -76.219471
   28.250641     5.705085     7.640876    10.361802   -44.777446   -77.549741
   28.215441     5.800873     7.506345    10.303100   -57.840586   -75.019180
   28.293619     5.851350     7.518082    10.279110   -32.373428  -108.350994
   28.306455     5.641923     7.460111    10.362210    -8.394312  -127.405591
   28.670899     5.782462     7.171948    10.305818   -33.876510   -74.039760
   28.406676     5.746074     7.614690    10.451901   -35.111371  -104.198523
   28.064448     5.598737     7.697928    10.348500   -25.242969   -99.866936
   27.908317     5.493960     7.656572    10.390921   -44.843110   -77.804658
   28.249987     5.594545     7.237206    10.341603   -46.588408   -74.501608
   27.811009     5.629674     7.496145    10.209359   -41.878404   -92.774418
   28.126322     5.685330     7.765539    10.367178   -44.921572   -76.836030
   28.023797     5.830592     7.368212    10.128947   -55.631441   -76.136645
   27.997577     5.627725     7.606790    10.141678    -2.318421  -109.028514
   28.903931     5.813230     7.561320    10.353239   -17.172110   -78.169280
   28.426345     5.700681     7.290982    10.222254    -6.790954  -103.145931
   28.201495     5.376620     7.677520    10.452311    -1.207920  -106.969340
   28.676713     5.663750     7.605139    10.597281   -27.797812  -103.423456
   28.077463     5.500534     7.543159    10.273685    -9.839366   -99.823157
   27.904639     5.445389     7.658194    10.379047   -29.503984   -91.849508
   27.970367     5.496108     7.542816    10.278561   -20.480763   -95.500255
   28.353646     5.754613     7.365486    10.201821     4.932552  -133.044197
   27.953561     5.626789     7.487123    10.107213    -1.767367  -118.625272
   28.660789     5.792935     7.457881    10.372438     0.096824  -127.062083
   28.530203     5.721032     7.533130    10.320595     1.053315  -116.244883
   28.513004     5.918723     7.632519    10.289906   -19.885865  -111.541369
   28.436396     5.735524     7.629954    10.331651   -11.135303  -108.565842
   28.433846     5.841671     7.444680    10.180844   -13.533629  -101.458182
   28.159366     5.761755     7.490944    10.121821    -2.088141  -120.924523
   28.231999     5.768234     7.178568    10.061145    -5.850778  -112.753915
   28.296622     5.727573     7.695907    10.333499   -10.821753  -118.898971
   28.384048     5.810246     7.376087    10.172862     1.941766  -127.032574
   28.177916     5.629630     7.684580    10.308056   -14.341624  -102.678461
   28.961476     6.045589     7.109830    10.302455   -12.568099  -107.078768
   28.072941     5.838370     7.587797    10.021546     8.373923  -129.597710
   28.400986     5.867963     7.716226    10.206233    -0.651178  -118.159505
   28.213390     5.524226     7.522748    10.268935     0.587771  -105.258526
   27.997374     5.681342     7.578269    10.116723   -17.725186   -90.388246
   27.918776     5.509823     7.520121    10.228962   -17.134262  -100.638684
   28.223183     5.655255     7.176372    10.123673   -13.686258   -94.961383
   28.140558     5.754070     7.226324    10.104546   -38.830045   -77.858320
   28.105557     5.591062     7.787913    10.276534   -16.239469   -82.465630
   28.406914     5.586571     7.368051    10.298460   -35.666765   -58.931990
   28.274757     5.414219     7.568449    10.409854   -26.575352   -65.866710
   28.501723     5.826702     7.276530    10.146037     6.974164  -120.604828
   27.778940     5.432130     7.457426    10.183894   -25.507942   -80.581100
   28.501849     5.827292     7.216234    10.200569   -46.668024   -60.598705
   28.337212     6.029030     7.231067     9.988780   -41.997824   -72.562045
   28.520902     6.089875     7.486847    10.049681   -35.381584   -72.984147
   28.212728     5.765905     7.392259    10.158229   -34.350355   -80.263846
   28.567254     5.867139     7.467861    10.261199    -2.780512  -122.600309
   28.421802     5.791166     7.313767    10.235636   -10.788475  -115.345157
   28.273490     5.896489     7.399384    10.196049   -50.380707   -80.650711
   28.261009     5.818838     7.809816    10.266136   -36.644401   -74.285023
   28.059306     5.707297     7.573503    10.251872   -37.005385   -90.002265
   28.322105     5.837241     7.289284    10.126690   -21.690071   -97.488125
   28.355412     5.941926     7.242575    10.218372   -43.539811  -102.429576
   28.221333     5.763392     7.604131    10.168700    -1.977272  -116.120609
   28.227699     5.563895     7.448598    10.309100   -13.057590  -103.301112
   28.306885     5.717415     7.456882    10.194184   -23.501377   -81.900986
   28.280940     5.670311     7.531220    10.281659   -31.760670   -78.189438
   28.305942     5.752400     7.708958    10.406020   -30.624939  -107.148307
   28.042216     5.691320     7.745694    10.306150   -13.299476  -126.727026
   28.125351     5.624506     7.357569    10.283592   -24.675494  -108.712817
   28.431250     6.043379     7.535414    10.124639   -21.081589  -109.109117
   28.466229     5.848525     7.249334    10.241187    -7.497660  -130.829761
   28.459442     5.675197     7.528654    10.347032    -6.852647  -110.085382
   28.434544     5.528419     7.417066    10.430678    -8.765572  -107.010826
   28.449870     5.626284     7.104369    10.290549   -22.895586   -86.905305
   28.116447     5.787444     7.251493     9.975295   -22.762675   -80.310418
   28.294814     5.641784     7.265129    10.248672   -22.373413   -92.338757
   28.534019     5.864988     7.280068    10.283671   -15.791314  -118.779538
   28.166678     5.779696     7.470974    10.294905   -28.673893  -123.867395
   27.890397     5.670587     7.331143    10.080453   -12.395356  -126.729447
   28.428463     5.802295     7.394685    10.294059   -21.133721  -109.819855
   28.282018     5.647430     7.276755    10.371122   -18.728800  -128.445997
   28.074454     5.569228     7.395095    10.379512   -32.833396  -110.636345
   28.252796     5.745603     7.510639    10.422449   -34.737623  -123.861230
   28.299265     5.880863     7.328300    10.224451   -29.939376  -116.360767
   28.169916     5.665022     7.447339    10.351744   -20.414173  -129.381688
   27.970031     5.496181     7.132007    10.256794   -16.637974  -132.928335
   28.284475     5.743714     7.457404    10.367802   -27.786859  -120.081634
   28.395707     5.830115     7.605614    10.507891   -54.718409  -105.621909
   28.785043     5.808070     7.219397    10.523333   -24.654517  -116.465869
   28.365165     5.886889     7.584096    10.301489   -28.994135  -113.388643
   28.145060     5.723581     7.333215    10.233678   -25.329179  -115.007702
   28.384813     5.975916     7.518885    10.210133   -32.462682  -105.601188
   28.288336     5.847270     7.610681    10.246954   -13.460445  -124.695130
   28.790587     5.941416     7.378566    10.228541    -4.115801  -103.928888
   28.139384     5.841032     7.280768    10.018298    -9.142192  -118.229517
   28.551269     5.823990     7.230711    10.274319   -11.186315  -115.383927
   28.293842     5.516326     7.608187    10.450940   -23.308251   -92.598783
   28.480983     5.680481     7.331622    10.402781   -44.478918   -75.604740
   28.161648     5.782233     7.168778    10.077586    -5.678053  -132.563227
   28.384653     5.657956     7.090604    10.330451   -41.542683   -81.550075
   28.182894     5.583660     7.323523    10.290873   -30.210930   -88.989507
   28.418764     5.496077     7.352021    10.459270   -40.346460   -68.151230
   28.525723     5.576200     7.218456    10.489708   -37.948651   -83.387487
   28.124310     5.961652     7.425573    10.041978   -24.724288  -113.352011
   28.370216     5.721035     7.595447    10.233931    -1.676703  -107.715824
   28.274405     5.730387     7.325950    10.060097     2.442888  -104.015097
   28.018439     5.769737     7.366204    10.155565   -45.974909   -86.745730
   28.114617     5.509408     7.351250    10.376496   -23.618681  -111.202889
   28.112433     5.631324     7.264647    10.211401   -20.510000  -108.583600
   28.440929     5.625295     7.579875    10.503153   -31.423312   -96.787238
   28.250931     5.642484     7.287958    10.378867   -36.953038  -101.071081
   28.044822     5.530542     7.575534    10.307316   -11.947714  -111.668900
   28.261714     5.466522     7.478530    10.473952   -37.767847   -77.967585
   28.330637     5.603947     7.264732    10.413962   -28.723458  -105.504635
   28.393360     5.487000     7.060689    10.340776   -24.224778   -81.465804
   28.322583     5.579562     7.308574    10.282260   -10.506994  -100.785707
   28.124822     5.664033     7.109413    10.120765   -20.271237  -103.076387
   28.329702     5.561840     7.253554    10.485814   -26.664460  -118.757663
   28.347094     5.731917     7.182187    10.306794   -36.493761   -96.138067
   27.906575     5.323069     7.496364    10.519102   -42.637041   -93.129604
   28.200785     5.627986     7.084954    10.327702   -49.968723   -86.951933
   28.383275     5.673505     7.162401    10.500622   -51.692305  -101.655200
   27.840968     5.477444     7.136995    10.210224   -38.307813   -97.176927
   28.134165     5.764195     7.571700    10.307983   -49.571331   -85.583011
   28.100270     5.469700     7.423536    10.366099   -26.831273   -93.031244
   27.936365     5.664693     7.699505    10.250301   -25.618634  -102.540516
   28.370016     5.733136     7.147975    10.131508   -15.864005   -90.103918
   28.386819     5.975901     7.218346     9.970892   -26.030979   -77.484344
   27.853146     5.630587     7.605337    10.113830   -26.608718   -76.336391
   28.171679     5.420207     7.324027    10.245478   -13.666278   -76.199864
   28.445738     5.744643     7.174743    10.160452   -19.341333   -83.351772
   28.039995     5.716019     7.428459    10.045772   -24.684934   -75.880661
   28.385077     5.896056     7.178758    10.015199   -34.718105   -63.852678
   28.624111     5.707051     7.639026    10.307678   -15.463564   -75.573211
   28.022911     5.547715     7.236370    10.099503   -18.654658   -82.972290
   27.964697     5.769800     7.526585    10.080226   -24.414955   -96.832156
   28.542202     5.852128     7.054197    10.196377   -27.125559   -88.950398
   28.326739     5.770513     7.284726    10.075857   -17.157780   -81.917623
   28.096179     5.652407     7.469299    10.197073   -24.268781   -91.737491
   28.247781     5.604935     7.317969    10.142777   -10.539504   -84.112041
   28.750838     5.732144     7.537103    10.488909   -30.078983   -87.186760
   28.433310     5.700125     7.376934    10.329041   -32.906950   -83.511270
   28.303165     6.006549     7.387617    10.103795   -24.612030  -116.871582
   28.187515     5.573298     7.113579    10.326933   -52.593635   -73.367239
   28.501719     5.872227     7.312713    10.253330   -30.837238   -94.577848
   28.484700     5.968382     7.234560    10.258729   -38.643573  -106.658137
   28.062767     5.837786     7.383662    10.181130   -41.045390  -107.856573
   28.403818     5.651762     7.241774    10.426540   -45.371655   -84.746733
   28.380188     5.749833     7.547077    10.273500    -7.143482  -115.214099
   28.532739     5.770292     7.253875    10.290982   -23.735255   -93.369353
   28.462090     5.617034     7.709436    10.425655   -23.846938   -82.837096
   28.177483     5.582309     7.194606    10.186127   -14.141257   -99.456773
   28.520252     5.590649     7.573814    10.528340   -24.193113   -98.841425
   28.136826     5.765796     7.335699    10.163595   -19.038288  -118.547613
   28.300790     5.653834     7.196427    10.247886    -5.900184  -123.253558
   28.003395     5.657262     7.137873    10.174226   -35.559820  -105.957603
   27.996783     5.695092     7.272120    10.046632   -15.156063  -107.317287
   28.342712     5.597777     7.442167    10.324316    -8.107669  -107.186641
   28.223237     5.451382     7.324806    10.367607    -8.148766  -111.112739
   28.630644     5.808693     7.443767    10.321886    -7.174732  -112.004732
   28.303336     5.530182     7.575484    10.385205    -9.098871  -103.575446
   28.467386     5.852059     7.288643    10.271248   -29.018474  -101.762373
   28.184149     5.578354     7.644342    10.422823   -39.217090   -82.259770
   28.059361     5.534486     7.053524    10.181840   -24.528110   -98.201935
   28.276510     5.564971     7.678689    10.485546   -33.944978   -89.894942
   28.656195     5.675505     7.256364    10.335966    -9.308808   -94.053581
   27.998575     5.618327     7.102141    10.148871   -25.796720  -111.821105
   28.630534     5.680882     7.386844    10.444373   -23.183113   -94.686625
   28.450266     5.730314     7.667766    10.322269   -34.596746   -69.274774
   28.151444     5.656118     7.526664    10.247895   -14.624040  -108.453678
   28.384508     5.615844     7.361378    10.416495   -15.107379  -118.488100
   28.211252     5.886801     7.547156    10.219520   -30.642449  -111.988898
   28.332453     5.827163     7.467688    10.158956    -2.021408  -122.007124
   28.352959     5.735694     7.216315    10.189100   -22.820203   -91.045684
   28.131656     5.666719     7.261626    10.125679   -15.715500  -101.337497
   28.403199     5.859752     7.400054    10.344429   -33.934805  -115.955323
   28.442535     5.530412     7.544666    10.529561   -19.847207  -104.188696
   28.540416     5.668114     7.273254    10.455040   -19.387589  -113.552294
   28.500885     5.609750     7.604945    10.441824   -33.928063   -73.216388
   28.178616     5.880395     7.594905    10.270296   -49.487204   -92.793955
   27.888271     5.424125     7.664045    10.332929   -15.735605  -101.553776
   28.360557     5.774984     7.464321    10.269307   -19.593811  -106.665662
   28.115226     5.637440     7.443977    10.288976   -17.547207  -120.196026
   28.523670     5.866610     7.627747    10.274956    -9.162420  -113.632331
   28.286385     5.797639     7.674343    10.264878   -14.607926  -112.856583
   28.525283     5.724415     7.163821    10.402440   -19.517578  -119.090046
   28.148519     5.692652     7.272558    10.281541   -32.746910  -111.264441
   28.250074     5.832364     7.158137    10.209146   -33.935403  -113.916838
   28.189608     5.886055     7.214176    10.006740   -10.804688  -118.961152
   28.340857     5.516939     7.312885    10.467816   -30.254483   -95.685810
   27.928396     5.304906     7.621964    10.497386   -31.531219   -89.969466
   28.197100     5.548460     7.115931    10.226298   -20.555000   -93.972280
   27.935778     5.430371     7.574167    10.368556   -22.113512  -102.918456
   27.621401     5.234238     7.291352    10.360205   -34.119630  -112.600257
   28.222193     5.637992     7.330052    10.382205   -31.792627  -110.892797
   28.475204     5.761317     7.358070    10.425643   -36.247155  -103.223433
   28.299723     5.639515     7.098709    10.268965   -41.508641   -76.237672
   28.310888     5.721773     7.047784    10.219428   -27.694297  -100.949124
   28.014755     5.537227     7.428909    10.288521   -20.014536  -110.340673
   28.005596     5.277567     7.468467    10.555056   -34.024520   -96.519890
   27.957051     5.616617     7.124660    10.110012   -30.237993   -98.682407
   28.169026     5.450270     7.370084    10.453709   -33.112239   -93.553497
   27.830548     5.674767     7.411296    10.083862   -43.775942   -71.988373
   28.278415     5.446170     7.209288    10.525105   -35.892727  -100.035448
   28.231788     5.614370     7.430291    10.407154   -19.568560  -125.868461
   28.354559     5.785144     7.277990    10.353433   -56.078508   -82.242608
   28.240226     5.751244     7.052215    10.169244   -31.501671   -99.545230
   27.974860     5.462574     7.403442    10.248599   -29.855896   -76.194939
   27.664100     5.441020     7.347228    10.194480   -39.025251   -90.405296
   28.584417     5.836075     7.195463    10.249001   -39.841654   -71.947749
   28.016555     5.442922     7.546427    10.373319   -39.150655   -70.532446
   27.975987     5.770701     7.427252    10.024541   -32.127942   -76.850240
   28.525312     5.646574     7.478116    10.327412   -28.249803   -68.868007
   28.129537     5.695655     7.381092    10.161869   -33.597015   -79.309061
   28.123181     5.482565     7.369150    10.331322   -37.247778   -72.760509
   28.183619     5.806328     7.521133    10.298760   -24.949728  -131.429114
   28.140049     5.537081     7.187269    10.376490   -30.704764  -112.964293
   28.280041     5.487931     7.421141    10.440219   -34.180772   -81.234888
   28.059798     5.580957     7.264949    10.202973   -32.082930   -85.220261
   28.323800     5.910747     7.397895    10.185073   -45.909563   -81.996215
   27.882643     5.260206     7.411981    10.433875   -37.916724   -77.367927
   28.328266     5.700610     7.225424    10.190667   -20.184243   -91.798886
   27.838008     5.458283     7.350004    10.123974   -18.328057   -86.129409
   28.032679     5.409909     7.256430    10.264399   -35.335707   -64.808047
   28.252306     5.951498     7.372924    10.037155   -41.060789   -72.645082
   28.120426     5.525467     7.292724    10.319280   -32.351051   -90.344545
   28.343002     5.844316     7.076509    10.103096   -32.102071   -86.023228
   28.237767     5.696573     7.169549    10.184914   -32.464057   -85.497795
   28.142973     5.739959     7.354710    10.187478   -39.034564   -84.835375
   27.974466     5.667865     7.190027    10.095661   -34.000481   -91.560846
   28.036179     5.722450     7.365743    10.072763   -33.118140   -76.105937
   27.783214     5.704940     7.329217    10.025883   -31.546928  -101.978522
   27.681764     5.497377     7.485482    10.103408   -19.774647   -96.199366
   28.139103     5.547180     7.394795    10.389793   -32.323285  -100.714071
   28.496855     5.716005     7.564834    10.421198   -38.202348   -82.689436
   28.035234     5.579401     7.321861    10.203395   -29.499419   -88.431362
   27.855591     5.686357     7.273970    10.030391   -37.457358   -82.750945
   28.295424     5.468230     7.374331    10.353915   -14.374367   -90.496732
   28.500787     5.762289     7.092455    10.216052   -31.860567   -76.806647
   28.276597     5.774276     7.535981    10.158245   -31.155736   -70.410830
   28.438516     5.789974     7.085318    10.081010   -22.102572   -75.659123
   28.369262     5.646393     7.527934    10.251531   -28.988556   -63.448971
   27.786746     5.698152     7.459289     9.974765   -33.443458   -62.045398
   28.151637     5.356945     7.575695    10.552994   -34.031681   -86.317579
   28.418843     5.882514     7.506767    10.048423   -19.841795   -68.819704
   28.013820     5.443096     7.655831    10.298551   -15.431192   -82.261603
   27.963994     5.418349     7.412161    10.275846   -17.708029   -95.303083
   28.590961     5.876255     7.220253    10.161163   -28.109974   -75.543504
   28.261390     5.634197     7.018647    10.119628   -25.758002   -76.316519
   28.321400     5.504892     7.435457    10.372276   -29.653107   -72.745465
   28.239201     5.685436     7.302830    10.196820   -33.074216   -78.272962
   28.166737     5.586670     7.528355    10.210795   -22.187332   -72.958540
   28.160652     5.631098     7.416545    10.232724   -34.540837   -75.810571
   28.250133     5.595032     7.036611    10.096516   -22.292095   -70.270200
   28.557034     5.585448     7.469462    10.462707   -35.337473   -72.412323
   28.035452     5.578973     7.236799    10.114086   -26.482184   -78.299036
   28.016602     5.393024     7.508891    10.326696   -21.229363   -82.026019
   28.204418     5.620352     7.327915    10.238383   -38.074697   -70.521101
   28.249169     5.541076     7.371172    10.351830   -37.594517   -73.652671
   28.212379     5.534632     7.240750    10.276633   -32.813524   -75.135405
   27.924511     5.499757     7.373310    10.115168   -22.731868   -70.345730
   28.318533     5.674878     7.314959    10.223159   -36.178949   -68.651268
   27.989915     5.592710     7.425269    10.160125   -34.741850   -69.069845
   28.184599     5.721227     7.512052    10.170422   -29.516564   -77.145298
   27.600482     5.537033     7.460893    10.005117   -25.971161   -74.149391
   28.036921     5.386967     7.537834    10.402321   -36.167882   -69.880540
   27.821513     5.517777     7.371700    10.129254   -30.513887   -79.014013
   28.247242     5.657835     7.478984    10.372673   -47.941995   -77.005737
   28.157901     5.544113     7.567636    10.382617   -34.261937   -82.866419
   27.934321     5.612973     7.158084    10.044198   -29.978751   -82.216292
   28.139843     5.684075     7.629017    10.272305   -39.509018   -73.311612
   28.097631     5.462592     7.332606    10.370528   -41.929742   -75.398390
   28.053127     5.580712     7.412898    10.220529   -28.429676   -85.645601
   28.095465     5.377044     7.571736    10.456625   -35.843385   -72.337941
   28.447551     5.598649     7.404294    10.429900   -37.560656   -77.431599
   28.247077     5.744005     7.324825    10.251334   -33.499984   -96.368007
   27.969504     5.628293     7.597554    10.154120   -28.649066   -70.793244
   28.218646     5.712757     7.283617    10.208792   -32.442203   -89.521884
   28.315566     5.784409     7.261354    10.167099   -29.763092   -87.256934
   28.050726     5.616001     7.211879    10.197623   -24.218732  -108.815059
   28.065447     5.554686     7.059776    10.260567   -44.029974   -87.746491
   27.764764     5.495486     7.161922    10.093043   -37.475786   -80.903220
   28.295145     5.701402     7.416127    10.310506   -36.709204   -86.669448
   28.260286     5.857476     7.354686    10.196361   -32.870445  -103.689936
   27.977754     5.528263     7.716346    10.563914   -57.613284   -93.887669
   28.244074     5.928214     7.593229    10.219975   -41.659928   -95.355518
   27.791982     5.303494     7.294440    10.316306   -29.039188   -95.296434
   28.269901     5.577623     7.501228    10.451380   -29.933042  -101.624754
   28.120284     5.579686     7.472127    10.346870   -19.967296  -115.289425
   28.135982     5.516792     7.709169    10.380402   -31.214347   -73.838966
   27.705328     5.377301     7.580483    10.317866   -34.603457   -85.872989
   28.577264     5.517471     7.303436    10.510268   -25.255903   -87.435191
   28.116340     5.382369     7.356018    10.445740   -23.790203  -101.712612
   28.618782     5.812692     7.393465    10.414183   -39.161784   -89.991874
   28.333769     5.655695     7.117840    10.278599   -36.594947   -82.627853
   28.065162     5.581618     7.271464    10.319604   -41.097077   -95.596452
   28.242253     5.528917     7.277554    10.410903   -25.866259  -106.434333
   27.925594     5.284075     7.671253    10.508681   -22.448263  -100.737236
   28.190788     5.864658     7.353930    10.079437   -31.014667   -90.452620
   28.337866     5.874616     7.491096    10.186206   -39.820838   -78.399326
   28.281440     5.744567     7.402111    10.235634   -40.060610   -76.661328
   27.839264     5.531642     7.256994    10.082666   -29.909609   -79.277324
   27.987568     5.712692     7.290422    10.103319   -32.730135   -94.906185
   27.978435     5.420941     7.452470    10.319977   -14.354359  -107.230871
   28.240682     5.752904     7.239734    10.081077   -12.069074   -99.928431
   28.049312     5.633724     7.396814    10.248296   -37.596466   -88.924347
   28.063902     5.715532     7.260659    10.092170   -26.561503   -94.743330
   28.517967     5.890483     7.409779    10.344183   -37.683419  -101.248701
   28.157212     5.388179     7.625379    10.527522   -17.212316  -109.421676
   28.107985     5.605585     7.439113    10.326673   -32.724498   -98.343413
   28.397735     5.631978     7.202290    10.369931   -25.729155  -100.472892
   28.128312     5.819761     7.756916    10.160999   -19.297745   -93.339039
   28.588413     5.511045     7.250064    10.676108   -52.404873   -81.736854
   28.196625     5.938768     7.168127     9.990279   -39.688056   -81.303316
   28.386675     5.617966     7.314696    10.397251   -25.849022   -99.688136
   28.273551     5.572563     7.551752    10.489626   -27.340244  -110.000817
   28.303173     5.451091     7.151087    10.480433   -28.019236  -103.696691
   28.408385     5.617375     7.238713    10.482525   -40.018996   -96.909056
   28.321239     5.690399     7.185196    10.353875   -28.041096  -116.017096
   28.728805     5.871123     7.374832    10.524702   -38.086432  -112.122330
   28.047729     5.807054     7.747053    10.269382   -37.197594   -98.525527
   28.707766     5.893101     7.037459    10.332275   -24.362270  -105.356647
   28.027783     5.495521     7.542658    10.400588   -26.823948  -106.168337
   28.294611     5.650199     6.951243    10.286902   -33.819926  -101.359929
   28.319762     5.670176     7.243799    10.361149   -31.259260  -104.778269
   28.396299     5.519729     7.425592    10.461614   -24.123718   -92.976899
   28.097400     5.767459     7.680810    10.186393   -38.268772   -69.430029
   28.300398     5.675067     7.127670    10.223052   -31.851715   -85.021459
   28.045060     5.658262     7.322547    10.206955   -37.570608   -90.126730
   28.305618     5.688908     7.298505    10.249441   -35.769469   -78.683966
   28.438458     5.605279     7.152844    10.310240   -13.617914   -99.532029
   28.525860     5.799591     7.176248    10.336318   -31.341972   -99.229844
   27.972896     5.416799     7.193942    10.292830   -23.409425  -105.029369
   28.032541     5.580084     7.475154    10.454444   -51.143687  -100.081203
   28.355673     5.717436     7.595858    10.400276   -24.012704  -111.128020
   28.301076     5.745205     7.176612    10.194808   -17.307030  -110.608688
   28.141654     5.509072     7.650147    10.379469    -6.060021  -116.615599
   28.359177     5.721147     7.453781    10.292376   -10.767723  -116.042002
   27.989788     5.716688     7.754755    10.270677   -31.244262   -96.457414
   28.029875     5.461686     7.520467    10.428409   -21.945007  -116.285323
   28.349992     5.718806     7.347335    10.195621   -22.047536   -85.536543
   28.313583     5.433310     7.544631    10.578995   -29.437283   -96.754893
   28.327342     5.591658     7.783010    10.386860   -22.098514   -79.592494
   28.628047     5.842391     7.393379    10.191617   -26.963800   -69.320179
   28.357364     5.530102     7.264882    10.455372   -44.551643   -76.223089
   28.573988     5.690490     7.642037    10.460018   -40.615492   -72.896996
   28.122139     5.390490     7.446662    10.383150   -31.301608   -71.429572
   28.347646     5.611121     7.533447    10.301549   -29.643102   -68.712414
   28.306134     5.488050     7.239889    10.347756   -10.473894  -104.062331
   28.165200     5.645161     7.342284    10.307171   -48.858770   -76.386627
   28.016940     5.547373     7.616271    10.363973   -39.199985   -82.638615
   27.930178     5.539709     7.394941    10.132800   -29.304620   -69.852951
   28.260759     5.557285     7.168407    10.310571   -41.539598   -71.806443
   28.227074     5.605587     7.624173    10.371975   -47.314117   -61.629543
   28.439823     5.725965     7.230597    10.271920   -42.615659   -69.049980
   28.479112     5.752607     7.051418    10.298277   -23.878459  -105.406246
   28.341476     5.477350     7.483521    10.491228   -37.902177   -75.272321
   27.678600     5.348455     7.461984    10.236426   -21.098983   -99.957234
   28.401619     5.721550     7.147718    10.352646   -45.992729   -85.330452
   28.342761     5.713228     7.466713    10.290462   -38.787201   -74.956434
   27.806455     5.374732     7.519306    10.318517   -20.847940  -103.649547
   28.634141     5.677218     7.290118    10.408089   -42.398732   -66.783448
   28.242165     5.294236     7.395947    10.625636   -38.654166   -84.902026
   28.231332     5.598487     7.339548    10.341206   -48.457530   -69.175383
   28.065493     5.532982     7.685186    10.351828   -34.088848   -74.510973
   28.544011     5.784035     7.275095    10.366696   -44.210893   -80.869276
   28.578391     5.813986     7.325673    10.290506   -31.906170   -83.168110
   28.736521     5.720541     7.202073    10.528248   -24.140196  -109.242950
   28.553689     5.941319     7.649262    10.439270   -48.063047  -102.143683
   28.478749     5.692613     7.069980    10.444084   -30.588002  -116.581574
   28.253584     5.494602     7.607210    10.650194   -57.342753   -84.104920
   28.653731     5.759268     7.398104    10.588492   -32.514774  -122.559518
   28.167701     5.655900     7.107490    10.266160   -36.961013  -101.705153
   28.233498     5.956811     7.377401    10.227116   -62.753339   -86.899664
   28.134027     5.458359     7.306276    10.370783   -35.011754   -82.687336
   28.210949     5.699023     7.170001    10.209647   -48.618924   -70.978015
   28.274008     5.832254     7.294236    10.234727   -33.242188  -108.633120
   28.153460     5.414753     7.569255    10.594159   -36.452541  -102.298929
   28.207697     5.373693     7.460564    10.542772   -36.906332   -83.730257
   28.162177     5.614035     7.257266    10.295208   -43.060932   -82.156079
   27.880194     5.294716     7.387982    10.341705   -17.536037   -99.440558
   28.020694     5.595847     7.362726    10.340057   -43.646010   -98.250805
   28.153665     5.514995     7.506593    10.347572   -28.062857   -84.161574
   28.106662     5.404622     7.412852    10.532220   -44.521827   -89.319168
   28.063448     5.435891     7.406558    10.365160   -31.288923   -84.877561
   28.547337     5.878932     7.454294    10.333173   -36.442871   -94.380820
   28.469568     5.606748     7.286196    10.547797   -48.646137   -87.335756
   28.396464     5.444686     7.242693    10.615794   -32.909139  -107.714735
   27.941874     5.650336     7.153782    10.074801   -27.336758  -102.110150
   28.275772     5.475310     7.564929    10.548767   -28.217821  -102.544796
   28.093635     5.282170     7.424060    10.551356   -23.816836  -105.447483
   28.540802     5.485478     7.361860    10.618732   -19.065353  -113.635925
   28.450029     5.615840     7.398321    10.529597   -40.762526   -93.537582
   28.683135     5.533260     7.504212    10.573906   -17.723545   -94.735377
   28.043276     5.635904     7.468739    10.283844   -28.547457  -107.418523
   28.248726     5.442242     7.571910    10.553314   -35.967813   -88.439444
   28.456210     5.620562     7.392076    10.478007   -49.897691   -72.814829
   28.022117     5.654658     7.326083    10.230998   -35.478384  -100.967919
   27.983224     5.680906     7.376386    10.165830   -19.724999  -119.384990
   27.712685     5.537156     7.181756    10.125331   -50.241837   -83.873510
   27.927265     5.645019     7.414038    10.246148   -34.682072  -110.075694
   28.292563     5.765888     7.351360    10.306374   -26.108065  -117.899448
   28.504100     5.572896     7.632003    10.571040   -31.101237   -93.599663
   28.308770     5.782234     7.514028    10.326109   -35.758966   -98.846991
   27.624373     5.352506     7.640761    10.424296   -54.265528   -79.155478
   28.379293     5.552151     7.317131    10.457825   -18.087002  -113.791951
   28.534138     5.903436     7.122667    10.148670    -8.243872  -113.074033
   28.002554     5.515375     7.505543    10.319073   -22.161768  -105.107676
   28.052322     5.525290     7.346693    10.318555   -30.751068   -97.713568
   28.146533     5.566588     7.319205    10.335725   -29.086654  -101.622808
   28.351845     5.501138     7.232402    10.577722   -47.623837   -93.003145
   28.231662     5.726335     7.284546    10.281697   -29.276794  -111.022463
   28.642945     5.580645     7.132721    10.560479   -29.426047   -99.401604
   28.564835     5.815036     7.444176    10.539675   -50.809225  -103.147157
   28.447894     5.509477     7.684311    10.645204   -39.653380   -88.335027
   28.165183     5.546326     7.334748    10.429628   -48.259605   -85.170680
   28.255656     5.659744     7.614334    10.339805   -29.667230   -88.712658
   28.216299     5.748469     7.252550    10.231419   -31.135340  -104.865269
   27.776056     5.610497     7.261027    10.188197   -53.422968   -94.085445
   28.474662     5.670389     7.609378    10.513433   -45.746463   -82.177737
   28.204193     5.552940     7.347787    10.360948   -26.206934  -100.188000
   28.286365     5.517275     7.195288    10.421385   -28.008795  -102.214816
   27.970195     5.527018     7.425993    10.331271   -42.189894   -86.685767
   28.329107     5.677047     7.149294    10.337421   -40.736296   -90.658930
   28.105038     5.497796     7.243924    10.427179   -44.704425   -94.589380
   28.212963     5.690045     7.585101    10.413169   -41.924474   -97.112821
   28.161683     5.543307     7.269194    10.308399   -13.433681  -118.527876
   28.120738     5.600175     7.313207    10.272362   -18.576360  -115.409523
   28.550964     5.618439     7.379055    10.544258   -26.018292  -108.149759
   28.535261     5.775336     7.547304    10.413041    -9.933822  -129.375962
   28.438299     5.783600     7.207203    10.299486   -12.583226  -129.716269
   27.914123     5.691011     7.651926    10.154409   -18.668756  -102.899720
   28.419237     5.873040     7.698360    10.371698   -21.519728  -125.915455
   28.638669     5.845428     7.454744    10.427140   -16.060019  -127.869069
   28.092252     5.360906     7.566703    10.560711   -31.579551   -99.909521
   28.354398     5.639270     7.213548    10.469390   -46.088358   -97.150680
   28.303860     5.603889     7.507160    10.384463   -12.290928  -115.803953
   28.606854     5.655666     7.314660    10.460761   -11.369833  -115.159259
   28.099535     5.627728     7.429902    10.281546   -29.449326   -99.734127
   28.980662     5.868153     7.263112    10.676847   -46.109021  -105.589098
   28.362548     5.590416     7.727235    10.514803   -33.274939   -90.510670
   28.536926     5.537114     7.603626    10.706041   -53.978659   -80.735666
   28.006335     5.565369     7.265356    10.283350   -52.256548   -75.114400
   28.104494     5.721838     7.298909    10.230097   -48.005477   -85.127963
   28.224201     5.606702     7.367610    10.456451   -53.030698   -85.851153
   28.469492     5.387559     7.369821    10.662855   -40.604419   -82.940434
   28.251688     5.709783     7.666786    10.304705   -33.735902   -80.755354
   27.972219     5.453399     7.748654    10.447687   -23.242943  -105.233037
   28.732621     5.525861     7.713082    10.660068   -25.534783   -87.579264
   28.547763     5.500493     7.443288    10.553589   -32.345496   -81.131400
   27.827365     5.663479     7.666083    10.182624   -44.216788   -66.402042
   28.212064     5.598347     7.427069    10.385306   -22.991135  -113.694745
   28.123602     5.591549     7.195764    10.340998   -34.710151  -110.693315
   28.049847     5.686095     7.690285    10.367287   -31.684248  -113.551221
   28.113562     5.698516     7.557925    10.183063    -0.112682  -127.356578
   28.395803     5.668615     7.632613    10.347761    -4.626577  -113.840613
   27.978082     5.484253     7.366866    10.302134   -41.326488   -76.696289
   27.918347     5.463391     7.393884    10.321683   -29.373302  -103.064602
   28.437412     5.566843     7.322460    10.545563   -33.408398  -103.820481
   28.242585     5.702956     7.387238    10.249192   -24.853971   -99.062359
   27.972446     5.413908     7.612499    10.399868   -25.193176   -93.956293
   28.318040     5.519545     7.368395    10.489059   -24.027236  -110.103190
   28.420437     5.580576     7.109163    10.479205   -39.428916   -95.826757
   28.494450     5.662958     7.494709    10.502792   -23.543731  -113.147621
   28.148932     5.694620     7.342515    10.298875   -49.674574   -84.066371
   28.138518     5.569205     7.792001    10.438519   -25.075822   -99.935831
   28.281548     5.724746     7.867357    10.457958   -42.541532   -86.381439
   27.930153     5.579171     7.674266    10.357844   -46.925796   -78.962101
   28.273934     5.574434     7.608915    10.504905   -54.284327   -70.458614
   27.949309     5.566412     7.750665    10.261690   -31.771193   -66.958098
   27.990773     5.406375     7.543420    10.488788   -40.435668   -91.133743
   28.202030     5.581248     7.486807    10.355970   -37.928439   -79.048999
   28.093351     5.561334     7.603154    10.303230   -16.150065  -101.637419
   28.017670     5.369634     7.396679    10.434541   -28.334038   -99.092818
   28.174957     5.424747     7.484937    10.494521   -30.285461   -94.553078
   27.970520     5.332948     7.392179    10.452504   -31.067334   -98.133505
   27.866883     5.546726     7.281051    10.234374   -28.549003  -119.204577
   28.107292     5.544944     7.553158    10.383195   -29.429272   -97.006492
   28.213825     5.659143     7.261191    10.331773   -54.991956   -74.378018
   28.404745     5.795945     7.003657    10.343495   -47.898866  -100.885019
   28.046424     5.784544     7.471314    10.237600   -53.095336   -85.617147
   28.001216     5.590907     7.438555    10.283277   -38.265791   -90.089004
   28.293420     5.854777     7.606606    10.251110   -48.942908   -72.232166
   28.393524     5.988887     7.227700    10.235291   -53.010249   -97.024093
   28.253686     5.681772     7.356415    10.288715   -28.417973   -98.226993
   28.224690     5.677955     7.186587    10.226945   -33.695161   -89.667035
   28.001479     5.629249     7.038169    10.086901   -34.348346   -88.674624
   28.283488     5.514410     7.261709    10.416836   -44.328474   -74.376254
   28.194378     5.719017     7.489356    10.211141   -20.632559  -100.110858
   28.087496     5.626816     7.755945    10.411620   -29.213987  -106.407031
   28.093606     5.548534     7.358107    10.430295   -43.012857  -101.356713
   28.389800     5.763527     7.543606    10.397682   -31.370784  -106.898685
   27.873383     5.853340     7.518971     9.982112   -36.241643   -77.148509
   28.211982     5.508463     7.371185    10.354494   -25.707423   -89.756616
   27.727805     5.887289     7.498469     9.951451   -44.198197   -82.889204
   28.363462     5.838610     7.118430    10.126196   -27.057348   -92.393580
   27.871672     5.500515     7.362424    10.317652   -49.537960   -84.216305
   28.134249     5.748639     7.208440    10.266118   -43.396578  -109.177485
   28.346959     5.659544     7.339543    10.393999   -20.775258  -118.793615
   28.223079     5.678740     7.250804    10.333171   -32.226640  -112.061986
   28.515835     5.725680     7.355281    10.527969   -49.568376   -94.290601
   28.474722     6.024880     7.180415    10.154550   -23.898588  -120.621948
   28.057197     5.772803     7.458450    10.286904   -55.244467   -91.328111
   28.589541     5.705669     7.473039    10.454996   -43.209552   -76.152279
   28.368684     5.659214     7.277202    10.293735   -40.043166   -71.172224
   28.564831     5.855219     7.349173    10.383197   -25.384089  -118.096579
   28.558163     5.903954     7.196752    10.299673   -54.150218   -75.254183
   28.121011     5.506934     7.693140    10.544757   -53.831093   -76.674575
   28.081884     5.452279     7.468177    10.363027   -36.631492   -72.843485
   28.098051     5.651083     7.154636    10.164846   -40.140741   -79.862729
   28.579487     5.866173     7.015278    10.197875   -36.477503   -76.604665
   28.383761     5.674540     7.715605    10.439476   -35.985740   -84.565349
   27.895570     5.349203     7.370305    10.320009   -29.739564   -83.216411
   28.123988     5.768893     7.222794    10.131332   -43.135753   -82.288962
   28.284452     5.614145     7.166575    10.351925   -28.132755  -106.447251
   28.144723     5.642407     7.151718    10.305807   -57.669024   -77.042865
   28.107822     5.653212     7.726238    10.281811   -25.979188   -86.056378
   28.140267     5.601115     7.248121    10.262023   -22.258771  -108.498200
   28.246517     5.856213     7.474246    10.211159   -35.461514   -97.394349
   28.058273     5.471656     7.278708    10.430860   -52.818530   -81.716273
   28.096001     5.565401     7.151414    10.340059   -55.522089   -79.490115
   28.344424     5.790128     7.072810    10.212862   -40.905795   -86.599201
   28.058530     5.585271     7.344986    10.285992   -45.231718   -78.270129
   28.341160     5.498784     7.192075    10.391485   -27.730270   -87.428219
   28.029027     5.791333     7.221598    10.118931   -37.309821  -107.162095
   27.986247     5.674467     7.368619    10.171517   -39.364350   -86.318242
   28.291061     5.430545     7.362664    10.501382   -24.381182   -99.923280
   28.366673     5.708254     6.986948    10.240840   -36.953368   -85.408744
   28.336204     5.660754     7.316735    10.291950   -12.634236  -111.654754
   27.946417     5.555109     7.297292    10.130083    -9.277521  -114.571302
   28.293631     5.799091     7.522154    10.227600   -31.606073   -88.790830
   28.151381     5.694894     7.408453    10.156895   -16.791296  -100.059321
   28.349621     5.688917     7.182321    10.328314   -25.859707  -108.912998
   28.095900     5.728255     7.590357    10.343672   -35.681258  -112.427631
   28.391075     5.809671     7.285774    10.246520   -28.276538   -99.530369
   28.295253     5.544763     7.500955    10.522385   -37.997104   -95.572674
   28.160991     5.470308     7.346181    10.347608   -17.737371  -101.244774
   28.159475     5.556643     7.570822    10.301769   -29.910746   -73.870092
   28.137875     5.797560     7.579591    10.221452   -40.083833   -86.120037
   28.082997     5.646810     7.819975    10.445304   -41.847360   -92.608173
   28.043694     5.835940     7.475077    10.170264   -49.473282   -85.560653
   28.043826     5.501419     7.458407    10.323117   -26.812624   -93.928861
   28.145542     5.888168     7.515488    10.207177   -40.804435  -103.251144
   28.007022     5.536539     7.101493    10.233637   -39.924913   -89.772723
   27.977383     5.728642     7.449485    10.117811   -24.737154  -103.288677
   27.949689     5.792261     7.371217    10.018190   -28.741520   -94.943820
   28.574486     5.888736     7.029365    10.239541   -27.265558   -99.442903
   28.369892     5.464632     7.497609    10.633041   -23.718714  -120.039535
   28.217335     5.760488     7.417602    10.348517   -34.502583  -119.861533
   28.220163     5.844029     7.499788    10.319707   -47.679370  -102.283721
   27.912150     5.770942     7.221762    10.021018   -24.794624  -118.085832
   28.108242     5.697780     7.233165    10.230543   -20.474174  -132.141389
   28.215500     5.767607     7.583030    10.290116   -24.852706  -111.361609
   27.832952     5.534335     7.828318    10.352361   -24.725857  -102.713416
   28.052300     5.837178     7.643720    10.202990   -29.088571  -111.166720
   28.299773     5.793777     7.580313    10.273011   -25.209173  -102.703381
   28.130030     5.965623     7.368954     9.985989   -26.845455  -100.213151
   28.031636     5.920192     7.517976    10.026816   -22.788009  -107.732743
   27.910747     5.545572     7.229316    10.218151   -31.999852  -105.663792
   28.360203     5.868259     7.278456    10.250437   -33.018805  -108.746239
   28.065936     5.731539     7.466691    10.111152    -2.782990  -125.683685
   28.166589     5.994207     7.354837    10.075318   -32.283279  -116.502670
   28.006724     5.723040     7.511813    10.193128   -35.129710   -93.789198
   27.863806     5.954343     7.872081    10.148762   -32.898311  -107.583923
   28.439943     5.792540     7.541869    10.310063   -38.981099   -79.039756
   28.425085     5.828973     7.278884    10.116559   -22.635707   -81.873712
   28.153881     5.535218     7.124553    10.231406   -29.140881   -84.534633
   28.444613     5.826265     7.365750    10.228800   -37.235702   -78.300109
   28.221733     5.601568     7.183474    10.483890   -57.746320   -96.349136
   28.389566     5.455828     7.353604    10.655091   -23.159696  -131.997112
   28.353378     5.677441     7.587357    10.529717   -37.493827  -112.251303
   28.319037     5.891709     7.464400    10.220463   -35.850193   -97.792244
   28.159689     5.997814     7.366650     9.999157   -30.915945   -99.503642
   28.237780     5.734792     7.175089    10.196199   -28.509387  -100.150405
   28.145333     5.626084     7.110573    10.208032   -27.033651  -101.563991
   28.189461     5.576715     7.271431    10.464714   -44.330887  -106.139997
   28.430407     5.613622     7.608559    10.486189   -19.627848  -108.395798
   28.111988     5.662173     7.258802    10.216653   -23.939040  -110.688785
   28.287437     5.918210     7.532631    10.173734   -22.931773  -111.317801
   28.083878     5.487799     7.177073    10.221870   -21.932390   -90.592232
   28.221913     5.393574     7.497404    10.468107   -24.356432   -87.014141
   27.834579     5.471745     7.399992    10.249323   -20.537105  -114.617930
   28.103761     5.524367     7.480992    10.361395    -6.555646  -133.378244
   28.512039     5.687261     7.488021    10.368162    -6.819897  -112.623718
   28.111311     5.844622     7.419167    10.128156   -26.842405  -110.074539
   28.157133     5.710013     7.429590    10.089037    -5.257910  -103.029857
   28.430543     5.802715     7.284761    10.190465    -6.532824  -114.230117
   28.580809     5.826769     7.634590    10.326619   -27.564136   -86.570208
   28.433852     5.662341     7.680177    10.394197    -7.206157  -112.140303
   28.375682     6.003095     7.231524     9.991712   -12.695483  -106.606539
   27.937633     5.497402     7.592508    10.286976   -20.152936   -98.001800
   28.132010     5.640177     7.364159    10.121866   -19.893330   -82.018313
   28.321948     5.747993     7.380908    10.153891   -29.689899   -72.299647
   28.284692     5.653742     7.467526    10.240123   -32.766040   -68.467554
   28.387765     5.843461     7.495922    10.191295   -29.775988   -83.579354
   28.244554     5.852972     7.239531     9.966309    -3.711614  -104.326135
   28.355013     5.798856     7.736917    10.249577    -6.154423  -110.543415
   28.197992     5.826819     7.299282    10.024903   -16.721388   -95.584572
   28.129613     5.700259     7.330606    10.086983    -7.855421  -107.154141
   28.112920     5.694108     7.233557    10.102592    -8.812847  -117.246724
   28.270570     5.864669     7.566233    10.069913     2.534060  -115.329489
   28.048362     5.650076     7.366922    10.102998    -7.777566  -109.688475
   28.317489     5.758638     7.228857    10.151712    -8.321615  -112.713805
   28.198268     5.866415     7.303120    10.012858   -12.153924  -106.954064
   28.397388     6.076362     7.657540    10.031189   -20.500825   -88.420489
   28.098693     5.853379     7.356728     9.974353   -11.681012  -105.308264
   28.195131     5.828781     7.489569    10.104948    -6.751478  -117.777072
   28.194608     5.681067     7.830534    10.332402   -17.384995   -99.149701
   28.353962     5.996417     7.234857     9.961378    -7.369694  -109.248523
   28.133355     5.535170     7.447148    10.175949    -3.937183   -93.446357
   28.229274     5.666123     7.162720    10.081666    -1.792911  -106.042827
   28.157516     5.810034     7.434493    10.080025    -5.556641  -119.110083
   28.582148     5.785205     7.340029    10.333765    -2.631075  -127.138220
   28.488786     5.801251     7.574225    10.319188   -29.668652   -89.058125
   28.395463     5.732859     7.106629    10.204422   -15.661088  -103.475418
   27.968799     5.775206     7.067400     9.932037   -20.998644  -106.300139
   27.844169     5.699415     7.533382    10.031170   -14.929221  -100.441811
   28.055804     5.674341     7.517301    10.225410   -20.261372  -109.962054
   28.270964     5.566860     7.462068    10.332581   -15.852334   -98.829080
   28.658023     5.799937     7.435158    10.367194    -1.031166  -126.594666
   27.822539     5.592707     7.574444    10.114991    -0.798657  -124.182150
   27.920764     5.574344     7.019719    10.011297   -11.838721  -111.105976
   27.935539     5.780332     7.376264    10.017657   -10.287608  -125.783382
   27.935243     5.674627     7.289774    10.107313   -13.401253  -130.014793
   28.193669     5.877653     7.172464     9.972433    -5.386083  -119.891929
   28.018577     5.808944     7.787143    10.258098   -22.195611  -121.055716
   27.729352     5.758709     7.412590     9.940954   -14.228894  -119.884896
   28.144624     5.757067     7.165158    10.004475    -6.518102  -109.742124
   28.142681     5.874008     7.581920    10.040634    -7.721502  -107.298811
   28.235767     5.910157     7.239808    10.006903   -30.950905   -83.734525
   28.441579     5.787541     7.509895    10.161052     2.144390  -106.240477
   28.032719     5.524543     7.666528    10.230884     0.809184  -105.823723
   27.822754     5.481028     7.361193    10.180190   -38.319850   -70.870529
   28.460845     5.672914     7.379954    10.302709   -22.416448   -85.717537
   28.215174     5.697254     7.438590    10.121725   -15.461416   -85.031483
   27.879232     5.534736     7.701665    10.188811    -8.994750   -94.303530
   28.519981     5.793070     7.609962    10.291542   -28.416017   -79.528920
   28.334565     5.693865     7.375422    10.176720   -24.551572   -74.251987
   28.293732     5.765223     7.347259    10.114854   -28.632549   -73.123768
   28.475394     5.645257     7.383391    10.355603   -33.451310   -75.104885
   28.388439     5.834444     7.732660    10.206984   -12.423992   -94.894263
   28.173876     5.427564     7.371365    10.298672   -10.275204   -91.459499
   28.549285     5.661841     7.447056    10.270231     0.511909   -97.267042
   28.522521     5.866899     7.429069    10.154449     6.394609  -119.509879
   28.233510     5.636762     7.445191    10.292982   -31.476516   -84.719788
   27.855717     5.610787     7.386026    10.068043   -10.404756  -114.043502
   28.339566     5.673760     7.221113    10.162549    -1.758967  -107.472361
   28.195152     5.639508     7.511864    10.318120   -18.895427  -109.908439
   28.409940     5.793545     7.443390    10.238365   -16.038025  -104.176418
   28.157269     5.821184     7.447525    10.027933    -2.958978  -111.522761
   27.861755     5.645393     7.414953    10.017470    -3.719238  -115.658119
   28.142791     5.457556     7.334011    10.314168   -13.918999  -100.736492
   28.189812     5.586547     7.558180    10.268478   -18.309951   -87.829045
   28.152823     5.613354     7.584947    10.173820     1.399085  -103.418348
   28.179933     5.567003     7.280458    10.225107   -20.156271   -90.487883
   28.089458     5.845711     7.397512     9.955758    -0.707827  -114.665842
   28.241991     5.638683     7.403867    10.302547   -26.148904   -95.971935
   28.733138     5.873100     7.660374    10.406368   -36.368285   -83.763091
   28.446783     5.710830     7.536111    10.264945    -2.147020  -107.047790
   28.019910     5.548867     7.286502    10.114157    -2.866671  -110.237862
   28.423407     5.587174     7.289618    10.325257   -21.730988   -84.596667
   28.263250     5.569338     7.342398    10.268098    -3.205861  -112.697476
   27.957169     5.788282     7.705049    10.025904    -3.943228   -99.905022
   28.623960     5.705770     7.684193    10.347948   -19.672655   -75.519620
   28.332906     5.835929     7.509937    10.112718   -19.762607   -84.225043
   28.446500     5.700639     7.690020    10.376599   -37.581153   -70.229473
   28.174993     5.835315     7.424656     9.966716    -2.585496   -98.884707
   28.063791     5.774043     7.664227    10.116763   -25.531297   -78.838801
   28.498447     5.806240     7.442384    10.203356   -20.646093   -84.293808
   27.956538     5.679801     7.546679    10.023117     7.924692  -116.449633
   28.031401     5.811287     7.741804    10.173005   -25.925058   -95.603700
   28.603946     5.837654     7.340457    10.288672   -40.269650   -73.149319
   28.236312     5.932674     7.364665     9.974107   -10.820415  -102.940827
   28.346026     6.150871     7.435383     9.923735   -16.672288  -102.912296
   28.027617     5.805566     7.637368    10.125103   -17.646548  -107.708093
   28.176989     5.905812     7.854292    10.118764    -0.980389  -112.818674
   28.292257     5.696830     7.805478    10.291486   -14.085984   -90.260968
   28.295448     5.775969     7.603193    10.208646   -13.540932  -101.866409
   28.375552     5.908750     7.578838    10.155470   -41.113990   -66.149648
   28.245053     5.760984     7.373931    10.138386   -12.452217  -105.332527
   28.557241     5.889707     7.193648    10.056128    -3.305877   -94.075728
   28.219423     5.641501     7.492657    10.220088   -25.685121   -77.371038
   28.404693     5.636572     7.391507    10.237245   -17.688021   -78.880474
   28.470990     5.760889     7.429054    10.246247   -16.176565   -94.407223
   28.451160     5.718570     7.259150    10.209435   -14.074492   -91.916580
   28.555301     5.521075     7.329573    10.446910   -32.811746   -68.603159
   28.012801     5.601898     7.403474    10.124570   -27.988098   -72.582631
   28.217376     5.977491     7.300508     9.980564   -35.637447   -81.108359
   28.201698     5.648761     7.681486    10.296782   -24.389140   -85.809143
   28.601581     5.741382     7.246277    10.412463   -50.999447   -69.787649
   28.016706     5.608373     7.269236    10.282482   -36.642633  -107.107785
   28.405176     5.650465     7.169162    10.282487   -32.296863   -78.702417
   28.338444     5.669844     7.459308    10.354693   -40.642628   -78.306920
   28.114795     5.540672     7.376649    10.163625     1.334096  -107.661841
   28.395462     5.719855     7.715464    10.300808   -29.550273   -71.478227
   28.382275     5.692683     7.538809    10.242421   -30.818663   -65.138395
   28.033601     5.806364     7.510284    10.085452   -36.266537   -78.279220
   28.493541     5.757769     7.563167    10.188135   -15.241250   -75.076626
   28.302382     5.850395     7.491373    10.058591   -29.290027   -63.806544
   28.335486     5.591591     7.410434    10.279043   -11.730191   -94.058952
   28.347864     5.660131     7.553929    10.301854    -8.979187  -105.635517
   28.575992     5.568485     7.685259    10.631390   -40.135431   -83.640370
   28.323767     5.811936     7.556067    10.275208   -49.834767   -69.297692
   27.738138     5.737005     7.750963    10.205739   -54.077129   -70.299917
   27.995445     5.660313     7.156762    10.096785   -29.278412   -97.719108
   28.317147     5.729081     7.737436    10.282800   -14.996487   -95.975919
   28.336914     5.826104     7.197431    10.169054   -54.523946   -60.918002
   28.626028     5.858290     7.303812    10.263962   -39.826315   -71.291107
   28.133488     5.547611     7.305535    10.296741   -37.066128   -80.143880
   28.147512     5.712723     7.376450    10.109209   -23.622818   -84.411919
   28.530998     5.633965     7.346094    10.339421   -29.839458   -71.664508
   28.236047     5.712939     7.190344    10.078356   -24.205781   -77.421698
   28.072544     5.824254     7.315197     9.941487   -18.225495   -87.147551
   28.168395     5.603937     7.321630    10.201794   -24.693009   -84.241129
   28.705482     6.090412     7.490090    10.044629   -17.301628   -79.256596
   28.191419     5.971081     7.423712    10.062597   -43.791144   -81.345805
   28.256071     6.017931     7.518980     9.987540   -35.034024   -70.021738
   28.028873     5.839946     7.668670    10.100703   -37.398101   -70.361588
   28.087879     5.756124     7.539044    10.136878   -35.177436   -74.519629
   28.518334     5.789454     7.163245    10.281885   -42.391729   -74.964526
   28.445555     5.986346     7.389760    10.145826   -29.923826   -96.631763
   28.399003     5.615023     7.326958    10.324226   -29.127288   -79.655260
