    1.806191     4.025910    12.728032     7.040348   148.519522    81.533823
    2.254239     4.002093    12.387163     7.098280   144.825254    87.421524
    2.097221     3.879911    12.344008     7.151750   144.386236    62.000542
    2.039647     4.048124    12.339066     6.854824   135.447439    76.935258
    1.969172     4.083055    12.414349     6.788492   145.446209    78.408672
    1.666058     4.041834    12.677964     6.902980   138.436803    86.105161
    1.823121     4.098816    12.643677     6.865732   147.826866    86.261527
    1.968952     4.170090    12.576125     6.832441   152.832094    62.717907
    1.754012     4.152512    12.760238     6.830533   151.533811    79.240528
    2.119145     4.275353    12.830312     7.165565   144.304103    76.289061
    1.807656     3.992685    12.642472     7.001664   153.790097    71.111098
    1.998122     4.251735    12.659506     6.789699   152.993067    83.138546
    1.919056     3.895152    12.513996     7.131206   146.920289    81.174623
    1.880719     4.091510    12.680879     6.982615   150.817131    70.335206
    2.179797     4.207440    12.725795     7.181648   149.589347    72.835551
    1.563959     3.981515    12.809912     6.933735   149.685173    82.068224
    2.265284     4.147938    12.465496     6.983794   142.992366    90.451067
    2.116305     4.057629    12.406926     6.954398   141.719716    76.004371
    2.001233     4.036389    12.448527     6.899130   145.588215    90.879725
    2.145667     3.808087    12.275760     7.167928   148.435972    78.741146
    1.811715     3.920596    12.636421     7.148111   148.914187    61.978242
    2.125495     4.357393    12.553598     6.685398   139.728988    73.512470
    2.146444     4.114204    12.570405     7.081811   149.115767    70.334534
    2.020548     4.053363    12.715242     7.251384   140.586296    81.536585
    2.202217     4.333725    12.725071     7.007083   147.007390    78.356812
    1.651929     3.930151    12.497137     6.902697   143.992717    76.022006
    2.303707     4.072649    12.451032     7.170020   136.122170    83.443685
    1.823586     4.154448    12.653854     6.812570   153.632088    62.792253
    1.855408     4.081363    12.769031     7.072582   151.301260    63.132232
    2.377478     4.108398    12.444930     7.125768   155.862361    53.076111
    2.030366     4.068732    12.549041     7.020037   149.644678    66.830088
    2.181191     3.948751    12.462891     7.279396   140.344544    69.651353
    2.181916     3.764792    12.226021     7.196487   157.770259    52.542678
    2.474163     4.233359    12.584795     7.288314   145.543086    82.326782
    2.120057     4.520396    12.775902     6.668170   150.187745    77.855686
    2.414801     3.844037    12.351830     7.478808   152.555938    74.843146
    2.456859     3.988528    12.446600     7.514808   134.160217    71.712533
    2.266908     4.010459    12.435280     7.189843   144.180900    76.322255
    2.444432     4.378896    12.457476     6.739419   142.940260    82.528619
    1.816887     4.109931    12.492346     6.708983   145.104678    86.073318
    2.235823     4.032424    12.325917     6.920122   148.871410    84.544566
    1.723451     4.240280    12.905321     6.843175   145.606228    80.280772
    2.147463     4.054843    12.375913     6.932887   135.840279    95.773806
    2.414078     4.378959    12.482205     6.757685   144.947325    75.459978
    2.008446     4.115324    12.675538     7.080677   142.992876    84.384526
    1.776367     4.211273    12.568539     6.588333   149.872508    79.539789
    2.178252     4.311875    12.700263     6.983254   148.810306    69.692981
    1.622336     4.036760    12.750867     6.922650   143.693181    75.688086
    2.176963     4.139152    12.421905     6.849544   148.219394    77.655553
    1.927990     4.239860    12.671423     6.817643   147.406947    69.368700
    2.120965     4.177272    12.429559     6.710466   155.974038    76.571697
    2.104587     4.151477    12.538184     6.981597   139.110660    75.664010
    2.195290     3.919343    12.365687     7.147196   150.804874    73.460593
    1.643167     4.289829    12.593482     6.393456   148.053095    84.596302
    2.181008     4.057838    12.397333     6.933006   154.316915    71.631594
    2.184370     4.144641    12.390728     6.817277   142.775964    83.902752
    2.023461     4.100930    12.621575     7.058925   145.236063    75.351925
    2.026720     4.104650    12.593927     7.025111   149.688551    60.994326
    2.078849     4.268041    12.592775     6.815348   141.384867    84.996433
    2.023658     4.015786    12.629986     7.192038   142.380279    86.591031
    1.628605     4.027322    12.618954     6.842536   139.751824    85.242806
    1.787335     4.193540    12.668939     6.787834   136.491020    87.238182
    1.788631     4.170804    12.678957     6.800570   143.377283    83.042157
    1.722615     4.042763    12.667516     6.897472   145.456924    85.660202
    2.207982     3.999910    12.232058     6.834063   143.916005    86.849766
    1.776912     3.778043    12.329870     7.034991   144.232978    78.198209
    2.003787     3.861714    12.334718     7.057010   146.371886    79.792205
    1.679399     3.873006    12.742287     7.224172   136.733108    75.871934
    2.009448     4.280275    12.633711     6.854448   139.565820    53.411574
    1.704487     4.030162    12.545033     6.759881   153.025544    80.314956
    1.838019     3.773780    12.498330     7.240817   144.370910    78.785715
    1.899930     3.851311    12.186138     6.873934   140.029979    76.257980
    3.104311     4.329458    12.270609     7.147784   153.420329    76.278253
    2.560770     4.353391    12.686366     7.391664   151.916366    73.189359
    1.978142     3.882741    12.512039     7.225803   141.985468    81.584239
    2.023209     3.983584    12.681590     7.290804   147.734969    77.258305
    2.221362     4.135409    12.613618     7.153517   155.732993    73.276023
    2.501142     3.961120    12.130758     6.939609   147.005364    76.381510
    2.203040     4.109940    12.567289     7.103124   154.347157    79.093534
    2.316295     4.117222    12.522466     7.176784   148.166757    78.405338
    1.997165     4.021126    12.686914     7.200162   149.762877    77.687577
    1.922121     3.916610    12.416846     7.039582   143.607113    71.155464
    1.964996     4.164409    12.648187     6.909567   152.871409    68.625524
    1.779674     4.218293    12.874073     6.914846   150.074020    62.206529
    1.852449     3.900280    12.453519     6.998847   152.109105    72.117393
    2.162272     4.066869    12.382657     6.887582   154.663400    66.823746
    2.034027     4.147533    12.605046     6.973827   140.925719    89.264527
    2.083175     4.112619    12.494279     6.933025   140.499405    90.324887
    2.250033     4.151708    12.403584     6.896229   139.729490    81.002726
    2.389719     4.327703    12.621610     7.078062   150.023584    62.821861
    2.157717     4.286490    12.772877     7.065802   152.873618    80.628572
    2.210877     4.033255    12.611869     7.347044   144.499385    82.331360
    2.066497     4.265072    12.786834     7.066855   144.935962    71.083116
    1.991255     4.301436    12.727274     6.925910   130.913820    75.619529
    1.954038     3.882204    12.150461     6.740598   150.751085    78.537848
    2.697596     3.935932    12.012366     6.906171   144.063149    73.851566
    2.012307     4.178077    12.626912     6.914357   147.333992    81.023873
    1.556184     3.909182    12.768103     6.974817   154.883844    75.814356
    1.952898     4.035806    12.538616     6.994944   147.985112    69.897548
    1.957837     4.092777    12.553831     6.844576   158.532164    80.989888
    2.308229     4.308554    12.450933     6.725036   143.498673    84.727387
    2.162943     4.137020    12.539592     7.023942   144.388827    81.404485
    1.804550     4.031134    12.536725     6.897493   146.039048    69.600410
    1.901118     4.183961    12.697539     6.848386   156.368965    71.709924
    2.046752     4.227935    12.651989     6.903613   150.535435    70.512675
    2.200244     4.113378    12.527577     7.051008   154.896846    68.142770
    1.898217     4.195225    12.764091     6.956331   143.319959    80.607548
    1.618249     4.150053    12.582359     6.699530   130.111103    79.442073
    2.204745     4.097823    12.300156     6.805639   141.369985    70.948120
    1.940282     4.072824    12.613957     7.077081   134.934441    72.019363
    2.199027     3.900603    12.306027     7.138740   148.213722    54.363356
    2.326165     4.350677    12.513336     6.810948   140.823648    68.738602
    2.010721     4.235572    12.716774     6.960998   141.734880    82.449957
    2.335455     4.182785    12.476219     7.026420   146.808464    64.157761
    2.232300     4.005743    12.392969     7.108518   148.532857    57.398204
    2.091873     4.158816    12.697433     7.160580   142.566576    67.860539
    2.132214     3.935706    12.280512     7.042788   132.630015    73.029797
    2.222998     3.868161    12.299345     7.210684   136.080286    87.682278
    2.267468     4.076108    12.222985     6.788957   136.073712    72.789428
    2.090659     4.062369    12.304578     6.810308   137.417213    75.454507
    2.059002     4.167305    12.765813     7.235224   132.087196    77.365751
    2.212560     4.114301    12.499913     7.059071   144.307674    76.797589
    2.370280     4.141874    12.498549     7.153689   149.063406    74.560115
    1.838012     3.855902    12.624724     7.292565   133.509577    84.045965
    2.476866     4.131391    12.466271     7.251474   145.239885    78.218389
    2.331387     4.135335    12.465803     7.048776   152.447328    76.237898
    2.295868     4.111777    12.385861     6.876536   165.157556    65.972835
    2.219092     4.195759    12.600511     7.033873   159.705734    58.802016
    2.060349     4.039177    12.285093     6.742233   142.623281    91.544520
    2.039196     4.084802    12.618975     7.114385   142.275672    73.411742
    1.903711     4.163246    12.414048     6.634560   138.808556    85.765007
    1.844930     4.035710    12.586412     6.987751   137.253350    83.955679
    1.934466     3.726268    12.108416     7.029753   128.930506    88.280954
    1.850131     3.879353    12.427242     7.023023   143.257687    85.789346
    1.830302     4.185587    12.560176     6.629612   156.593605    74.517329
    1.585479     3.927808    12.563555     6.905327   144.418963    75.149042
    1.820502     3.742295    12.372679     7.070514   158.792240    76.958535
    2.044471     4.228861    12.593935     6.877702   138.578323    77.519417
    1.713355     4.183274    12.797271     6.887059   136.362381    74.043074
    1.903318     4.237946    12.836040     6.928669   156.224630    68.197588
    2.389775     4.407623    12.522011     6.759591   148.566744    61.120249
    1.870164     4.193906    12.554220     6.710341   148.076121    67.167772
    2.261472     4.284928    12.552548     6.907663   142.016741    78.534522
    2.035009     3.987516    12.604408     7.206172   145.165660    84.286911
    2.154162     3.966847    12.360778     7.085192   140.167247    69.651668
    2.070115     4.366155    12.735060     6.889145   140.158448    61.683221
    2.457975     4.281928    12.592392     7.210761   145.730599    62.025261
    2.043960     4.203183    12.435621     6.630283   148.859689    88.854198
    1.949901     4.076351    12.309392     6.740620   134.163984    65.936098
    2.436405     4.246929    12.642571     7.346025   142.235242    73.633309
    1.980107     4.084952    12.684580     7.080856   158.272916    55.046360
    1.839114     3.998036    12.798826     7.295463   126.665939    84.727129
    1.911842     4.023199    12.795240     7.269024   142.028425    74.960473
    2.286480     4.291155    12.715176     7.152464   153.122141    68.634209
    2.256459     4.300764    12.773578     7.209091   148.358172    71.228314
    2.075835     4.186003    12.746106     7.153475   142.129816    75.131399
    2.119493     4.159923    12.740825     7.229579   144.497634    72.795834
    1.938328     4.151855    12.668130     6.956898   147.006655    69.595891
    2.169369     4.365662    12.696715     6.949938   131.844760    79.711766
    2.101092     4.167728    12.731721     7.166014   144.314795    83.661373
    1.728695     4.161347    12.719090     6.813400   148.560472    63.353739
    2.195012     4.147230    12.678351     7.279407   142.236800    62.413810
    1.848962     3.994053    12.305303     6.798914   133.944969    72.484330
    2.143445     3.858615    12.292531     7.158513   136.407584    83.363171
    1.810757     4.264641    12.924275     6.934731   144.046896    76.438241
    2.007152     4.016062    12.520220     7.063743   143.753672    74.692687
    1.855617     4.311414    12.852397     6.875093   138.055526    77.716756
    1.875433     4.071493    12.419252     6.703624   149.831277    84.914177
    1.731421     4.081097    12.689889     6.912068   139.523890    83.491598
    1.825507     3.882145    12.266771     6.837581   147.165088    75.200963
    2.031575     4.200853    12.614298     6.973533   132.763647    73.083103
    2.075708     4.257331    12.785376     7.122262   135.530168    78.738932
    2.087782     4.130954    12.616528     7.066102   148.766967    66.575694
    1.853577     4.042798    12.511440     6.954953   130.083418    80.729894
    2.039005     3.972365    12.397254     7.028890   140.615138    73.587432
    2.087854     3.870353    12.430017     7.288511   136.397775    74.083343
    2.031628     4.176505    12.723138     7.112017   138.928300    72.756958
    2.072152     4.191237    12.586071     6.977397   134.942874    73.133083
    1.887956     4.101852    12.712544     7.065628   141.780982    66.017189
    1.778296     3.979683    12.587001     7.055114   136.567335    65.797401
    2.129675     3.800750    12.273318     7.202399   143.035815    72.476191
    2.049597     4.170762    12.756096     7.162555   145.574240    63.393728
    1.765389     4.097376    12.726329     6.952039   140.207858    80.924329
    1.940141     4.041483    12.628667     7.109413   136.350720    83.490270
    2.264439     4.226296    12.619028     7.145313   135.053254    80.938558
    1.932567     3.862007    12.439309     7.188503   136.891851    70.037349
    1.841240     4.244373    12.787104     6.892146   137.042204    79.594554
    2.013115     4.341916    12.714655     6.816654   140.954739    74.991608
    1.963592     4.136873    12.600278     6.861024   152.167139    86.674531
    1.997133     4.149912    12.732492     7.128772   133.137833    88.255636
    2.417052     3.923600    12.316069     7.281152   145.409400    87.284499
    1.863640     4.158053    12.733752     6.922255   151.807038    68.385937
    2.119428     4.230505    12.495025     6.790434   141.056242    78.929669
    1.930410     4.032894    12.539847     7.004921   139.279432    82.564579
    2.083069     4.102948    12.616150     7.083790   150.827027    72.504301
    2.359190     4.285644    12.478245     6.849458   147.838680    77.591538
    2.069292     4.238806    12.576280     6.842261   146.826612    63.171039
    1.918987     3.971124    12.541986     7.069208   149.804689    62.922025
    1.939870     4.221815    12.653405     6.869231   141.169137    69.687448
    2.062524     4.070273    12.453255     6.942618   144.450916    74.402367
    2.038924     4.182459    12.782504     7.213723   131.205890    78.121033
    1.802161     4.228336    12.688540     6.796605   130.871229    89.197011
    2.078061     4.189844    12.542800     6.873106   144.297265    77.286559
    1.959457     4.205082    12.597706     6.889269   130.049944    79.131589
    2.139776     4.327909    12.639672     6.823004   149.846304    70.058390
    1.972932     3.956134    12.315942     6.895416   146.738998    63.110265
    1.962980     3.838500    12.355562     7.102156   141.375037    85.411406
    1.497725     3.830503    12.505144     6.953275   145.353097    61.952231
    1.783026     4.039077    12.622279     6.926271   151.755095    63.164817
    2.355866     4.236924    12.526947     7.016088   148.398929    78.040805
    2.131268     4.059260    12.673666     7.321183   138.566006    84.697635
    1.984806     4.162926    12.719520     6.949130   159.627187    81.672450
    2.006682     4.203043    12.832808     7.086408   153.875050    78.425211
    2.071979     4.169627    12.703070     7.049594   152.715985    83.229834
    2.279067     4.520848    12.887703     7.028218   151.146262    82.548747
    2.302741     4.345155    12.717487     7.115703   144.141316    76.739003
    2.520201     4.410907    12.648733     7.134059   155.387666    59.621672
    2.035569     4.243948    12.772496     7.046156   145.002804    71.050186
    2.144901     4.133900    12.647724     7.110996   156.284569    75.075840
    2.180761     3.999574    12.549370     7.282797   145.173260    76.874691
    2.169180     4.324797    12.861228     7.160486   151.035470    78.080993
    1.948710     4.076295    12.766323     7.180632   148.705754    67.178303
    2.108669     4.369852    12.894443     7.082876   147.023198    74.350180
    2.336002     4.238009    12.685685     7.256666   151.818505    75.590580
    2.075512     4.203358    12.651412     6.968226   146.053164    84.197040
    2.372294     4.111008    12.576403     7.327963   156.017195    70.078114
    2.071071     4.165385    12.726374     7.094770   151.102720    82.557789
    2.018783     4.254822    12.709902     6.888207   150.629510    79.627627
    2.312197     4.108035    12.453242     7.053855   151.140412    82.224982
    1.880167     4.134277    12.841378     7.072927   148.108034    83.026904
    2.303709     4.168776    12.405925     6.859791   155.412680    68.051175
    1.948263     4.276950    12.811907     7.028770   129.147892    75.176610
    1.971734     4.107017    12.564503     6.956863   143.040096    71.064693
    2.293788     4.285935    12.508186     6.859429   145.212894    71.416400
    2.285903     4.221070    12.566664     7.082817   135.379858    87.358459
    1.844204     4.036734    12.678714     7.130626   133.207318    66.744419
    1.823076     4.245739    12.783161     6.885344   136.761125    72.816197
    2.013876     4.260749    12.674246     6.940768   129.076405    82.953650
    1.685835     3.819187    12.244211     6.903244   134.407737    74.586462
    1.933738     4.277524    12.605081     6.713016   141.306709    74.348628
    1.789423     4.193759    12.773968     6.897710   142.230741    68.217328
    2.042110     4.197745    12.689161     7.062799   136.441210    72.241343
    2.441767     4.025198    12.400411     7.275139   146.012333    83.569655
    2.212991     3.952455    12.416438     7.199773   148.420814    68.895052
    2.517448     4.268565    12.486603     7.104360   140.580800    69.292449
    2.054006     4.304998    12.648078     6.819118   139.279895    84.425019
    2.323564     4.212694    12.624487     7.159452   160.760670    60.728775
    1.789929     4.086702    12.761834     6.995717   147.680507    72.589120
    1.797918     4.163463    12.800776     6.895501   154.764427    70.140204
    1.943623     4.184160    12.676143     7.004429   127.791332    81.124725
    2.094848     4.351566    12.742967     6.882772   150.729117    67.310283
    1.939475     4.118923    12.561277     6.905924   142.591479    73.871076
    2.101464     4.252610    12.808581     7.096586   152.789808    81.588463
    1.940367     4.075642    12.723713     7.115013   148.680280    73.154085
    2.019083     4.307944    12.744270     6.805953   159.140122    77.224352
    2.124770     4.199741    12.596647     6.944519   154.269511    63.086561
    2.186027     3.949877    12.538178     7.342987   150.272107    68.874771
    2.254148     4.152519    12.581790     7.203394   136.158170    74.120266
    2.255955     4.384291    12.539995     6.682894   154.913387    55.810424
    1.556529     4.094682    12.751429     6.768361   149.600947    69.629956
    2.340169     4.361851    12.663200     7.039816   146.335323    69.697816
    2.053862     4.143526    12.690340     7.158531   136.529973    71.991272
    2.161854     4.102676    12.606007     7.165222   147.812964    74.501657
    2.635716     4.338175    12.493562     7.113702   143.730714    77.259001
    2.014372     4.214038    12.709022     7.003522   141.874938    73.789350
    1.931651     4.123798    12.839637     7.182820   144.595096    73.294012
    2.314518     4.314377    12.571393     6.943000   140.536220    82.767693
    2.221161     4.218177    12.584713     7.033679   143.187331    72.217132
    2.093681     4.090135    12.660862     7.197139   141.370482    85.815509
    2.036323     4.339191    12.846401     6.923075   158.084903    71.817035
    1.724210     4.154100    12.717882     6.801488   146.148599    77.570091
    1.941471     4.380033    12.812004     6.796871   144.882794    68.400140
    1.844606     4.106571    12.762989     7.035356   144.673476    74.110374
    1.986591     4.023842    12.220100     6.677116   144.612415    65.420183
    1.934648     3.953272    12.557216     7.100697   146.501700    84.273242
    1.952743     4.342135    12.915696     6.989056   140.489700    78.061153
    2.219155     4.330645    12.605543     6.825594   150.022867    82.163074
    1.956992     4.236711    12.801955     6.969365   146.163345    86.757228
    1.947423     4.072773    12.561729     6.950665   145.236037    82.293210
    1.882706     4.134511    12.611537     6.927171   136.490669    72.134688
    1.705681     4.040473    12.631778     6.964117   133.917317    68.009485
    2.150580     4.185920    12.661586     7.148225   138.267998    71.758517
    1.939634     4.136822    12.801531     7.115528   150.246645    65.714063
    1.695451     3.911551    12.542460     6.984336   145.858781    73.007945
    1.788793     4.161976    12.719767     6.848569   149.258459    68.928212
    2.125648     4.146623    12.545007     7.012059   141.974376    69.836514
    2.297887     4.381742    12.508226     6.749335   133.021543    76.769029
    1.210552     3.696637    12.614010     6.940276   147.458186    74.534751
    2.078737     3.979837    12.401588     7.077810   131.736905    84.428820
    2.223214     4.076498    12.434838     7.066976   137.447270    76.779916
    1.793306     4.066085    12.565553     6.920969   132.878342    77.866381
    2.179487     4.187261    12.477130     6.912454   135.045315    81.311282
    2.010888     4.165603    12.717204     7.102529   140.523910    66.618305
    2.049839     4.019159    12.644458     7.295331   132.908965    78.269680
    1.934079     4.187877    12.746978     7.014598   140.993749    71.849247
    2.045585     4.338629    12.888190     7.128518   130.413822    75.104098
    2.166112     4.340999    12.694375     6.915233   147.832648    71.955842
    1.868918     3.886990    12.476793     7.106956   146.380053    61.330871
    2.084889     4.371122    12.850871     7.075901   129.500973    78.621728
    2.012735     4.035120    12.516894     7.090258   135.063469    68.726522
    1.991877     4.163424    12.622316     6.972417   137.934465    76.459254
    1.682587     3.877718    12.613845     7.086555   143.664411    73.156834
    2.138748     4.320133    12.710811     6.975027   142.133866    69.971207
    1.870711     4.175295    12.658133     6.905587   134.121562    78.644691
    1.839399     3.915999    12.562223     7.162706   137.794812    66.017073
    1.673541     4.118965    12.672381     6.845638   136.680755    69.516241
    1.988781     4.341482    12.746378     6.864326   133.030590    81.052752
    1.877324     4.190737    12.749170     6.988872   132.052745    81.250859
    1.694673     4.147499    12.675656     6.853699   132.879786    65.798338
    2.186561     4.382006    12.620166     6.827222   135.711258    67.563850
    1.667990     3.789474    12.564307     7.192841   138.372551    69.239584
    1.766167     4.140759    12.822744     7.019214   136.237382    72.884841
    2.262420     4.121932    12.303048     6.842325   133.618656    73.668264
    1.998979     3.960160    12.661051     7.295516   144.189734    76.530119
    2.266702     4.418485    12.690254     6.949838   131.189642    86.759824
    1.580570     4.040998    12.775117     6.963115   132.262237    78.036885
    2.067569     4.270055    12.593116     6.841909   129.451602    97.535768
    2.046805     4.095826    12.795155     7.319371   145.538544    64.383940
    2.137467     4.220358    12.604985     6.986525   140.451271    74.612375
    1.968047     4.167967    12.782104     7.148951   132.920373    77.999097
    2.147442     4.356523    12.783664     7.008523   143.495677    78.653272
    1.869513     4.217843    12.842449     6.972493   137.984702    96.375587
    2.461739     3.923018    12.244618     7.214607   145.670603    68.566648
    1.874202     3.847103    12.568067     7.196173   154.376419    70.290827
    1.685828     4.089416    12.735098     6.854550   147.676287    81.367089
    1.924568     4.001617    12.626564     7.139903   140.695931    77.284449
    1.947912     4.332770    12.796184     6.855410   142.192143    75.962817
    1.782566     3.914963    12.472205     6.976789   142.878018    82.838517
    1.737183     4.203309    12.592200     6.615060   147.765976    76.769831
    1.448656     3.809599    12.467511     6.925298   130.511099    96.759945
    1.723362     3.957892    12.652691     7.080072   128.185654    95.563936
    1.895963     3.997210    12.558535     6.990381   151.203756    78.017819
    2.038662     4.016241    12.290241     6.732123   150.783144    88.362473
    2.062956     3.993212    12.373940     6.958390   152.007378    52.674046
    1.804600     3.911268    12.491435     6.976078   146.967948    88.204941
    2.048956     4.075230    12.575974     7.078914   144.002069    72.600223
    1.757783     4.075575    12.533962     6.765132   147.961172    77.035869
    2.422866     3.898704    12.216139     7.218968   135.559573    68.636699
    2.166576     3.853874    12.127403     6.964501   138.202635    69.760717
    2.053270     3.790905    12.223151     7.117484   142.186259    63.835880
    1.753871     3.767449    12.246731     6.972207   145.878559    65.678942
    2.000704     3.732963    12.426108     7.329330   153.415941    74.858405
    1.826615     4.071417    12.622722     6.944421   139.142989    84.445593
    1.967317     3.993524    12.506140     7.040689   149.585343    61.607123
    2.012864     4.186316    12.699450     7.058688   135.827462    76.826218
    1.935100     4.021557    12.649622     7.224618   124.589438    80.424954
    1.890668     4.091547    12.702904     7.098175   133.091650    77.479928
    2.040654     3.995871    12.441634     7.103414   125.767054    84.031436
    1.912999     3.961965    12.430835     7.008774   136.496171    76.444817
    1.974669     4.277092    12.686761     6.807689   146.023899    80.063582
    1.555368     4.058960    12.347867     6.447937   155.367047    67.770566
    2.061899     4.182651    12.481900     6.789535   150.913272    57.761503
    1.974180     4.118604    12.622751     6.905822   157.866864    80.185191
    1.939750     4.194646    12.646019     6.867228   139.418457    91.333199
    1.988476     4.213009    12.735295     6.946046   153.428097    74.295490
    1.975507     3.898924    12.543723     7.209094   146.446646    82.168701
    2.284236     3.739613    12.247503     7.361654   148.780120    80.118401
    2.120535     3.964725    12.538070     7.276992   138.824560    85.432762
    1.895869     3.991436    12.518323     6.994297   149.861493    63.885730
    1.861889     3.979081    12.654384     7.162769   137.240296    76.816916
    1.879713     3.943386    12.474138     7.069314   129.642978    87.953757
    1.618474     3.882788    12.545563     7.002617   136.870736    81.533357
    1.901930     3.851882    12.254398     7.042399   119.802587    83.465883
    1.947849     3.912909    12.404618     7.019041   143.906448    85.570794
    2.239393     4.307270    12.715319     7.129697   138.051567    73.751133
    1.964702     4.324424    12.582105     6.626494   145.983723    65.750960
    1.971249     4.321545    12.621171     6.728162   135.267806    74.199640
    2.066488     4.169254    12.697245     7.136896   134.598145    80.093147
    2.013913     4.230948    12.678771     6.939304   139.400283    81.737967
    2.365010     4.090962    12.489451     7.216457   153.648427    65.260328
    2.378866     4.388628    12.686080     7.094354   142.823955    72.526429
    1.924969     4.307708    12.840669     6.916006   146.850991    64.367611
    2.099174     4.048179    12.559161     7.183836   134.850319    77.883224
    1.943594     4.064759    12.586600     7.019452   139.613501    81.434821
    2.165196     4.132680    12.523151     7.018689   142.900213    80.953261
    2.147082     4.091081    12.601948     7.190271   143.169858    71.227083
    2.057564     3.988020    12.516464     7.193910   135.777335    70.291784
    2.233870     4.302485    12.562302     6.861521   147.039574    65.899843
    1.705839     4.147509    12.675178     6.855114   132.204849    70.948299
    1.999547     4.306100    12.512685     6.621531   140.651215    67.124378
    1.573596     4.083158    12.879116     6.920385   134.542547    95.265276
    1.832922     3.885838    12.401539     6.969508   147.714700    77.467346
    1.985514     4.063657    12.576864     7.104473   132.550241    69.925013
    2.116191     3.986861    12.260228     6.855399   142.242935    81.656324
    1.882011     4.126116    12.713044     7.015874   138.504095    80.091916
    1.934004     4.089079    12.755693     7.113077   148.276487    79.363012
    1.837380     4.353479    12.864032     6.741875   145.419535    88.451744
    1.847783     3.901794    12.555574     7.121704   142.948525    82.573946
    1.921704     4.037166    12.702579     7.146409   138.983132    91.102052
    2.061341     4.198873    12.655916     6.992906   140.890977    84.871120
    1.666066     4.038991    12.703745     6.914422   146.163585    71.814765
    2.067824     4.110196    12.429369     6.824258   149.966302    71.409582
    1.591764     3.913768    12.509919     6.914153   141.791308    71.627878
    2.180139     3.815259    12.174839     7.020169   151.859374    79.512773
    1.583172     3.763906    12.363198     6.951966   142.960594    84.872097
    1.453547     3.729113    12.209805     6.816327   146.256124    70.849358
    1.776685     4.081347    12.359566     6.593037   144.982058    81.887768
    1.958582     3.686299    12.157310     7.011242   156.173497    87.500847
    1.691599     3.912064    12.443534     6.848289   153.613090    72.434366
    1.975005     3.899486    12.533462     7.202521   151.173768    65.718474
    2.286866     4.066464    12.242465     6.813000   140.584946    81.176169
    2.157713     4.308997    12.465163     6.579589   152.546400    80.299867
    1.807505     4.203032    12.860907     6.929564   147.176807    80.142582
    2.098329     4.029102    12.307169     6.843167   141.176623    81.912758
    1.863303     3.888275    12.167113     6.704526   153.837034    68.485700
    1.715265     4.030519    12.516443     6.721152   160.339695    68.697889
    2.244484     4.039907    12.420634     7.076628   150.437761    69.004109
    2.336594     4.340894    12.549008     6.872857   146.917526    67.156692
    2.022604     4.046152    12.417910     6.862871   148.376961    83.704109
    1.963971     4.070259    12.560214     7.003548   139.875405    78.687816
    2.363078     4.318224    12.678941     7.192624   141.613371    70.311783
    1.768603     4.306454    12.837672     6.777477   142.002457    70.144935
    1.873751     4.041868    12.676210     7.074106   141.048002    81.902794
    1.564038     3.672206    12.598088     7.208613   150.147376    73.563633
    1.398776     3.970879    12.881011     6.931901   134.847007    86.596813
    2.018916     4.127130    12.679813     7.140714   133.738214    77.079575
    2.376550     4.234090    12.469452     6.975060   140.456765    76.900740
    2.012474     3.762673    12.067633     6.844129   152.512868    81.224137
    1.575719     3.919106    12.623408     6.943108   138.200415    91.698612
    2.141311     4.186632    12.704143     7.164778   138.221070    90.721607
    1.953409     4.052455    12.655129     7.107416   144.191791    75.580139
    1.752710     3.670315    12.373048     7.189786   148.191053    75.518453
    2.031773     4.075738    12.624990     7.066154   153.768055    74.142841
    1.683011     4.084630    12.851647     6.976552   142.616467    84.626411
    2.268481     3.826378    12.160580     7.092646   144.405569    72.310368
    2.152817     3.892049    12.220468     6.993487   140.435296    81.225494
    1.961823     4.108473    12.615011     7.001650   137.950690    85.872683
    1.735206     3.991077    12.682540     6.962449   153.127127    78.454145
    2.052654     4.106590    12.529196     6.936014   152.933256    68.253000
    1.888100     3.885393    12.452718     7.112192   138.297801    78.149040
    1.562831     3.940092    12.542302     6.818673   153.642572    64.635239
    1.487952     3.798574    12.713170     7.138594   138.608816    70.489395
    2.044563     4.014909    12.427567     7.028086   134.954896    75.801981
    1.906688     3.891542    12.367982     7.031537   140.819133    69.530457
    2.137311     3.965151    12.394767     7.099658   143.600416    72.523784
    1.824666     3.947146    12.621007     7.135092   137.518418    80.142909
    2.041162     4.278986    12.543849     6.720648   139.338271    80.297292
    2.182240     4.272808    12.692477     7.028741   149.595079    74.066776
    2.221094     4.297344    12.666022     6.991764   148.609201    77.873660
    2.291189     4.008169    12.224747     6.853357   153.341323    65.158870
    2.482616     4.173788    12.328357     6.838884   161.486089    73.002127
    2.122653     4.135515    12.613928     7.050186   155.608737    69.968357
    2.182055     4.077397    12.544040     7.186684   136.869765    78.424844
    2.163248     4.057224    12.370752     6.894361   152.844859    68.386627
    1.805260     3.961197    12.523704     6.964319   146.387321    78.526524
    2.220393     4.034233    12.465453     7.138456   145.547092    79.641369
    1.757271     4.173315    12.725069     6.770609   151.008427    81.123705
    1.913079     3.846242    12.318326     7.052280   139.799615    70.886059
    1.915738     3.931491    12.601845     7.231594   132.430288    87.818076
    2.067929     4.021825    12.491956     7.034624   155.251314    61.889182
    1.805722     4.121110    12.671282     6.868740   158.035914    46.664700
    2.022879     4.192971    12.629007     6.934211   144.425719    73.490588
    1.803321     4.078327    12.774353     7.106841   137.171307    65.263724
    2.028689     4.261937    12.607095     6.799047   142.477006    81.827452
    1.729971     3.944735    12.745975     7.143999   145.197808    68.554193
    1.828720     3.955669    12.498337     6.991741   140.585568    82.175615
    2.013617     4.092357    12.704038     7.177715   144.674472    66.731474
    1.683111     4.057855    12.500027     6.724066   148.564136    67.867210
    1.856165     4.111251    12.731038     6.964106   154.100815    69.457230
    2.085041     4.313477    12.792764     7.050387   138.017815    74.949000
    1.684486     3.923082    12.401520     6.894299   134.293485    78.954904
    2.171815     4.359865    12.735725     6.954113   143.749094    82.720748
    1.853791     3.961692    12.581886     7.073226   143.426665    78.472833
    1.768405     3.838076    12.449880     7.095658   133.777224    86.541061
    2.512068     3.974343    12.405996     7.507433   142.557673    65.016728
    1.927610     4.073747    12.559909     7.004069   134.070041    76.148911
    2.019328     4.252426    12.842709     7.116821   140.654261    74.854199
    1.780654     4.059940    12.631310     6.926375   139.797725    84.881737
    1.835854     3.821942    12.503235     7.195461   142.833936    73.304514
    1.913604     4.122136    12.649737     7.007976   133.998160    80.809110
    1.813715     3.974886    12.660010     7.166627   129.673454    79.745151
    2.136143     4.224894    12.759554     7.187097   136.627159    88.074096
    1.983355     3.931730    12.694548     7.390129   137.574358    78.460572
    2.277921     4.198467    12.625077     7.202922   136.237861    87.332492
    1.870772     4.171856    12.810116     7.019537   145.744126    69.273920
    1.972301     4.032883    12.704439     7.243049   135.161462    83.166179
    1.777521     3.971312    12.529607     6.953740   144.250565    76.515124
    2.080934     4.180520    12.688789     7.085560   141.729100    81.239893
    2.026454     3.888646    12.371154     7.127758   132.075165    91.778268
    2.019955     3.956137    12.474731     7.128650   137.776775    82.935775
    1.971148     4.266379    12.826512     7.050384   133.085044    81.975096
    2.024512     4.105764    12.596851     7.053832   137.451520    80.930990
    1.874296     4.229931    12.925848     7.092508   131.166674    92.960885
    1.678932     3.968089    12.567498     6.961123   135.087151    80.463351
    1.441690     3.686858    12.400495     6.973211   149.153696    75.888938
    2.105129     4.112648    12.654089     7.196381   135.918184    84.019628
    2.083875     4.021632    12.677288     7.313231   143.187547    80.750047
    2.061802     4.251550    12.683123     6.961687   133.591679    97.015804
    2.001173     3.736904    12.211666     7.082955   150.090500    78.892461
    1.888577     4.172816    12.608986     6.793342   145.269594    85.750196
    2.123171     4.204521    12.732454     7.188529   134.295462    82.064374
    1.682543     4.069231    12.927869     7.054776   145.774064    78.205356
    2.414188     4.122842    12.545978     7.351707   143.559343    75.850408
    2.098790     4.200909    12.310974     6.553201   143.511511    76.420463
    1.879280     4.257836    12.894258     7.001462   139.502193    82.210405
    2.066443     4.295016    12.770348     7.040749   133.383990    81.894576
    2.026142     3.961437    12.533549     7.209926   136.969125    76.773442
    2.121573     4.144420    12.663817     7.196025   133.607681    79.631434
    1.903368     3.971144    12.440502     6.917842   154.839296    64.667051
    2.024971     4.043833    12.641570     7.196943   144.122760    63.719122
    1.888426     3.967778    12.621965     7.102644   142.078986    96.345128
    1.533064     3.883068    12.680184     7.013469   137.110808    87.389044
    2.034402     4.139653    12.707909     7.125419   136.371720    94.516438
    2.158326     3.743879    12.289629     7.326514   148.353272    65.700265
    2.453923     4.086795    12.384631     7.183419   135.162411    83.662887
    2.265424     4.133432    12.615432     7.261697   142.853337    80.431036
    2.331367     4.254496    12.631601     7.150249   149.153788    68.044308
    1.962847     3.966703    12.573428     7.197689   135.049382    78.077526
    1.983885     4.079681    12.658575     7.165023   130.078441    80.889936
    1.957178     3.896180    12.475203     7.157906   134.972629    94.786212
    1.697265     3.974545    12.717160     7.040913   142.491107    80.164768
    1.871700     4.215758    12.804279     6.982965   140.573345    68.337622
    1.752273     3.915227    12.610653     7.081312   151.849888    53.791341
    1.941523     3.801761    12.651933     7.489889   133.652339    90.129980
    1.861449     4.126354    12.821417     7.109123   133.808376    90.255040
    1.853072     3.933200    12.652795     7.216731   136.153644    80.423976
    2.285785     4.228890    12.587440     7.075155   143.151188    81.638279
    2.094206     4.148205    12.766125     7.227596   148.264626    75.275965
    2.282823     4.208830    12.722168     7.334796   143.160878    74.386358
    1.992338     3.978360    12.385453     6.989067   132.444412    86.783827
    1.717015     4.025650    12.701670     6.899936   153.214346    84.259989
    1.810244     3.865907    12.431827     7.051042   141.559742    75.727183
    1.754176     3.736879    12.350534     7.108272   137.821066    88.936500
    1.727549     4.136997    12.660892     6.839840   133.631015    83.179693
    1.833802     3.993208    12.307973     6.745978   135.442581    91.125654
    2.029091     4.205088    12.620246     6.916194   142.074239    77.174970
    2.235732     4.301262    12.551459     6.845980   141.180256    85.849896
    2.412338     4.146501    12.427726     7.068039   146.607973    74.041179
    2.078021     4.168520    12.509871     6.886657   134.263602    93.219345
    2.049751     3.896663    12.442274     7.163006   144.486866    87.523642
    2.198529     3.996712    12.562811     7.364988   135.200235    82.739547
    2.042077     3.970384    12.391214     6.997157   146.584057    72.757581
    2.108527     4.296580    12.718713     6.981983   140.814282    79.239203
    1.906478     4.078965    12.615366     6.995047   145.421622    66.224275
    1.970162     3.970684    12.351412     6.888987   148.070564    72.702255
    2.059178     3.934828    12.457642     7.116560   152.116498    73.569885
    2.125263     4.266610    12.625596     6.933294   138.425330    78.230725
    2.381654     4.013361    12.223936     6.917573   144.435333    87.908914
    2.234394     3.952267    12.467798     7.294893   145.565441    79.745382
    1.662929     4.059147    12.775567     6.962200   136.802305    86.449293
    2.070070     4.040221    12.554611     7.122927   138.206598    90.882374
    2.176617     4.155437    12.622609     7.107480   150.670688    73.319463
    1.969595     4.016131    12.599345     7.133609   142.420338    70.833575
    2.237474     4.035355    12.515470     7.199609   152.564080    77.529009
    1.751449     3.942069    12.477624     6.915659   148.897631    70.027347
    2.288140     4.214298    12.500838     6.971682   141.444551    78.968854
    1.784950     3.930966    12.585553     7.037213   151.245974    69.097187
    1.822323     4.207371    12.900256     7.025271   136.414711    86.555237
    1.780080     3.804190    12.363785     7.073359   138.715319    73.558691
    2.091240     4.005013    12.389890     7.014651   132.170755    92.788907
    1.959865     3.931990    12.443117     7.035268   152.368133    65.411810
    1.640284     3.847141    12.497963     7.088511   127.292386    77.550452
    2.076587     4.075632    12.607845     7.165864   136.014005    83.365291
    2.334776     4.062630    12.456275     7.187125   144.016109    88.781850
    1.957660     4.120280    12.592093     6.976013   136.923876    77.939073
    2.060869     4.444462    12.910864     6.983372   133.005309    85.981206
    2.191943     4.359058    12.713144     6.932191   147.419809    79.202979
    1.780856     4.180219    12.749683     6.860485   137.707810    91.619501
    1.975567     3.846185    12.207030     6.955648   145.139014    57.731495
    2.368029     4.227951    12.582570     7.165921   148.999741    60.154801
    1.727967     3.781999    12.534274     7.195795   137.562370    85.040033
    1.741122     3.989382    12.674918     7.014071   146.749955    73.543656
    1.782956     3.857888    12.645466     7.186921   145.958219    84.324190
    2.094064     4.190309    12.649167     7.040956   140.844356    79.198703
    1.979998     4.221433    12.685320     6.924329   143.539334    72.566876
    2.283990     4.212815    12.577469     7.146161   132.813984    71.594549
    1.844519     3.939401    12.546587     7.080843   146.124749    62.130276
    1.923827     4.021765    12.263287     6.743029   135.305706    70.397932
    1.899772     3.779163    12.434636     7.211592   149.466788    69.960840
    1.984843     3.825508    12.535026     7.315605   149.703671    74.993404
    2.108853     3.792072    12.365744     7.230345   157.789198    80.057347
    2.398169     4.246860    12.546132     7.096203   146.981567    70.476524
    1.818349     4.012798    12.802569     7.146743   146.795503    83.153920
    2.074926     4.150375    12.685409     7.172443   132.113677    80.035339
    2.126436     4.172393    12.480843     6.833963   148.851143    77.374748
    2.125261     4.068512    12.520002     7.117110   137.507178    74.607015
    1.619876     4.071206    12.548894     6.739209   136.208869    84.871101
    2.012755     4.226092    12.746428     6.998569   148.735436    70.212805
    1.658155     4.072604    12.696497     6.918199   138.900020    63.039200
    1.795632     3.970317    12.693182     7.129082   136.401486    89.221058
    1.742816     3.865872    12.583901     7.077116   149.830739    78.811016
    1.656088     4.053428    12.792231     6.965303   143.147061    75.216525
    2.082808     4.080363    12.569288     7.079957   146.747691    72.775114
    2.036886     4.025500    12.567784     7.097663   149.899675    75.473067
    1.775817     3.838101    12.411788     6.981170   148.141269    86.583177
    1.849689     4.015105    12.681469     7.040401   149.770415    83.947433
    2.089095     3.913877    12.364168     7.049046   157.067135    63.352978
    1.789470     4.059216    12.671081     6.970833   144.535388    72.347357
    1.867126     4.016068    12.631438     7.073189   148.309059    55.114106
    1.794588     3.892304    12.522503     7.098697   137.551016    79.842617
    2.328230     4.389317    12.731508     7.140639   136.770655    68.764585
    2.092134     3.741722    12.167941     7.163730   137.283194    71.323182
    1.956470     4.102298    12.557907     6.941388   144.254904    68.901473
    1.979575     4.172762    12.914619     7.287814   136.110828    78.571769
    2.326432     4.074501    12.433916     7.115883   147.946613    77.405303
    1.977485     4.377208    12.719563     6.720540   141.717446    79.876738
    2.238092     4.089179    12.553690     7.205855   144.758304    76.341386
    1.914400     4.125420    12.587547     6.910116   137.314467    85.362680
    2.065699     4.297645    12.710236     6.937446   132.940137    94.484546
    1.755164     4.196837    12.906775     6.926555   145.299992    85.172060
    1.905613     4.196491    12.621480     6.828486   137.833369    85.883637
    1.804187     4.046742    12.575090     6.921215   141.931946    75.895630
    2.051696     4.327775    12.679878     6.872180   134.532697    71.105848
    1.927541     4.260904    12.847670     6.942704   149.628186    82.273128
    1.697630     3.987129    12.679553     6.967566   144.093273    87.092055
    1.972376     3.973405    12.367738     6.901399   147.065814    77.648375
    1.764748     3.979121    12.645723     7.064449   136.135218    82.717875
    2.257106     3.858438    12.070160     6.924088   135.488749    76.749103
    2.186057     4.054695    12.309501     6.863462   144.841327    70.646298
    1.995407     4.115302    12.589498     6.999528   141.562365    71.921752
    1.760767     4.077001    12.375801     6.674884   138.083433    70.791394
    2.209138     4.112716    12.299142     6.749436   150.409678    62.159256
    1.926488     4.058004    12.711981     7.096506   151.359177    74.492722
    2.167706     4.022780    12.339009     6.983625   132.929437    84.797969
    1.897874     4.236085    12.796258     6.973080   138.724626    72.563295
    1.960747     4.113889    12.668551     7.047781   143.898642    71.541704
    2.102766     4.171695    12.509358     6.915393   137.690567    75.851559
    2.359278     4.026488    12.421902     7.254051   137.782683    83.254065
    2.069421     4.206655    12.612867     6.931297   147.294544    67.447962
    2.344859     4.269251    12.656663     7.190058   145.642170    76.272555
    2.124759     4.001197    12.601004     7.311816   141.819740    73.229881
    2.319830     4.528590    12.735928     6.817741   154.063644    67.248419
    2.220396     4.348479    12.701712     6.972099   147.220431    75.375190
    1.691174     3.764311    12.359694     7.026246   145.177898    75.475300
    2.024227     4.217213    12.852844     7.180164   140.335910    79.580456
    2.622608     4.095129    12.279367     7.107123   144.006277    62.598737
    2.185025     4.157325    12.588556     7.099799   139.304094    85.968119
    1.764119     3.892044    12.540382     7.074646   143.882030    70.978933
    1.953292     4.102685    12.669318     7.008877   155.957530    62.686506
    2.045382     4.072538    12.343523     6.754672   150.520241    70.372813
    1.355606     3.954837    12.732274     6.856412   135.023518    78.022603
    1.888499     4.184313    12.566805     6.749959   145.063962    77.305082
    1.407422     4.094532    12.683993     6.659090   138.500606    78.272515
    2.297823     4.280720    12.557781     6.951796   145.438686    72.755819
    2.123534     3.828087    12.363943     7.312449   136.066250    69.162490
    2.223762     4.163281    12.506032     7.006221   138.590090    88.219771
    2.212568     4.012278    12.519317     7.287996   136.424776    80.997542
    1.902630     4.233410    12.837903     7.013607   142.032761    69.526311
    1.755395     4.048080    12.698035     6.983151   138.693961    86.414994
    2.065797     3.952989    12.531190     7.296993   128.469078    78.383947
    1.998675     4.211235    12.609235     6.862924   140.705432    82.561837
    1.920080     3.938834    12.756170     7.317456   150.934556    71.870387
    1.800512     4.289566    12.830010     6.783030   143.746073    83.791066
    2.028731     4.102844    12.731047     7.197628   139.600054    88.213733
    1.822225     4.008731    12.637651     7.008864   146.007723    82.197034
    2.161937     4.196195    12.646655     7.077358   143.455270    84.343186
    1.896107     4.056165    12.805646     7.195814   146.936795    71.240759
    1.917013     4.058121    12.661706     7.029601   147.037246    88.023224
    1.675655     3.934790    12.804352     7.100667   149.465787    80.578657
    1.626240     3.835724    12.649012     7.089394   139.926719    96.042831
    2.053379     4.198926    12.651445     7.008137   140.303474    70.544795
    2.051302     4.136079    12.633129     7.059131   139.994227    83.254524
    1.881857     4.088874    12.729726     7.031854   147.406914    82.011940
    2.000680     4.133018    12.734148     7.167897   134.638433    79.540666
    2.612166     4.109614    12.260169     6.984939   152.005647    72.503319
    2.214383     4.203040    12.671654     7.181135   140.980407    79.930975
    1.764082     3.938307    12.663566     7.165212   133.107711    76.560813
    1.617062     3.941647    12.486990     6.883913   130.250837    93.256575
    2.028205     4.227905    12.880943     7.235251   135.460554    75.984721
    1.782981     4.000397    12.765649     7.148064   144.841323    63.283164
    1.392846     3.867434    12.773742     6.971575   143.156681    75.388260
    2.181016     3.939475    12.318058     7.102341   135.331744    77.902648
    2.200379     4.341637    12.646328     6.908099   140.722225    75.963094
    2.178442     3.966258    12.464341     7.206468   149.379129    69.635993
    2.069844     4.252402    12.472206     6.668476   144.760914    76.119268
    1.885854     4.028542    12.713101     7.167211   135.228408    84.996401
    1.483936     3.854268    12.348168     6.849031   128.602909    82.555077
    1.512805     3.908819    12.683052     6.944296   144.664333    77.762279
    1.669753     4.050757    12.816132     7.064636   128.367740    85.094294
    1.804170     3.623782    12.108815     7.055576   146.054839    71.070473
    2.069236     4.203251    12.535498     6.813836   148.685476    75.397261
    1.778212     4.014879    12.571172     6.960186   135.288414    85.050729
    1.723627     3.772448    12.588369     7.270144   141.193773    66.147059
    2.490345     4.000764    12.365686     7.338070   141.136347    77.156976
    2.220686     4.401323    12.732832     6.923084   145.713796    85.954062
    2.173080     3.932979    12.368150     7.121634   145.677306    80.864600
    1.748279     4.017957    12.780253     7.143803   129.824369    84.715015
    1.881628     3.988099    12.603256     7.159190   132.265281    68.706393
    2.021135     4.211924    12.673524     7.003425   131.106493    86.729460
    2.055432     4.035638    12.498138     7.022264   149.200462    73.376656
    2.077207     4.040907    12.454816     7.080465   125.678544    82.799567
    1.700289     3.913454    12.686572     7.116050   140.412469    79.058773
    1.763451     3.983792    12.753916     7.116951   144.646792    75.521728
    1.946769     4.109691    12.774104     7.144620   147.167801    68.212524
    2.023179     4.190881    12.673033     7.008917   138.037559    82.127833
    2.042362     4.204408    12.643871     7.001779   135.155455    73.241092
    2.114126     4.099930    12.588480     7.122007   136.063771    93.671948
    2.159027     4.092866    12.444368     6.989143   142.743616    67.214370
    1.784035     3.957842    12.814689     7.250452   142.170670    71.090584
    2.177148     4.081564    12.592064     7.242408   137.918435    75.483941
    1.559564     4.060086    12.680735     6.746698   142.873665    93.543037
    2.191960     4.188212    12.559490     7.019806   144.850694    64.695351
    2.479879     4.004642    12.185931     6.923526   152.504656    73.660892
    1.964234     3.963971    12.679032     7.275997   143.359661    77.284691
    1.978770     4.275239    12.813872     6.985049   139.644710    87.201293
    1.961135     4.264437    12.879952     7.052644   142.640999    81.271635
    1.673494     3.989957    12.578333     6.894706   143.794342    77.114535
    2.390774     4.095488    12.476335     7.247728   141.234388    80.783253
    1.819119     3.972153    12.722487     7.155409   142.034172    83.769043
    1.800128     3.991189    12.460044     6.888050   137.758394    86.931863
    1.934012     3.904168    12.487134     7.119774   145.282693    77.278800
    2.093121     3.768169    12.141962     7.045343   140.932722    83.687432
    1.914771     3.852595    12.405728     7.095601   147.834603    69.793825
    1.865595     3.841576    12.438960     7.101175   151.161582    63.745529
    1.852598     3.902079    12.248243     6.714080   161.131856    73.184750
    1.981622     3.854351    12.400218     7.152885   144.184869    72.379680
    2.271069     4.072576    12.175112     6.665286   147.012331    71.952657
    1.492986     3.560280    12.091988     7.025944   132.706161    78.813606
    2.238560     4.189178    12.509785     7.026908   129.391403    88.319534
    1.864010     3.842865    12.210257     6.911428   136.706589    77.367400
    1.917812     4.038957    12.512934     6.991122   138.574244    66.761273
    1.772307     4.087503    12.706557     6.911161   153.356934    65.043403
    1.763453     3.808802    12.305507     7.017997   134.338355    76.905721
    2.168626     4.057602    12.350710     6.953090   137.054318    65.514154
    1.947531     3.962150    12.469560     7.038995   147.445282    64.162932
    2.084071     4.280827    12.851938     7.161609   138.880543    80.923015
    1.497543     3.957966    12.696823     6.868542   148.249233    72.258515
    1.753745     3.744863    12.271464     7.044111   141.142359    71.387080
    1.891666     4.029108    12.820113     7.261626   140.699934    79.715956
    1.728617     3.782550    12.362453     7.008244   145.301296    83.237243
    1.583589     3.806094    12.610909     7.086563   144.581222    76.657704
    2.112083     4.369421    12.633824     6.712786   154.086723    61.276614
    2.006898     4.197755    12.741746     7.034328   145.173126    77.757470
    1.994390     4.272780    12.622408     6.838480   133.101997    73.175686
    1.941695     4.183980    12.891137     7.114838   157.551760    62.391499
    1.886386     3.906317    12.599458     7.239240   138.941125    69.804743
    1.846057     4.292685    12.661726     6.717694   140.385807    59.447365
    2.211693     4.260053    12.694299     7.080619   151.496119    71.972326
    2.099411     3.942386    12.457820     7.220527   134.271036    79.906947
    1.861930     4.023632    12.291737     6.680950   144.939526    72.872795
    2.230804     3.923823    12.382993     7.246264   143.572644    63.893157
    2.147877     4.087014    12.455419     7.033667   135.023130    73.023855
    2.091953     4.071829    12.490086     7.031319   136.052104    86.385121
    2.283018     3.825323    11.876682     6.685380   136.669611    70.487149
    1.807788     3.825210    12.601624     7.229587   144.426532    82.191826
    1.691719     4.032580    12.614345     6.869477   141.245808    85.614291
    2.055202     4.283209    12.697009     6.949929   133.988137    82.082232
    3.218110     4.279490    12.174272     7.098799   150.554927    78.799912
    2.324175     3.936692    12.166465     6.938420   143.086853    79.025862
    2.026738     4.060756    12.703201     7.210550   145.261414    80.394049
    2.020014     4.169380    12.725726     7.080716   138.663260    91.238216
    2.173590     3.996508    12.459461     7.171161   139.833493    82.401508
    2.386358     4.239249    12.630922     7.271409   138.472182    85.233015
    2.026886     4.221409    12.865055     7.184708   142.012216    78.755254
    1.936414     4.029701    12.649529     7.105741   148.832278    69.137462
    1.894322     3.995182    12.606860     7.076504   144.842761    78.508817
    2.117063     3.998697    12.686637     7.391633   144.297140    83.024495
    2.252340     4.053884    12.458958     7.136594   140.575583    88.656526
    2.249274     4.053171    12.543217     7.279341   140.509346    78.634229
    1.941237     4.225157    12.552896     6.778014   129.489354    87.338710
    2.139830     4.229412    12.739958     7.112463   151.252406    71.352795
    1.882987     4.051933    12.726560     7.166714   136.872375    69.426036
    2.043532     4.096609    12.647598     7.134891   141.310341    76.411694
    2.026917     4.031714    12.629648     7.154920   150.452960    72.368192
    2.383790     3.965641    12.370095     7.290237   139.642017    86.014490
    2.288242     4.088325    12.611757     7.361003   147.388698    65.805843
    2.295494     3.979794    12.427417     7.241794   147.260291    79.700423
    2.219013     4.094054    12.573394     7.217851   141.486370    79.018342
    2.342033     4.112395    12.473311     7.136284   149.160319    69.721999
    2.127011     3.935198    12.547036     7.326082   143.317655    82.192463
    1.698186     3.922642    12.691681     7.113646   135.986699    86.916751
    2.381331     4.226586    12.545475     7.149338   134.083850    86.480418
    2.016567     4.231802    12.841161     7.087821   148.601553    81.478455
    2.035020     4.043887    12.621440     7.179524   136.009827    89.025451
    2.330069     4.087873    12.507806     7.280589   128.935105    98.032722
    2.006211     4.245212    12.636535     6.832696   144.859409    79.771936
    1.946697     4.017339    12.530934     6.992200   152.932627    64.224931
    1.866529     3.946170    12.522458     7.089483   140.654576    65.047758
    2.041223     4.046002    12.393680     6.904575   136.060560    88.602114
    2.199183     4.259765    12.651153     7.023690   149.075885    65.584606
    1.774251     3.992666    12.456079     6.919834   128.380797    84.412847
    2.125712     4.373903    12.733179     6.934971   137.064815    68.762998
    1.971044     3.970570    12.397234     7.026163   132.036363    73.423433
    2.300419     4.261696    12.522470     6.938057   139.520544    85.591609
    2.005239     3.946543    12.239137     6.869953   136.097880    75.105790
    1.693281     3.899612    12.667438     7.087964   150.749990    62.933853
    1.926721     4.141400    12.736317     7.014206   150.717988    69.709851
    1.531597     4.087513    12.799682     6.808847   150.135983    61.082823
    1.891842     4.053826    12.591974     7.042120   132.885662    77.290675
    1.850364     4.066111    12.559369     6.942227   138.307068    70.927976
    1.988672     4.090949    12.490971     6.934794   140.332645    64.788290
    1.879819     4.084838    12.657389     6.948452   149.553570    82.628611
    2.063210     3.890687    12.467607     7.250102   141.110500    78.204974
    1.757399     4.121709    12.810512     6.971031   146.413742    70.998401
    1.841551     3.975891    12.576771     7.103132   134.776300    69.499529
    1.730036     4.078662    12.737835     6.939783   146.949316    70.726291
    1.882980     4.135327    12.683417     6.920322   157.568174    52.352219
    2.033393     4.014993    12.519027     7.092139   144.178846    70.212189
    1.948240     4.044532    12.522916     6.976229   138.118209    89.152161
    2.037776     4.283068    12.670544     6.816261   151.978977    74.682374
    1.977647     4.349084    12.690178     6.680418   150.199736    79.423666
    1.706835     4.075337    12.686428     6.835838   156.019276    65.866155
    2.048848     3.779466    12.163044     6.974232   149.618805    85.449866
    2.195574     4.260957    12.593508     6.934450   144.070260    79.709545
    1.878369     3.996163    12.721533     7.117914   155.461796    77.099180
    2.194248     4.385351    12.716252     6.926654   142.144967    76.970804
    1.883442     4.037874    12.424561     6.853059   137.598136    80.341029
    1.959901     3.880813    12.469337     7.194923   138.464037    76.316221
    1.964588     4.042434    12.660680     7.175925   135.135510    81.581734
    1.768309     4.054415    12.750039     7.028384   145.125548    70.902405
    2.085430     4.160525    12.509070     6.933077   132.639788    82.426702
    1.990693     4.177626    12.732135     7.045169   147.200605    67.183017
    1.660129     3.963059    12.435041     6.866733   122.771914    97.412434
    1.666811     3.935611    12.648965     7.070336   133.524087    78.661417
    2.318353     3.978453    12.301240     7.151947   126.945804    82.102813
    1.811353     3.985929    12.628345     7.073166   140.218041    74.543890
    1.580216     3.902187    12.671897     7.031184   145.700106    60.654861
    1.894555     3.787298    12.350573     7.100949   152.156319    66.392454
    2.010460     4.285378    12.701297     6.861710   145.584764    73.768393
    2.049181     4.157431    12.456274     6.835699   136.891561    72.862703
    1.644346     4.044760    12.782708     6.976037   139.114967    78.410137
    1.863353     4.026404    12.749123     7.094604   158.777448    64.212746
    2.030844     3.795612    12.385030     7.272441   142.709746    72.558281
    1.924594     3.737377    12.342497     7.234170   139.712891    78.054725
    2.054235     4.019167    12.645792     7.236751   151.608748    60.825396
    1.726597     3.930065    12.580902     7.007993   149.648183    64.275051
    1.708962     3.869354    12.700406     7.168259   142.703898    84.468226
    1.716355     3.774340    12.455203     7.158131   141.400948    62.339992
    1.994952     4.179548    12.601973     6.944677   136.576680    70.333243
    1.746140     4.088449    12.755830     6.960506   148.067654    65.602662
    1.956863     4.190568    12.734024     7.012306   137.313752    85.418630
    1.916133     3.862054    12.571527     7.218171   155.031757    68.046256
    1.778571     4.190596    12.696580     6.813135   140.442486    76.272447
    1.853343     3.879506    12.327025     6.961842   140.271057    76.360267
    2.036242     3.880450    12.453993     7.250643   137.722681    73.810565
    1.922557     3.935505    12.573907     7.175255   136.896055    89.592954
    2.010129     4.009573    12.549151     7.100894   142.298950    83.249454
    2.138672     3.920156    12.467139     7.222781   155.246592    66.660668
    1.933761     3.986772    12.366409     6.829785   146.640532    88.022885
    2.380624     4.030416    12.424684     7.300473   130.631511    88.629272
    2.145019     4.128790    12.628357     7.194476   134.801655    77.910474
    1.993411     4.000229    12.426366     7.007684   130.460016    90.148597
    2.062285     3.922085    12.455349     7.170169   142.871507    81.596981
    1.723799     3.778054    12.485544     7.114184   145.507829    83.576205
    1.683715     3.808221    12.420435     6.955450   149.621825    86.641469
    1.828666     3.941700    12.653909     7.169977   139.109028    79.072140
    2.063625     4.135308    12.552187     6.886767   164.565943    56.362160
    2.117730     3.916345    12.466132     7.224228   144.386609    88.365836
    1.868831     3.990046    12.733325     7.113684   156.949914    80.124037
    2.333089     4.065761    12.250682     6.848116   143.101127    80.613685
    1.880284     4.012039    12.705248     7.168610   140.211009    75.880445
    1.754382     3.988445    12.533375     6.938336   137.629797    83.390178
    1.927765     3.946862    12.740665     7.351477   138.480532    78.770777
    1.907412     3.891327    12.528480     7.163680   141.773944    84.332594
    2.094947     4.201665    12.732143     7.142585   139.948238    75.920171
    2.336603     4.294739    12.382233     6.678804   141.410407    76.697601
    2.060803     4.102045    12.565221     7.076530   139.505624    61.149029
    2.056779     4.098030    12.438260     6.898726   138.627330    76.634534
    1.906974     4.113111    12.526367     6.776172   149.344788    89.025470
    1.930895     3.911371    12.539789     7.188541   141.777063    73.276420
    2.246399     4.126576    12.409557     6.913784   145.447437    83.730441
    1.922822     4.382465    12.705276     6.645811   141.857214    79.306234
    2.328332     4.210695    12.502358     7.055291   135.167834    74.266873
    1.715467     3.792000    12.505524     7.203554   134.153333    68.358990
    1.854434     3.911131    12.562274     7.123059   143.417923    80.161366
    2.213417     4.279893    12.661029     7.051987   139.533864    75.567109
    2.304386     4.079726    12.359290     6.928000   159.075916    65.372944
    2.229449     4.099803    12.382152     6.991694   129.274044    78.246843
    1.546041     3.851517    12.696582     7.075236   142.670146    73.559864
    1.812562     4.056428    12.756425     7.064352   145.455957    73.988157
    1.859516     4.109863    12.395002     6.663440   140.675769    83.513861
    1.952540     4.038611    12.577389     7.098495   132.850610    77.955386
    1.694417     4.178856    12.937741     6.953719   142.999923    74.641832
    1.904870     4.132383    12.740709     7.060332   144.003865    63.073641
    2.164660     4.025713    12.384559     7.050997   132.520141    79.607664
    2.149025     4.273631    12.722919     7.076975   143.229820    66.568963
    1.806339     4.247550    12.788377     6.809570   143.839149    82.702825
    2.087494     4.260119    12.727297     7.067540   130.917569    85.480034
    2.097818     4.278435    12.757820     7.053371   135.192194    94.051600
    2.153104     4.113685    12.308208     6.758221   138.704350    77.818629
    2.400160     4.127995    12.397978     7.028138   148.106227    75.865519
    2.001885     4.434208    12.728621     6.680177   143.709331    67.057445
    2.169149     4.201704    12.692201     7.156734   141.376720    81.118000
    2.221504     4.217060    12.413826     6.750564   146.004554    78.137539
    1.692505     3.882071    12.456244     6.961462   139.137613    85.678442
    1.702424     3.866985    12.570218     7.109687   132.036367    90.273643
    2.156552     3.780608    12.335198     7.326418   143.083420    81.241795
    1.946156     4.054945    12.672611     7.093968   148.150036    75.631944
    2.052862     3.964612    12.537149     7.171809   146.273375    84.590662
    2.095756     4.107870    12.477206     6.928958   147.697573    70.203042
    1.945634     4.139192    12.761833     7.150640   130.706269    81.306361
    1.958151     3.898209    12.408982     7.071067   142.735582    80.529674
    1.548889     3.693685    12.296253     6.939615   148.322996    83.486873
    2.163425     3.881970    12.337363     7.139839   149.364240    78.966659
    1.922712     4.044815    12.708432     7.136640   146.063244    74.820128
    2.208155     4.082139    12.602768     7.259024   147.534596    66.690809
    1.999591     4.111252    12.659896     7.047893   146.123411    81.759663
    2.032613     4.159717    12.769515     7.158700   150.367370    59.570296
    2.326837     4.115582    12.524059     7.214620   144.697625    74.452344
    2.301349     4.186212    12.631151     7.242219   139.368432    91.448919
    1.964203     4.095849    12.734709     7.126740   144.378600    82.835014
    1.777216     3.998067    12.762787     7.140975   138.496241    81.341606
    2.247393     4.262578    12.704176     7.180253   140.170567    77.486107
    2.245486     4.163249    12.271023     6.684790   136.271898    79.892774
    1.878719     4.147920    12.654552     6.873580   145.130426    84.667055
    2.143926     4.257415    12.484361     6.733421   143.592082    80.826016
    2.348356     4.067604    12.286805     6.882888   147.622471    89.752504
    1.967081     4.062316    12.606513     7.069379   137.391398    85.571051
    2.099191     4.203299    12.495448     6.778074   150.624812    73.356443
    2.314564     4.153567    12.474634     7.064224   138.588559    84.740686
    2.242986     3.838957    12.323241     7.212332   163.812212    66.892643
    2.142619     4.148798    12.629295     7.087377   147.805257    83.596712
    2.589840     4.404198    12.592705     7.182226   132.390395    92.111448
    2.061851     4.047762    12.514902     7.071504   136.044397    87.845629
    2.283419     3.999516    12.377225     7.123763   145.070517    80.008962
    2.413363     3.917380    12.199641     7.125861   136.307168    80.886321
    2.171701     3.933623    12.403287     7.173530   149.146322    67.222897
    2.236796     3.903140    12.443698     7.330544   149.964946    75.793979
    2.439886     4.457754    12.566316     6.790978   146.659548    76.824436
    1.747514     3.917242    12.564727     7.016311   143.763645    85.139029
    2.017929     4.161269    12.612396     6.937968   145.700914    80.576525
    2.023911     4.091741    12.605427     7.008779   156.528720    66.998190
    1.732386     4.101240    12.718922     6.902130   146.205339    69.272815
    2.034120     4.168957    12.708872     7.055634   147.504320    77.260459
    2.034559     4.154274    12.734995     7.067923   154.159529    80.830626
    1.801758     3.978089    12.478831     6.973844   130.090500    84.107118
    2.262857     3.979848    12.497473     7.288487   159.282392    61.389009
    2.103233     3.986983    12.367101     6.965995   149.423559    75.174616
    2.490068     4.182726    12.359174     6.944849   146.211431    78.758593
    1.978332     3.965683    12.607233     7.169351   151.394244    75.223510
    2.069828     4.106029    12.606814     7.048299   152.306939    71.261002
    2.360628     4.238872    12.688772     7.326241   146.171766    70.318361
    2.158685     4.134073    12.715938     7.252727   152.427738    68.175279
    2.242145     4.402655    12.705422     6.939436   137.984075    87.147587
    2.451505     3.885937    12.330960     7.393685   155.629770    73.254381
    2.198776     4.040591    12.570167     7.251755   145.825596    83.385141
    2.296307     4.165916    12.622278     7.266420   141.279820    77.490944
    2.006503     4.139589    12.477859     6.788250   148.520251    77.310843
    2.268485     4.346724    12.564503     6.807433   145.767692    80.009917
    2.000662     3.820659    12.167161     6.935195   138.352103    90.786459
    2.046520     3.933887    12.513846     7.197803   144.475925    82.829576
    2.266229     4.318536    12.667704     7.053957   141.159383    72.651749
    2.203033     3.955951    12.259797     6.932799   150.435235    76.708810
    2.271429     4.067552    12.429970     7.093953   142.247839    76.960569
    1.982240     4.255669    12.741559     6.910110   148.576102    74.092496
    2.181331     4.229231    12.630416     7.072344   134.572792    79.961480
    1.973089     4.225362    12.620148     6.873663   134.931915    77.172682
    1.835068     3.947846    12.288441     6.738828   152.692452    71.229699
    2.134038     3.982586    12.456846     7.159564   140.269848    77.807850
    2.551298     3.946773    12.186406     7.148270   137.976858    85.940523
    2.021711     4.204815    12.693435     7.012264   138.185125    80.999535
    1.876434     4.309755    12.721338     6.752778   138.761782    78.471712
    1.838618     4.012734    12.498629     6.911479   141.557885    81.982631
    1.972593     4.084668    12.606354     7.017109   144.312367    78.650431
    2.043357     3.895798    12.584156     7.328271   149.896054    72.823054
    2.016619     4.140907    12.494257     6.825989   142.537979    88.049585
    2.177364     4.017876    12.544907     7.216767   147.639442    85.556869
    1.757933     4.052484    12.688877     6.994035   136.142722    83.010332
    1.631011     3.753830    12.516783     7.068139   152.391650    79.234077
    1.775704     3.574185    12.207506     7.217908   142.422072    77.217350
    2.023244     4.080972    12.571994     7.037035   140.326984    85.554220
    2.047461     4.166797    12.630903     6.999197   144.789773    72.884751
    1.965384     3.788963    12.190369     7.045687   129.089483    89.321254
    2.288404     4.175275    12.440472     6.881842   157.594192    67.775905
    1.846849     3.958829    12.453263     6.979802   138.920488    75.661904
    2.279528     4.054638    12.534664     7.302186   134.150604    96.488973
    1.748144     4.092369    12.752315     7.015939   134.306856    73.858839
    1.551511     4.051897    12.771668     6.853445   146.798649    69.693851
    2.282514     4.071963    12.410069     7.097468   138.005275    68.228114
    1.863644     4.062578    12.689086     7.072181   143.730126    62.398180
    2.106565     4.241046    12.757343     7.112003   142.359273    78.217083
    2.291509     3.875457    12.225285     7.154861   131.539721    92.774263
    2.038440     4.106989    12.611262     7.013770   153.464557    72.032091
    1.896208     4.062212    12.536097     6.929065   145.112783    67.060293
    2.224213     4.154054    12.454791     6.888996   152.449944    79.687947
    1.758238     4.040218    12.676636     6.892882   157.173438    74.699178
    1.619420     4.139994    12.372849     6.425122   149.400590    66.750979
    1.875769     3.988511    12.695865     7.151875   145.625287    79.094726
    1.860314     4.048228    12.705910     7.104459   136.079896    84.245616
    2.016710     4.112085    12.623446     7.006729   153.075603    69.328325
    2.283589     4.067680    12.472784     7.150145   149.367904    71.411274
    2.067747     4.121299    12.580050     7.057712   136.514765    78.718007
    2.099373     4.181511    12.551843     6.949001   138.392139    76.514011
    2.012478     3.973561    12.446587     7.037171   145.469318    75.317930
    1.855877     3.994525    12.412559     6.855526   144.524922    77.435436
    1.815731     4.001054    12.508426     6.932114   143.467506    72.408391
    2.239261     4.294084    12.653778     6.998444   149.367808    75.758776
    2.364435     3.891823    12.222456     7.119837   144.785293    91.732379
    1.932797     3.751834    12.119029     6.961995   143.234234    69.908310
    1.708283     3.966663    12.718816     7.120143   130.159906    86.287879
    2.012726     4.171647    12.847504     7.194540   146.032050    81.194819
    2.070121     3.948897    12.530660     7.259142   135.393585    85.660509
    1.845278     3.877572    12.552366     7.124442   150.878653    73.696523
    2.117469     4.217586    12.605774     6.980704   136.846137    80.837085
    1.846970     4.282809    12.863585     6.834392   150.038396    84.355820
    1.861205     3.635779    12.208328     7.155560   147.967865    76.353501
    2.143520     3.924250    12.469284     7.282991   139.363420    78.239777
    2.302149     4.042226    12.505203     7.282467   142.653660    82.683706
    2.095001     4.284881    12.869115     7.156019   149.577132    70.119050
    1.933225     4.206068    12.669444     6.856149   143.488649    87.220037
    1.768850     4.070303    12.712940     6.962504   141.398805    85.849496
    1.958476     4.057751    12.680351     7.119136   141.793026    88.675930
    1.705747     4.148987    12.751351     6.820661   148.287401    72.412520
    2.066781     4.342031    12.758961     6.909566   142.400914    80.320435
    2.490332     4.088303    12.416165     7.282104   135.963213    83.205125
    1.713838     3.784692    12.356611     7.059609   130.007645    91.210270
    2.137676     3.993108    12.320575     6.866250   160.452797    70.299259
    1.835372     4.078757    12.663415     7.041797   128.195831    83.905307
    1.684984     3.978322    12.579187     6.937261   134.911762    90.115634
    1.956455     4.048630    12.778679     7.234833   149.163023    70.318913
    2.173357     4.125188    12.585635     7.114701   143.461541    86.190053
    2.112336     4.279238    12.790312     7.123760   140.100546    73.102487
    2.277056     4.074062    12.465620     7.168355   135.666501    82.353028
    1.992183     4.325716    12.765767     6.880414   142.017252    73.574757
    2.304732     4.311736    12.634108     7.058736   138.510796    78.159429
    1.938244     4.298666    12.689091     6.725482   149.598306    78.770055
    1.958579     3.981265    12.558982     7.117268   139.738376    85.564026
    2.040138     4.114738    12.480742     6.933162   130.208628    89.297745
    2.080571     4.115196    12.541132     6.964253   154.550268    62.164963
    1.848281     4.092253    12.358890     6.650400   143.188390    73.237207
    2.189442     4.075481    12.574688     7.185793   149.915684    73.922628
    3.257155     3.974851    11.990839     7.344669   139.198351    80.345742
    2.003206     4.072452    12.452424     6.939277   132.389474    82.134627
    1.795261     3.930255    12.607568     7.162930   133.327644    71.125956
    1.827182     3.977375    12.667244     7.152750   135.225046    79.023105
    1.814512     4.060346    12.742175     7.058404   143.510756    74.115080
    1.736244     4.207641    12.789298     6.841089   138.959854    78.554082
    1.641728     4.099631    12.503432     6.657091   142.671048    74.683358
    2.767862     4.363167    12.496738     7.303339   133.143042    68.877797
    1.997325     3.891297    12.333361     7.025618   143.713905    76.932600
    2.065940     4.109538    12.497462     6.944932   145.049907    68.159045
    1.781007     4.223797    12.724686     6.824496   136.498196    72.771463
    2.050935     3.923225    12.308816     6.996034   147.202588    57.976071
    1.837355     3.946327    12.486101     7.033084   136.148444    77.854184
    1.888713     3.942106    12.448733     7.015408   139.652000    80.153290
    2.283129     4.457178    12.739363     6.941321   144.922533    71.442479
    2.315013     4.179252    12.598685     7.222350   142.517303    76.844979
    1.685393     3.855634    12.225807     6.758940   146.529603    74.816169
    1.789921     4.029132    12.585191     6.996335   133.431622    72.925159
    1.901154     3.814078    12.204347     6.918224   148.462274    70.413701
    2.088280     4.028042    12.268591     6.819274   132.407666    88.154804
    1.638557     3.933488    12.467584     6.819614   148.699310    79.082946
    1.880177     4.221134    12.592566     6.710425   144.324276    81.312696
    2.176127     4.247088    12.728108     7.196643   131.367904    78.479126
    1.840352     4.093341    12.601921     6.885803   143.781858    80.487107
    2.238615     4.016561    12.352896     7.053678   140.980933    68.506704
    2.122165     4.150054    12.423709     6.816308   146.702802    67.411147
    1.753938     3.847629    12.576097     7.160354   142.984589    71.906757
    1.915756     4.263870    12.687878     6.798114   140.741983    83.300283
    1.801444     4.005473    12.701715     7.024084   149.358664    86.429196
    1.954870     4.037949    12.487248     6.958496   144.174348    69.216728
    2.089865     4.303524    12.707800     6.888645   149.725132    79.701098
    1.425825     3.986662    12.740550     6.819856   139.591986    86.969988
    1.686733     4.154128    12.805659     6.855514   142.864732    80.961314
    2.020402     3.911921    12.205465     6.803956   148.370213    84.628168
    1.709529     3.815452    12.196350     6.796842   143.949807    83.312412
    1.880425     3.869732    12.326394     7.000676   138.130429    78.069335
    2.090692     4.242801    12.686084     6.981049   143.963372    82.837443
    2.333573     4.208687    12.534591     7.014120   157.630431    77.553375
    1.827472     3.855538    12.364672     7.009676   141.059013    78.556154
    2.238734     4.052642    12.553386     7.260292   147.720669    72.028201
    1.999822     4.239939    12.823237     7.053857   147.808478    73.657477
    2.063217     4.086802    12.685593     7.192001   146.490043    75.607006
    2.130016     4.179056    12.524360     6.921522   144.373056    70.852352
    1.483950     3.916600    12.364123     6.608537   154.166365    81.520449
    2.105665     4.254004    12.717110     7.007896   147.056564    81.079412
    1.948566     3.800972    12.317462     7.108540   145.337563    73.325168
    1.794765     4.243728    12.631893     6.630546   151.797974    69.447653
    1.691726     3.845704    12.418090     6.997626   142.895185    67.045273
    2.005902     4.116124    12.475184     6.834448   150.886765    63.817766
    1.769498     3.739517    12.240288     7.009852   136.514111    92.100753
    2.216197     4.358131    12.737119     6.985881   148.756035    82.831340
    1.941345     4.173281    12.677997     6.933352   145.662642    76.102732
    2.390155     4.191075    12.434493     6.976522   144.204217    85.755804
    1.678861     4.150266    12.904514     6.863800   157.983482    71.988302
    1.893298     4.147921    12.774841     6.994261   145.410453    92.185021
    2.057662     4.042483    12.322086     6.800782   143.130076    83.094352
    1.937956     4.290433    12.703140     6.755209   147.147541    84.855029
    1.891040     4.048616    12.716590     7.101143   142.446812    87.823938
    1.896182     4.095323    12.568334     6.945206   133.535498    83.155638
    1.791839     4.264409    12.830383     6.822280   143.668426    78.865264
    2.084259     4.004819    12.423406     7.030735   141.797367    78.805573
    1.822114     4.016216    12.438716     6.864749   139.509134    73.105783
    1.763017     4.070858    12.790673     7.001710   150.562486    72.198941
    1.715148     4.005481    12.459075     6.811639   131.060744    99.421718
    1.867542     4.074896    12.673242     7.005554   149.465601    64.896519
    2.379473     3.996611    12.119702     6.770886   147.741270    73.342307
    2.086740     4.458790    12.762098     6.756543   142.955020    75.819340
    2.417277     4.023350    12.221245     6.945789   141.485468    79.188791
    2.020351     4.113130    12.451828     6.777991   152.512114    80.784075
    1.984058     3.982836    12.253905     6.727774   150.381107    79.185758
    1.865522     4.224536    12.668054     6.756258   148.387803    78.759947
    1.938292     4.270056    12.732032     6.866872   139.365435    83.411777
    2.001148     4.074005    12.681948     7.161729   140.870706    80.257880
    1.850239     3.924036    12.411332     6.971462   133.169979    97.396955
    1.654359     3.842968    12.223581     6.758694   149.212984    67.395879
    1.959364     4.039224    12.628070     7.150978   137.522720    68.865644
    1.655957     4.006882    12.737517     6.963873   143.063406    84.362147
    1.587433     3.875449    12.484935     6.994703   126.713522    84.129805
    2.026975     3.815000    12.231063     7.031985   148.072103    68.949117
    1.916659     3.767408    11.923321     6.703363   133.235692    80.143860
    2.249177     3.717986    12.079663     7.160736   138.536087    80.683095
    1.961571     4.135299    12.703866     6.989598   152.625941    80.833696
    2.243479     3.695977    11.886605     6.905484   134.578204    83.833332
    2.022348     4.046548    12.644171     7.183770   138.710330    84.640168
    2.164495     3.875831    12.380612     7.242744   145.717089    70.595848
    2.170763     3.683684    12.176310     7.259077   150.072691    73.106574
    1.693693     3.816269    12.416395     6.995396   150.420060    65.485753
    1.569925     3.869242    12.688895     7.007934   154.075894    68.228165
    2.112279     3.934144    12.198021     6.883624   138.322278    77.067078
    1.959367     3.980092    12.501655     7.139288   129.221735    70.798830
    2.031895     3.773301    12.335753     7.288437   131.414828    83.122739
    1.910113     4.041657    12.569935     7.057812   131.385260    78.344356
    1.839026     3.803934    12.251242     7.024298   130.305679    82.478388
    1.790225     4.067853    12.803439     7.151081   128.971852    79.989512
    2.135569     4.134455    12.605117     7.172017   132.056721    68.970415
    1.949425     3.979102    12.592995     7.179467   139.798350    69.458164
    2.091602     3.999004    12.417105     7.044781   139.124842    82.141118
