   29.388113     6.053134     7.519174    10.702859   -70.544790   -70.583438
   29.599888     6.342555     7.917029    10.566838   -59.019887   -80.689512
   29.260314     5.899357     7.272970    10.731160   -60.664583   -76.530339
   29.405790     6.224062     7.211134    10.549638   -64.702417   -70.502150
   29.145888     6.069325     7.547422    10.462534   -50.721537   -74.456439
   29.121152     5.966237     7.140256    10.633417   -57.581290   -84.640450
   29.481012     6.274042     7.254483    10.616981   -60.782023   -87.839417
   29.497719     5.835267     7.170844    10.785214   -43.331481   -77.543565
   29.606794     5.839841     7.529828    10.773659   -38.774537   -71.737786
   28.961299     5.924514     7.679430    10.578606   -55.093202   -80.502081
   29.544795     5.995187     7.653029    10.745743   -39.448570   -94.232578
   29.234231     6.161687     7.497753    10.516239   -62.259537   -75.795320
   29.229046     5.903831     7.136428    10.587314   -34.323996   -85.112593
   29.271018     5.895433     7.439545    10.755875   -61.875460   -77.545569
   28.648123     6.002382     7.563335    10.355700   -29.810242  -115.776538
   29.421348     6.096209     7.314214    10.589365   -61.515897   -64.063361
   29.458541     6.101641     7.591475    10.518933   -46.576850   -67.904866
   29.123162     5.799002     7.489405    10.582169   -41.649442   -69.987131
   29.311652     5.972636     7.115129    10.405627    -3.360035   -92.031140
   29.219044     6.038589     7.460930    10.385677    -0.164767  -109.942070
   29.368527     6.192648     7.107803    10.312881   -14.721419   -85.139772
   29.182903     6.061499     7.174297    10.363320   -21.907912   -86.175235
   29.459158     6.088077     7.471207    10.432636    -5.883124   -96.848665
   29.474029     6.216011     7.448736    10.341744   -20.719887   -80.336102
   29.254960     5.958754     7.422427    10.467268    -4.805162  -103.841565
   29.514683     5.893237     7.158955    10.611759   -23.993431   -75.234566
   29.404518     5.994437     7.680938    10.565925   -40.471040   -71.915667
   29.174751     6.142937     7.476952    10.167522   -17.009355   -69.937497
   29.279444     6.159063     7.597117    10.204310    -9.452293   -77.423934
   29.248377     5.710183     7.446956    10.593746   -17.351194   -77.770001
   29.428603     6.115134     7.419536    10.251961    -2.836948   -75.478237
   29.371192     6.233307     7.609819    10.281826    -1.451372  -104.177826
   29.352467     6.041080     7.286046    10.408074   -24.087911   -74.335918
   29.431610     6.113946     7.082112    10.449915   -27.636353   -77.623888
   29.437255     6.014758     7.325620    10.409587   -18.290146   -70.604284
   29.514258     6.131088     7.382209    10.640365   -57.328780   -75.200066
   29.200743     6.059238     7.311826    10.541714   -54.933939   -77.551285
   29.196759     5.857631     7.695179    10.721291   -59.617891   -71.532499
   29.088582     5.934009     7.754551    10.527306   -28.765567   -93.793684
   29.564292     5.955808     7.337336    10.755509   -52.134963   -72.874346
   29.172924     6.153649     7.633172    10.543901   -59.466542   -87.424314
   28.888414     5.818552     7.211627    10.568905   -56.306505   -75.370595
   29.510560     5.870497     7.453903    10.893149   -57.346931   -84.156015
   29.490443     5.785329     7.498617    10.922519   -53.115898   -83.383110
   29.267849     6.047424     7.367945    10.689065   -68.687538   -79.814676
   28.879474     5.812014     7.534745    10.603407   -42.926456   -92.478890
   29.508900     6.167688     7.404965    10.566483   -44.410639   -82.952945
   29.191768     5.870278     7.276666    10.678270   -60.845407   -69.254048
   29.106547     5.874044     7.474781    10.695529   -58.897611   -80.567910
   29.063749     5.842476     7.465527    10.568569   -44.823021   -75.050088
   29.053896     5.927939     7.108210    10.570379   -51.849414   -81.459400
   29.071012     5.679075     7.374036    10.759386   -57.751897   -69.392558
   29.212560     5.825272     7.467301    10.654463   -43.528345   -76.430764
   29.171982     5.815234     7.183092    10.682271   -55.557325   -71.013944
   29.250847     5.644114     7.491340    10.794942   -41.274970   -73.891069
   28.983746     5.814933     7.612461    10.601495   -49.295585   -75.055369
   28.822151     5.699422     7.276017    10.645534   -43.879731   -91.323478
   29.407752     6.048258     7.361017    10.672072   -37.512488  -101.118749
   29.433320     6.106732     7.269289    10.694238   -49.674922   -96.317854
   29.255541     5.706660     7.226174    10.797716   -54.312448   -70.794849
   29.280771     5.885116     7.040407    10.701858   -58.947884   -71.162773
   29.117246     5.936323     7.726325    10.649857   -39.135533  -102.313371
   29.062973     6.072517     7.549699    10.436812   -53.083957   -74.086902
   29.215021     6.389383     7.313216    10.173479   -43.797178   -68.615508
   29.395325     5.792958     7.078565    10.615971   -25.293586   -73.818658
   29.546698     6.211877     7.070800    10.499329   -31.114023   -83.182556
   29.134077     5.873990     7.700251    10.461275   -25.424959   -74.415052
   29.537895     6.219360     7.499492    10.403467    -7.297223  -101.959374
   29.191165     5.932177     7.619992    10.482966   -20.125195   -90.056281
   28.953311     5.672493     7.689543    10.578745   -14.310396   -92.717737
   29.528914     5.903547     7.362603    10.590030   -10.113030   -87.079080
   29.351572     6.076945     7.551363    10.378686   -24.555716   -74.489184
   29.093758     5.784615     7.336288    10.493269   -22.391657   -79.256280
   29.094009     5.755814     7.592706    10.530553   -29.019520   -70.518771
   29.006167     5.805145     7.490799    10.392897    -9.176167   -86.144201
   28.739443     5.878258     7.351231    10.239918   -26.075279   -75.660933
   29.358469     5.910838     7.219450    10.447301   -25.499494   -62.923058
   29.546173     5.780450     7.467087    10.664907     3.332357   -97.317674
   29.364199     5.800559     7.329785    10.594374     1.592919  -102.464092
   29.435655     6.037003     7.469653    10.464752   -18.865503   -82.943309
   29.479554     5.855582     7.176319    10.520049   -13.605563   -70.824141
   28.888433     5.927031     7.272131    10.204400   -23.947190   -67.111040
   29.066940     5.950555     7.006722    10.347335   -20.947255   -82.754973
   29.184603     6.121577     7.093239    10.303803   -29.569192   -75.328680
   29.355525     6.146191     7.097081    10.345268   -32.381203   -66.562760
   29.114324     5.947633     7.342064    10.315859   -20.355144   -72.308562
   29.042439     6.032569     7.467921    10.302744   -31.262345   -73.983009
   29.299625     5.927672     7.533392    10.442154   -28.925716   -64.159420
   29.372648     6.028298     7.477541    10.403269   -27.822396   -66.699182
   29.293411     5.751836     7.366290    10.655908   -36.712610   -68.787901
   29.042155     5.724579     7.479713    10.573899    -0.137049  -114.108608
   28.917050     5.927935     7.044550    10.371001   -16.454153  -103.491839
   28.902884     5.905712     7.599258    10.316588   -13.941970   -88.104892
   29.747147     5.952364     7.135539    10.728054    -4.996490  -104.729556
   29.018198     5.689596     7.638857    10.663778   -35.967076   -79.931715
   29.255051     5.883757     7.355511    10.564458   -27.269166   -84.357708
   29.347550     5.964331     7.510982    10.533118    -4.893329  -108.107607
   29.433014     5.936709     7.302509    10.621358     4.216798  -124.092373
   29.384045     6.061132     7.308200    10.529415   -29.542653   -87.985637
   28.873989     5.688690     7.556583    10.559125   -41.275006   -68.899691
   29.403543     6.186791     7.400278    10.380512   -43.175524   -63.261367
   29.316504     6.113012     7.372226    10.284896   -16.584028   -75.103750
   29.381100     5.622148     7.591794    10.781396   -19.981359   -81.082333
   29.317214     5.873711     7.242152    10.520531   -21.648834   -77.308123
   29.320540     6.088694     7.468991    10.354134   -35.928303   -61.391639
   29.247624     5.663615     7.333376    10.614854   -19.647527   -74.113030
   29.057539     6.019608     7.671811    10.314382   -30.583066   -69.415866
   29.308602     5.968219     7.419112    10.438274   -26.437842   -71.662821
   29.424360     5.961276     7.174077    10.516339   -25.814309   -73.455288
   29.464348     6.067277     7.610851    10.499668   -35.123244   -72.650471
   29.198957     6.005837     7.209680    10.384015    -4.708364  -100.940291
   29.220484     6.242501     7.554630    10.261323   -43.377448   -64.114501
   29.194648     5.967531     7.382295    10.482828    -9.352134  -107.905489
   28.870323     5.818795     7.786968    10.390479    -2.403773   -99.187323
   29.572477     6.253008     7.499444    10.449711   -21.021363   -96.201584
   29.247866     6.159058     7.160539    10.330039   -25.854746   -82.638019
   29.513007     6.159171     7.244885    10.472745   -37.214372   -70.809710
   29.395776     6.206287     7.401463    10.449700   -14.768153  -111.911166
   29.349720     6.188774     7.450333    10.546622   -22.873718  -124.111112
   29.114385     6.141863     7.094466    10.358560   -19.898286  -105.307760
   29.403412     6.029394     7.040320    10.579509   -26.132952   -93.176213
   29.036489     5.751989     7.448436    10.479700   -31.175093   -66.307427
   29.295862     5.999904     7.403200    10.438460   -43.411544   -57.744328
   29.104826     5.887956     7.496672    10.330496   -17.363483   -69.360726
   29.168395     5.854794     7.330289    10.527782   -25.886084   -83.509798
   29.625654     6.139280     7.512641    10.537365   -11.577005  -101.868039
   29.795070     6.010168     7.435919    10.692234   -19.701067   -85.704122
   29.282149     6.190960     7.346753    10.432849   -48.248775   -77.388446
   29.144978     6.148334     7.336942    10.270406   -16.700668   -92.112574
   29.146986     6.142551     7.353421    10.337692     0.365229  -125.565238
   29.459787     5.783275     7.625833    10.706902   -17.502471   -87.611915
   29.569621     5.955325     7.323547    10.667707   -28.357467   -83.041636
   29.087098     5.653161     7.376383    10.639005   -30.341831   -76.657472
   29.755634     6.008779     7.581462    10.624395   -21.132133   -76.627257
   29.356217     5.850216     7.214814    10.552773   -24.047425   -73.897700
   29.222490     5.901585     7.433933    10.411448   -26.289766   -65.752948
   29.100175     5.811511     7.389840    10.523377   -34.804059   -72.786523
   29.330454     5.859773     7.678591    10.505549   -12.590248   -79.627244
   29.123169     5.586542     7.688370    10.710060   -25.464424   -75.733673
   29.219483     5.922543     7.257657    10.497678   -21.969709   -87.207320
   29.058240     5.893916     7.660015    10.485904   -29.550036   -83.936448
   29.300213     5.887819     7.202287    10.503505   -27.037993   -72.035255
   29.064857     5.745713     7.677762    10.547004   -27.282769   -74.125217
   28.944122     5.746109     7.480272    10.449521   -29.299052   -69.454632
   28.842593     5.724917     7.326509    10.496677   -33.018267   -80.517337
   29.204450     5.827493     7.422267    10.519014    -7.543663   -95.827536
   29.390088     5.846996     7.308454    10.654912     2.799768  -119.637338
   29.111644     5.910550     7.531430    10.427765    -2.806116  -104.932409
   29.277953     5.956556     7.185634    10.565423    -2.535039  -123.450076
   29.138652     5.852213     7.185244    10.567335    -1.608682  -124.933447
   29.351953     5.838021     7.474734    10.620569    -2.933492  -107.261175
   28.776417     5.974521     7.679184    10.328429    -3.563842  -124.189623
   29.513161     5.973673     7.329347    10.657136    -5.624545  -115.487473
   29.160516     6.117037     7.538510    10.299666    -7.707992  -102.057333
   29.079540     5.903161     7.147240    10.383065   -21.241078   -80.212476
   29.433113     5.991477     7.714156    10.498170   -12.130415   -89.573473
   29.229064     5.778024     7.329832    10.561410   -25.866437   -74.431452
   28.983565     5.777453     7.254692    10.557287    -7.825069  -118.327511
   29.185649     5.648967     7.065334    10.638868   -25.651896   -78.549031
   29.136833     5.803781     7.195615    10.584658   -14.482933  -103.155356
   29.169704     5.923524     7.408648    10.576460   -40.496246   -84.247145
   29.144903     5.870692     7.445999    10.476570   -26.048421   -78.892959
   29.283178     5.888743     7.304300    10.545654    -5.160225  -104.765650
   28.879221     5.984094     7.256407    10.253678    -9.199279  -100.931737
   29.447410     6.038413     7.163029    10.541461    -1.732280  -113.330418
   29.056798     5.832492     7.421199    10.522824    -2.634054  -117.107829
   28.767061     5.701277     7.432042    10.431137   -11.491596   -96.721891
   29.213702     6.000292     7.202219    10.525497   -15.685105  -110.636941
   29.088451     5.963913     6.989051    10.372155   -15.895205   -92.268170
   29.252888     6.120078     7.138826    10.426629   -40.128501   -77.160205
   29.156637     5.910388     7.144382    10.557964   -31.211710   -90.833264
   29.223534     5.901140     7.446712    10.556382    -3.082083  -116.857838
   29.039433     6.021980     7.036663    10.419348   -18.188208  -110.488467
   29.255072     5.947029     7.123243    10.597770   -19.471840  -107.980795
   29.343636     6.023734     7.458043    10.562859    -4.236976  -124.511858
   29.378951     5.661899     7.322293    10.777364    -4.283605  -108.642153
   29.417730     5.609845     7.338326    10.819857   -12.259336   -95.903768
   29.339468     6.073389     6.961716    10.375118   -26.953521   -70.266503
   29.245709     5.848138     7.279862    10.525076   -23.395456   -78.829678
   29.319219     5.768450     7.166128    10.683436   -26.955536   -85.315090
   29.319185     5.817731     7.144835    10.574482   -31.614957   -68.824987
   29.479509     6.160576     7.354204    10.458090   -36.814195   -73.483692
   28.966770     5.904325     7.687005    10.419517   -26.217419   -84.186687
   28.971350     5.938318     7.417359    10.342668    -4.066703  -106.127806
   29.091250     5.896859     7.292311    10.469343   -29.481188   -82.190724
   29.513323     5.883446     7.329361    10.589744   -20.056473   -74.882113
   28.658907     5.922863     7.061010    10.220675   -12.808932  -109.778750
   29.777743     5.857095     7.119839    10.820402   -31.413794   -76.454748
   29.022537     5.819909     7.486297    10.535698    -4.028562  -118.554331
   29.129608     5.967280     7.132623    10.428508   -20.652472   -91.185517
   29.116937     5.778114     7.470474    10.559425    -8.390874  -102.093482
   29.110086     5.923932     7.645650    10.391088   -17.360316   -82.052374
   29.059233     5.985571     7.279332    10.463121   -19.213035  -108.163738
   29.206599     5.981072     7.304905    10.486570    -9.594387  -108.941693
   29.181693     5.908207     7.122266    10.563314   -44.648159   -74.674287
   29.353275     5.996521     7.447914    10.417937   -19.080470   -76.365364
   29.322506     6.190303     7.489386    10.307030   -36.406700   -65.882359
   28.795063     6.077902     7.113668    10.214399   -12.326455  -116.156748
   29.326786     5.972807     7.488218    10.442549   -14.046215   -85.096090
   29.290570     5.871107     7.432693    10.487471   -27.548831   -67.175181
   29.135992     5.620789     7.194112    10.662048   -31.288235   -74.274654
   29.302829     5.905530     7.162170    10.548216   -28.485588   -79.207360
   29.333008     5.676289     7.322016    10.823321   -28.168566   -93.673806
   28.861653     5.805156     7.415405    10.418557   -15.448353   -96.319200
   29.200916     5.805814     7.385524    10.643499    -8.194647  -114.825353
   29.095871     6.050252     7.547855    10.313617    -5.870707  -102.685894
   29.221558     6.060362     7.190490    10.487204   -17.535763  -109.018959
   29.140022     5.966080     7.376909    10.430630    -8.471620  -104.578100
   29.370541     6.138241     6.986140    10.445738    -9.136168  -107.344137
   28.924153     6.011366     7.143827    10.311407   -16.847811  -101.876532
   29.068872     6.120146     7.202438    10.343402   -18.956071  -105.452674
   29.368854     5.908423     7.507428    10.565260   -29.444602   -76.276487
   29.087822     6.019996     7.419543    10.360830    -9.047787  -104.255703
   29.014721     5.922586     7.127060    10.413230   -13.023985  -103.119198
   29.429437     6.199768     7.105479    10.473365   -14.457109  -108.437198
   29.225652     5.893495     7.525852    10.502663   -30.239747   -74.510907
   29.439358     6.106327     7.530555    10.540113   -18.045432  -107.084359
   29.405949     5.951381     7.474839    10.654015   -20.195088  -104.626166
   29.713450     6.517696     7.100032    10.475126   -31.988495  -103.310241
   29.506730     5.983357     7.685423    10.532198   -22.329775   -76.806482
   29.836168     5.845422     7.079554    10.843936   -20.330689   -87.623398
   29.671212     6.162242     7.248996    10.611520   -21.198256   -98.725967
   29.025983     5.823047     7.590000    10.471098   -19.167195   -87.087533
   29.388854     6.242045     7.376530    10.380467    -4.265796  -117.690868
   29.192899     5.970511     7.127398    10.508631   -28.600491   -89.921605
   29.582480     6.143974     6.954642    10.505214   -14.273490   -91.605387
   28.920127     6.055037     7.637546    10.270365    -1.719594  -115.145251
   29.188256     5.656890     7.556121    10.719547   -32.872019   -76.685496
   29.156091     5.971307     7.579637    10.477175   -19.025729   -99.348989
   29.304815     6.090615     7.148215    10.438975    -4.345525  -112.487161
   28.876711     6.018524     7.401690    10.294159    -9.143153  -112.861348
   28.897868     5.874491     7.174766    10.334510   -26.125853   -79.190915
   29.601446     5.899213     7.464415    10.608004   -33.058013   -58.233764
   28.876564     5.676789     7.522510    10.488141   -15.266975   -87.060576
   29.026883     5.911760     7.388908    10.362661    -4.667863  -100.117151
   29.067338     5.949701     7.555872    10.323011   -21.271611   -74.304025
   29.025636     5.786215     7.555839    10.354189    -8.642597   -74.537295
   29.107131     6.124432     7.603309    10.250130   -28.369288   -72.928180
   29.036987     5.823225     7.437804    10.477850   -12.313236   -97.044320
   28.610281     5.712814     7.588444    10.277198   -19.974159   -68.114024
   29.345034     5.776987     7.328662    10.585949   -17.567879   -77.869655
   29.335592     6.187369     7.573430    10.310315   -29.880394   -72.407989
   29.371209     5.978730     7.466075    10.461379   -26.895027   -71.108241
   29.159844     5.981723     7.093518    10.286158    -2.642117   -88.716784
   28.955375     5.753732     7.345753    10.502291   -33.792311   -75.016512
   29.549233     6.000359     7.499679    10.512366    -8.205967   -88.042384
   29.332097     5.743350     7.566411    10.713804   -41.004550   -67.248903
   28.916197     5.938708     7.283910    10.352992    -7.293475  -110.782485
   29.064577     5.929559     7.340177    10.369201   -10.081032   -94.145777
   29.496072     6.066569     7.329260    10.428659   -32.350316   -59.636560
   29.553929     6.096026     7.526881    10.388681   -11.880980   -75.501845
   29.624962     6.003640     7.574447    10.575627   -38.989581   -58.286238
   29.465662     5.826578     7.341308    10.533904    -5.496852   -78.905379
   29.379077     6.154463     7.247962    10.359876   -27.016635   -74.725626
   29.247856     5.923313     7.425943    10.436063   -22.474933   -74.842595
   29.267171     6.182517     7.349335    10.260435   -26.380611   -73.085545
   29.264844     5.915375     7.399708    10.410055   -25.763593   -64.587856
   29.391336     5.907284     7.413160    10.554123   -39.417438   -61.338578
   29.177098     5.882155     7.561377    10.525672   -24.363782   -87.026328
   29.302607     5.801629     7.576432    10.595404   -21.911447   -79.695112
   29.405417     5.847132     7.591651    10.566447   -22.175296   -72.360890
   29.779681     5.904208     7.444237    10.782533   -44.857100   -60.453699
   29.532804     5.809157     7.961484    10.786291   -29.981264   -79.058879
   29.457153     5.877344     7.369343    10.625356   -28.803073   -75.186878
   29.433936     5.908579     7.676915    10.590751   -29.637422   -73.867819
   29.568635     6.142150     7.489821    10.460799   -29.045853   -73.817077
   29.269834     6.152195     7.446966    10.418125   -46.478375   -73.295610
   29.202331     5.978388     7.581529    10.453319   -10.695927  -101.890279
   29.472531     6.076706     7.420114    10.389302   -15.526715   -75.654860
   29.224703     5.899131     7.757549    10.512899   -26.148295   -78.050258
   29.236541     5.933128     7.455966    10.317925   -13.532803   -67.152412
   29.257926     6.052956     7.271856    10.228685   -12.964781   -67.470503
   29.646281     6.122418     7.425666    10.469605   -27.776354   -66.297675
   29.372559     5.863767     7.482689    10.530704   -25.441186   -68.553602
   29.618705     5.965029     7.374026    10.576578   -24.208216   -69.669158
   29.169261     6.012802     7.295715    10.226310   -23.922433   -57.313583
   29.437356     6.040969     7.474553    10.458488   -34.707633   -64.527668
   29.210345     5.857157     7.397486    10.358367   -15.573166   -64.460941
   29.482650     6.138146     7.322194    10.446952   -11.167382   -96.300863
   29.461283     6.032533     7.338922    10.391647   -13.377549   -73.267120
   29.410172     5.865456     7.244445    10.494027   -10.496840   -76.752255
   29.222957     5.921640     7.584659    10.470272   -38.459733   -62.727760
   29.392213     6.037606     7.384846    10.387023   -16.941105   -75.435683
   29.553230     5.960583     7.331927    10.557411   -33.375335   -61.441428
   29.675712     6.116185     7.106736    10.540775   -32.152478   -66.483011
   29.493284     5.953626     7.326253    10.524319   -29.341700   -64.698597
   29.816601     6.081476     7.147406    10.529133   -20.659414   -60.891627
   29.325310     5.967878     7.549924    10.399510   -25.825557   -63.520474
   29.450910     6.096857     7.316245    10.425566     2.440183  -105.876441
   29.436267     6.131706     7.293240    10.349228     1.240423   -97.130095
   29.252678     5.908020     7.390235    10.443414   -25.514200   -70.404134
   29.155417     6.010854     7.406616    10.310211   -21.959203   -73.942070
   29.513208     6.019997     7.195009    10.506560   -12.345931   -85.910640
   29.260776     6.086650     7.253578    10.277179   -18.996897   -72.384995
   29.500040     5.950088     7.361127    10.495321   -13.193836   -76.621090
   29.177163     5.899021     7.680134    10.455370   -19.165492   -81.574668
   29.427188     5.994430     7.384609    10.417373   -19.621964   -68.926817
   29.227677     5.982553     7.293162    10.281852    -7.868887   -75.626279
   29.506101     5.957576     7.507412    10.503032    -5.079651   -87.784749
   29.450295     6.167882     7.229707    10.308022   -23.999986   -64.877070
   29.389188     5.999321     7.658241    10.334543    -7.593350   -70.284380
   29.501871     5.836238     7.330264    10.609999   -27.774415   -64.969106
   29.416099     6.075237     7.461453    10.357923   -15.689668   -75.087254
   29.767122     6.145492     6.931441    10.472456   -13.048422   -71.171748
   29.292294     5.884499     7.252727    10.557253   -14.958875   -93.784858
   29.719765     5.900754     7.318873    10.716507   -23.392592   -76.921199
   29.266288     5.980324     7.335796    10.450831   -25.444780   -79.616110
   29.349319     5.849592     7.429407    10.525760   -15.173871   -79.267542
   29.227010     6.057110     7.288761    10.325635   -34.324461   -62.607247
   29.741837     5.941253     7.661157    10.690357   -15.689254   -86.001250
   29.629913     5.797864     7.426014    10.602567   -19.318066   -56.554694
   29.645576     6.040673     7.702043    10.582435   -23.780488   -80.843806
   29.475825     5.875526     7.514973    10.582127   -16.612070   -79.680341
   29.425019     6.036522     7.404488    10.478236   -22.355972   -81.737984
   29.770763     6.107989     7.498217    10.594182   -29.724394   -73.853540
   29.871284     6.040933     7.321182    10.634964   -22.150415   -68.595987
   29.016726     5.854026     7.778625    10.521965   -36.171854   -75.941213
   29.602060     5.803445     7.432698    10.698871   -36.413089   -57.058609
   29.354226     5.833485     7.445964    10.555644   -27.952926   -67.529695
   29.437006     5.868707     7.500637    10.661300   -42.572042   -66.492115
   29.519404     6.040310     7.417386    10.489027   -10.973813   -88.420716
   29.487023     6.017213     7.516122    10.559869   -30.585880   -79.478319
   29.293556     6.141353     7.414042    10.385897   -27.848139   -85.572553
   29.377374     5.807566     7.350890    10.527350   -26.568353   -59.776799
   29.383489     6.120990     7.563365    10.288006   -10.863448   -77.220005
   29.358419     5.882962     7.572196    10.540895   -27.406884   -71.345627
   29.180209     6.088178     7.407733    10.266175   -21.801189   -74.658674
   29.382659     6.047466     7.199061    10.452531   -21.050187   -82.211220
   29.145688     6.129714     7.418407    10.352869   -48.100206   -67.471515
   29.441566     5.928578     7.386411    10.468883   -11.632561   -76.399686
   29.151501     5.808097     7.492793    10.494432   -26.535042   -71.828215
   29.178221     5.973552     7.315866    10.312162   -21.474228   -68.467915
   29.848012     6.096174     7.375383    10.620558   -16.589659   -82.453321
   29.429268     5.977404     7.684613    10.566319   -27.271725   -82.972620
   29.310921     6.006948     7.288786    10.389371   -14.262537   -81.400790
   28.932219     5.822912     7.439660    10.253369   -18.190865   -61.139303
   29.186029     5.995155     7.510099    10.236042   -19.728489   -57.215160
   29.246193     5.947580     7.597241    10.328080   -22.783415   -56.880293
   29.395401     6.033690     7.255991    10.373980   -14.076245   -75.132654
   29.107906     5.907914     7.149889    10.292699   -15.006613   -71.560627
   29.341665     5.900127     7.462696    10.431461   -25.758196   -59.147088
   29.431322     6.117360     7.237849    10.369428   -30.300588   -63.541355
   29.639609     6.137361     7.155230    10.468470   -21.022424   -72.841730
   29.469736     6.195873     7.364181    10.309123   -15.907865   -77.006907
   29.271767     5.843737     7.223550    10.492733   -26.155502   -68.538970
   29.396430     5.880978     7.323393    10.463805   -15.893320   -68.928130
   29.293217     5.887381     7.709010    10.534489   -28.057680   -73.495932
   29.225279     5.910535     7.155362    10.406002   -25.341789   -67.978759
   29.647403     6.149835     7.583277    10.413455   -29.690532   -58.353803
   29.414678     5.937024     7.241971    10.475179   -12.096523   -79.980593
   29.439755     6.018681     7.395195    10.405257   -23.043441   -65.200641
   29.241549     5.893574     7.368255    10.433013   -31.162167   -61.622414
   29.114681     5.994829     7.404760    10.260586    -8.894404   -81.657405
   28.956785     5.920495     7.508423    10.293377   -20.778309   -75.580456
   29.067430     6.092627     7.569045    10.334269   -45.513221   -66.901237
   29.290098     5.846224     7.391100    10.451557    -8.203220   -79.684048
   29.645250     5.921898     7.387140    10.505868   -11.055114   -64.472820
   29.547832     6.117017     7.305403    10.417635   -20.061522   -72.858065
   29.280786     6.034078     7.254965    10.286497   -17.443004   -67.569638
   29.276115     5.992036     7.292742    10.292132     7.499754   -91.533612
   29.186766     5.956242     7.443524    10.313559    -7.198334   -80.957461
   29.415247     6.095939     7.200315    10.529862   -19.223847  -100.411277
   28.817932     5.847147     7.307129    10.257657   -20.297953   -75.317316
   29.431031     5.987284     7.430246    10.391436   -14.893798   -68.626581
   29.432051     6.013398     7.518674    10.360939   -14.441465   -67.072782
   29.679431     6.087783     7.285276    10.422178   -14.339705   -64.350469
   29.627770     6.027114     7.215174    10.553779   -21.740944   -74.345280
   29.801372     6.032225     7.149165    10.578822   -17.934281   -67.828842
   29.726788     6.028952     7.710183    10.613688   -12.062791   -90.925500
   29.295449     5.916675     7.588687    10.461817   -25.401467   -69.847557
   29.291292     5.986286     7.071516    10.447612   -38.418393   -63.451455
   29.510750     6.107735     7.553287    10.369322   -21.766508   -66.237471
   29.256849     6.066977     7.421181    10.268374   -11.396472   -77.356250
   29.229341     6.214060     7.147642    10.289180   -31.990943   -77.596011
   29.870508     6.305683     7.445416    10.480129   -20.550619   -80.918847
   29.587337     6.093963     7.516095    10.450981   -26.889152   -66.188393
   29.277314     6.114341     7.329713    10.283961   -25.550739   -68.390413
   29.492706     5.988786     7.462079    10.457375   -26.266195   -61.867411
   28.958218     5.946693     7.540710    10.244099   -28.045973   -60.280919
   29.266226     5.969515     7.475091    10.305200    -8.611935   -72.716471
   29.436594     6.101962     7.543581    10.401283   -24.909005   -74.270810
   29.373219     5.829202     7.204764    10.530755   -13.857247   -77.843298
   29.228526     5.723057     7.539956    10.718646   -26.429813   -90.332406
   29.266127     6.041704     7.428645    10.419201   -21.793498   -86.971857
   29.253696     5.809980     7.449698    10.585298   -34.136822   -70.529041
   29.095974     6.041171     7.058506    10.512250   -46.906785   -88.398283
   29.243382     5.935242     7.506707    10.612322   -22.819389  -106.160675
   28.972635     5.717420     7.128546    10.615589   -19.765116  -108.016245
   29.232633     5.967455     7.483316    10.672790   -38.255108  -104.791742
   29.178523     5.894400     7.489688    10.589024   -36.063443   -86.419004
   28.857028     5.783317     7.381439    10.548430   -21.943330  -109.214549
   29.086117     5.681703     7.245571    10.804409   -31.510832  -110.853612
   29.243531     5.939267     7.172473    10.628437   -49.601351   -78.223781
   29.012116     5.677000     7.375743    10.710914   -28.450532  -100.155086
   29.482421     5.737572     7.649948    10.916997   -26.883318  -105.803689
   29.383023     5.899181     7.577289    10.796888   -36.703251  -105.855225
   29.267688     5.703076     7.362770    10.858540   -43.289657   -90.816157
   29.311164     5.739546     7.421382    10.656115   -31.116935   -71.569934
   29.335522     5.829010     7.312300    10.598139    -3.316917  -103.516860
   29.260816     6.103650     7.397626    10.353089   -25.963207   -79.815098
   29.009342     5.819837     7.277880    10.482721   -37.921536   -72.131870
   29.526053     5.978267     7.556823    10.639961   -34.609800   -80.127372
   29.670185     6.111469     7.047439    10.515337   -21.920684   -73.151500
   29.049480     5.694291     7.555149    10.601155   -20.934198   -87.085677
   29.461991     5.907165     7.275720    10.634470   -24.613898   -84.195716
   29.062827     5.879461     7.386825    10.506101   -16.502836  -102.832980
   29.611070     6.088048     7.039918    10.571663   -32.887967   -72.856760
   29.166023     5.876252     7.227050    10.378011   -22.196501   -67.714566
   28.914867     5.938682     7.300287    10.411411   -21.443007  -103.267941
   29.564149     6.127964     7.600485    10.507441   -39.906156   -68.426337
   29.392382     5.927084     7.881251    10.703219   -50.936921   -70.245633
   28.969065     5.814051     7.534491    10.464660   -33.869007   -73.171010
   29.515580     6.073853     7.455471    10.483283   -11.531441   -92.138515
   28.902977     5.995707     7.532547    10.388501   -15.161568  -115.454106
   28.954499     5.899923     7.153999    10.361350   -30.967812   -76.360799
   29.184689     6.097254     7.337483    10.361632   -15.573727   -98.427073
   29.154205     6.254777     7.326202    10.354066   -33.827149  -101.216418
   29.107425     5.865561     7.231845    10.613267   -46.974177   -80.542138
   29.138377     5.957149     7.646340    10.620122   -39.345163   -99.346100
   29.573403     6.148308     7.399089    10.576605   -49.112883   -70.836615
   29.391075     6.077031     7.388638    10.516908   -31.493429   -86.524087
   29.061929     5.900201     7.014255    10.475247   -45.996476   -69.544195
   29.370880     5.783926     7.305281    10.658600   -35.831784   -68.383976
   29.838044     6.071120     7.259645    10.725305   -40.076809   -71.265242
   29.093430     5.831072     7.411937    10.474217   -34.818638   -67.854638
   29.156460     5.820797     7.346484    10.476208   -28.048514   -69.830616
   29.388514     6.114594     7.515398    10.485736   -22.206923   -98.107309
   28.883769     6.030754     7.086339    10.338485   -18.371657  -114.199056
   29.010177     5.861474     7.490538    10.511925   -15.260590  -107.037185
   29.471855     6.082156     6.983930    10.550052   -11.748410  -105.833564
   29.550264     6.228694     7.175319    10.521095   -18.450182  -105.100865
   28.972840     6.022803     7.265252    10.368157    -7.619056  -121.254407
   29.361674     6.105967     7.511627    10.395424   -16.269930   -90.021828
   28.875564     6.081634     7.520096    10.263656   -11.125667  -112.853435
   29.102515     6.142230     7.479031    10.299779   -22.666250   -93.448996
   29.571107     6.311215     7.767847    10.399451   -39.441321   -73.095785
   29.106636     6.010478     7.800822    10.424202   -38.200955   -71.275416
   29.212325     6.009317     7.297386    10.559864   -55.666320   -72.093413
   29.286661     6.099907     7.445070    10.356669     1.219992  -108.990487
   29.222484     5.699486     7.603078    10.569414   -21.129862   -67.589950
   29.365633     6.077215     7.598517    10.370237   -15.383070   -82.089285
   29.512608     6.083636     7.634188    10.404615   -17.007847   -74.341805
   29.118586     5.845310     7.248441    10.480328   -11.435821   -95.514658
   29.045705     5.919370     7.147113    10.353701    -8.017582   -95.560956
   29.199931     6.039530     7.300966    10.356259   -29.540931   -73.021602
   29.088251     6.005488     7.245724    10.350509   -21.306419   -86.314099
   29.387777     5.912514     7.051131    10.638353   -36.492999   -79.132863
   29.159474     5.982423     7.509671    10.440254   -39.512906   -71.185751
   29.236440     5.601421     7.439384    10.649527   -24.571597   -65.437095
   29.345974     5.975777     7.716266    10.511213   -23.068234   -84.171586
   28.988913     5.846349     7.739406    10.457526   -28.302644   -76.219072
   29.481625     6.200142     7.420699    10.409089   -34.349839   -73.579844
   28.975045     5.865012     7.398530    10.447297   -33.065976   -79.762632
   28.969927     6.027009     7.603739    10.313904   -16.799638   -96.412582
   28.905657     6.061463     7.516419    10.304015   -45.633394   -71.274267
   29.184354     5.915167     7.407349    10.384452   -31.091297   -60.993456
   29.541246     6.136890     7.712237    10.436945   -32.951849   -65.992804
   28.990970     5.736620     7.645513    10.582246   -40.152660   -69.915605
   29.097832     5.855998     7.391090    10.351300   -12.924113   -75.579621
   29.473071     6.000587     7.123988    10.490208   -20.256835   -75.679698
   29.460261     6.065288     7.503456    10.420646   -28.104820   -66.801936
   29.327990     5.902698     7.176243    10.480754   -28.105429   -66.931993
   29.444410     5.770257     7.322630    10.700779   -24.070881   -80.266612
   29.208958     5.954621     7.200168    10.486574   -16.374342   -96.674897
   29.161545     5.776590     7.450191    10.577058   -11.317612   -97.726891
   29.708907     5.919572     7.752528    10.691665   -23.626805   -76.194471
   29.140980     5.977123     7.626136    10.457225   -16.566305  -100.408435
   29.338377     5.878654     7.606275    10.582630   -42.889983   -61.138621
   29.461713     5.965950     7.284517    10.626275   -42.224886   -71.396543
   29.275545     5.899075     7.395455    10.535414   -56.103889   -47.520078
   29.281370     6.061787     7.368254    10.458238   -20.301125   -96.066780
   29.337938     6.011663     7.677874    10.583971   -19.302977  -108.347770
   29.085198     5.962073     7.407164    10.353444   -18.523201   -84.433040
   29.594652     5.888362     7.123869    10.694382   -21.139326   -84.910581
   29.001126     6.156778     7.250040    10.282098   -46.571659   -73.785713
   29.410925     6.184179     7.056634    10.560814   -53.599781   -77.861313
   29.051894     6.049748     7.143027    10.358945   -26.746627   -90.505677
   29.370527     6.013986     7.135294    10.523247   -10.741182  -102.528560
   29.027399     5.980215     7.244957    10.355747   -11.124898  -101.180637
   29.159312     5.973934     7.462163    10.455491    -9.057433  -107.725522
   29.410812     5.905619     7.362710    10.518608     3.413942  -101.163738
   28.859887     5.885968     7.474384    10.310261   -13.669574   -90.751218
   28.872712     5.919881     7.289835    10.341068   -14.212546  -101.152412
   29.039214     5.800747     7.808422    10.461580     0.399433   -98.604237
   29.074876     5.890150     7.492998    10.450073    -9.917459  -100.914841
   29.238005     5.914587     7.762658    10.441691    -4.867113   -91.356809
   29.117028     5.805910     7.640757    10.568704   -27.682410   -83.130238
   29.070614     5.860930     7.680372    10.460418   -22.763637   -81.088107
   29.066303     6.073411     7.679814    10.460432   -20.600541  -117.390794
   29.257019     6.137590     7.191699    10.431709   -22.615631   -99.992606
   29.080744     6.015177     7.419765    10.383096    -5.106449  -113.307055
   29.155102     6.024771     7.122796    10.448252   -13.097607  -109.244686
   29.131165     5.913631     7.438487    10.598792   -55.282508   -72.522572
   29.217276     6.275400     7.181122    10.333245   -45.573343   -78.802977
   29.374541     5.987349     7.487248    10.587134   -39.044520   -79.891819
   29.536885     6.083738     7.342461    10.543917   -45.032716   -63.661616
   29.597151     6.040007     7.550851    10.635898   -41.402997   -74.472999
   29.659998     6.026357     7.291790    10.644885   -36.143332   -71.802895
   29.312068     5.795601     7.552374    10.743063   -29.554823   -94.573749
   29.224246     6.019774     7.301130    10.557242   -55.997594   -71.665517
   28.974739     6.109451     7.640402    10.357211   -47.796827   -76.677433
   29.189601     6.084592     7.246090    10.466988   -40.311375   -85.451378
   29.318474     5.927147     7.226386    10.646359   -42.754882   -80.849600
   29.628688     5.867228     7.175275    10.839113   -32.800911   -92.050005
   29.112070     6.049575     7.563670    10.437478   -48.808043   -72.071975
   28.948105     5.897821     7.315787    10.405840   -35.652379   -77.320801
   28.999794     6.014506     7.316398    10.392476   -41.925714   -78.983264
   29.165250     6.085827     7.548109    10.438691   -38.556455   -85.793258
   29.041431     5.949286     7.205984    10.468590   -58.353480   -61.073782
   29.118107     6.030890     7.430670    10.473454   -36.225786   -91.224473
   29.313779     5.953180     7.581783    10.660842   -46.807496   -83.341768
   28.840717     5.611348     7.775737    10.659735   -18.496334   -99.112964
   29.257894     5.880104     7.447993    10.794169   -67.262280   -76.664431
   29.514810     5.921156     7.309159    10.777920   -57.005643   -70.652695
   28.756390     5.732312     7.741396    10.590695   -45.587793   -78.574540
   29.362119     6.144522     7.028668    10.393405   -45.316154   -59.077662
   28.938361     5.734685     7.579918    10.616094   -58.699038   -58.309324
   29.481034     6.081570     7.105195    10.632574   -45.160915   -80.731638
   29.166875     5.850650     7.441234    10.673155   -58.525390   -69.460421
   29.273862     6.036703     7.205931    10.442110   -29.919412   -79.057618
   29.386266     6.028067     7.590551    10.526495   -26.057217   -88.926124
   29.045102     5.706460     7.302156    10.696776   -55.448795   -68.546558
   29.302470     5.886546     7.398605    10.773681   -65.879011   -72.300918
   29.093456     5.890192     7.415414    10.448392   -29.881817   -77.079539
   29.373032     5.952922     7.412608    10.436255   -19.541551   -71.439562
   28.971389     5.953112     7.556849    10.285860   -21.868251   -75.296989
   29.012835     5.827323     7.454468    10.462951   -29.604572   -77.460233
   29.186348     5.706569     7.553557    10.574760   -11.174150   -84.741236
   29.142117     5.808148     7.612286    10.541972   -25.272498   -80.233821
   29.141506     5.892766     7.104981    10.506145   -38.367219   -74.221110
   29.335572     5.942695     7.505243    10.566902   -36.815819   -75.892153
   29.552694     5.843518     7.573495    10.730050   -46.569125   -59.934506
   29.536370     6.049296     7.293271    10.642565   -57.353147   -61.783414
   28.905718     5.601663     7.377072    10.606924   -33.709722   -75.171039
   29.302078     5.820804     7.462513    10.723344   -23.305896  -103.330021
   29.304959     5.812435     7.411784    10.657752   -41.497518   -70.484763
   29.625467     6.060017     7.308242    10.704682   -46.676891   -78.547996
   29.002202     5.928033     7.455743    10.549419   -57.810435   -73.406745
   29.278452     5.930654     7.415092    10.611330   -32.222711   -91.142107
   29.116920     5.768420     7.601175    10.709452   -49.020419   -76.883023
   29.253433     6.135080     7.485136    10.490449   -57.172898   -72.156463
   29.035657     5.753409     7.676996    10.478142   -25.379582   -67.617565
   29.095590     5.924479     7.302648    10.317548   -24.309929   -67.102744
   28.830705     5.844952     7.346920    10.319628   -32.823926   -68.993617
   29.003910     5.853748     7.470567    10.454225   -27.117597   -83.020212
   29.556243     5.925564     7.137622    10.556322    -7.955133   -84.310601
   29.122387     5.844994     7.497273    10.435239    -7.075095   -91.295406
   29.214262     5.835381     7.501169    10.453701    -1.163053   -92.062786
   29.193628     5.874057     7.077716    10.412340   -22.831133   -70.699252
   29.337400     6.070312     7.251549    10.368312    -2.953748   -96.117585
   29.260020     5.836953     7.011327    10.415494   -11.608783   -74.715090
   29.311342     5.857695     7.492300    10.418396   -14.408526   -66.288740
   29.097507     6.153813     7.429400    10.143923   -21.039477   -69.584550
   29.059080     5.944072     7.575528    10.327966   -18.301323   -78.178662
   29.251553     5.801475     7.289845    10.743915   -58.644046   -68.764375
   29.220493     5.656502     7.279600    10.659419   -18.458249   -84.508044
   29.385514     6.110127     7.169175    10.578002   -57.501176   -70.386782
   28.802494     5.862428     7.576520    10.520173   -60.077422   -69.398270
   28.989329     5.878997     7.509324    10.681054   -54.086216   -94.147260
   29.362933     6.114179     7.800248    10.697791   -68.806981   -80.044685
   29.169986     6.131912     7.568265    10.465826   -51.963268   -80.224333
   29.562407     6.043533     7.472563    10.715772   -51.426044   -80.108681
   29.491779     5.772909     7.217507    10.855605   -31.058164   -96.583134
   29.751717     6.018748     7.171208    10.763095   -40.092542   -78.241076
   29.327976     6.102505     7.356733    10.465759   -55.612930   -58.852793
   29.239944     5.831959     7.316793    10.661200   -49.515931   -70.202889
   29.300999     5.907995     7.345022    10.639493   -52.177530   -68.652338
   29.335031     6.005440     7.219996    10.660756   -60.020060   -72.922413
   29.524781     5.990038     7.209173    10.733487   -57.251485   -70.359367
   29.064453     6.033771     7.461881    10.501271   -55.041513   -78.401871
   29.202000     5.882963     7.680148    10.647500   -55.176643   -67.758528
   28.988886     5.909729     7.279920    10.501986   -55.778105   -68.131811
   29.481920     6.094873     7.350276    10.608346   -53.130582   -72.035465
   29.432916     5.911858     7.237002    10.721513   -29.828042   -96.449051
   29.187116     5.687537     7.498466    10.699152   -34.992249   -76.121855
   29.190517     5.854464     7.307558    10.668942   -41.098789   -87.674056
   29.418042     5.820060     7.279328    10.804063   -56.327050   -70.575592
   28.835764     5.684591     7.698631    10.660211   -51.737561   -71.252462
   28.785440     5.826330     7.755501    10.548208   -50.962410   -75.838937
   29.008414     6.087743     7.824427    10.392378   -42.028786   -78.614093
   29.099739     5.879167     7.574764    10.674740   -63.691735   -71.241205
   29.548636     5.995920     7.203958    10.715342   -53.359905   -70.200623
   28.907889     5.856668     7.733771    10.692658   -63.498544   -82.700152
   29.680341     5.876524     7.573420    10.920959   -65.326467   -66.072933
   28.918277     5.672138     7.635059    10.822740   -55.395972   -89.306811
   29.207055     6.094055     7.521564    10.593537   -46.866992  -101.516934
   29.200167     5.929145     7.382277    10.731409   -40.187711  -111.051974
   29.306441     5.924076     7.654153    10.772750   -58.387772   -84.611358
   29.310988     5.718144     7.301421    10.817406   -58.076958   -66.085113
   29.149320     5.597186     7.409990    10.819525   -37.792744   -84.832906
   29.107611     5.706532     7.717358    10.842790   -58.120553   -77.982752
   29.392112     6.133517     7.571242    10.562749   -51.534255   -80.056640
   29.068471     5.687181     7.641682    10.746696   -45.978118   -77.729664
   29.385506     5.829851     7.620017    10.815187   -47.101565   -85.471295
   29.467840     6.275523     7.498509    10.549272   -74.296627   -62.242865
   29.341990     5.763669     7.542368    10.807688   -52.421891   -72.294937
   29.291098     5.767968     7.338344    10.756155   -47.425810   -75.519068
   29.436972     5.926045     7.697942    10.718540   -52.457389   -71.552489
   29.430438     5.690183     7.440479    10.871457   -40.090921   -81.040217
   29.251440     5.929073     7.621412    10.739029   -61.533132   -80.166796
   29.074733     5.735791     7.596142    10.689999   -37.260759   -86.092899
   29.332317     6.146906     7.497143    10.444792   -42.384710   -76.921278
   29.586494     5.978293     7.353534    10.586515   -36.746351   -62.065170
   29.019614     5.961108     7.541459    10.318660   -28.821467   -70.421265
   28.996775     6.044824     7.529742    10.203105   -25.105308   -67.485120
   29.393603     5.939645     7.170943    10.471844   -24.803604   -67.846145
   28.891087     6.075256     7.418992    10.223217    -7.357513  -108.582536
   29.443889     5.956558     7.464441    10.492338   -21.096964   -73.486013
   29.199790     5.608875     7.527816    10.630863   -11.735244   -79.262424
   29.521765     6.114176     7.340704    10.459371   -32.886663   -68.074779
   29.021637     5.899345     7.553579    10.351032   -27.329406   -68.724610
   29.316926     5.919355     7.631161    10.438243   -16.631140   -73.751630
   29.302064     5.978802     7.420386    10.460516   -29.971352   -73.393976
   29.320592     5.990481     7.448634    10.429289   -37.370419   -59.647048
   29.140719     5.868304     7.457245    10.413636   -19.443084   -75.920646
   29.570380     6.014182     7.515969    10.539929   -20.480881   -79.447746
   29.294658     6.078123     7.274021    10.435154   -31.442897   -80.126661
   29.180393     5.832226     7.447748    10.561749   -32.040170   -77.925160
   29.650677     6.031346     7.395466    10.690919   -34.052769   -85.133571
   29.437795     5.943633     7.342618    10.521901   -20.388201   -77.456469
   29.079271     5.982463     7.446449    10.350279   -11.495912   -94.905613
   29.295488     6.206381     7.142849    10.298000   -19.690508   -85.726739
   29.238669     5.830298     7.598189    10.586404   -41.560771   -64.533859
   29.408485     5.969338     7.434747    10.377867   -18.830719   -61.512064
   29.070246     5.935189     7.593244    10.455332   -38.827061   -73.927567
   29.610814     5.877718     7.227255    10.801055   -32.138515   -88.418225
   29.382434     6.017037     7.400593    10.467901   -30.622076   -72.050093
   29.224170     5.950328     7.498457    10.460058   -31.674093   -73.938553
   29.091729     5.825116     7.787353    10.558405   -33.692968   -75.155512
   29.627974     5.906827     7.302781    10.740326   -36.738408   -75.068634
   29.789826     5.915556     7.185268    10.811395   -30.990636   -81.026696
   28.999521     5.678264     7.467049    10.515208    -8.657834   -90.583181
   29.169970     5.888099     7.266083    10.411766   -24.555659   -71.204947
   29.187862     6.092508     7.263322    10.325495   -28.574515   -76.613104
   29.354082     6.112603     7.326623    10.418449   -31.384141   -77.263767
   29.668006     6.162112     7.384549    10.512827   -28.533786   -75.870492
   29.134721     5.779780     7.183243    10.552032   -17.468930   -91.319127
   29.565473     5.988623     7.399399    10.631010   -15.629425   -96.282175
   29.160064     5.773720     7.454042    10.531205   -21.984296   -77.959159
   29.151968     5.907985     7.350314    10.494757    -7.635518  -107.561009
   29.654093     6.146641     7.090177    10.559047   -18.039982   -90.565153
   29.172122     5.792602     7.183949    10.545034   -18.306376   -87.591778
   29.328602     6.182346     7.606985    10.357858   -33.350211   -76.762326
   29.285229     5.851731     7.112233    10.573335   -23.552591   -84.155865
   29.105597     5.896746     7.224581    10.321616   -22.005552   -66.643936
   29.404685     5.997288     7.291196    10.469316   -29.524901   -68.446327
   28.972550     5.749413     7.422793    10.363723   -11.134507   -75.477474
   29.307505     5.783927     7.136154    10.570480   -19.761045   -78.343936
   29.197027     5.959410     7.458402    10.474445   -42.589460   -67.519790
   29.443603     6.163950     7.493192    10.406591   -31.633343   -75.344293
   29.249396     5.758708     7.316558    10.650547   -23.799060   -86.790009
   29.261538     6.180787     7.135738    10.359403   -41.292692   -71.649516
   29.253528     5.930226     7.398642    10.583528   -55.259771   -62.637548
   29.156521     6.235865     7.501924    10.377910   -50.376326   -82.526790
   29.247574     5.950765     7.357731    10.619977   -52.002481   -75.670131
   28.975450     6.021308     7.457793    10.326343   -40.949373   -70.772816
   29.433567     6.083418     7.437437    10.532765   -54.065937   -60.925847
   29.662915     6.085977     7.441096    10.657252   -40.621709   -79.090285
   28.939273     5.917506     7.208757    10.356005   -27.919955   -81.912798
   29.345274     6.078627     7.694519    10.526165   -53.486160   -65.436827
   29.265281     6.144710     7.137323    10.561495   -48.946376   -92.653675
   29.516270     5.890440     7.690977    10.634163   -31.039773   -70.071369
   29.407738     6.286845     7.179671    10.393676   -47.925186   -70.102515
   28.985953     6.092346     7.321055    10.339367   -32.944881   -92.235747
   29.295670     6.157264     7.321063    10.432035   -39.559832   -81.323464
   29.276476     6.041312     7.339786    10.598233   -21.871999  -117.885294
   29.142999     5.771403     7.074363    10.638698   -11.334982  -115.138001
   29.195122     5.812272     7.198036    10.541172   -33.756772   -70.394032
   29.370454     6.066700     6.853750    10.467032   -26.040947   -82.844148
   29.102371     5.885858     7.147446    10.597343   -53.702764   -74.033239
   29.145791     5.945526     7.519292    10.429602   -43.943074   -59.689212
   29.315780     6.187574     7.135342    10.419831   -35.177395   -84.161285
   29.140817     5.925092     7.270525    10.548622   -41.234650   -81.290446
   29.131851     5.924261     7.178550    10.479379   -38.503532   -74.124554
   29.244956     5.788607     7.402888    10.564413   -38.312237   -60.714532
   29.587455     5.905811     7.330686    10.598660   -31.012003   -60.969549
   29.538340     5.731700     7.425952    10.700223   -11.424733   -80.939874
   29.456998     5.970576     7.242923    10.392987    -4.466116   -75.931029
   29.025205     5.729806     7.602912    10.507455   -28.129439   -68.989221
   29.053977     5.725350     7.686039    10.563124   -20.952341   -82.047589
   28.996889     5.791680     7.353847    10.489075   -42.747914   -64.342971
   29.209350     6.131715     7.240615    10.408048   -36.840550   -83.856417
   29.347101     5.762283     7.417952    10.771922   -34.795741   -86.637967
   28.964121     5.947357     7.508248    10.364340   -23.892318   -87.533914
   29.699591     6.068461     7.267667    10.582175   -26.962166   -72.609012
   28.878465     5.791830     7.355935    10.420303   -26.982238   -80.858253
   29.286868     5.924699     7.161189    10.463481   -10.905639   -88.902902
   29.243989     5.890739     6.933236    10.603656   -44.531713   -75.665112
   29.295748     5.899925     7.593252    10.520748   -22.558210   -80.835605
   29.283433     5.918768     7.524248    10.645919   -48.173837   -76.936334
   29.274511     5.909753     7.454435    10.578115   -24.939274   -91.257672
   29.094343     5.917085     7.167160    10.404336   -24.943003   -79.641539
   29.454293     5.951396     7.591568    10.600272   -33.279548   -76.766232
   29.620940     5.943227     7.556269    10.632318   -25.136645   -75.990885
   29.273842     6.124989     7.520957    10.543890   -62.632885   -71.673675
   28.975893     6.061453     7.310265    10.316901    -1.777083  -124.805586
   29.392294     5.867116     7.352306    10.586475   -16.345803   -86.430145
   29.376095     5.899611     7.402394    10.651447   -17.506454  -101.976137
   29.380200     5.826591     7.532027    10.587059   -22.575169   -75.083736
   29.398891     6.155920     7.389281    10.476799   -52.530497   -65.455138
   29.128189     6.060124     7.825077    10.397976   -37.387302   -72.185922
   29.424918     6.268166     7.245991    10.333550   -35.424111   -71.011891
   28.894997     5.647125     7.253964    10.535716   -28.015573   -79.528638
   29.301484     6.075703     7.350513    10.459272   -39.496796   -75.080956
   29.050773     5.729330     7.577718    10.642432   -23.023379   -96.173369
   29.341897     5.892877     7.324949    10.677842   -45.937253   -76.530279
   29.194683     5.989533     7.444255    10.485188   -30.109693   -87.828117
   29.279845     5.884846     7.746051    10.585791   -43.601665   -63.627826
   29.473394     5.947733     7.449720    10.546127   -35.950538   -62.290412
   29.126211     6.021829     7.016115    10.465632   -46.302402   -76.125992
   29.603883     6.323308     7.457016    10.446550   -15.768694  -108.436824
   29.454525     6.214678     7.566197    10.493828   -17.487272  -114.660254
   29.861679     5.857641     7.251478    10.847195   -22.971603   -83.072923
   29.233465     5.734729     7.617077    10.742632   -42.239270   -76.380411
   29.116231     5.738002     7.322599    10.652230   -36.976520   -80.381706
   29.107299     5.799540     7.319771    10.594541   -28.999072   -88.643008
   29.682695     5.869296     7.469978    10.807263   -34.918628   -79.790401
   29.170330     5.639510     7.563136    10.718587   -36.199285   -71.492384
   28.866955     5.807990     7.475244    10.482242   -34.468882   -83.688808
   29.243136     6.028388     7.176123    10.534154   -40.440927   -83.916115
   29.182822     5.937786     7.580682    10.683253   -63.323446   -75.286489
   28.991092     5.795752     7.386434    10.574004   -43.003448   -78.070756
   28.918272     5.929623     7.421118    10.437616   -28.368645   -97.223549
   29.347942     5.911177     7.726362    10.667373   -48.370302   -71.734788
   29.301388     5.645038     7.405615    10.776641   -30.706620   -80.211058
   29.643420     5.944517     7.675534    10.753303   -33.714997   -86.163978
   29.243428     6.062884     7.506480    10.619394   -28.778660  -121.418461
   29.248181     5.998428     6.936856    10.597793   -21.912863  -115.872774
   29.153810     5.953964     7.100627    10.585947   -18.845954  -119.736493
   29.447766     5.931395     7.408428    10.704748   -25.172446  -100.990631
   29.159435     6.025109     7.122600    10.572109   -28.089532  -114.473905
   28.800679     5.753692     7.436306    10.599131   -18.405152  -125.935023
   29.154928     6.026172     7.326349    10.689014   -54.265411  -105.279761
   29.518909     6.142343     7.228477    10.716924   -48.007486   -99.307025
   29.084651     6.071884     7.343322    10.548953   -37.635789  -113.437911
   28.895508     5.998667     7.371609    10.423981   -12.841247  -131.146540
   28.978030     5.821109     7.357634    10.627609   -22.995870  -117.997342
   29.415368     6.030998     7.213722    10.703971   -33.664394  -107.364238
   29.022677     5.741853     7.479514    10.796760   -34.451649  -117.832054
   29.505439     5.842574     7.288981    10.889154   -32.078439  -110.514520
   29.236793     5.964482     7.406779    10.629844   -13.710211  -127.492895
   29.380623     5.928687     7.417696    10.763995   -17.935883  -129.304282
   29.527541     5.903645     7.292954    10.804465   -47.449108   -82.540698
   29.216728     5.840365     7.660109    10.799188   -52.018763   -91.301807
   29.164701     5.974267     7.189945    10.602167   -28.930641  -110.227657
   28.936449     5.876304     7.540417    10.534531   -32.638065   -98.083557
   29.250012     5.955235     7.275425    10.742660   -37.100334  -117.238414
   29.433822     6.137617     7.227603    10.649752   -28.804956  -117.691838
   29.184237     6.098973     7.213327    10.511836   -26.613144  -112.820321
   29.296810     6.022614     7.042688    10.579713   -18.899479  -112.420844
   29.379587     5.908111     7.246942    10.740022   -16.923248  -121.840141
   29.045824     6.001845     7.576431    10.521307   -16.575800  -126.934224
   28.843788     5.770539     7.292493    10.551621   -13.145559  -124.469051
   29.317988     5.963421     7.504225    10.623787   -15.301658  -115.093166
   29.379727     5.906034     7.706529    10.582727   -41.168087   -62.162634
   29.638479     5.950107     7.332323    10.682297   -26.820271   -80.684555
   29.009767     5.808534     7.314458    10.557951   -47.572617   -71.247526
   28.985717     5.787873     7.240511    10.482497   -33.503241   -75.258461
   29.284902     5.707919     7.303652    10.773948   -38.146807   -81.874144
   29.173774     5.680221     7.179473    10.697234   -40.970937   -73.215118
   29.112359     5.586849     7.402374    10.711446    -6.069049  -106.500451
   28.996522     5.768663     7.302465    10.663851   -53.833639   -76.940777
   29.210771     5.926181     7.033814    10.507522   -24.579707   -88.010698
   29.340892     5.859713     7.231774    10.581318   -38.071213   -65.601985
   29.321208     5.644002     7.382898    10.798649   -23.914715   -90.267974
   28.855353     5.844577     7.307214    10.547030   -40.260900   -95.875161
   29.231541     5.831390     7.375539    10.544097    -2.575111  -104.355715
   29.403790     5.746633     7.414905    10.722884   -42.748210   -63.077488
   29.111410     5.972129     7.133335    10.433231   -35.692059   -77.525281
   29.388923     5.877084     7.215456    10.621505   -21.625430   -87.782612
   29.450655     5.714893     7.518917    10.740287   -29.080876   -72.216771
   29.361340     6.049249     7.353360    10.493091   -43.171500   -68.054336
   29.485399     6.088422     7.187868    10.575056   -44.667543   -72.694359
   29.126177     5.841030     7.241113    10.545867   -30.842410   -82.921940
   29.320342     5.909343     7.146640    10.652969   -27.924430   -96.191830
   29.315004     5.983820     7.334220    10.596347   -20.078563  -106.297265
   29.395832     5.804034     7.231937    10.690972   -29.593882   -81.057031
   28.799582     5.810354     7.220676    10.372392   -43.239753   -65.473460
   28.979645     5.791436     7.726294    10.587157   -38.460125   -79.733034
   29.244056     5.754454     7.180399    10.687676   -41.230667   -74.533803
   29.232967     5.634744     7.364071    10.749308   -29.832770   -81.317519
   29.361291     5.736633     7.514457    10.708367   -37.825377   -67.333336
   29.449744     5.769291     7.266474    10.701658   -26.750238   -77.228366
   28.961432     5.977755     7.827991    10.371677   -26.940827   -80.490694
   29.308730     5.751798     7.574016    10.713502   -30.999898   -81.611762
   29.238194     5.748950     7.331237    10.631563   -26.675145   -80.178043
   29.513351     6.065747     7.767883    10.547817   -34.732281   -75.975374
   29.171762     6.020543     7.460320    10.417923   -43.999054   -66.604037
   29.340847     5.933261     7.627327    10.560047   -24.834999   -85.901146
   29.097741     5.804546     7.582116    10.700419   -63.490134   -64.950017
   29.099889     5.741820     7.310459    10.612693   -49.007888   -62.716421
   29.094540     5.604019     7.692861    10.747752   -31.252121   -80.015997
   29.545804     6.171342     7.201037    10.437433   -23.395510   -78.049495
   29.337210     5.755845     7.578821    10.701414   -33.552993   -74.947752
   29.477665     5.933988     7.808454    10.688740   -31.632045   -87.612913
   28.928888     5.780984     7.221602    10.479693   -28.964152   -83.840489
   29.511036     6.334488     7.256256    10.446552   -47.703473   -77.271367
   29.439585     5.980809     7.463676    10.667043   -54.523149   -69.281015
   29.442186     5.828648     7.537810    10.667235   -43.473661   -60.061894
   29.226908     5.810346     7.617032    10.617256   -39.079586   -70.479142
   28.802675     5.585936     7.554304    10.601864   -38.089747   -70.558109
   29.370414     5.875956     7.760044    10.650547   -24.796852   -89.168029
   29.173383     5.845815     7.745829    10.498723   -24.427109   -73.670271
   29.300808     5.905188     7.695547    10.540888   -21.515605   -84.642576
   29.261861     5.789829     7.792173    10.665325   -43.459586   -63.555676
   29.201184     5.555276     7.536183    10.780225   -42.999183   -60.136101
   29.113569     5.811395     7.332033    10.517397   -44.859229   -59.950588
   28.924089     5.653736     7.678777    10.690922   -42.954217   -76.841013
   28.929937     5.927933     7.489116    10.469630   -46.525079   -79.035833
   29.276178     5.742285     7.471280    10.599426   -28.662622   -67.835991
   29.326195     5.939251     7.449210    10.479100   -23.072131   -76.767237
   29.072224     5.789081     7.561985    10.604387   -25.596563   -93.857517
   29.255789     5.707662     7.248913    10.750477   -47.051870   -70.969994
   29.246982     5.952171     7.212579    10.579264   -46.181696   -75.303134
   29.161366     5.901903     7.336424    10.577516   -55.513608   -65.281115
   29.030451     6.151203     7.194424    10.434627   -63.600697   -76.833248
   29.426432     5.723325     7.452174    10.767619   -25.848956   -84.093574
   29.223215     6.194394     7.219864    10.540069   -57.847912   -90.215958
   29.576587     6.138641     7.259709    10.744076   -60.645003   -84.132126
   29.198916     5.896166     7.646352    10.492289   -29.453378   -74.556577
   29.120337     5.769898     7.360504    10.568514   -41.719816   -65.426231
   29.159889     5.907060     7.753284    10.641866   -46.976600   -82.309474
   29.559631     6.041347     7.289035    10.774336   -60.472120   -78.343273
   29.887070     5.867195     7.593479    10.923764   -56.086651   -57.959109
   29.281607     5.853199     7.398379    10.706925   -63.215062   -61.230708
   28.064439     5.470956     7.663599    10.436365   -37.054127   -79.562926
   29.248492     5.847276     7.592938    10.780484   -35.793300  -107.191705
   29.057163     5.727908     7.416924    10.672575   -18.569050  -108.519615
   29.084422     5.738183     7.559833    10.747158   -38.742071   -94.340475
   29.141155     5.885339     7.516692    10.482211    -5.418185  -105.203094
   29.285900     5.939440     7.249174    10.720060   -22.839131  -125.351260
   29.357821     6.025397     7.425863    10.628614   -14.641577  -123.038683
   29.572402     5.842239     7.484327    10.787773    -4.599825  -117.487668
   28.964803     5.855741     7.414619    10.620657   -13.845213  -139.053092
   28.959178     6.065804     7.376816    10.471311   -30.553072  -120.237179
   29.385210     6.090639     7.679922    10.552362    -6.523521  -126.894068
   29.165035     6.041101     7.322466    10.630287   -37.607085  -116.432728
   28.916225     5.867078     7.313337    10.406598   -44.516015   -65.950386
   29.253583     5.977248     7.175696    10.615975   -50.859458   -78.717386
   28.962470     5.738008     7.170377    10.643707   -35.576553   -95.641121
   28.920209     5.658075     7.393781    10.777042   -63.687900   -74.001091
   29.392515     6.064570     7.309999    10.724626   -77.331066   -67.355195
   29.287359     5.914909     7.411018    10.693809   -61.269413   -69.194403
   29.426408     5.994603     7.499399    10.684859   -62.365449   -65.985067
   29.145427     5.853273     7.545684    10.664006   -44.957334   -85.007654
   28.999305     5.901834     7.447365    10.566443   -27.006527  -110.392301
   28.957917     6.016546     7.629422    10.446313   -39.166957   -92.243740
   28.942526     5.964459     7.652179    10.457344   -31.509405   -96.637584
   28.884040     5.911883     7.269920    10.603549   -67.350891   -81.240612
   29.353352     6.077312     7.640195    10.620589   -50.469556   -86.505384
   29.327651     5.775633     7.415606    10.734274   -48.155018   -68.785637
   28.700580     5.663520     7.400290    10.612750   -28.156858  -109.723540
   29.442970     6.123544     7.272431    10.577856   -35.664537   -92.462296
   29.382551     5.827953     7.445398    10.793397   -25.737506  -107.581131
   29.300983     5.880117     7.442583    10.624871   -19.274537   -99.157489
   29.394929     5.891223     7.208902    10.738549   -24.448127  -107.057079
   28.873696     5.869736     7.541059    10.559428   -45.878342   -90.365387
   29.096559     6.067170     7.807486    10.554209   -49.485490   -91.386881
   28.880122     5.630103     7.335077    10.726856   -57.855234   -72.974597
   29.625335     5.967474     7.313848    10.937657   -63.904872   -89.262238
   29.033128     5.859627     7.435605    10.772846   -63.368735   -93.887378
   29.316568     5.923455     7.322116    10.744731   -66.590617   -70.629108
   29.294207     5.785826     7.721602    10.836754   -56.942943   -76.313874
   28.743369     5.724054     7.807219    10.611797   -38.429963   -88.963475
   29.267466     5.873610     7.164929    10.521458   -26.287482   -76.734460
   29.136260     5.905398     7.640349    10.519918   -41.415058   -71.583453
   29.098020     6.003656     7.360289    10.443106   -49.864491   -68.318626
   29.571802     5.663092     7.377148    10.911812   -38.953612   -74.999735
   29.027908     5.746865     7.287552    10.520484   -30.247149   -75.820912
   29.093917     5.737669     7.442343    10.562668   -49.173562   -52.446173
   29.203989     5.658741     7.766238    10.688039   -28.456528   -70.726778
   29.377052     5.910338     7.698233    10.553140   -21.790105   -80.971165
   29.209616     6.014584     7.718159    10.255853    -5.058115   -74.415872
   29.379721     5.967882     7.260787    10.418137   -16.407756   -73.040275
   29.404906     6.095578     7.345098    10.403250   -27.331237   -72.773835
   29.397446     5.863597     7.588003    10.512895   -20.736447   -67.792535
   29.484344     6.162780     7.049799    10.489217   -26.826807   -85.796171
   28.952920     5.971677     7.465491    10.286265   -43.526647   -54.897844
   29.590828     5.953972     7.520411    10.634712   -36.369329   -67.919851
   29.502291     6.073868     7.141225    10.501972   -28.790949   -74.212273
   29.359428     6.168372     7.540644    10.306617    -9.467737   -91.015492
   29.107065     6.100254     7.593880    10.347318   -47.941545   -63.496611
   29.007456     6.057831     7.340159    10.313800   -42.586804   -69.991585
   28.831247     5.969359     7.212716    10.238617   -22.764839   -85.205173
   28.909104     6.064645     7.475877    10.363936   -45.940949   -82.802937
   28.928879     5.904178     7.082322    10.376598   -36.816816   -75.620825
   29.305055     5.989170     7.447623    10.480094   -26.897906   -81.225272
   29.162562     6.060156     7.536036    10.329624   -24.139027   -80.057707
   28.981751     6.038522     7.173119    10.238548   -30.683789   -71.777768
   29.255532     6.163726     7.528613    10.282840   -21.136462   -81.641392
   29.649918     6.273572     7.090087    10.563050   -51.305099   -70.183148
   29.551001     6.281751     7.344757    10.482526   -39.651906   -84.002069
   29.242418     6.062706     7.268394    10.340467   -22.296708   -77.519211
   29.273717     6.313677     7.207194    10.170043   -20.897052   -79.149699
   29.070669     6.091236     7.337350    10.273527   -27.525304   -79.416493
   29.340977     6.002600     7.163212    10.435154   -27.741364   -70.568826
   29.570781     6.003799     7.405148    10.580390   -30.757110   -72.763968
   29.284827     6.073977     7.135021    10.426435   -37.750036   -71.403893
   29.417891     6.161409     7.661231    10.460963   -28.659475   -90.591369
   29.390038     6.196671     7.528791    10.390760   -28.839555   -85.093635
   28.997302     6.039441     7.380524    10.404250   -35.609930   -91.900950
   28.928049     5.817633     7.138063    10.473797   -40.013798   -76.127074
   29.144654     6.231994     7.166676    10.364035   -49.980615   -80.204973
   29.164500     6.158378     6.911657    10.395194   -35.325349   -90.479382
   29.033019     5.965226     7.351456    10.279511   -23.571708   -71.780610
   29.480210     6.067401     7.394997    10.414005   -21.815719   -70.797111
   29.236788     5.943718     7.306233    10.358646   -13.682916   -75.821975
   29.649976     6.329691     7.206558    10.365002   -34.142215   -64.085070
   29.236598     5.977094     7.467579    10.398807   -31.357238   -66.627639
   29.439431     5.979001     7.299460    10.455931   -28.042698   -62.769807
   29.325135     6.017069     7.257345    10.358844   -27.468909   -62.234964
   29.271329     6.162736     7.541124    10.213946   -14.472977   -75.191251
   29.529996     6.099793     7.509761    10.418693   -30.893112   -61.722230
   29.468246     6.096859     7.133124    10.387402   -22.578264   -68.515224
   29.209320     5.993724     7.375417    10.314634   -21.249698   -68.802608
   29.574211     6.235448     7.215801    10.435892   -39.470421   -65.677391
   29.444055     5.931405     7.411261    10.494982   -22.318113   -69.163428
   29.218594     6.114209     7.566556    10.283128   -27.178853   -70.406853
   29.030669     6.012293     7.206733    10.290538   -29.699548   -73.526719
   28.952584     5.914429     7.403023    10.251256   -21.310186   -69.000381
   29.564203     6.085946     7.433522    10.435117   -17.372383   -74.575007
   29.383874     6.092858     7.213833    10.444506   -41.182524   -64.747086
   29.198025     5.958536     7.143655    10.302030   -13.846360   -72.445139
   29.244940     5.880732     7.403422    10.449433   -28.198348   -65.460985
   29.343624     6.127262     7.052509    10.323395   -16.325634   -79.421694
   29.177403     6.087522     7.310142    10.185953   -18.380933   -65.422858
   29.338534     5.887471     7.101795    10.569993   -22.235267   -84.724391
   29.371881     5.964713     7.254007    10.387480    -9.372255   -76.221374
   29.061725     5.957812     7.261293    10.229235   -18.570844   -66.556980
   29.450889     6.350458     7.430679    10.246253   -21.351082   -82.522551
   29.198296     6.052852     7.505093    10.304771   -28.821050   -66.330352
   29.082761     5.939594     7.176917    10.340418   -23.404115   -75.182092
   29.265051     6.219313     7.273560    10.188426   -33.988063   -56.655723
   29.402423     6.081941     7.162484    10.381899   -18.743708   -75.900205
   29.106201     5.923249     7.643453    10.411801   -17.222028   -86.184821
   29.375984     5.876201     7.208645    10.490561   -17.138039   -73.171187
   29.356829     6.124909     7.077211    10.381953   -16.593605   -86.901244
   29.499822     6.255792     7.223672    10.428098   -51.215654   -60.534767
   29.403140     6.043949     7.380297    10.412795   -35.957549   -58.429475
   29.081110     5.985020     7.587568    10.305901   -39.924106   -50.955995
   29.166247     6.154283     7.229485    10.288320   -34.718286   -73.186006
   29.548871     6.057296     7.729416    10.614151   -42.872700   -74.706389
   29.678636     5.778904     7.406349    10.787349   -23.394726   -76.916092
   28.898718     5.710076     7.404349    10.525143   -36.634357   -73.228233
   29.126524     5.740845     7.670369    10.553434    -8.843996   -91.524204
   29.143899     5.916178     7.367607    10.409778    -1.356689  -102.228845
   29.610761     5.979006     7.160769    10.619501    -6.532871   -98.169599
   29.225542     5.923130     7.239787    10.376762    -7.841879   -83.667300
   29.422676     5.780878     7.409277    10.608400   -11.788808   -81.502076
   29.160808     6.049113     7.362611    10.360566   -15.409361   -94.117166
   29.082064     6.004297     7.234417    10.306158    -4.833220   -98.460885
   29.198685     5.813086     7.548968    10.520945   -27.105934   -71.734030
   28.745528     5.682944     7.391584    10.373685    -1.237408  -100.035650
   29.356146     5.994557     7.282416    10.467249   -23.730415   -78.007768
   29.434712     5.825425     7.261285    10.615935   -17.683397   -81.248226
   29.529064     5.981152     7.111819    10.592460   -12.748617   -93.633732
   29.125842     5.834296     7.330258    10.484689    -1.457278  -105.712962
   29.192747     6.223019     7.372749    10.188686   -28.414330   -70.089346
   29.503835     6.145637     6.982692    10.499234   -34.598879   -74.883486
   29.014987     5.931947     7.233712    10.369129   -31.407940   -75.371440
   29.039388     5.747300     7.454452    10.524116   -17.325160   -88.195279
   29.104562     6.144380     7.115862    10.366833   -46.558936   -76.743738
   29.180734     6.200413     7.523133    10.341431   -43.560786   -77.011495
   29.286542     6.028397     7.527690    10.386076   -19.247217   -80.720263
   29.298119     6.032909     7.160997    10.398265    -2.258683  -100.546455
   29.558681     5.921502     7.371906    10.643166    -2.231924  -105.253170
   28.828865     5.795831     7.206831    10.375751   -20.245652   -88.187604
   29.430797     5.904219     7.444101    10.589830   -22.602183   -82.018938
   28.756139     5.772765     7.187252    10.367744    -8.894015  -105.448907
   29.472487     5.938912     7.136735    10.569922   -15.134516   -87.010544
   29.468280     6.086490     7.042285    10.507741   -19.737750   -89.205445
   28.821214     5.911365     7.301533    10.504131   -31.429808  -115.046980
   29.354025     6.083689     7.249527    10.594789   -20.078691  -117.353245
   29.208467     5.934525     7.096075    10.631460   -20.549405  -117.575383
   28.922055     6.003670     6.834732    10.354886   -17.261986  -115.407619
   29.583928     6.093534     6.844970    10.721752   -24.292297  -116.926939
   29.042396     6.006378     7.138285    10.504061   -24.424596  -115.997531
   28.960669     5.871541     7.184063    10.657602   -31.848576  -128.006000
   28.576498     5.609786     7.238752    10.598775   -33.364152  -110.055865
   29.067154     6.127826     7.271545    10.480953   -34.884352  -114.558225
   29.135369     5.922870     6.983510    10.596730   -28.644271  -107.257645
   29.263656     6.064570     7.281060    10.612995   -33.795714  -110.252219
   29.021491     5.739226     7.394432    10.518974   -34.568009   -69.049558
   29.073788     5.793646     7.628122    10.533791   -29.683376   -76.669150
   29.067108     5.623628     7.431914    10.675441   -35.875940   -72.975865
   29.040863     5.765310     7.468817    10.655528   -19.363581  -111.024425
   29.326655     5.821053     7.692672    10.744538   -40.333696   -83.528088
   29.005272     5.798977     7.352678    10.536910   -30.822776   -85.505296
   29.225302     5.955778     7.409212    10.650753   -53.377127   -81.811179
   29.171927     5.686070     7.400158    10.690223   -40.161055   -71.082808
   29.148756     5.842737     7.654598    10.533145   -29.078904   -78.073391
   29.164436     5.770964     7.865873    10.678207   -37.383433   -75.684359
   29.459559     5.615162     7.334306    10.889706   -40.233658   -73.043475
   29.392925     5.770337     7.224623    10.790492   -40.862764   -81.448718
   28.982211     5.739414     7.489431    10.594467    -9.460817  -113.639984
   29.292278     5.938512     7.205001    10.615789   -15.414094  -111.332650
   29.203639     5.895939     7.233392    10.686963   -34.266657  -103.943848
   29.155978     5.669801     7.520766    10.753630   -42.173667   -76.417074
   28.731804     5.599754     7.319625    10.588217   -30.719364   -90.890425
   28.935480     5.784346     7.362098    10.676529   -51.111741   -88.782713
   29.369750     5.878420     7.421693    10.749055   -51.326903   -78.334789
   28.917802     5.877316     7.243404    10.371526   -35.749705   -72.232955
   29.105214     5.636156     7.439532    10.675306   -33.147422   -74.668925
   29.215680     5.799267     7.096033    10.588382   -31.254685   -78.063380
   29.387745     5.936607     7.407785    10.619012   -26.498280   -90.380710
   29.323813     5.667915     7.204695    10.673275   -18.060225   -81.241866
   29.554180     5.833535     7.509853    10.803347   -38.224389   -81.098428
   29.521396     5.843601     7.665195    10.816601   -36.863892   -88.535605
   29.446179     5.751925     7.421823    10.749172   -17.581489   -92.708743
   29.222474     5.755124     7.438625    10.598262   -26.707476   -76.131572
   29.049146     5.966290     7.635357    10.470517   -44.289685   -75.237219
   28.815463     5.969221     7.508047    10.252375   -43.860068   -57.954433
   29.186622     5.999886     7.247404    10.469002   -43.191120   -72.083819
   29.818759     5.847208     7.129309    10.876730   -20.213508   -95.417673
   29.393670     5.830345     7.515162    10.696648   -17.383587   -98.881301
   29.159292     5.763049     7.223254    10.611628   -27.854462   -84.600728
   29.202367     6.060618     7.529816    10.415632   -48.053347   -63.586496
   29.086586     6.001849     7.717688    10.393777   -30.536888   -78.368865
   29.219344     6.080872     7.048223    10.487575   -40.126843   -85.070103
   29.399345     5.964101     7.295246    10.660950   -37.694781   -87.124125
   29.521542     5.924413     6.918698    10.710672   -40.185154   -78.469362
   28.980158     5.636960     7.118264    10.631005   -45.611556   -68.947818
   29.008587     5.870114     7.226885    10.472984   -37.905041   -77.230543
   28.948490     5.874385     7.521528    10.432425   -36.410281   -75.226352
   28.933440     5.928837     7.630428    10.439096   -47.021161   -69.725732
   28.947215     5.704721     7.313269    10.480384   -32.910105   -67.450204
   29.045009     5.608727     7.627012    10.780879   -45.089579   -75.144237
   29.510904     5.724129     7.643656    10.842032   -33.587180   -79.637464
   29.233452     5.988873     7.696238    10.483400   -48.084517   -59.815500
   29.199564     5.745249     7.336776    10.590366   -32.825341   -69.573368
   29.572864     5.938924     7.271865    10.751964   -23.277620  -101.035806
   29.034168     5.766131     7.490904    10.490411   -21.996317   -79.970000
   29.066515     5.773282     7.348922    10.562466   -44.476911   -66.140671
   29.192735     5.996818     7.062501    10.436705   -33.815767   -76.184045
   29.131211     6.034350     7.187442    10.375680   -17.680508   -94.215611
   28.998875     5.881140     7.237827    10.338539   -27.506525   -70.072796
   29.165357     5.914896     7.263899    10.419320   -25.635851   -74.774571
   29.112224     5.937219     7.632983    10.415805    -5.821055  -102.006592
   29.337877     5.999465     7.136155    10.511229    -6.884985  -106.471744
   29.143696     5.968957     6.887822    10.447738   -29.317104   -85.690036
   29.094769     6.330774     7.226067    10.114577   -22.120357   -87.561837
   29.280447     5.727335     7.289604    10.532084     1.345011   -90.244650
   29.205942     6.100774     7.265540    10.406734   -12.350081  -108.399022
   29.122398     5.950466     6.964507    10.462107     2.468154  -130.338642
   29.552756     5.956749     7.337756    10.683035   -13.490623  -104.332950
   29.512565     6.295647     7.071428    10.457642   -23.178417   -99.234817
   29.263364     6.168035     7.094337    10.390239   -37.140442   -79.196605
   29.276781     6.274523     7.427552    10.277620   -25.683832   -88.628599
   29.202709     5.873943     7.349137    10.513504    -7.428835  -101.633144
   29.478107     5.893768     7.497478    10.713390   -42.891857   -75.211977
   29.159233     5.831878     7.306008    10.547536   -26.819543   -83.522858
   29.460151     6.051420     7.250341    10.661542   -39.724618   -91.086707
   29.163038     6.028251     7.461257    10.409132   -37.620217   -74.412612
   29.211096     5.921246     7.149831    10.619702   -47.223990   -79.921458
   29.377831     5.815360     7.256442    10.815107   -28.395440  -107.988138
   29.624309     6.086524     7.506176    10.681743   -49.616413   -77.219235
   28.874571     5.942173     7.365648    10.373695   -40.264370   -78.476311
   29.423608     5.789451     7.318552    10.674565   -30.674324   -72.892920
   29.106100     5.951340     7.077708    10.487522   -44.539155   -74.605750
   29.360230     5.793698     7.135704    10.703767   -28.581714   -86.737019
   29.129172     5.937418     6.902533    10.563790   -40.585986   -89.912774
   29.043836     5.638822     7.552918    10.705884   -43.484724   -70.613495
   29.485776     5.993162     7.242543    10.615879   -38.294985   -74.957683
   29.361991     5.973357     7.365662    10.630293   -50.379384   -72.903688
   29.143778     5.671658     7.283920    10.683772   -28.422976   -85.029694
   29.295581     5.870998     7.356998    10.582210   -18.910114   -91.414420
   29.429443     5.756201     7.229923    10.727813   -30.570829   -77.640618
   29.151824     5.983106     7.782179    10.548010   -52.956502   -68.854099
   29.324815     5.846556     7.254721    10.630210   -40.657716   -70.145626
   29.256599     6.069181     7.287911    10.441650   -38.415908   -75.877424
   29.437177     6.024514     6.976890    10.679511   -39.335378   -92.667016
   29.333262     6.122008     7.508938    10.463620   -32.072650   -88.798393
   29.583955     6.089653     7.321341    10.509638   -27.072882   -73.956681
   29.183735     5.996135     7.491246    10.471776   -17.018124  -102.258091
   29.433895     5.869238     7.362505    10.750594   -24.632511  -102.166866
   29.153919     5.983291     7.131357    10.513525   -51.951948   -70.201707
   29.179794     5.840702     7.333848    10.497642   -34.101139   -67.236086
   29.020969     6.082163     7.587256    10.317895   -17.110772  -100.915118
   29.028582     5.843091     7.503552    10.570808   -47.474793   -74.685581
   29.501355     5.953768     7.540585    10.661372   -39.507492   -76.809276
   29.112201     5.733739     7.386075    10.607367   -41.627399   -67.318268
   29.594880     6.331601     7.050394    10.343146   -28.862396   -69.386305
   29.214496     6.167575     7.226143    10.367532   -46.985358   -69.814164
   29.611417     6.505960     7.398425    10.322575   -41.614481   -77.710738
   29.138919     6.065093     7.442354    10.398200   -40.463988   -76.311050
   29.204270     6.102034     7.337235    10.377065   -49.014183   -62.046574
   29.257173     6.066555     7.392679    10.327170   -28.490970   -68.047039
   29.408245     6.405137     7.291138    10.391012   -47.218918   -87.746368
   29.187573     6.289526     7.397311    10.281373   -44.187424   -77.216191
   29.114007     6.240671     7.487164    10.320712   -42.443287   -86.298712
   29.457105     6.347334     7.260662    10.338589   -31.120661   -84.145999
   29.012011     5.965252     7.112576    10.346850   -14.277134   -96.187660
   29.104097     5.900073     7.289555    10.495740   -43.949779   -69.830349
   29.218347     5.908137     7.092734    10.595329   -43.736289   -77.808783
   29.091664     5.855826     7.218045    10.466807   -26.575973   -80.143112
   29.355214     5.859343     7.188813    10.570423   -33.795886   -67.408387
   29.371067     5.846511     7.406212    10.618355   -35.743452   -69.628570
   29.694649     6.252015     7.564430    10.514910   -44.200035   -70.451474
   29.352353     5.934741     7.284034    10.538008     0.636908  -110.545461
   29.154734     6.180721     7.025704    10.299062    -9.239327  -109.194375
   29.314267     6.007381     7.807766    10.550308   -48.153185   -65.759470
   29.245458     6.126787     7.240629    10.327222   -38.314663   -65.249670
   29.230330     6.199624     7.017355    10.289774   -33.273270   -73.867768
   29.232168     6.144377     7.205355    10.338560   -37.972744   -70.584243
   29.149812     6.194878     7.068863    10.305699   -42.826095   -72.871615
   28.811444     6.098957     7.253770    10.171737   -40.502233   -71.608395
   29.217705     6.001632     7.110472    10.354599   -30.739950   -65.374207
   29.212713     6.137038     7.495215    10.270702   -24.094713   -76.187152
