   30.806944     6.244745     7.364843    11.127010   -47.737905   -78.703216
   30.928025     6.335836     7.150795    11.005585   -28.320369   -72.286157
   31.258478     6.473798     7.149202    11.067154   -33.163974   -57.838107
   30.986630     6.447347     7.476489    10.880926   -16.789091   -66.395710
   31.156048     6.388151     7.316591    10.937155     3.331194   -75.463068
   31.299545     6.494950     7.446057    10.997459   -15.856378   -56.890274
   31.085856     6.421049     7.496735    10.919861   -20.193553   -42.468666
   31.130329     6.338297     7.622408    11.059535   -23.862475   -61.887145
   31.412573     6.189398     7.346901    11.307183   -22.421438   -77.556319
   31.091664     6.365207     7.378689    11.049314   -30.385048   -62.510407
   31.340551     6.314271     7.171429    11.179659   -26.543344   -63.453556
   31.261410     6.516032     7.172836    11.034154   -24.105897   -75.089875
   31.411237     6.439372     7.224792    11.154803   -22.457975   -84.574952
   31.398527     6.523023     7.453385    10.985043    -1.477087   -69.561176
   31.129441     6.398290     7.056223    11.051441   -27.636868   -71.325567
   31.076762     6.345672     7.456618    10.983136   -13.508010   -65.714656
   31.084144     6.440281     7.558773    10.984706   -34.037532   -50.786456
   31.439149     6.373509     7.302361    11.188704   -14.259958   -92.339310
   31.002661     6.254976     7.386073    11.059324   -24.850599   -65.951635
   31.265105     6.337923     7.754220    11.111950   -16.167914   -67.397908
   31.343225     6.548776     7.325266    10.997197   -18.920215   -54.683216
   30.920349     6.310322     7.283013    10.909236    -5.275659   -74.325529
   31.143063     6.462005     7.438615    10.983270   -29.092428   -51.473130
   31.126076     6.361272     7.701119    11.057929   -22.963235   -71.696129
   31.081992     6.353165     7.207115    11.042078   -25.105212   -69.851703
   31.472795     6.413003     7.331570    11.102033     0.307210   -83.604702
   31.450845     6.633073     7.616548    11.012390   -18.123761   -71.387521
   31.080034     6.408831     7.513423    10.927539    -2.556784   -82.151783
   31.313160     6.661270     7.250957    10.879671     4.210685   -96.095302
   31.476659     6.351853     7.321941    11.176846   -11.173235   -71.975256
   31.244945     6.254397     7.409603    11.142595   -14.529884   -69.018037
   31.236974     6.226519     7.237113    11.184579   -23.713296   -68.872193
   31.534872     6.393026     7.324303    11.183937   -13.732681   -62.471555
   31.427174     6.303392     7.542082    11.211275   -15.870559   -64.412144
   30.909608     6.432328     7.143300    10.837276    -9.176318   -70.746262
   31.373345     6.669348     7.220171    10.914284    -6.497673   -77.002139
   31.440214     6.873652     7.402036    10.839399   -14.765611   -71.842621
   31.600563     6.651216     7.418910    11.051527    -9.755560   -80.376826
   31.130311     6.475935     7.430124    10.884021    -5.533356   -65.706542
   31.311890     6.517413     7.488761    10.973900   -11.825812   -59.226363
   31.253335     6.348656     7.313910    11.107267   -20.443640   -70.216632
   31.505582     6.608552     7.108533    11.093761   -27.730701   -65.932099
   31.168959     6.517466     7.213033    10.975633   -25.098440   -66.065905
   31.157275     6.362436     7.604492    11.057909   -17.170024   -77.044539
   31.161128     6.542694     7.423155    10.977724   -30.729972   -65.643879
   31.100126     6.417019     7.298087    10.936595   -14.688741   -58.215909
   31.158642     6.489477     7.578333    10.941111   -14.153403   -71.915534
   30.951920     6.502185     7.051796    10.875147    -7.918034   -91.601598
   30.874003     6.363365     6.976543    10.962264   -28.617688   -70.257234
   30.921730     6.442291     7.455537    10.896840   -26.197893   -65.750824
   30.899574     6.212513     7.524352    11.094331   -31.379621   -74.122278
   31.367380     6.179154     7.194142    11.255422    -9.482584   -93.594397
   31.301325     6.394302     7.191115    11.095472   -18.992865   -73.107893
   30.965015     6.282610     7.434937    11.000709   -24.081662   -59.038320
   30.864701     6.266923     7.586901    10.968518   -16.933886   -74.778024
   31.303992     6.407351     7.523615    11.068712   -13.738707   -68.653108
   31.369810     6.256509     7.472468    11.231463   -22.233648   -60.908229
   31.379283     6.481452     7.264289    11.071974   -18.736581   -67.549122
   31.211514     6.538601     7.419438    10.997155   -27.804286   -68.116410
   31.261581     6.285532     7.527372    11.116329   -12.250993   -62.144422
   31.160958     6.591672     7.036637    10.923487   -12.866131   -86.592495
   31.222764     6.431824     7.087334    11.159450   -41.861116   -78.740506
   31.147911     6.710179     7.263666    10.883432   -28.392372   -74.432764
   31.207647     6.263513     6.965722    11.131261   -18.268335   -78.566424
   31.003973     6.071109     7.316664    11.181707   -21.212035   -73.713388
   31.244628     6.417543     7.334971    11.025635   -15.679608   -62.732385
   31.564298     6.430709     7.307628    11.276504   -35.321005   -77.668077
   31.026974     6.434848     7.462857    10.926885   -21.674410   -62.920599
   31.215248     6.574351     7.529808    10.913456   -17.956773   -63.300526
   31.571900     6.672790     7.432510    11.047131   -19.350814   -60.254210
   30.993971     6.190512     7.242724    11.058181    -9.675849   -80.164987
   31.345783     6.659778     7.484969    10.955666   -14.013888   -87.479768
   31.196486     6.568213     7.432616    10.986827   -30.496812   -69.645688
   31.434759     6.560706     7.474913    11.067790   -23.585848   -62.186753
   31.272742     6.409826     7.469507    11.157846   -42.780728   -54.499863
   31.078462     6.403944     7.373763    10.977753   -11.419060   -83.456631
   31.482344     6.522304     7.453459    11.163168   -31.788273   -69.494477
   31.203877     6.333630     7.365405    11.102907   -22.852745   -68.509648
   31.282745     6.535123     7.733701    10.983300   -20.832515   -60.748870
   31.148922     6.551432     7.416622    10.942768   -23.075025   -71.984735
   31.286019     6.569893     7.708277    10.936213    -6.929413   -83.003711
   31.045708     6.301366     7.316721    11.070173   -26.997434   -70.594261
   31.624208     6.584946     7.021146    11.121162   -17.747234   -68.920897
   30.715522     6.320612     7.454632    10.895718   -27.555481   -70.174975
   31.041840     6.312528     7.441115    11.183447   -31.162775  -104.797503
   31.214272     6.728906     7.285746    11.011714   -32.261243  -106.949037
   31.206497     6.576767     7.458770    11.143054   -57.253746   -79.883843
   31.361659     6.511492     7.182515    11.215123   -47.517601   -84.932444
   31.150874     6.506355     7.198560    11.181804   -56.917769   -85.459495
   31.005943     6.657358     7.374640    10.922902   -45.018917   -72.652504
   30.791847     6.266224     7.481269    11.143285   -54.768911   -79.278535
   31.096486     6.554396     7.425295    10.993248   -35.198648   -77.979336
   31.494166     6.506875     7.497864    11.205811   -40.234336   -59.878092
   30.854288     6.301863     7.626599    11.059794   -40.009342   -76.617054
   31.199391     6.238583     7.471604    11.209171   -25.391563   -81.920464
   30.890750     6.554605     7.239187    10.962511   -41.504132   -84.122934
   31.378500     6.393809     7.524740    11.323117   -59.381691   -70.472096
   31.273992     6.432796     7.229528    11.267122   -57.660572   -82.234305
   31.411369     6.398401     7.367354    11.289343   -51.276126   -68.088346
   31.314006     6.480358     7.536410    11.178488   -43.229152   -76.991986
   31.126750     6.527194     7.472657    11.124526   -57.201777   -74.633323
   31.432785     6.476817     7.491377    11.317917   -63.578883   -73.316576
   31.269190     6.534072     7.226676    11.202328   -59.976295   -75.674469
   30.828718     6.301844     7.583960    11.093235   -43.896225   -84.074267
   31.046311     6.415407     7.266747    10.916066   -15.702303   -59.223714
   31.163125     6.432065     7.766980    11.018297   -14.211263   -86.848904
   31.414406     6.608845     7.620759    10.993895   -12.063621   -78.835421
   31.267621     6.609273     7.461518    11.120362   -53.109091   -76.148716
   30.871513     6.239512     7.044191    11.144793   -49.531128   -72.927188
   31.027227     6.495450     7.644251    11.029018   -41.110381   -81.560664
   31.372767     6.734251     7.497874    11.110306   -60.598899   -71.751041
   31.208568     6.257596     7.231326    11.351889   -60.552513   -80.919231
   31.279529     6.523838     7.357654    11.169314   -45.885019   -85.431503
   31.320732     6.406152     7.370642    11.293286   -49.278764   -93.378631
   31.406364     6.383012     7.570493    11.356394   -59.155414   -77.610358
   31.639346     6.366866     7.019622    11.389216   -51.366762   -69.674874
   31.517028     6.336426     7.446459    11.297575   -30.411775   -73.497319
   31.093316     6.428062     7.695519    11.119195   -48.802710   -72.113068
   31.076283     6.318447     7.513629    11.244682   -58.518935   -75.830826
   30.985101     6.377365     7.602509    11.135325   -47.867925   -84.393718
   30.881313     5.917050     7.275497    11.340489   -45.377530   -75.093480
   31.415678     6.581571     7.391581    11.171296   -32.338094  -103.543548
   31.645909     6.473725     7.382610    11.322130   -44.952680   -66.863851
   31.268085     6.614782     7.295858    11.099125   -44.638217   -83.186051
   30.721851     6.225723     7.566372    11.092747   -53.125717   -69.104955
   30.964189     6.490539     7.456339    11.007887   -48.338684   -67.731140
   31.422332     6.157838     7.203214    11.425161   -44.673082   -83.108365
   31.106217     6.587538     7.622254    11.009930   -45.870137   -74.772385
   30.805724     6.539181     7.591003    10.877565   -44.132679   -72.306244
   31.199993     6.436178     7.348256    11.159870   -38.410785   -88.574213
   31.135827     6.551920     7.511811    11.136162   -51.311012   -94.093615
   31.368536     6.570146     7.536128    11.176592   -46.508684   -84.317102
   31.260196     6.592678     7.184870    11.160258   -54.853622   -83.291927
   31.014897     6.433592     7.542034    11.123413   -40.146676  -100.505298
   31.332691     6.552276     7.253874    11.265082   -78.730522   -58.524334
   31.498274     6.794660     7.420988    11.173743   -66.066993   -80.702414
   30.886796     6.610405     7.299696    10.961091   -55.635693   -73.304440
   31.092125     6.189873     7.568912    11.095177    -0.934389   -86.003773
   31.557126     6.403298     7.257373    11.121983    10.521144   -97.054773
   31.339577     6.331143     7.358689    11.135974    -9.422658   -83.362504
   30.994970     6.314053     7.468543    10.951470    -2.231537   -82.342090
   31.463661     6.427522     7.194951    11.072024     6.083049   -91.562978
   30.980699     6.276251     7.514261    10.992271   -10.599703   -75.179582
   31.348139     6.364474     7.488825    11.130669   -11.558483   -81.333039
   31.249508     6.466026     7.628912    10.978422    -7.706341   -73.071602
   30.738603     6.263299     7.183855    10.891439   -14.481332   -71.840402
   31.166045     6.649816     7.339628    10.838322   -14.097710   -68.853289
   31.294663     6.442540     7.594842    11.071914   -21.259770   -67.249098
   31.509842     6.503847     7.100371    11.121950   -19.688997   -67.823838
   31.432328     6.436067     7.200723    11.100047   -10.116570   -78.440402
   31.134899     6.458447     7.695950    10.933034    -9.810188   -74.392986
   30.739758     6.419211     7.689530    10.788497   -18.199428   -74.398947
   31.104540     6.396277     7.167923    11.143878   -40.920416   -84.609929
   31.276481     6.512423     7.374056    11.176296   -53.558532   -70.638811
   31.190192     6.425591     7.356914    11.182968   -52.248995   -70.178660
   31.161660     6.212108     7.607098    11.270107   -36.059106   -83.557983
   30.993346     6.332184     7.261392    11.193214   -57.349445   -75.879131
   31.411189     6.599046     7.130243    10.972223    -4.587446   -79.972690
   30.938329     6.458130     7.303631    10.831732   -10.808815   -68.788478
   31.063486     6.522106     7.308258    10.811457    -4.524241   -64.018388
   30.903010     6.405739     7.573879    10.797633    -3.126313   -68.081574
   30.981441     6.348134     7.394209    10.892943    -8.244723   -60.638164
   31.285898     6.283799     7.276061    11.345981   -48.064134   -94.552511
   31.469461     6.582235     7.108976    11.002637    -2.016191   -83.355366
   31.402777     6.464437     7.447990    11.066691    -9.701676   -72.803753
   31.310767     6.201571     7.552217    11.193939    -8.965675   -64.653037
   31.005312     6.161201     7.280055    11.092175   -18.284768   -67.578393
   31.269980     6.465188     7.132542    10.995271   -13.315722   -62.123346
   31.180206     6.399398     7.283937    11.017305   -21.821622   -54.780196
   31.449624     6.523785     7.740532    11.029950    -3.538783   -75.460834
   31.101793     6.215810     7.372637    10.981716    14.635219   -76.481086
   31.361730     6.662042     7.521938    10.938197   -20.471419   -57.977579
   31.330355     6.357728     7.569014    11.056979     0.289376   -67.036806
   31.295301     6.517685     7.212615    10.993421   -12.170673   -75.915712
   30.995209     6.159979     7.199347    11.063907   -12.473679   -70.279771
   31.076974     6.209526     7.363657    11.024052     6.126800   -82.557554
   31.555117     6.231475     7.416989    11.225373    12.113505   -87.551578
   31.428341     6.559327     7.522380    11.010746   -11.883111   -58.729047
   30.825454     6.257077     7.137602    10.820418     2.652971   -61.978685
   30.854812     6.337290     7.570946    10.762779    13.937922   -76.686013
   31.461066     6.524495     7.501107    10.996472     3.197121   -66.779088
   30.949319     6.341380     7.290579    10.919306   -11.702088   -68.944180
   31.054292     6.302050     7.396667    10.995029    -6.478188   -77.182324
   31.101430     6.369293     7.414665    10.985392   -15.079813   -65.060345
   30.910149     6.558494     7.624679    10.752771   -10.781466   -77.681586
   31.182773     6.487172     7.253414    10.860508     7.949750   -73.441846
   31.186418     6.398960     7.456479    10.975116    -7.126275   -65.356601
   30.716165     6.197193     7.215494    10.849095     4.664075   -78.985431
   30.945868     6.267774     7.449897    10.950449    -1.333691   -80.550409
   30.984996     6.238430     7.388720    10.972538    -4.362669   -68.468996
   30.811829     6.260217     7.480744    10.871066    -4.969912   -69.528669
   30.958196     6.323250     7.485855    10.963560   -13.831627   -75.451457
   31.399857     6.495723     7.374220    11.034569   -11.779484   -56.059790
   31.140066     6.341549     7.375408    11.018081   -16.486898   -58.621961
   31.291571     6.604262     7.283637    10.915673   -12.457065   -62.539793
   30.887384     6.460782     7.428448    10.803641    -8.422788   -74.874003
   31.004370     6.568946     7.602099    10.832274   -13.551076   -84.463093
   30.966223     6.414394     7.356204    10.866000     1.898175   -88.301002
   30.865084     6.237928     7.196793    10.989846   -22.156059   -66.934095
   30.835343     6.386427     7.403514    10.793623    -9.238649   -62.106458
   30.964829     6.468284     7.493445    10.811524    -7.595300   -67.891612
   30.740176     6.379342     7.425940    10.739719    -5.308540   -66.731209
   31.318288     6.489005     7.395994    10.987026    -4.876523   -74.233520
   30.962713     6.286850     7.471205    10.933081    -6.357915   -66.967960
   30.810750     6.172888     7.305400    10.886068     6.016299   -72.214237
   31.087712     6.310507     7.406293    10.930542     6.342187   -69.441933
   31.329103     6.292497     7.148033    11.104335    -2.181913   -77.366767
   31.282068     6.170650     7.421408    11.240717   -20.212771   -67.528525
   31.158487     6.309719     7.497685    11.060299   -10.571239   -75.866715
   30.958698     6.535091     7.467995    10.774571    -5.421792   -76.155467
   31.386623     6.602763     7.126927    10.942021     0.069528   -82.340809
   31.172220     6.378189     7.345305    10.993777   -10.880076   -63.565869
   31.049590     6.396861     7.358223    10.919240   -10.139131   -66.421951
   31.451311     6.275774     7.119743    11.225334   -15.922064   -77.896605
   31.076930     6.732363     7.170743    10.758130   -15.676513   -67.620706
   30.862112     6.162051     7.467430    11.028357   -10.970618   -79.685208
   30.989633     6.445937     7.136139    10.872401    -5.071583   -79.803081
   31.017179     6.277721     7.523766    10.969884     1.623067   -81.928243
   31.027838     6.322614     7.283237    10.956695   -11.823020   -62.775385
   30.894249     6.083836     7.351470    11.059304   -10.580936   -68.032229
   31.353067     6.338506     7.431645    11.051594     6.249942   -65.074699
   30.975558     6.334918     7.350813    10.882165   -10.747738   -48.129117
   31.177003     6.230341     7.259934    11.072008    -9.240531   -55.225026
   31.278889     6.262916     7.664450    11.136818    -7.015373   -69.745453
   30.993479     6.338153     7.014059    10.908604     3.359141   -83.508273
   31.043028     6.594476     7.429816    10.848673   -21.872019   -70.167338
   30.863205     6.308788     7.454605    10.864935    -8.914342   -63.303632
   31.628415     6.563226     7.437677    11.107851    -6.907007   -78.402697
   31.110338     6.347072     7.181159    10.983996    -1.902308   -84.276853
   31.460580     6.554069     7.487085    10.978686     4.336071   -75.424686
   31.425211     6.741301     7.385472    10.886366    -7.919344   -71.737974
   31.007886     6.243836     7.449208    11.044994   -25.280980   -53.917597
   31.201289     6.405081     7.309172    10.983321    -4.370482   -75.569847
   31.227419     6.411499     7.488660    11.004510    -9.965910   -66.962442
   31.656706     6.615527     7.246152    11.077638    -5.700639   -76.933026
   30.935092     6.104706     7.343847    11.097661   -15.245150   -72.339173
   30.804761     6.548508     7.513603    10.727976   -14.656862   -75.802609
   30.967773     6.448417     7.353609    10.859505   -12.629849   -68.421924
   31.182156     6.513075     7.575925    10.948911   -24.431013   -53.340431
   30.978695     6.159835     7.476460    11.057224   -13.833289   -62.506490
   31.081661     6.396780     7.122551    10.996736   -26.442459   -58.959079
   31.050930     6.367061     7.609733    11.014630   -32.009726   -53.906982
   30.932549     6.219853     7.278781    10.986406   -17.508788   -56.652306
   31.257060     6.469653     7.452539    11.001144   -17.168781   -59.925528
   31.432824     6.338283     7.145286    11.148987   -12.518999   -57.904688
   31.135879     6.490147     7.144296    10.944902   -18.604838   -65.623524
   31.266428     6.657001     7.057528    10.905755   -15.875987   -68.560655
   31.039989     6.275299     7.690726    11.030543   -21.306544   -55.413890
   31.102128     6.210563     7.413212    11.071390     0.652286   -86.334425
   31.189694     6.303801     7.536725    11.127307   -14.096766   -88.911925
   30.914708     6.339704     7.256040    10.926665    -4.522472   -88.582809
   30.947165     6.348386     7.634564    11.027941   -29.396284   -79.612794
   31.134054     6.559664     7.350212    10.919846   -20.301055   -72.481752
   31.708601     6.587185     7.462552    11.119672    -3.782251   -77.875999
   31.461378     6.361392     7.600417    11.238019   -24.294370   -73.678808
   31.382803     6.631006     7.494246    10.980036   -18.180673   -70.838700
   30.598026     6.374391     7.456871    10.881107   -56.618808   -49.842275
   31.279513     6.474742     7.599328    11.122660   -28.512133   -89.007729
   31.080699     6.321224     7.755464    11.036902   -13.367173   -79.414903
   31.431111     6.331622     7.327690    11.284708   -39.789619   -67.918773
   31.246624     6.222344     7.183414    11.211044   -24.311691   -79.611488
   31.658605     6.479990     7.255406    11.233215   -25.230331   -64.569858
   31.437760     6.546555     7.423998    11.132126   -31.714981   -73.724406
   31.275970     6.396717     7.151646    11.098717   -26.244053   -63.969175
   31.243463     6.441996     7.349112    11.048978   -32.666403   -35.481910
   31.175305     6.468043     7.557410    10.960692   -15.876200   -65.591564
   30.859168     6.104668     7.238028    11.078847   -24.242278   -65.506691
   31.339848     6.139055     7.299366    11.321080   -24.724538   -82.496871
   31.235708     6.227275     7.122405    11.322556   -40.235788   -97.432108
   31.316217     6.391361     7.369295    11.242473   -36.053366   -95.559070
   30.880901     6.252254     7.615598    11.176023   -52.406467   -78.071601
   31.536305     6.371584     7.414878    11.340261   -37.149381   -90.448453
   31.393537     6.404943     7.502655    11.245623   -35.051033   -86.796772
   31.338771     6.752776     7.486581    10.804574    -4.009153   -69.471164
   31.176527     6.369116     7.171063    10.984562    -3.927506   -72.697023
   31.360838     6.379455     7.432775    11.057251     5.991245   -87.289655
   31.438144     6.292548     7.486423    11.373201   -31.649588  -108.792237
   31.172367     6.143969     7.624681    11.352357   -51.420182   -66.157885
   31.329029     6.331169     7.137206    11.245274   -41.565663   -73.020297
   31.094942     6.454371     7.429470    11.184890   -59.302318   -80.794884
   31.131052     6.095168     7.145796    11.333663   -24.814755  -112.002369
   31.167137     6.248368     7.538096    11.276428   -31.234463  -103.516370
   31.242950     6.374327     7.093824    11.227064   -42.384346   -88.570358
   31.102212     6.135163     7.487750    11.340287   -40.103097   -95.265875
   31.035025     6.553468     7.312423    11.058501   -53.351460   -75.947330
   30.965203     6.446384     7.316931    11.065106   -42.250874   -85.497663
   31.197250     6.490121     7.083750    11.137739   -39.526256   -90.492281
   31.204563     6.136534     7.359426    11.333026   -48.861431   -61.387609
   31.357633     6.357900     7.276387    11.280554   -49.319036   -70.586147
   31.445156     6.460551     7.392796    11.291937   -39.706918  -103.432984
   30.993775     6.295743     7.632322    11.200743   -49.581660   -83.513958
   31.357813     6.482793     7.414358    11.209601   -36.957020   -95.604292
   31.052713     6.360734     7.290513    11.196460   -52.456944   -82.628962
   31.723273     6.427951     7.430900    11.414912   -37.362088  -104.410029
   31.286322     6.607517     6.985556    11.203182   -64.851930   -80.329341
   31.324573     6.418839     7.465888    11.344096   -54.808755  -104.118226
   31.199681     6.412050     7.301019    11.273438   -70.788575   -66.783380
   31.614183     6.576489     7.485710    11.358779   -61.056835   -91.921253
   31.339500     6.386297     7.091214    11.220054   -25.080910  -105.279459
   31.315528     6.076510     7.254167    11.444557   -49.962684   -76.295078
   31.144080     6.421761     7.503325    11.145020   -51.431478   -64.052371
   31.495466     6.310568     7.618012    11.355414   -43.895356   -59.313662
   31.354696     6.252321     7.348672    11.387124   -49.928011   -87.882994
   30.767576     6.160663     7.465762    11.060902   -12.616667  -100.329549
   31.206038     6.608666     7.506769    10.906738   -20.391670   -67.844951
   31.128508     6.580688     7.470035    10.966418   -26.120295   -86.795560
   31.204936     6.303452     7.427838    11.109812     7.701146  -118.726550
   31.477043     6.433439     7.144670    11.135334   -11.028527   -85.931662
   30.827278     6.189164     7.429938    11.211435   -49.716115   -87.625142
   31.235943     6.223376     7.430839    11.358787   -53.645969   -79.869265
   31.251805     6.354513     7.316945    11.319810   -59.813376   -83.816331
   31.126633     6.369238     7.212880    11.257958   -67.749048   -69.027527
   30.801799     6.325211     7.522188    11.124237   -60.770870   -74.875860
   31.088819     6.183760     7.220801    11.371564   -63.832799   -83.775864
   30.892571     6.106962     7.228588    11.207626   -49.508504   -63.184101
   30.922827     6.395360     7.404953    11.093912   -52.151496   -75.041483
   31.157997     6.557936     7.122001    11.091092   -44.320468   -84.183791
   31.410465     6.196505     7.530284    11.388889   -29.204494   -98.511112
   31.363119     6.540145     7.487219    11.177468   -48.971764   -71.128384
   30.901683     6.496890     7.213976    11.077200   -53.139444   -88.389356
   31.926377     6.552851     7.288832    11.427690   -33.615015  -117.652423
   31.391413     6.715567     7.206825    11.124106   -44.730331   -95.769635
   30.762797     6.541084     7.397548    10.995089   -40.837694  -111.585387
   31.144293     6.530241     7.327902    11.190092   -53.098614  -101.313849
   31.229177     6.548527     7.140350    11.193472   -39.586079  -115.834399
   31.292851     6.606818     7.341918    11.188685   -44.650940  -110.834565
   30.963820     6.621787     6.945762    11.108116   -47.954510  -117.659324
   31.266299     6.595842     7.295459    11.110897   -33.439221  -104.180749
   31.346253     6.505828     7.335998    11.214833   -46.265458   -87.584552
   31.104805     6.376162     7.274738    11.250363   -64.952790   -75.767654
   31.086907     6.541179     7.341597    11.114915   -41.604087  -105.279973
   31.692606     6.573342     7.441377    11.397121   -67.011983   -82.118265
   31.317053     6.420722     7.376207    11.329242   -68.985656   -75.085447
   30.930900     6.477574     7.093687    11.145611   -46.933983  -110.884398
   31.077198     6.441324     7.301467    11.268217   -60.284455  -106.099442
   31.062250     6.388527     7.187402    11.280779   -58.733687  -104.221613
   31.810529     6.388969     7.675541    11.485623   -47.239500   -77.582692
   31.601205     6.522511     7.492962    11.363030   -62.854066   -75.628085
   31.185299     6.573927     7.232433    11.137130   -35.805891  -114.427661
   31.106092     6.475640     7.282028    11.114875   -24.445818  -117.117149
   31.231335     6.405087     7.458906    11.165765   -37.353848   -79.305541
   31.506313     6.744865     7.420778    11.116957   -43.283082   -85.816865
   31.522596     6.453491     7.337087    11.336741   -39.186960  -108.689576
   31.446481     6.517424     7.119648    11.288592   -40.645203  -113.722880
   31.669502     6.420280     7.393528    11.401264   -34.157785  -112.066040
   31.411412     6.708866     7.083594    11.130388   -49.024326   -84.366220
   31.265593     6.680716     7.637192    11.066550   -55.568403   -73.167241
   31.348896     6.710327     7.249834    11.038319   -47.275071   -58.796881
   31.429097     6.658558     7.695689    11.082003   -39.398206   -72.629767
   31.431929     6.547248     7.315955    11.153584   -29.394458   -91.802422
   30.892882     6.618973     7.561915    10.965104   -62.731996   -71.020801
   30.961697     6.716101     7.384696    10.827041   -37.619446   -74.161155
   31.318209     6.759583     7.115765    11.027041   -45.291072   -76.299423
   31.115967     6.615443     7.151349    10.991805   -38.048763   -78.062292
   31.579355     6.796626     7.178341    11.134896   -51.676241   -72.722603
   31.222411     6.407986     7.039771    11.184367   -41.511971   -84.380245
   31.098503     6.398111     7.489984    11.099281   -35.406281   -79.554004
   31.214662     6.484673     7.202957    11.069295   -25.943596   -86.816213
   31.180533     6.515870     7.180118    11.098693   -48.262124   -67.068127
   30.909055     6.680623     7.106691    10.912156   -50.359193   -72.320944
   31.154956     6.697594     7.348681    10.934507   -39.034453   -70.935102
   31.161857     6.335444     7.117764    11.156790   -39.200371   -71.231324
   31.147609     6.622453     7.073381    11.071231   -30.818838  -113.434369
   31.007502     6.545006     7.343723    11.018048   -22.939066  -115.865949
   31.397507     6.896010     7.267025    10.915960   -29.786570   -85.332932
   31.034656     6.472878     7.431442    10.982271    -2.019902  -121.553477
   30.776218     6.364101     7.185728    10.973009   -32.852347   -80.541109
   31.432788     6.763981     7.112671    10.985218   -28.388257   -72.294224
   31.402853     6.836342     7.451490    10.965325   -32.658079   -88.670242
   31.097604     6.206592     7.093520    11.176590   -21.291381   -93.530713
   31.146955     6.523362     7.290106    10.979286   -20.501700   -83.221399
   31.633299     6.607171     7.517020    11.148373   -22.643755   -74.524536
   31.703082     6.489716     6.979235    11.273434   -34.351030   -65.652899
   31.114253     6.678153     7.476627    10.889186   -33.865650   -70.547709
   31.006594     6.427076     7.451927    10.940659   -22.002713   -69.461632
   31.054264     6.303950     7.549309    11.026117   -16.215970   -70.633230
   31.182192     6.566454     7.327998    11.073989   -45.460815   -75.242925
   31.161573     6.441041     7.211020    11.161660   -38.120057   -96.480367
   31.298363     6.497209     7.662332    11.172922   -33.354439  -102.053986
   31.292367     6.459121     7.283079    11.209684   -32.023177  -109.022462
   30.744847     6.411550     7.729268    10.930051   -32.510473   -90.666379
   31.218416     6.562107     7.522684    11.095790   -35.208897   -98.001663
   31.555150     6.689204     7.526637    11.098569   -26.843214   -88.282299
   31.440618     6.295414     7.372042    11.341579   -45.181999   -70.167323
   31.171430     6.727077     7.256015    10.965929   -38.397485   -85.450739
   31.188049     6.349682     6.932239    11.196679   -42.020499   -82.060130
   31.411063     6.789382     7.342668    11.045538   -43.343911   -83.332872
   31.140948     6.510258     7.678270    11.109083   -53.402761   -72.425177
   31.346001     6.391132     7.495486    11.275079   -44.232925   -86.287526
   31.401515     6.457762     7.221098    11.234478   -43.078215   -82.337780
   30.931167     6.546812     7.365918    10.975082   -32.961000   -97.577943
   31.096173     6.642063     7.598550    10.953492   -39.752403   -80.503905
   31.791024     6.628514     7.589507    11.344354   -48.751123   -89.569492
   31.331299     6.451540     7.597361    11.217617   -43.064333   -82.908550
   31.294032     6.429735     7.224761    11.219052   -40.579035   -91.819397
   31.023897     6.313945     7.474759    11.206393   -50.536157   -83.315023
   31.225961     6.473910     7.543388    11.234907   -48.077973  -103.336315
   31.345474     6.356099     7.254878    11.298663   -48.099007   -83.920922
   31.149932     6.271065     7.048522    11.237935   -47.350536   -76.447126
   31.050075     6.592549     7.366610    11.043831   -40.650665   -99.564417
   31.233406     6.215455     7.638390    11.279881   -35.270634   -74.996431
   31.424084     6.335461     7.236728    11.292842   -45.846623   -63.092789
   31.340421     6.651674     7.541890    11.109315   -49.948114   -76.940218
   31.059088     6.403936     7.650278    11.122982   -46.663853   -76.902064
   31.097710     6.269782     7.231664    11.170765   -29.096315   -89.516044
   31.255850     6.295423     7.353587    11.201274   -33.145912   -69.858331
   31.240677     6.288838     6.891399    11.167786   -25.189611   -81.721909
   31.006615     6.441358     7.193007    10.856527    -8.593758   -63.668460
   30.939241     6.232626     7.105719    11.031335   -25.306284   -63.403333
   31.434960     6.455355     7.456146    11.202768   -36.677648   -67.543617
   31.015936     6.277161     7.311393    10.970705    -0.964871   -79.195576
   31.163081     6.278505     7.194034    11.108922   -18.481727   -76.980956
   30.947045     6.498150     7.438550    10.890847    -7.780761  -102.174480
   31.043299     6.420897     7.135266    11.061926   -41.631247   -67.979124
   31.347170     6.672602     7.555149    11.048753   -37.528134   -81.710994
   30.864525     6.641402     7.310939    10.902519   -39.276522   -91.183066
   31.369111     6.293912     7.445599    11.274792   -37.500385   -65.760791
   31.351187     6.619547     7.585001    11.044587   -28.938571   -82.451817
   31.006943     6.627696     7.295057    10.946173   -22.995694  -109.046703
   31.305563     6.469585     7.487016    11.210043   -45.114027   -85.454951
   31.469036     6.577359     7.586528    11.201423   -42.957001   -85.147484
   30.999076     6.468032     7.259351    10.953402   -28.695113   -70.540024
   31.326722     6.663767     7.283704    10.969296   -24.247742   -72.098313
   30.830441     6.253290     7.108140    10.975078   -14.614631   -82.559077
   31.502084     6.440820     7.134829    11.143552   -13.096441   -81.616846
   31.223290     6.487176     7.092858    11.014063   -23.049860   -67.888600
   31.426218     6.613476     7.205571    11.042048   -24.040109   -69.460050
   30.915247     6.206977     7.153193    11.027923   -30.498746   -50.481906
   31.265189     6.630090     7.598721    10.926210   -17.939051   -76.888035
   30.861724     6.305365     7.120275    10.936855    -6.773959   -88.571152
   31.007913     6.320480     7.643244    11.075071   -32.118853   -73.599489
   31.453024     6.482641     7.188389    11.080095   -14.255618   -59.500217
   31.436879     6.414212     7.464283    11.143495   -16.311758   -69.755601
   31.173702     6.280431     7.099358    11.086069   -21.787686   -56.963231
   31.497840     6.320723     7.067158    11.281224   -36.858025   -55.481177
   31.270485     6.187629     7.451730    11.218991   -14.877001   -77.179943
   31.224881     6.491932     7.544007    10.984202   -19.312829   -63.961939
   31.479101     6.372214     7.274289    11.161100   -11.647942   -68.550234
   31.090134     6.375242     7.415135    11.032528   -27.753942   -63.770987
   31.609020     6.511930     7.431632    11.212854   -28.541882   -65.323536
   31.259935     6.622606     7.363584    10.926483   -19.373267   -67.652509
   31.284874     6.456424     7.514759    10.968419    -0.458296   -71.198365
   31.375882     6.456228     7.187447    11.072290   -16.657247   -65.335382
   30.887038     6.357389     7.749908    10.933145   -19.131496   -79.048235
   31.052584     6.500963     7.671361    11.073818   -54.107732   -71.669061
   31.234548     6.559085     7.495401    11.139764   -57.242240   -69.406080
   31.257171     6.661886     7.496365    11.088599   -59.933842   -66.230314
   31.516984     6.287940     7.220685    11.384778   -45.842469   -79.013657
   31.411206     6.338868     7.477902    11.277687   -37.279791   -72.635176
   31.140241     6.381073     7.518935    11.154150   -41.621246   -76.893758
   31.695594     6.868370     7.231256    11.112551   -42.395953   -80.850087
   31.318095     6.717695     7.358644    10.990521   -40.347566   -63.823007
   31.531033     6.526201     7.432168    11.279388   -57.742900   -55.615173
   31.549688     6.618125     7.404620    11.247916   -53.735520   -78.714686
   31.090342     6.172425     7.313633    11.211801   -33.266877   -74.448439
   31.118357     6.483561     7.181884    11.111260   -52.277059   -67.723674
   30.941056     6.494991     7.342987    11.068061   -57.524595   -74.457959
   31.021987     6.241986     7.574088    11.233538   -60.487486   -58.237267
   31.416930     6.686285     7.413247    11.023272   -32.208861   -66.596617
   30.754042     6.614958     7.242301    10.821732   -47.229483   -63.556805
   30.931817     6.392393     7.270098    11.088169   -47.425438   -78.048808
   31.403426     6.333466     7.279749    11.326414   -47.984829   -79.676132
   31.134835     6.500978     7.247150    11.092893   -48.357140   -69.421094
   31.151317     6.688580     7.481122    10.988798   -49.319908   -73.852566
   31.187327     6.692089     7.382680    11.043163   -50.311420   -84.251136
   31.279681     6.502844     7.702206    11.222562   -57.753205   -81.523611
   31.160309     6.124410     7.238686    11.350815   -52.303286   -72.452535
   31.225179     6.557292     7.266125    11.110455   -29.062735  -108.974811
   31.606764     6.665151     7.605325    11.164328   -38.736121   -71.022958
   30.977361     6.580904     7.538699    10.943022   -43.630734   -74.081239
   31.581298     6.649415     7.511809    11.230338   -55.722651   -66.218031
   31.285688     6.532631     7.349601    11.135780   -53.670501   -54.601019
   31.183500     6.752660     7.287008    11.002567   -56.405829   -70.210319
   31.318905     6.324162     6.962669    11.289360   -53.270959   -71.059214
   31.231626     6.533932     7.530957    11.129688   -45.927420   -81.823625
   31.293314     6.596736     7.702207    11.149769   -57.338561   -76.265593
   31.424298     6.396514     7.513075    11.317604   -52.316643   -74.090384
   31.174597     6.493179     7.672580    11.137816   -54.328008   -70.693623
   31.496095     6.394309     7.457851    11.329329   -42.904436   -86.166808
   31.357085     6.571530     7.600240    11.160523   -55.810584   -59.538950
   30.951063     6.441052     7.380552    11.064449   -47.228091   -78.589732
   30.812956     6.255772     7.496139    11.097346   -41.531698   -81.248535
   31.568631     6.806097     7.533148    11.088826   -49.832921   -61.232846
   30.841111     6.283150     7.340512    11.069420   -50.826179   -58.709306
   31.179926     6.402204     7.334299    11.124809   -45.530267   -54.392326
   31.279418     6.453341     7.294626    11.148030   -42.438964   -65.163160
   31.234647     6.284916     7.399177    11.279268   -50.748488   -68.591707
   31.633439     6.444927     7.669281    11.283937   -30.004173   -62.587377
   31.196532     6.163796     7.430968    11.194473   -17.736338   -68.460137
   31.350425     6.639269     7.585957    10.932324    -5.271325   -90.638181
   31.126763     6.240029     6.982287    11.141042   -27.800282   -72.756342
   31.205159     6.516128     7.488274    11.118109   -50.822366   -67.181269
   31.113053     6.424439     6.946712    10.994969    -7.426659   -95.102195
   31.377003     6.273797     7.553342    11.183498    -6.891115   -76.573208
   31.358844     6.380672     7.429954    11.075336    -0.781544   -81.781012
   31.271553     6.351969     7.100949    11.074397     5.516215  -107.525391
   30.910231     6.350459     7.293223    10.996779   -34.218058   -65.492644
   31.242032     6.426272     7.402787    11.095290   -30.225524   -67.354423
   31.401422     6.541904     7.170738    11.160660   -41.372513   -73.881319
   31.125489     6.714275     7.592059    10.968202   -51.671124   -76.336434
   31.233781     6.521480     7.593721    11.171992   -59.505107   -69.689299
   31.265991     6.372051     7.336276    11.223372   -50.083872   -63.156291
   31.078999     6.564522     7.330254    11.036765   -47.755795   -74.008645
   30.822537     6.547376     7.428139    10.845538   -39.401517   -65.356374
   31.404676     6.202195     7.294017    11.380480   -44.859742   -73.501402
   31.562726     6.557178     7.121552    11.211402   -37.840814   -79.304275
   31.007339     6.242505     7.278001    11.173160   -50.114313   -60.082087
   31.252167     6.444122     7.051943    11.134855   -37.609299   -75.083624
   31.057481     6.302720     7.006787    11.120982   -34.097407   -77.630017
   30.949571     6.269887     7.281807    11.145594   -38.392961   -85.381982
   31.107272     6.759057     7.017394    10.896430   -31.159093   -85.113498
   31.458156     6.247436     7.133120    11.286214   -23.142910   -84.043921
   30.981116     6.363862     7.232128    11.016160   -26.703492   -76.471873
   31.501745     6.370395     7.393258    11.307524   -42.266734   -66.656046
   31.195288     6.224112     7.153108    11.265442   -38.901421   -83.884434
   31.220965     6.458610     6.840946    11.110319   -38.517630   -71.683954
   31.781974     6.648132     7.065297    11.298017   -50.001278   -76.612291
   30.591902     6.387185     7.193603    10.888877   -42.733030   -69.669561
   31.295646     6.587494     7.127132    11.062216   -37.340022   -69.765289
   31.393968     6.509494     7.316745    11.220363   -58.147629   -53.486770
   31.144707     6.613839     7.048708    11.058233   -54.467360   -66.099580
   31.363666     6.739310     7.210664    11.048580   -51.740545   -58.093679
   31.156723     6.664527     7.458794    10.946033   -29.053621   -88.838502
   31.353320     6.501911     6.960194    11.186105   -51.935536   -61.998275
   31.358588     6.787047     7.426150    10.895552   -19.985881   -80.521430
   30.861920     6.392207     7.506237    11.043965   -59.008264   -57.701718
   30.987518     6.420503     7.239325    11.066072   -51.831320   -60.268678
   31.174069     6.676013     7.188035    10.976459   -45.218918   -62.482712
   31.732494     6.720088     7.415337    11.250290   -55.571996   -60.822284
   31.377034     6.573177     7.575692    11.106145   -37.796192   -69.865732
   31.086230     6.666642     7.171853    10.978687   -43.286523   -79.447543
   30.935337     6.505621     7.086214    11.015698   -48.522560   -72.100611
   30.970005     6.393563     7.376637    10.988284   -19.634413   -87.687653
   31.306140     6.609693     7.660651    10.989007   -13.314233   -98.643384
   30.600983     6.651362     7.203224    10.718744   -32.036439   -83.526664
   31.581041     6.431132     7.204734    11.309872   -45.255111   -68.730875
   31.164998     6.487944     7.492047    11.151738   -61.038485   -61.323675
   31.450159     6.766580     7.173914    11.039700   -35.523827   -80.736476
   31.392717     6.786544     7.175859    11.095342   -48.697951   -92.989488
   31.246750     6.796947     7.364417    10.991973   -44.781539   -90.088917
   31.318323     6.652885     7.265224    11.061733   -37.322832   -82.846913
   31.337435     6.617991     7.396349    11.152022   -50.517580   -83.051280
   31.048240     6.393076     7.177479    11.076344   -33.717458   -81.051458
   31.032741     6.518988     7.313667    10.999716   -36.935202   -77.840779
   31.126426     6.622506     7.506444    10.931288   -33.650417   -71.153765
   30.995541     6.627878     7.421204    10.839241   -28.424558   -70.859025
   31.218858     6.479426     7.594564    11.064961   -29.965929   -75.565092
   31.200064     6.577873     7.482216    10.982885   -28.017661   -75.924075
   30.967910     6.697232     7.482152    10.876847   -48.876235   -69.012734
   31.215746     6.544356     7.273922    11.071148   -42.552165   -67.916618
   30.919479     6.358305     7.098207    11.079633   -47.954189   -69.214418
   31.362092     6.744782     7.157292    11.043766   -43.515498   -76.058871
   31.135149     6.703985     7.314393    11.002818   -60.764087   -59.505114
   31.369734     6.594993     7.024998    11.125261   -43.053147   -73.692451
   30.641771     6.480636     7.061980    10.936440   -54.974189   -71.483636
   31.096806     6.266716     7.161810    11.209768   -38.708764   -86.921075
   31.472065     6.623500     7.381307    11.132132   -41.274463   -65.953632
   31.394111     6.519850     7.123675    11.175378   -46.764142   -63.547581
   31.003437     6.417333     7.089098    11.084268   -49.791184   -66.664434
   30.999858     6.442454     7.742445    10.962824   -29.323781   -72.872552
   31.364895     6.503932     7.207733    11.202821   -51.923478   -66.879575
   31.029197     6.383562     7.305460    11.034829   -29.844439   -74.464559
   31.164229     6.544262     7.204394    11.027170   -31.623096   -80.958930
   31.138425     6.656008     7.154595    10.896277   -21.622651   -79.177185
   30.998770     6.378675     7.824410    10.990175   -25.266828   -73.632979
   31.415990     6.477531     7.527911    11.103308   -16.168569   -77.970358
   31.259529     6.577067     7.401378    11.142211   -47.866429   -87.447062
   30.758164     6.486708     7.268279    10.988920   -52.682834   -79.844020
   30.906199     6.714676     7.049778    10.925690   -52.739266   -78.157168
   31.059156     6.708131     7.349793    10.858430   -29.574168   -80.299156
   31.293172     6.551380     7.295245    11.190219   -53.274438   -83.821140
   30.566561     6.351613     7.095424    10.937729   -36.988227   -86.276611
   31.148581     6.665546     7.391615    10.993062   -43.293889   -79.172911
   31.105117     6.572295     7.396145    10.978522   -45.338320   -55.043820
   31.167722     6.754916     7.435858    10.915311   -42.468149   -71.481122
   31.145708     6.558205     7.362283    10.963484   -10.257150  -104.550331
   31.120805     6.555735     7.418698    10.986437   -32.048785   -77.454817
   31.170136     6.569176     7.545656    11.141431   -58.859480   -82.071985
   30.987677     6.259316     7.448251    11.194620   -49.252882   -75.002156
   30.642658     6.266854     7.552828    10.838599   -11.727123   -78.213224
   30.916091     6.305251     7.576436    11.018519    -6.863308  -107.102393
   30.825685     6.478177     7.522644    10.873245    -9.974749  -107.371169
   31.133059     6.214178     7.279677    11.194232   -18.343828   -98.071260
   31.104596     6.308104     7.524870    11.132257   -14.935732  -104.419905
   31.159072     6.288121     7.444144    11.242910   -48.887242   -71.519591
   31.357976     6.629461     7.247040    11.071672   -42.113912   -61.321321
   31.219500     6.534751     7.171741    11.088776   -43.546025   -69.908199
   30.953049     6.594446     7.116134    10.856727   -17.598939   -87.582726
   31.055582     6.323143     7.450600    11.166205   -52.388351   -62.386098
   31.198745     6.367310     7.491008    11.200123   -51.567566   -60.603019
   31.082103     6.135119     7.076094    11.198667   -25.667641   -81.459291
   31.170449     6.038900     7.193782    11.254687   -18.195987   -73.359436
   30.893796     6.453342     7.094219    11.016601   -36.604254   -88.025142
   30.816717     6.581909     6.976554    10.813182   -30.554144   -66.904151
   31.260664     6.523030     7.313751    11.170226   -53.259815   -74.304332
   30.712534     6.376084     7.414409    10.939606   -52.058806   -55.936149
   30.823146     6.586631     7.102254    10.774887   -17.327454   -79.199216
   31.152199     6.320424     7.620781    11.135751   -33.333220   -65.458779
   30.972299     6.126864     7.198586    11.120385    -7.969786   -94.726285
   31.215778     6.372305     7.631855    10.989673     0.468913   -71.538376
   31.299490     6.560474     6.911845    10.999057   -14.565803   -82.060884
   31.221017     6.271951     7.532697    11.162622   -20.052756   -75.881970
   30.846780     6.489008     7.350191    10.745622    -5.261504   -73.114416
   31.067769     6.451758     7.573252    10.928127   -20.019974   -63.644598
   31.458403     6.329427     7.386145    11.293667   -39.648259   -60.241009
   31.252736     6.269112     7.410154    11.132691   -13.192109   -70.190793
   31.133117     6.200165     7.675126    11.141605    -5.308716   -89.947177
   31.377507     6.301497     7.613170    11.239699   -19.980528   -85.391163
   30.842842     6.269770     7.424508    11.077425   -43.800311   -69.880985
   31.325788     6.436656     7.742727    11.143859   -31.850363   -68.553723
   31.125416     6.586626     7.416022    10.908548   -17.873404   -82.368286
   30.791837     6.173989     7.554223    11.094825   -38.310692   -71.461706
   31.320047     6.570025     7.428365    10.966803     3.445759  -106.561337
   31.144153     6.251146     7.414102    11.167266   -29.061177   -72.480439
   31.368506     6.292682     7.422887    11.297311   -21.014899  -110.779503
   31.041007     6.413997     7.557844    10.992157   -26.895863   -70.430533
   30.775708     6.474253     7.241885    10.797224   -21.956749   -67.534518
   31.470585     6.334240     7.425614    11.231781   -19.442920   -76.113549
   31.065165     6.441341     7.499271    11.005688   -33.103464   -65.695971
   31.150783     6.308495     7.284989    11.133758   -33.099237   -66.631368
   31.119758     6.596877     7.549031    11.005396   -48.537390   -66.117255
   31.194078     6.271892     7.873075    11.212700   -31.759862   -76.155056
   31.517609     6.762253     7.547239    11.065708   -43.363658   -63.383650
   31.400295     6.632452     7.651766    11.049284   -26.620323   -83.930733
   31.153632     6.289126     7.550421    11.156817   -31.497634   -69.443391
   31.280628     6.211933     7.652534    11.286630   -31.402468   -73.882123
   31.186350     6.261889     7.182670    11.205529   -33.550906   -79.970660
   31.354552     6.500955     7.408330    11.272596   -70.855797   -59.178528
   31.085338     6.393391     7.260033    11.169285   -55.332359   -69.792954
   31.247292     6.180395     7.489180    11.217754    -5.499644   -97.585588
   31.293701     6.182286     7.467387    11.283983   -18.708189   -93.131143
   31.421126     6.525817     7.782009    11.232381   -55.301960   -68.066553
   31.029938     6.488405     7.516857    11.070122   -47.236409   -80.539713
   31.253020     6.626319     7.564361    11.075804   -55.626410   -61.671411
   31.466942     6.373045     7.567285    11.308807   -43.785334   -68.805816
   31.410656     6.743846     7.125735    11.081711   -44.251939   -81.947492
   31.612852     6.482425     7.685824    11.353932   -50.294446   -81.169324
   30.991762     6.241125     7.216085    11.245918   -61.651411   -68.887032
   30.942110     6.266109     7.311792    11.161794   -48.320881   -74.402549
   31.241272     6.562814     7.383304    11.139679   -54.877860   -72.341774
   31.471428     6.151259     7.434795    11.415379   -35.030738   -74.275928
   31.149917     6.204868     7.267064    11.289369   -52.790246   -67.092216
   31.478150     6.424871     7.777346    11.325255   -57.614038   -56.979128
   30.978019     6.178713     7.469171    11.286588   -53.385675   -82.917922
   30.967426     6.417844     7.526441    11.077656   -60.256648   -54.791835
   30.527937     6.239011     7.319221    11.089054   -69.654070   -68.739625
   31.059175     6.473390     7.640546    10.925273   -17.330141   -76.620474
   31.284526     6.409327     7.270799    11.050674    -9.684223   -79.460613
   31.079991     6.504460     7.244496    11.044054   -46.841306   -63.929541
   31.261799     6.508606     7.699234    11.114447   -46.533446   -62.213297
   31.505692     6.355236     7.542258    11.409845   -59.600754   -73.017217
   30.960177     5.881802     7.410051    11.412095   -51.013324   -65.746166
   31.482425     6.432796     7.129465    11.348219   -63.977065   -69.543396
   31.252042     6.501443     7.393532    11.158502   -50.844717   -70.356698
   31.086826     6.532997     7.252693    11.173160   -69.706522   -75.346648
   31.486821     6.600874     7.473984    11.230007   -57.437964   -69.202813
   31.515822     6.581592     7.816425    11.296901   -67.859931   -70.471721
   30.973778     6.372817     7.414005    11.189653   -73.472205   -58.739576
   30.775310     6.174046     7.603061    11.135755   -56.249645   -58.195862
   31.185046     6.188386     7.462062    11.289390   -40.816539   -74.582913
   31.071716     6.111468     7.285817    11.288004   -48.998370   -63.887960
   31.018732     6.235618     7.045396    11.223550   -51.835318   -75.045902
   31.175714     6.330022     7.368223    11.208008   -47.252185   -69.032186
   30.735254     6.132677     7.445237    11.106007   -41.944781   -69.160497
   31.208035     6.182939     7.400737    11.230168   -25.204661   -75.340196
   30.953362     6.269069     7.511678    11.086769   -26.751046   -83.750326
   31.219462     6.378402     7.669901    11.179237   -46.565497   -59.366028
   31.181702     6.408991     7.467229    11.117354   -35.958255   -72.719152
   31.260154     6.462838     7.592160    11.157385   -50.221818   -58.448313
   31.441796     6.574776     7.339053    11.203890   -57.665339   -54.765752
   31.604845     6.512596     7.373397    11.209031   -27.782505   -71.763025
   31.353956     6.426930     7.364540    11.234575   -43.525362   -79.837393
   31.009428     6.453934     7.517530    11.068567   -55.899854   -60.239320
   31.496601     6.639402     7.585160    11.095272   -20.011606   -99.379462
   31.105206     6.558301     7.257577    11.103635   -60.569228   -68.597925
   31.158051     6.136261     7.511137    11.312901   -35.732121   -83.512520
   31.151215     6.239105     7.123968    11.269888   -44.452099   -85.617986
   30.802248     5.920239     6.975214    11.245484   -30.724338   -87.175676
   31.166853     6.273301     7.417202    11.183214   -35.702610   -67.261258
   31.565263     6.317265     7.185212    11.335453   -27.393385   -95.757560
   31.442518     6.162977     7.262867    11.349140   -10.016943  -111.452526
   31.268791     6.076557     7.408761    11.322446   -20.111892   -82.741624
   31.074453     6.424796     7.255911    11.026342   -11.924429  -104.027221
   31.223440     6.228651     7.264656    11.236496   -29.560340   -83.930110
   31.256358     6.214374     7.456233    11.189578   -20.883978   -57.613242
   31.079709     6.091109     7.306565    11.174373   -12.435219   -78.227384
   30.820580     6.085994     7.620416    11.070741   -19.782164   -66.621232
   31.548216     6.311086     7.187778    11.233453    -9.674849   -83.656600
   30.740484     6.147045     7.228029    10.934619   -12.769054   -64.656325
   31.146776     6.412853     7.129286    11.093443   -36.606735   -70.749587
   31.461904     6.562479     7.326859    11.196777   -49.449349   -63.044017
   30.997664     6.493130     7.450253    11.021146   -47.050320   -69.398804
   31.104752     6.420406     7.551773    11.124682   -43.062194   -79.341020
   31.053016     6.295772     7.415884    11.246013   -56.047469   -79.490099
   31.333926     6.527834     7.327738    11.165565   -37.050416   -92.971515
   30.952811     6.367022     7.571478    11.031140   -39.049527   -67.200326
   30.771350     6.406755     7.404070    11.025658   -58.720516   -67.384674
   31.226415     6.410017     7.452846    11.264809   -61.419028   -75.390318
   30.850085     6.565518     7.182724    10.975118   -51.305097   -78.579880
   31.460727     6.445246     7.073008    11.304310   -56.869333   -72.518906
   31.279915     6.553980     7.128435    11.166435   -57.918923   -67.204118
   31.681720     6.457608     7.512511    11.384891   -49.534800   -76.189888
   31.541895     6.420635     7.575384    11.317404   -47.389155   -58.658790
   31.348605     6.539827     7.561726    11.187671   -35.990734  -104.391446
   30.703921     6.570991     7.372974    10.895625   -44.115798   -91.060175
   31.156258     6.402599     7.503871    11.176338   -50.051170   -72.060741
   31.512194     6.771487     7.352802    11.047796   -36.552102   -72.455839
   30.944582     6.398020     7.430634    11.096056   -37.120093   -98.030133
   31.089020     6.349505     7.280985    11.077842   -29.544035   -73.038429
   31.454588     6.363957     6.953769    11.186393   -19.816221   -78.309476
   31.160563     6.368924     7.551990    11.028780     1.835330  -102.795642
   31.270682     6.528929     7.424505    11.057383   -25.229674   -84.593874
   31.266140     6.157769     7.239854    11.225233    -5.717614   -98.413126
   30.894093     6.252772     7.646847    11.081911   -32.125679   -78.896356
   31.145599     6.215315     7.551878    11.173847   -19.136415   -81.194693
   31.363575     6.383854     7.208647    11.177755   -30.542016   -70.417795
   31.475360     6.335624     7.532359    11.322734   -38.684820   -75.042617
   31.123695     6.276755     7.504339    11.146272   -27.711254   -76.008775
   31.301788     6.427444     7.571481    11.113650   -20.756920   -82.843555
   31.570075     6.364271     7.557450    11.278430   -21.512455   -76.845342
   31.786956     6.375056     7.489910    11.319931    -8.982146   -79.300785
   30.997077     6.123699     7.190965    11.101511   -13.382956   -74.309124
   31.048238     6.237311     7.678654    11.095929    -9.114968   -92.012643
   31.303167     6.317899     7.437058    11.175213   -19.497884   -82.008306
   31.110436     6.275421     7.636286    11.085229   -13.993140   -78.086136
   31.483659     6.351924     7.379185    11.193911    -5.716537   -94.889576
   31.306044     6.340096     7.331203    11.173971   -21.538395   -86.079182
   31.230250     6.460549     7.637364    11.066216   -15.414829   -97.443966
   31.319926     6.475280     7.593648    11.125166   -13.184578  -111.365012
   31.294248     6.230606     7.222085    11.251758   -14.982898  -105.757167
   31.328685     6.407959     7.617596    11.151279   -26.764240   -73.772586
   31.515631     6.608951     7.815766    11.144646   -39.842463   -61.341121
   30.856834     6.293174     7.525301    10.979084   -24.684295   -72.929062
   31.152193     6.152772     7.393083    11.152992    -3.370699   -87.039362
   31.170710     6.442555     7.498142    10.957626    -3.407661   -83.862118
   30.964501     6.415038     7.400104    10.957170   -25.751017   -72.652956
   30.917982     6.396075     7.184921    10.955444   -32.529097   -62.003039
   31.292868     6.325073     7.336826    11.162559   -25.557995   -68.606486
   31.030216     6.248133     7.394305    11.090280     1.356477  -114.481393
   30.840040     6.122920     7.493422    11.101045   -21.714025   -80.691132
   31.220082     6.370070     7.281331    11.223342   -47.272127   -78.511368
   31.134883     6.325973     7.586877    11.197286   -52.564423   -58.704148
   31.357275     6.352216     7.573528    11.265558   -39.027672   -77.741374
   31.344307     6.159886     7.384908    11.416507   -47.462742   -81.573034
   31.265304     6.442217     7.610049    11.191969   -41.646380   -85.097697
   31.384408     6.513727     7.499056    11.157702   -40.515690   -66.883071
   31.030653     6.433351     7.465973    11.168291   -74.205570   -54.279769
   31.477363     6.325532     7.363348    11.308399   -39.381207   -65.923904
   31.548322     6.315530     7.347044    11.406602   -51.779201   -72.318523
   31.039472     6.595570     7.414272    11.027606   -54.674182   -73.371365
   30.835824     5.972306     7.252993    11.195646   -21.692719   -83.240497
   31.347663     6.634216     7.486027    11.145451   -57.621615   -69.241573
   31.304107     6.443512     7.348983    11.259682   -65.767370   -58.074069
   31.152674     6.641208     7.268748    11.096201   -62.598713   -73.267438
   31.359985     6.607065     7.723413    11.146961   -57.476305   -63.111526
   30.942570     6.342314     7.564844    11.119792   -52.455414   -70.017366
   31.180981     6.464021     7.324677    11.152739   -35.001152  -100.743103
   30.962399     6.203132     7.458890    11.174946   -44.966421   -66.624282
   31.171541     6.677898     7.611951    10.961276   -30.379771   -96.320094
   31.344339     6.500822     7.491120    11.168068   -35.771895   -87.788772
   31.547700     6.474885     7.421345    11.271237   -33.589974   -92.944875
   31.414569     6.564273     7.752265    11.165363   -42.043559   -79.656795
   31.177784     6.256504     7.634797    11.234271   -42.606161   -64.196479
   30.790629     6.150918     7.628834    11.154384   -40.691809   -80.762821
   31.177132     6.559514     7.378594    11.118706   -58.055790   -68.487217
   31.314791     6.374595     7.162947    11.200404   -39.525122   -70.024955
   31.398481     6.737330     7.361017    11.111375   -54.626439   -77.358000
   31.123495     6.343956     7.096871    11.208996   -51.363108   -76.596834
   31.391646     6.220258     7.248386    11.256644   -20.881378   -73.631392
   31.515088     6.624635     7.481204    11.118582   -20.240017  -100.636774
   31.330976     6.300818     7.179980    11.149463     6.651528  -115.507723
   31.269111     6.348703     7.570962    11.158605   -28.998479   -66.851395
   31.117715     6.596011     7.076955    10.948897   -28.989991   -73.887986
   30.685045     6.368551     7.305436    10.872803   -24.833827   -78.247516
   31.282451     6.532545     7.508951    11.099081   -41.936391   -65.767963
   30.997329     6.158697     7.348410    11.145762   -31.781197   -63.531334
   30.769990     6.418400     7.537361    10.804242   -14.967065   -76.118923
   31.297029     6.631357     7.244030    10.968461   -13.675625   -91.610384
   31.500433     6.510690     7.115241    11.178533   -15.852207  -109.210446
   31.078006     6.324581     7.450732    11.054176   -14.916235   -85.728427
   31.300315     6.106418     7.170060    11.313621   -10.366125  -108.168726
   31.265410     6.503448     7.512886    11.050648    -9.057823  -107.502435
   31.599702     6.559071     7.423161    11.141218   -14.117813   -88.637668
   31.114674     6.323174     7.277772    11.086358   -26.960407   -70.111592
   31.049281     6.231885     7.458406    11.102890    -8.356235   -96.400856
   30.848472     6.372827     7.564869    10.934097    -2.620514  -111.956432
   31.751340     6.408902     7.316169    11.370087   -35.889273   -71.588769
   31.432249     6.466429     7.431996    11.173687   -11.057396  -113.697470
   31.110782     6.158532     7.559515    11.233041   -11.526453  -107.718567
   31.143551     6.563745     7.497345    10.988721    -9.593917  -116.688635
   31.052254     6.419997     7.159777    11.107853   -43.029051   -80.335198
   31.322464     6.349357     7.401998    11.248654   -44.394066   -67.577471
   31.204387     6.247651     7.492367    11.184928   -17.982881   -87.313906
   31.125741     6.373340     7.450505    11.101954   -31.300960   -77.415474
   31.200872     6.253508     7.206619    11.148142   -14.090394   -88.556819
   30.800368     6.153967     7.529989    11.072479   -24.317668   -80.423715
   31.387464     6.516405     7.730254    11.119239   -33.374415   -64.482469
   31.239389     6.586850     7.536468    11.023493   -32.685735   -78.366919
   30.829238     6.191185     7.370437    11.110197   -33.435547   -82.340834
   31.017303     6.038889     7.149504    11.304350   -47.410129   -69.221897
   31.210511     6.308816     7.629943    11.163545   -13.116973  -101.327907
   31.481757     6.567679     7.562089    11.116479   -28.050678   -68.916959
   30.880840     6.150091     7.519880    11.117031    -5.468762  -110.203210
   31.099994     6.241322     7.136527    11.148421    -8.656416  -109.897092
   31.354122     6.148649     7.411782    11.344280   -17.857906  -101.720436
   31.053663     6.485893     7.478458    10.907044    10.567831  -119.309256
   31.139893     6.418327     7.500639    11.181202   -58.428481   -65.055173
   31.328272     6.613514     7.405620    11.119129   -49.114282   -72.143249
   31.336871     6.397936     7.455705    11.201307   -23.213151  -100.799120
   30.927046     6.423960     7.228329    10.972638   -34.609787   -68.637915
   31.097447     6.283868     7.188686    11.177434   -28.473405   -96.104627
   30.957845     6.299878     7.426915    11.122666   -37.215594   -84.505631
   31.187343     6.490559     7.328526    11.143617   -49.471717   -75.963257
   31.349624     6.305799     7.425693    11.243097   -30.826906   -75.618355
   31.006231     6.205986     7.405417    11.091607   -13.656798   -84.782149
   31.047616     6.414206     7.160291    11.018756    -7.953911  -108.940093
   30.967432     6.354177     7.610445    11.056456   -26.205708   -92.139251
   31.125757     6.309228     7.007529    11.145226   -38.686480   -68.817057
   31.293943     6.138738     7.447602    11.276948   -14.651362   -85.244462
   31.141539     6.173861     7.394608    11.186382   -18.836597   -79.907277
   31.294322     6.189435     7.188085    11.292121   -25.992976   -93.559704
   30.920273     6.368193     7.488583    11.020185   -27.104070   -88.387422
   31.011436     6.110150     7.117812    11.228809   -22.840289   -99.981202
   30.989217     6.179914     7.398408    11.142581   -25.316782   -79.832125
   30.995187     6.141322     6.979311    11.201139   -38.781710   -75.665975
   31.068539     6.233729     7.228940    11.154280   -32.733634   -73.393653
   31.203386     6.407781     7.302249    11.206548   -60.031977   -57.399800
   31.427838     6.424263     7.341244    11.216856   -27.637457   -91.835042
   31.092441     6.322976     7.143692    11.149486   -35.115751   -84.097449
   30.775700     6.319610     7.221781    10.925494   -15.506793   -85.597483
   30.965241     6.469058     7.149902    10.917649   -20.673742   -76.743573
   30.972148     6.415310     7.590418    10.970859   -24.765880   -79.790647
   30.912898     6.393589     7.137880    10.998605   -36.565986   -69.395958
   30.915094     6.376976     7.241725    10.971881   -32.391623   -64.711753
   31.415417     6.506923     7.193776    11.124283   -26.749490   -77.764795
   31.206921     6.407856     7.203142    11.090693   -23.499601   -83.913131
   31.457040     6.550078     7.200839    11.138335   -35.361824   -64.942009
   30.856449     6.458188     7.299364    11.013532   -51.107792   -71.899904
   31.186920     6.329201     7.353489    11.106059   -21.115590   -76.713723
   31.209504     6.307193     6.783453    11.130369   -22.482306   -81.460363
   30.964686     6.302330     7.555374    11.049330   -33.782932   -64.699243
   31.217932     6.408069     7.401347    11.219974   -52.746703   -74.843012
   31.190617     6.423607     7.481583    11.113377   -34.956680   -75.243731
   31.319566     6.552238     7.325769    11.209490   -60.945296   -72.485267
   31.174559     6.403496     7.248573    11.116550   -23.487373   -97.042027
   31.394308     6.624793     7.435531    11.139757   -47.324431   -75.372540
   30.988658     6.385160     7.568884    11.098066   -25.211742  -109.949005
   31.128476     6.575533     7.624393    10.950272   -29.741454   -76.050092
   31.168313     6.463167     7.582063    11.056207    -6.488323  -118.765883
   31.668097     6.905703     7.102889    11.002567    -2.173861  -128.048404
   31.345904     6.324863     7.254208    11.208092   -14.337377  -104.061587
   31.111455     6.523779     7.181304    11.094652   -39.577482   -93.877421
   31.105252     6.374101     7.296784    11.117601   -19.377770  -107.201829
   31.652107     6.781345     7.123473    11.181959   -49.414139   -83.392359
   31.017924     5.974577     7.243690    11.317614   -10.134458  -116.396999
   31.048641     6.388038     7.048372    11.054672   -18.009762   -99.247990
   31.061873     6.626079     7.270214    10.957621   -34.977260   -84.145694
   31.299835     6.301251     7.442838    11.251937   -23.851989  -101.431583
   31.080477     6.628731     7.143142    10.989911   -41.179437   -79.723780
   31.375051     6.686723     7.229425    11.069295   -42.376342   -72.857182
   31.468819     6.704890     7.262683    11.145500   -54.245692   -68.650744
   31.164290     6.589035     7.056475    11.073628   -52.301660   -67.716895
   31.040493     6.140930     7.480249    11.209648   -31.980381   -72.697957
   31.676335     6.556365     7.592778    11.193053   -19.885902   -73.501545
   30.748868     6.211351     7.488771    10.991808   -19.347873   -83.372325
   30.712839     6.176953     7.545963    10.965390   -22.167891   -69.753637
   31.007050     6.270023     7.385239    11.039872   -12.873822   -83.137201
   31.582663     6.409481     7.422027    11.229972   -18.131456   -76.082245
   31.051417     6.311723     7.400216    11.070150   -24.978840   -75.287429
   31.155399     6.352533     7.558729    11.074857   -23.661294   -68.455416
   31.001113     6.159923     7.373968    11.194797   -33.351206   -78.564271
   30.644630     6.146582     7.696738    10.982400   -18.384333   -83.682512
   30.976189     6.318489     7.319728    11.001396   -24.062423   -66.645906
   30.792042     6.118895     7.278229    10.998306    -1.355494   -87.800538
   31.257113     6.171669     7.212572    11.193990   -10.719112   -81.357466
   30.747586     6.402612     7.460609    10.802302    -4.723992   -89.503892
   31.031090     6.048753     7.182433    11.239086   -29.852728   -74.647228
   31.105330     6.706940     7.516275    10.921120   -36.789428   -85.993462
   31.386090     6.467490     7.302833    11.179422   -24.201322  -100.907467
   31.517810     6.561374     7.258127    11.158979   -13.840121  -112.957089
   31.112581     6.541489     7.615791    11.040284   -26.643359  -106.563704
   31.668522     6.572061     7.101533    11.106848    -3.474778   -86.518564
   31.444804     6.209704     7.329531    11.271966   -12.728885   -81.017291
   31.031982     6.308734     7.242153    11.022463   -22.159103   -65.744888
   31.337361     6.518866     7.336480    11.040100   -21.162918   -67.463306
   31.437021     6.390397     7.132988    11.095651    -0.812000   -82.888110
   30.737938     6.293133     7.497413    10.878825   -17.526267   -71.932228
   31.175878     6.445595     7.280993    10.977891   -12.296894   -73.879763
   31.113279     6.522543     7.448636    10.993425   -36.538496   -65.045546
   31.035645     6.325494     7.317239    10.978174    -9.200639   -75.780006
   31.319799     6.362635     7.108891    11.095652   -16.625159   -62.734980
   31.012375     6.456763     7.184627    10.935314   -22.724345   -69.549390
   31.314633     6.291419     7.030905    11.194304   -33.755251   -54.954922
   31.119856     6.283662     7.340073    11.104625   -21.929077   -75.416585
   31.189163     6.307925     7.171562    11.123874   -25.986822   -71.232304
   31.020888     6.340848     7.315728    11.013137   -19.339530   -76.966521
   31.230946     6.281228     7.254702    11.160305   -28.257090   -64.079562
   31.364397     6.197941     7.188251    11.246525   -10.545571   -93.648559
   31.204801     6.203532     7.518003    11.180928   -18.116395   -69.650445
   31.011826     6.259477     7.217458    11.017625   -14.538876   -69.861257
   31.447418     6.780838     7.212307    11.043224   -50.063565   -49.396926
   31.342569     6.290378     7.296842    11.224849   -32.307150   -61.180962
   31.146883     6.352106     7.675775    11.122344   -31.673367   -73.950305
   30.839125     6.175815     7.737052    11.036257   -25.448393   -64.776892
   31.733602     6.354356     7.333887    11.403368   -38.389260   -63.427691
   31.179026     6.294602     7.462745    11.166109   -35.688956   -61.827062
   30.981325     6.118763     7.092531    11.182248   -41.412759   -58.730843
   31.335787     6.311872     7.217023    11.184658   -22.252482   -78.026879
   31.288103     6.506112     7.707636    11.032241   -18.657797   -79.033540
   31.178612     6.358284     7.497151    11.175345   -48.584103   -57.364908
   30.980903     6.285672     7.563322    11.098510   -28.766205   -83.692250
   30.907249     6.232891     7.104091    11.004879   -18.874575   -70.462402
   31.348128     6.268949     7.513782    11.290429   -35.864368   -73.150284
   31.483490     6.378523     7.132226    11.192086   -20.494515   -73.472515
   31.065710     6.485755     7.158244    10.998342   -42.853464   -51.277508
   31.122663     6.412238     7.557171    11.047965   -25.795724   -77.485133
   31.917179     6.330719     7.288622    11.439573   -21.650618   -80.351273
   30.920241     6.352855     7.387661    10.997992   -28.854834   -74.311473
   31.262710     6.044802     7.326411    11.331407   -13.755914   -94.675130
   31.213031     6.141856     7.345772    11.228903   -22.228675   -68.089461
   31.002245     6.284511     7.200730    11.113219   -46.086329   -55.930122
   30.979542     6.109207     7.387489    11.215338   -30.663935   -81.701230
   31.112835     6.351570     7.312214    11.066578    -7.325848  -104.599601
   31.030170     6.109263     7.471169    11.209624   -18.997330   -89.335609
   31.301893     6.025430     7.260122    11.400782   -26.167292   -91.686445
   31.271130     6.424595     7.502656    11.172214   -22.320966  -107.695047
   31.359180     6.566299     7.380741    11.089381   -15.990834  -108.397387
   31.098203     6.578090     7.390896    10.986108   -25.905986   -96.543182
   31.616520     6.799807     7.541691    11.064690   -22.693578  -101.986206
   31.307379     6.538322     7.605219    11.118976   -43.736837   -68.222608
   31.314224     6.023869     7.229201    11.389350   -34.143360   -66.583401
   30.903030     6.390759     6.852571    11.045994   -43.199590   -73.978573
   31.385714     6.520528     7.253891    11.201032   -50.571823   -68.928480
   31.296464     6.651178     7.528198    11.039738   -41.874084   -72.230260
   31.040129     6.345584     7.172218    11.029101    -8.928019   -98.720812
   30.883215     6.375903     7.441189    10.947039   -19.389419   -84.434971
   30.992251     6.539396     7.602821    10.925665   -29.535432   -82.509996
   31.086291     6.424280     7.444924    11.053696   -33.568871   -74.614931
   31.086536     6.568333     7.471628    10.973422   -35.599440   -76.001449
   31.053877     6.614183     7.264545    10.946075   -29.283270   -88.927529
   31.326426     6.478551     7.504406    11.061628    -6.329832  -100.498973
   31.000291     6.186409     7.210210    11.112018   -27.183810   -67.919228
   31.004293     6.154615     7.706872    11.133418   -18.965294   -73.139349
   30.951580     6.252374     7.648803    11.143644   -42.301779   -72.889549
   31.224794     6.414658     7.675404    11.072058   -18.780884   -81.174711
   31.371955     6.346409     7.383368    11.162735   -16.274587   -77.652692
   31.244956     6.312686     7.632907    11.120092   -15.949157   -69.849769
   30.909783     6.178843     7.101970    11.030074     0.131614   -98.328183
   30.895361     6.418127     7.487355    10.866871    -4.545949   -91.247118
   30.782568     6.320589     7.334523    10.930729   -18.145273   -83.255921
   31.101678     6.470775     7.473199    11.007806   -30.802065   -71.223064
   31.494812     6.650596     7.455542    11.061605   -12.406452  -103.396678
   31.327636     6.669748     7.270746    11.092842   -46.272108   -80.223148
   31.209954     6.490672     7.530144    11.005856   -23.876844   -67.450746
   31.348588     6.649487     7.565334    10.944287    -1.533090  -105.410371
   31.024302     6.279276     7.673678    11.075329   -18.789660   -83.319919
   31.274308     6.230089     7.405797    11.260073   -37.758716   -60.500823
   31.078331     6.207627     7.269284    11.173591   -35.940347   -65.855727
   30.980570     6.561142     7.289829    10.913686   -28.400033   -80.298432
   31.217376     6.350783     7.194830    11.198510   -39.941865   -80.077546
   31.046758     6.410018     7.057532    11.063622   -38.568006   -71.407367
   31.200082     6.428771     7.261145    11.128006   -37.549986   -76.630925
   30.842876     6.464003     7.203771    11.005577   -43.685240   -82.804416
   31.334440     6.298994     7.286855    11.302342   -47.791606   -72.425288
   31.723274     6.383612     7.286154    11.317934   -21.441081   -80.919473
   31.144086     6.435434     7.554481    11.028106   -10.008692  -101.147911
   31.067233     6.244280     7.302970    11.104894   -16.495905   -85.558307
   30.934811     6.281668     7.486357    11.033287   -27.467277   -70.438073
   31.424841     6.561024     7.426537    11.129484   -28.584703   -87.528828
   31.196915     6.464267     7.548351    10.996150   -11.580842   -84.512327
   31.273104     6.175259     7.091382    11.201904    -5.598847   -96.568734
   31.319055     6.388665     7.191071    11.101934   -18.120613   -72.400958
   31.132460     6.202073     7.390483    11.138899     2.142425  -107.519794
   31.272978     6.482115     7.452724    11.101449    -5.671706  -123.523751
   31.216689     6.276229     7.161469    11.150091   -22.837077   -76.023978
   30.975149     6.270674     7.315665    11.073682   -29.236070   -72.784154
   31.018993     6.221369     7.206165    11.078304    -4.569605   -99.362901
   31.251166     6.243337     7.550492    11.199071    -1.541342  -112.003757
   31.285806     6.361048     7.289383    11.129712   -10.351984   -98.916214
   31.610399     6.500871     7.317418    11.186882   -18.391198   -82.845236
   30.811757     6.204356     7.427639    10.990253   -10.054986   -86.290901
   31.340409     6.571058     7.414445    10.999351   -17.741174   -71.888771
   31.313151     6.191397     7.033036    11.275762   -35.010544   -68.691808
   31.565977     6.280260     7.181382    11.421888   -53.187387   -67.617402
   31.206764     6.399289     7.258037    11.161443   -38.146115   -80.908482
   31.149467     6.383804     7.111735    11.085087   -31.216432   -70.974739
   30.892751     6.244121     7.165092    11.104542   -25.548015   -95.677374
   30.864158     6.252069     7.227450    11.012641   -21.761578   -77.857710
   31.334215     6.361272     7.387016    11.178073   -29.369300   -67.795153
   31.668052     6.608997     7.453987    11.177091   -14.704657  -104.627842
   31.366319     6.756944     7.449913    11.020807   -40.029903   -81.933672
   31.054205     6.600423     7.299249    10.966625   -34.680953   -84.094211
   31.324684     6.445583     7.688484    11.153256   -34.301912   -71.275675
   31.679688     6.404136     7.620595    11.327352   -27.054394   -72.709125
   31.219816     6.238697     7.229886    11.216212   -21.174324   -95.076750
   31.380530     6.702678     7.539791    11.102884   -40.995691   -98.111229
   31.143520     6.284310     7.662092    11.250553   -43.528357   -84.313741
   31.262212     6.539328     7.290931    11.004677    -3.342994  -108.941107
   31.043167     6.041880     7.189955    11.253572   -29.593146   -76.822506
   31.003372     5.983506     7.369724    11.265761   -26.427918   -72.697999
   31.156668     6.110382     7.417276    11.243925   -14.962941   -89.857210
   30.753644     6.248291     6.924233    10.998732   -19.922376   -90.842929
   31.212045     6.291793     7.219951    11.183377   -32.794955   -74.155393
   31.154645     6.340474     7.501566    11.100819   -30.167964   -63.099621
   31.155983     6.400712     7.188585    11.082114   -33.972252   -66.394154
   31.062413     6.222834     7.362808    11.093017   -22.663221   -62.914579
   31.362610     6.279893     7.424444    11.214317   -17.140427   -80.887403
   31.090326     6.280558     7.473955    11.140553   -34.709815   -68.132879
   31.081551     6.581200     7.453479    10.962345   -30.844232   -84.231511
   31.316767     6.458092     7.105178    11.106948   -29.362133   -70.679779
   31.393212     6.182489     7.255249    11.292329   -22.267590   -76.774423
   31.496145     6.199733     7.233410    11.311544   -18.920273   -75.906065
   31.277369     6.329034     6.961462    11.172231   -20.081669   -95.189854
   31.220644     6.393748     7.267111    11.168883   -19.986464  -111.797844
   30.897772     6.426905     7.432589    10.999004   -20.558147  -106.551473
   31.358920     6.400702     7.287129    11.245764   -28.097136  -107.405785
   30.974787     6.374989     7.041603    11.122009   -28.221233  -110.115695
   31.194896     6.234215     7.229289    11.345469   -27.027544  -128.593007
   30.928714     6.231481     7.420856    11.186544   -25.398555  -112.533655
   30.878556     6.208769     7.390200    11.178380   -30.916078  -103.772696
   31.479905     6.674854     7.133592    11.121584   -20.067763  -116.985551
   31.360217     6.622464     7.302144    11.102180   -14.110452  -126.128767
   31.377209     6.644024     7.504470    11.173223   -39.690999  -111.892205
   31.328153     6.572099     7.356381    11.135389   -31.050555  -103.590204
   31.585065     6.645147     7.622608    11.194697   -35.140284   -95.630763
   31.404776     6.235597     7.155836    11.359346   -28.898067  -107.633201
   30.807235     6.504249     7.371719    10.960224   -36.562902   -95.571131
   31.601122     6.671922     7.648903    11.208124   -48.158263   -77.976171
   31.108738     6.180311     7.261493    11.204689    -2.690004  -121.658077
   31.287287     6.564681     7.383626    11.041606     3.989324  -134.130228
   31.100684     6.428831     7.292139    11.161495   -36.977072  -103.846804
   30.903318     6.609087     7.441006    10.956490   -18.897738  -130.362054
   31.652385     6.469934     7.180894    11.320906   -26.624931  -112.092159
   31.563203     6.329546     7.063267    11.261032    -4.393718  -112.533048
   31.481552     6.590078     7.598642    11.154270   -26.852716   -99.265015
   31.320117     6.479396     7.142840    11.183827   -32.336883  -100.620255
   31.595092     6.484103     7.438727    11.239727   -13.349184  -113.285528
   31.171979     6.619819     7.263481    11.111489   -42.989500  -105.364987
   31.317784     6.596584     7.298037    11.174579   -35.687749  -115.107046
   31.465679     6.592572     7.296337    11.166477   -26.445927  -107.348844
   31.588208     6.321311     7.204869    11.264396   -15.097318   -80.918098
   31.306154     6.133762     7.470353    11.272090    -2.609271  -102.166172
   31.585677     6.607392     7.416519    11.118800    -8.910161  -106.441667
   31.383970     6.255078     7.202188    11.222321   -13.257708   -89.379228
   31.151412     6.237664     7.075758    11.121760   -22.555336   -67.482557
   31.422806     6.174883     7.461434    11.306926   -17.534112   -73.342352
   31.428705     6.257078     7.280478    11.204412    -9.348569   -71.454983
   31.004112     6.275511     7.434004    11.076305   -21.786481   -82.254800
   31.466493     6.205587     7.530801    11.350313   -24.081653   -80.923750
   30.990586     6.258019     7.458798    11.123336   -39.649239   -65.629957
   30.787726     6.195253     7.476833    11.123987   -44.806226   -75.394616
   31.065046     6.171404     7.243999    11.195809   -30.604354   -78.847013
   30.844415     6.055821     7.413895    11.203771   -25.872603   -92.452954
   31.265956     6.343480     7.325132    11.198619   -23.270256   -99.821471
   31.480111     6.423992     6.925877    11.241810   -19.113381  -112.527106
   31.657404     6.652747     7.460713    11.223947   -45.183533   -69.725827
   30.928694     6.437399     7.772472    11.018865   -40.943394   -82.955584
   31.527628     6.263114     7.617506    11.403750   -41.828369   -68.351057
   31.348993     6.168077     7.136398    11.357200   -43.791338   -72.306225
   31.294934     6.131904     7.325619    11.377171   -45.985008   -69.797082
   31.179660     6.519969     6.962563    11.020315   -27.424931   -77.186431
   31.007201     6.381785     7.757843    11.060576   -34.977131   -80.028483
   31.207493     6.509855     7.515006    11.074435   -36.747164   -75.772123
   31.283711     6.213333     7.327605    11.320643   -38.940477   -84.368972
   31.230108     6.511089     7.695287    11.128894   -46.031434   -77.679742
   31.157311     6.394862     7.662078    11.195843   -54.764809   -69.125207
   31.172884     6.397276     7.405331    11.210655   -52.492676   -76.842777
   31.246101     6.609445     7.424701    10.980757   -26.229481   -77.145221
   31.265632     6.346068     7.503693    11.299825   -55.603648   -77.027017
   31.189981     6.203304     7.581140    11.351116   -52.033782   -79.465353
   31.522332     6.498314     7.526970    11.247896   -37.178558   -84.015042
   31.237296     6.604789     7.730115    11.078133   -42.240470   -90.020526
   31.518465     6.391953     7.538271    11.273207   -33.480623   -66.401143
   31.381981     6.355234     7.072358    11.272154   -38.591487   -88.731442
   31.226604     6.399887     7.408576    11.203877   -36.844400   -95.075886
   30.837841     6.599473     7.426622    10.964808   -55.212671   -83.073871
   31.144940     6.726815     7.345306    11.015805   -53.594015   -82.201132
   31.389953     6.393113     7.713601    11.234377   -37.957042   -67.829963
   31.138505     6.565779     7.263460    10.996876   -38.232651   -66.255601
   30.955316     6.518936     7.014024    11.028549   -53.690625   -66.631912
   31.133910     6.626505     7.725942    11.002114   -48.437191   -74.820249
   31.147839     6.473117     7.368375    11.089036   -35.661212   -84.219696
   31.062730     6.500204     7.041190    11.026508   -41.039342   -68.816380
   31.128644     6.442166     7.421580    11.196152   -54.202234   -85.818501
   31.443168     6.538018     7.639679    11.258416   -60.535813   -67.153739
   30.622523     6.266574     7.493147    10.937852   -36.301652   -72.166116
   31.335296     6.565477     7.065049    11.159238   -50.450706   -72.424320
   31.307085     6.545170     7.000868    11.161377   -46.725462   -81.246913
   31.290870     6.550199     7.164556    11.114154   -39.961840   -78.966365
   30.901267     6.472388     7.320575    11.051841   -57.403228   -70.371635
   31.244597     6.383200     7.445513    11.176017   -36.505838   -76.992588
   31.391078     6.478988     7.251590    11.199243   -34.285545   -91.842004
   31.275423     6.279344     7.443955    11.321565   -51.900453   -74.671653
   31.638249     6.536878     7.488158    11.304144   -49.767558   -66.473895
   31.375035     6.123718     7.442615    11.419748   -43.746815   -69.688488
   31.017102     6.499717     7.288571    11.087902   -59.252774   -67.033958
   31.307742     6.378387     7.577597    11.165606   -31.807590   -63.685647
   31.326429     6.233887     7.300584    11.308568   -40.863250   -72.973674
   31.613334     6.473450     7.358243    11.277887   -39.016204   -63.652055
   31.421490     6.554530     7.843573    11.174048   -43.034021   -77.802168
   30.851982     6.285311     7.575523    11.137412   -53.075489   -76.174367
   31.006787     6.747705     7.287785    10.897910   -53.339905   -66.377198
   31.290112     6.719604     7.415006    11.009917   -39.478686   -82.082787
   31.188479     6.355431     7.523042    11.144963   -37.634759   -63.738877
   31.405988     6.673157     7.315710    11.072242   -36.388166   -78.576723
   31.630885     6.793255     7.167480    11.026657   -14.563214   -93.797041
   31.187581     6.541783     7.672801    11.082928   -45.418511   -77.044013
   31.101115     6.600016     7.005746    10.982834   -31.099041   -84.841274
