   31.838866     6.590697     7.574482    11.261261   -22.565890   -70.751736
   32.471569     7.075367     7.710899    11.355569   -40.119900   -67.903531
   32.289627     6.775726     7.468021    11.358777   -21.565545   -72.777632
   32.095893     6.448586     7.366929    11.478849   -27.685601   -68.972440
   31.740179     6.554321     7.744330    11.284989   -33.677586   -69.643686
   31.981827     6.744305     7.489099    11.268790   -32.020727   -71.961602
   32.304986     6.512390     7.197843    11.522076   -27.966220   -73.509231
   32.181425     6.679777     7.472910    11.338369   -14.050133   -68.933034
   31.653264     6.568272     7.510571    11.118372    -8.400398   -63.617669
   32.779296     6.799309     7.231490    11.506365   -10.381832   -75.769364
   32.226169     6.686619     7.474965    11.353377   -12.648134   -66.382758
   32.068517     6.727468     7.190780    11.295087   -29.792459   -66.250135
   32.269511     6.941911     7.439138    11.233999   -18.117285   -72.641786
   32.657458     7.082599     7.392815    11.355311   -25.749645   -77.391009
   31.828070     6.688547     7.458339    11.199613   -25.593238   -67.028157
   32.470557     6.995719     7.097803    11.217089    -5.579342   -84.023928
   32.236065     6.718522     7.104640    11.335489   -18.815298   -64.197794
   32.038861     6.555496     7.726876    11.403392   -24.609974   -58.549131
   31.851627     6.644045     7.063887    11.171043   -11.132962   -59.175122
   32.345351     6.661336     7.222710    11.448883   -24.920815   -65.530931
   32.078218     6.962850     7.131245    11.166391   -32.258505   -69.721951
   31.864097     6.524836     7.230975    11.264596   -15.056779   -75.036111
   32.486619     6.435401     7.158209    11.628125   -20.025749   -67.925686
   32.555432     6.620607     6.942248    11.470757    -6.265352   -89.381242
   32.085834     6.489530     7.394222    11.422203   -20.340115   -74.371352
   32.047038     6.758668     7.570077    11.273157   -25.626377   -80.902900
   32.145655     6.771499     7.520125    11.322484   -21.456621  -108.367383
   32.237700     6.714193     7.209857    11.422387   -33.850029  -106.197989
   32.013175     6.654150     7.360335    11.419452   -41.789041  -109.007978
   31.869132     6.483748     7.580193    11.473908   -56.288480   -67.637506
   32.061576     6.784772     7.372792    11.251387   -25.641126   -75.128726
   32.111402     6.515745     7.305986    11.371357   -10.080650   -84.386763
   32.136232     6.549261     7.428149    11.383723   -13.139325   -80.409081
   32.078855     6.400745     7.338564    11.508402   -28.239255   -57.467706
   32.078547     6.346409     7.245232    11.492276   -16.519019   -60.024742
   32.245244     6.583332     7.289842    11.396111    -9.967453   -72.162727
   32.063198     6.506646     7.031631    11.395014   -25.321289   -76.589704
   31.898013     6.565217     7.503213    11.336018   -30.149168   -54.770528
   32.290297     6.616048     7.446105    11.380503    -3.539824   -83.262407
   31.841924     6.729108     7.287705    11.170136   -21.758413   -83.642296
   31.975969     6.790682     7.604921    11.178725   -16.138766   -65.221349
   32.259839     6.729273     7.258419    11.371530   -23.277065   -59.767075
   32.153568     6.704586     7.313184    11.316860   -18.428316   -65.327247
   32.059810     6.730322     7.542187    11.290864   -24.706012   -67.817863
   32.459015     6.805032     7.523363    11.442893   -26.443351   -83.075748
   31.939730     6.625801     7.392491    11.302261   -28.593114   -71.324575
   31.916796     6.408053     7.203979    11.321271    -4.359765   -83.350881
   32.165821     6.718730     7.426302    11.292980   -10.373329   -65.605497
   32.354252     6.871402     7.429993    11.307788   -15.960010   -76.232244
   32.227990     6.700566     7.161876    11.389470   -31.240861   -63.670289
   32.121413     6.563751     7.549166    11.475731   -37.993945   -61.708343
   32.371783     6.798549     7.572278    11.336490    -7.114032   -83.903569
   32.187722     6.733021     7.437477    11.344594   -25.089755   -80.775541
   31.974347     6.699395     7.580645    11.199980    -6.961876   -82.150500
   32.145529     6.521377     7.330723    11.400842   -13.744556   -75.712320
   32.201433     6.605023     7.206269    11.380247   -15.825168   -68.091471
   32.155187     6.780292     7.503745    11.260101   -12.461216   -68.972310
   31.988299     6.793645     7.248934    11.258915   -39.459256   -62.561712
   32.462689     6.817428     7.119789    11.389498   -19.224469   -58.110085
   31.932627     6.669033     7.392145    11.253589   -22.914477   -59.532832
   32.218390     6.677290     7.298324    11.302897    -2.145702   -68.984447
   32.039459     6.751694     7.180509    11.265017   -27.960133   -57.818376
   32.256746     6.684032     7.303789    11.315337    -3.900937   -80.555006
   31.573940     6.468839     7.390931    11.168601   -15.237550   -70.425876
   32.191838     6.730936     7.121699    11.362524   -32.098378   -94.252805
   32.581142     6.720505     7.247861    11.619931   -51.290837   -57.528943
   32.344317     6.691749     7.283383    11.379227    -8.207053  -108.187064
   32.295995     6.755979     7.229259    11.437302   -45.516722   -77.959787
   32.299502     6.433877     7.497110    11.523848    -7.850595  -103.451958
   32.318008     6.582841     7.752089    11.528131   -25.616102   -96.611648
   31.645476     6.497151     7.278402    11.233174   -27.013327   -77.026159
   32.299724     6.658474     7.268090    11.496551   -44.048087   -82.313703
   31.609476     6.410003     7.720866    11.304796   -29.340482   -74.672299
   32.203767     6.762495     7.512110    11.337670   -24.357417   -78.160718
   32.476157     6.590261     7.475094    11.472220     0.098478  -102.402367
   31.960976     6.651284     7.157311    11.239037   -13.520547   -94.755387
   32.053056     6.542874     7.102940    11.429807   -40.214396   -76.778857
   32.576880     6.641802     7.429737    11.589512   -29.231696   -80.773485
   31.937643     6.457805     7.408226    11.401107   -27.110428   -78.591474
   31.953338     6.623419     7.295267    11.245618    -8.422776  -100.791903
   32.295240     6.818756     7.373519    11.378212   -28.276405  -110.057439
   32.609886     6.901479     7.220604    11.429839   -30.330669   -89.113956
   32.021370     6.404712     7.113998    11.397000   -13.090772   -80.004432
   32.201689     6.734407     7.530364    11.357172   -24.839345   -82.092543
   31.830387     6.696901     7.109490    11.192011   -27.342670   -69.351270
   32.591871     7.036213     7.273899    11.232823     2.956837   -98.455709
   32.532813     6.942782     7.213545    11.280631    -4.256990   -86.424564
   32.035768     6.587643     7.009033    11.288411   -12.470086   -72.437356
   32.096092     6.950417     7.180398    11.081051    -3.700703   -90.463875
   31.957379     6.666321     7.320640    11.236630   -16.570929   -66.859002
   32.477106     6.797123     7.215269    11.420900   -23.397562   -66.869178
   32.135704     6.839433     7.514891    11.210250   -12.037031   -81.009986
   32.146901     6.732382     7.637633    11.381918   -35.964533   -62.902718
   31.984161     6.706352     7.591411    11.207768    -8.786872   -80.499746
   32.303861     6.873114     7.308846    11.254065   -11.538651   -80.590716
   32.236753     7.016672     7.724798    11.129561    -3.303347   -81.171733
   32.021932     6.673674     7.072927    11.222649    -9.389067   -81.728538
   32.213148     6.580293     7.290851    11.379145    -8.847347   -71.998103
   32.394580     7.015680     7.441543    11.216903    -8.691486   -73.446170
   31.799981     6.451279     7.188575    11.243806    -5.534388   -82.191090
   31.878776     6.557171     7.488309    11.208637     3.179704   -95.869134
   32.083916     6.381409     7.328444    11.436735    -7.567291   -89.694750
   31.990939     6.782423     7.625903    11.199814   -18.039230   -66.302179
   32.153633     6.731921     7.276730    11.293026   -18.926829   -83.652485
   32.052382     6.559923     7.162651    11.330116   -15.506337   -72.649209
   32.416716     6.826675     7.165736    11.370055   -22.367019   -64.337968
   32.156930     6.714083     7.499886    11.276515    -7.047941   -80.137400
   32.148239     6.601181     7.278266    11.417577   -28.622598   -57.166107
   32.038097     6.621921     7.471201    11.293415   -11.881209   -71.633644
   32.283121     6.664251     7.241794    11.333870    -1.343466   -70.103384
   32.202928     6.419567     7.520028    11.521688   -18.469110   -84.796421
   32.212875     6.825886     7.531803    11.348419   -35.804989   -78.108438
   31.754516     6.657317     7.189811    11.098480    -5.551837   -78.748517
   32.039557     6.724611     7.640976    11.304591   -28.815687   -75.541856
   31.989794     6.769265     7.508691    11.258484   -31.286713   -54.785809
   32.041438     6.745797     7.210983    11.231263   -18.385585   -65.986492
   32.383962     6.793106     7.391091    11.419887   -25.728864   -53.292128
   31.947948     6.304308     7.407561    11.429410    -7.799027   -79.454801
   32.285073     6.612220     7.235191    11.445461   -24.015105   -68.214584
   32.392475     6.823277     7.255115    11.317216   -10.461836   -76.880042
   32.106797     6.602523     7.613503    11.255978    11.990871   -83.560187
   32.060132     6.599352     7.579064    11.227993    13.285135   -84.666486
   31.960249     6.792497     7.400878    11.222544   -30.503405   -53.129533
   32.422682     6.713348     7.564114    11.482460   -23.979895   -64.691515
   32.218000     6.660007     7.426773    11.353548   -10.764198   -68.216323
   32.034831     6.670505     7.138733    11.248417   -13.563347   -83.378176
   32.284871     6.793486     7.382949    11.344340   -19.242816   -56.509368
   32.125153     6.631216     7.497392    11.387343   -24.479620   -58.769201
   31.892334     6.688028     7.212825    11.225004   -26.359989   -63.473916
   32.106845     6.546089     7.306743    11.342956    -7.861617   -80.937508
   31.818926     6.408986     7.519629    11.331546   -11.296976   -89.210477
   31.929985     6.427896     7.442813    11.354535   -10.422944   -78.727307
   32.138056     6.652335     7.356079    11.373337   -26.099104   -62.845999
   31.903487     6.546516     7.551938    11.305989   -17.617281   -57.203808
   32.191748     6.589116     7.302961    11.339317    -0.160081   -66.609349
   32.442668     6.576301     7.057378    11.460362    -7.895301   -86.818015
   31.737992     6.402856     7.254712    11.324647   -26.023179   -53.988434
   32.583472     6.659983     7.319185    11.656431   -52.097543   -69.917363
   32.638305     6.852992     7.827819    11.603852   -47.428629   -76.380639
   32.092601     6.655840     7.198983    11.506749   -70.307233   -79.278959
   31.984805     6.570854     7.163350    11.475126   -59.960596   -82.546897
   32.122203     6.720061     7.501541    11.424294   -50.954619   -77.210832
   32.371286     6.450620     7.464771    11.720748   -58.096367   -79.360944
   31.787536     6.368459     7.318089    11.530041   -65.783319   -69.865934
   32.536707     6.582504     7.088730    11.749024   -77.052730   -67.375394
   32.256342     6.462541     7.304934    11.618972   -49.848770   -77.291232
   32.142912     6.733798     7.259765    11.404248   -44.629193   -95.814676
   32.092824     6.754667     7.385506    11.368177   -47.694315   -66.876582
   32.390407     6.448926     7.209774    11.726696   -62.798269   -69.297359
   32.085480     6.455142     7.582514    11.634461   -68.162815   -72.592442
   32.300103     6.583191     7.063361    11.569618   -52.100473   -93.066462
   32.090994     6.580933     7.302379    11.484931   -52.528993   -74.913003
   31.987233     6.580533     7.093330    11.252834    -4.557427   -95.212535
   32.273946     6.824479     7.327265    11.282250   -11.950766   -64.227983
   31.787204     6.711987     7.208815    11.132879   -19.376039   -65.022908
   32.422138     6.906779     7.112259    11.268662   -10.713448   -79.681131
   32.259115     6.886315     7.354693    11.195199    -2.005338   -76.489758
   32.055995     6.501812     7.344458    11.574735   -64.979994   -82.076838
   32.315529     6.521818     7.304160    11.593784   -43.792562   -90.828505
   32.129064     6.824384     7.458595    11.396304   -62.188136   -61.288795
   32.413854     6.676788     7.119903    11.545294   -49.322437   -87.774061
   32.174561     6.572061     7.316544    11.539770   -52.231549   -90.688570
   31.430353     6.781512     7.230204    10.876380    -7.573925   -75.992327
   32.017161     6.616667     7.194344    11.489559   -64.647922   -87.730778
   32.096594     6.508006     7.424346    11.562693   -46.525664  -109.140314
   32.179916     6.651621     7.075036    11.488302   -50.319940  -100.733540
   32.082753     6.657555     7.170696    11.438261   -45.762224  -102.800059
   32.439594     6.362137     7.269657    11.806525   -62.333431   -78.814300
   32.542897     6.619236     7.242212    11.673843   -57.617352   -84.100026
   32.164883     6.471889     7.202604    11.638798   -66.910241   -84.537527
   32.153807     6.557563     7.587107    11.597608   -66.486375   -75.544685
   32.219150     6.636276     7.214730    11.461286   -32.909575  -108.172400
   32.176726     6.534779     7.235245    11.614553   -71.844701   -53.003991
   32.022981     6.606139     7.476752    11.470438   -58.367323   -67.669277
   32.144350     6.358599     7.381210    11.645736   -49.217007   -88.414306
   31.797650     6.746426     7.470683    11.244221   -40.210475   -94.655186
   32.211897     6.144725     7.288420    11.747369   -34.938605   -90.774255
   32.431415     6.543310     7.105752    11.652236   -55.384741   -72.741511
   32.747123     6.589143     7.351566    11.742994   -43.724839   -92.535509
   32.402873     6.510189     7.251158    11.637129   -40.167429  -105.441608
   31.983303     6.771387     7.380063    11.318720   -48.628464   -79.501367
   32.365771     6.554026     7.290723    11.553312   -21.826831  -122.679022
   31.909629     6.479379     7.278313    11.517786   -54.544972  -101.696612
   32.212810     6.459797     7.334746    11.629090   -55.405002   -83.615392
   32.100592     6.247989     6.939528    11.692572   -50.947958  -100.639945
   32.242737     6.589055     7.382728    11.543382   -48.703051   -85.316359
   32.131338     6.511159     7.140247    11.572799   -59.460075   -88.071219
   31.906483     6.432358     7.188778    11.480024   -44.248946   -95.170834
   32.753423     6.772053     7.270194    11.629598   -44.226357   -98.840996
   32.463720     6.953293     7.430404    11.432685   -48.923384   -95.899791
   32.127420     6.688298     7.335014    11.454730   -52.272040   -91.906480
   32.269658     6.703669     7.073394    11.477560   -44.298478  -107.123476
   32.443329     6.857878     7.498706    11.541813   -67.069194   -81.925748
   31.983373     6.827112     7.508051    11.191316   -24.843059   -76.728645
   31.874529     6.630111     7.362243    11.330590   -30.195948  -109.719116
   31.879489     6.769370     7.679102    11.250813   -36.320162   -95.048378
   31.985875     6.933237     7.444738    11.174054   -37.485409   -74.724830
   32.109292     6.890444     7.533335    11.290518   -45.161184   -69.016055
   32.138741     6.471257     7.293209    11.452936   -12.360458  -112.792274
   32.315644     6.602160     7.172807    11.490174   -19.552998  -123.718229
   32.396388     6.992077     7.308873    11.333267   -41.089128   -85.670033
   32.188151     6.886344     7.387724    11.321470   -44.557644   -65.032656
   32.281624     6.711233     7.486555    11.507500   -52.601695   -81.312257
   31.914292     6.802564     7.200523    11.248111   -42.730999   -85.395783
   31.944822     6.827133     7.278485    11.227874   -36.760165   -88.724942
   31.765335     6.787059     7.819444    11.163599   -37.086209   -80.883027
   32.269121     6.800777     7.107735    11.359204   -37.060033   -73.329519
   32.038529     6.547495     7.536471    11.477725   -46.486845   -77.948203
   32.106912     6.592722     7.643682    11.368825    -4.996908  -118.740348
   32.267964     6.697544     7.556497    11.463517   -37.162214   -90.181531
   32.304984     6.878274     7.361195    11.365942   -39.365473   -92.307441
   32.199799     6.629581     7.357957    11.407261   -16.631865  -113.259510
   32.243472     6.829715     7.535351    11.434981   -55.821397   -83.160274
   32.340528     6.665054     7.295867    11.411411    -6.767241  -121.466185
   32.373481     6.719558     7.287973    11.501038   -40.055515  -104.946487
   31.904976     6.518828     7.163697    11.442551   -51.637891   -85.241384
   32.231516     6.641515     7.307192    11.429407   -24.839864  -105.038376
   32.214324     6.823639     7.347858    11.378032   -43.412547   -94.287510
   31.912723     6.480767     7.243606    11.444786   -45.238582   -85.144675
   32.180501     6.691946     7.439731    11.461736   -50.733672   -75.662123
   32.442503     6.878221     7.664765    11.448159   -38.076189   -89.027483
   32.294582     6.833234     7.401614    11.380205   -30.849059  -109.062169
   32.350043     6.893737     7.454004    11.405905   -39.179626  -111.024511
   32.190504     7.009749     7.484086    11.282923   -50.979143   -86.840073
   32.366314     6.861070     7.219586    11.337867   -26.224493   -92.038070
   32.359190     6.680076     7.037597    11.520280   -51.804196   -65.933997
   32.221412     6.591075     7.524610    11.481529   -29.438560   -98.540832
   32.313842     6.868444     7.359153    11.368668   -31.032047  -111.686479
   31.949317     6.803256     7.353339    11.295131   -46.301697   -94.257000
   32.437223     7.131200     7.119233    11.305084   -52.982255   -95.267048
   32.057334     6.645305     7.687884    11.410671   -32.878901  -104.244686
   32.494851     6.764800     7.203606    11.561981   -56.149265   -93.175437
   32.075664     6.963274     7.235785    11.216730   -37.451820   -99.037593
   32.150973     6.737092     7.330305    11.405530   -43.532092   -95.836426
   32.299132     7.133645     7.367136    11.251027   -49.440126   -95.609954
   32.277617     6.728872     7.413170    11.434292   -37.648911   -74.908897
   32.336860     6.811136     7.490265    11.480488   -55.359199   -77.497442
   32.244634     6.903954     7.349677    11.395715   -61.455239   -80.110304
   32.494513     6.910729     7.139548    11.355941   -19.749049  -115.211706
   32.402828     6.915306     7.443456    11.371856   -27.754537  -113.105587
   31.716258     6.755956     7.181103    11.237181   -44.017010  -102.377776
   32.387575     6.769179     7.389473    11.516413   -54.245994   -81.698928
   32.047027     6.614880     7.637951    11.405124   -28.958701  -103.506531
   31.615509     6.453618     7.489776    11.343662   -46.583033   -75.419987
   32.570692     6.860961     7.475841    11.468028   -29.306422   -93.450004
   32.012490     6.768698     7.459978    11.314855   -42.904741   -80.416358
   32.312295     6.720837     7.102655    11.483867   -52.582163   -81.355251
   32.515496     6.793293     7.203460    11.544475   -54.112922   -92.550055
   32.154784     6.532229     7.577767    11.541598   -37.362571  -108.792334
   32.286306     6.682081     7.096347    11.531445   -63.253443   -71.157586
   32.491889     6.605167     7.623189    11.641225   -42.431783   -88.556757
   32.550577     6.987523     7.315477    11.415504   -44.557801   -87.831595
   31.719749     6.735910     7.199550    11.263010   -55.545998   -84.290300
   31.791187     6.723254     7.208879    11.220634   -23.136322  -115.232067
   32.316590     6.815449     7.198008    11.403208   -42.878800   -87.399543
   32.304295     6.764453     7.384606    11.438038   -34.566366  -108.448496
   32.493939     6.770097     7.176618    11.502614   -38.311364  -105.820459
   32.164641     6.823242     7.292050    11.357972   -41.565783  -101.227131
   32.111046     6.506591     7.002740    11.484767   -39.114020   -94.059056
   32.086887     6.637907     7.528778    11.409070   -37.568744   -75.476718
   32.357847     6.473716     7.099477    11.571659   -28.917132   -95.024848
   32.527302     6.508327     7.445406    11.695509   -42.202142   -78.398910
   32.518490     6.422469     7.252597    11.736881   -44.153079   -84.963400
   32.033551     6.630002     7.608366    11.451704   -48.073129   -93.553245
   32.139123     6.652029     7.475174    11.483936   -55.064166   -70.755969
   32.045647     6.750440     7.617212    11.386503   -54.694801   -72.227799
   32.656368     6.520573     7.059701    11.703230   -37.798160   -96.440621
   32.256841     6.501074     7.372492    11.568286   -33.833261  -106.402405
   32.198490     6.390521     7.179093    11.534386   -24.583309   -73.969381
   31.938270     6.698039     7.169045    11.347063   -55.134146   -60.297224
   32.168394     6.440990     7.419508    11.431953    -1.822268  -102.577109
   31.878645     6.576875     7.525533    11.271052   -18.393577   -70.547866
   32.508979     6.771107     6.961254    11.343389    -1.619672   -93.665970
   32.482741     6.830490     7.553149    11.383532   -10.620786   -82.828444
   31.644682     6.329669     7.186362    11.337544   -20.318184   -99.822022
   31.801694     6.160819     7.195488    11.450559   -10.268984   -87.815835
   32.837216     6.910867     7.357240    11.516346   -20.152277   -76.778904
   32.027909     6.495940     7.349444    11.368319   -15.214125   -75.203397
   32.046869     6.481738     7.723545    11.407169   -10.103421   -99.383238
   32.190897     6.524477     7.574187    11.510453   -32.436179   -70.154324
   31.703343     6.333413     7.207918    11.300863   -14.103839   -64.109911
   32.330294     6.582864     7.037833    11.485505   -29.584894   -74.217192
   32.237925     6.718594     7.203482    11.308367   -10.972822   -95.139652
   32.456689     6.647839     7.275116    11.443993    -7.024921  -106.396377
   32.263009     6.913546     7.133224    11.225417   -17.910858   -89.567113
   32.225668     6.764319     7.245979    11.308554   -19.754983   -74.952449
   32.277933     6.366547     7.563179    11.619140   -25.882308   -82.039784
   32.318498     6.597945     7.412104    11.401631    -3.872992   -89.531816
   32.385940     6.329677     7.387473    11.665282   -22.734107   -78.824874
   32.031949     6.262573     7.288986    11.504728   -12.686063   -70.870831
   32.191347     6.575691     7.371895    11.474746   -35.817213   -73.716304
   32.066432     6.332270     7.163107    11.487803   -19.138985   -77.490181
   32.060842     6.579700     7.627019    11.392773   -25.423166   -79.637653
   32.766093     6.691597     7.463295    11.638755   -24.019174   -73.143074
   32.201528     6.778424     7.612856    11.338994   -24.289073   -91.259378
   32.231638     6.851180     7.396280    11.288595   -24.121067   -73.840295
   32.170473     6.564555     7.274110    11.398353   -17.997525   -73.355445
   32.143074     6.508348     7.545955    11.479391   -28.184920   -72.833472
   32.045832     6.662634     7.488120    11.265796    -6.612052  -100.592015
   32.294590     6.436305     7.072970    11.515653   -16.980158   -77.607555
   32.232833     6.632174     7.060447    11.373071   -18.241538   -89.054207
   32.247599     6.322082     7.248947    11.608329   -25.724810   -75.743356
   32.164708     6.421843     7.404905    11.502520   -21.053812   -81.216082
   32.164952     6.649246     7.414417    11.367384   -20.379102   -68.999836
   31.771542     6.440418     7.219103    11.328263   -29.221613   -76.994144
   31.904044     6.362627     7.510883    11.429229   -19.849495   -84.552043
   32.227904     6.597683     7.456792    11.432444   -20.614234   -69.418515
   31.927704     6.607217     7.464312    11.269701    -8.600581  -108.623767
   32.335447     6.678597     7.343082    11.359063     6.264536  -126.771630
   32.211360     6.574535     7.113143    11.404456    -9.513414  -116.184103
   32.379060     6.908822     7.459431    11.329819   -22.283671   -99.646226
   32.285359     6.646984     7.577319    11.439367   -21.497579   -85.784208
   32.600655     6.857352     7.290641    11.441106   -21.045018  -109.769356
   31.831246     6.672397     6.970093    11.239118   -28.697811   -95.085884
   32.222222     6.608486     7.310572    11.441284   -25.459518  -101.069156
   32.442602     6.444538     7.386768    11.621839   -14.418094  -121.141056
   32.086698     6.472192     7.433653    11.490976   -20.191214  -119.852612
   31.976631     6.543393     7.424887    11.399607   -21.488754  -115.337400
   32.156746     6.752166     7.371803    11.308694   -15.682890  -110.397051
   32.161337     6.718474     7.499314    11.366700   -29.537646   -87.176480
   32.364596     6.732899     7.032445    11.449794   -40.555346   -84.939781
   32.181758     6.584929     7.794890    11.414748   -11.208368  -101.317814
   32.090841     6.648656     7.436134    11.308511    -7.252912  -109.837387
   32.056092     6.430020     7.391212    11.387303     1.567327  -110.632461
   32.079957     6.754292     7.543251    11.312035   -29.484846   -89.034008
   32.424715     6.531784     7.431092    11.485188     2.353812  -114.679619
   32.386744     6.466112     7.487379    11.487036    12.024899  -123.214552
   32.434343     6.531771     7.079417    11.517797   -15.597964   -98.395143
   31.864752     6.649263     7.405481    11.258645   -14.557285  -115.467852
   32.260827     6.443921     7.255642    11.576992   -29.859558  -105.190252
   32.478003     6.609380     7.022764    11.510211   -21.474811  -100.675281
   32.034623     6.352987     7.055823    11.531561   -28.437792  -109.592954
   32.446137     6.544688     7.131048    11.539424   -13.777452  -119.596496
   32.253563     6.658816     7.161311    11.535928   -60.470288   -85.962647
   31.972509     6.363873     7.463467    11.465708   -23.402534   -77.971268
   32.311845     6.651730     7.505969    11.612104   -69.006709   -63.983772
   32.350065     6.753228     7.422134    11.392054   -19.023756   -99.930146
   32.139611     6.512695     7.360304    11.437719   -21.970371   -88.814107
   32.430553     6.862214     7.242958    11.469414   -55.840875   -68.819333
   32.204165     6.865150     7.719976    11.325026   -34.526837   -74.308572
   32.286847     6.648340     7.179834    11.491340   -44.776035   -79.237798
   31.954408     6.538694     6.982478    11.386800   -40.753484   -75.720963
   31.869529     6.604948     7.549694    11.285601   -27.506132   -68.491526
   32.045603     6.692051     6.983543    11.333691   -40.227626   -69.394229
   32.338201     6.486373     7.309897    11.592890   -36.099785   -70.329083
   32.292732     6.847223     7.402700    11.385732   -39.899844   -58.370744
   32.009216     6.759350     7.401726    11.185484    -7.597907   -96.827038
   32.471896     6.780222     7.032588    11.437593   -33.251577   -78.821414
   32.081864     6.474622     7.285793    11.505148   -38.781798   -93.019219
   32.079209     6.749286     7.672142    11.426818   -49.919987  -105.579179
   32.310666     6.864432     7.369704    11.432787   -54.806960   -89.765033
   32.041739     6.781523     7.428283    11.277867   -21.047141  -114.082267
   32.285470     6.609150     7.506969    11.461580   -19.118709  -104.411637
   32.224248     6.851243     7.240455    11.238539   -11.411219  -102.119037
   32.525143     6.623527     7.535122    11.568917   -24.265401   -90.588370
   31.920826     6.608046     7.370746    11.327314   -33.786053   -77.919495
   32.125897     6.655520     7.608246    11.408449   -32.472355   -88.350341
   32.086244     6.603813     7.426756    11.405100   -33.239214   -70.397818
   31.900380     6.258728     7.341928    11.529425   -34.718094   -72.542980
   32.461898     6.557486     7.514594    11.599473   -29.271466   -71.975031
   32.341954     6.409620     7.320591    11.573306   -15.512496  -102.986075
   32.131930     6.387991     7.129900    11.522496   -29.316000   -87.389107
   32.184300     6.609948     7.530774    11.453292   -32.750850   -79.674095
   31.958569     6.404629     7.234618    11.459344   -23.389414  -109.906835
   32.332388     6.427802     7.415651    11.575025   -21.072908   -84.084169
   32.375486     6.489918     7.222964    11.545270   -21.041790   -74.332514
   32.268493     6.544205     7.353688    11.441699   -13.418573   -82.512831
   31.961789     6.637737     7.342482    11.312105   -29.409274   -54.756558
   32.427518     6.674120     7.036192    11.470480   -26.152677  -101.702438
   32.278423     6.843195     7.485649    11.335259   -27.476027   -76.975145
   32.365995     6.722659     7.419739    11.406654   -18.433493   -89.777879
   32.142107     6.852173     7.400245    11.246069   -24.169094   -81.004411
   32.318484     6.794267     7.523689    11.285262    -0.955179   -88.922694
   32.136280     6.981896     7.495160    11.157157   -18.264744   -95.726240
   32.545560     6.954822     7.024847    11.348889   -29.225480   -80.048081
   32.163493     6.550270     6.913059    11.337301    -2.649090   -99.532274
   31.988232     6.863438     7.147513    11.150687   -18.145224   -95.416945
   32.446162     6.848126     7.324858    11.424313   -33.526022   -99.684623
   32.416204     6.863224     7.212195    11.365598   -23.160126  -109.920779
   32.126638     6.685242     7.630018    11.347159   -22.392149   -77.027834
   32.064150     6.399140     7.166434    11.527304   -37.116858   -92.810297
   32.440129     6.792807     7.075132    11.447022   -39.063260   -92.760406
   31.933079     6.664921     7.565237    11.349883   -35.045006  -104.117411
   32.319741     6.712786     7.324474    11.533896   -59.646662   -79.540420
   31.970837     6.759352     6.913843    11.270321   -38.276585   -86.835667
   32.025404     6.681348     7.350543    11.379986   -38.261499  -102.871388
   32.223727     6.822379     7.218470    11.218486     1.455448  -113.857925
   32.195857     6.830168     7.673891    11.289370   -15.786180  -105.936353
   32.105094     6.688550     7.037849    11.288155   -13.651846  -104.343258
   32.028226     6.892025     7.130731    11.179446   -26.996562   -89.795679
   32.493982     6.830172     7.357599    11.423975   -19.896737  -115.435700
   32.153120     6.894831     7.351577    11.253175   -24.361172  -107.500238
   32.142161     6.617655     7.396972    11.465988   -45.524564   -71.597204
   31.734861     6.585773     7.221721    11.301364   -46.245210   -75.043166
   32.203116     6.652300     7.471596    11.335115    -1.095619  -112.934585
   32.468828     6.895244     7.690656    11.469705   -42.630827   -70.276313
   32.260256     7.032577     7.419354    11.277943   -47.886372   -66.115367
   32.498831     6.868421     7.057956    11.458611   -50.462651   -79.179138
   31.851806     6.802943     7.178141    11.187340   -38.666314   -67.674518
   32.598973     7.126928     7.204185    11.347312   -45.819519   -66.590321
   31.902617     6.920751     7.365615    11.182095   -47.190865   -75.783235
   32.067529     6.791734     7.451266    11.268000   -29.125693   -72.297448
   32.033023     6.720248     7.430089    11.272764   -23.117945   -83.109275
   32.255747     6.968549     7.261183    11.298721   -46.469601   -74.406554
   32.261665     6.869266     7.534057    11.334895   -32.616169   -70.882024
   31.918996     6.702549     7.629747    11.278820   -34.291549   -73.217014
   32.256741     6.786424     7.453421    11.305210    -7.193628  -113.985490
   32.288595     6.907613     7.409819    11.269678   -17.319219  -102.533663
   31.975592     6.779411     7.711499    11.216935   -20.489822   -90.697220
   32.032796     6.592652     7.249241    11.373074   -33.480972   -72.239767
   32.529804     6.714011     7.231973    11.536079   -37.297284   -74.541491
   32.051598     6.824119     7.183521    11.222079   -27.836537   -72.202733
   32.245137     6.709997     7.332171    11.442476   -41.981496   -64.383592
   31.865318     6.660338     7.511329    11.219224   -20.761164   -67.902907
   32.249186     6.969916     7.273795    11.240326   -30.666782   -70.329966
   32.219461     6.830797     7.504882    11.310127   -25.902684   -73.180961
   31.907124     6.378947     7.048845    11.406265   -26.640738   -64.624935
   31.955663     6.660761     7.536609    11.263418   -19.718199   -64.053063
   32.248540     6.677611     7.090838    11.384651   -24.341939   -63.145167
   32.243963     6.874223     7.269159    11.297489   -31.354065   -70.422511
   32.285755     6.830993     7.372793    11.305343   -18.207124   -69.835467
   32.036563     6.805379     7.264562    11.303619   -40.888036   -94.824894
   32.703745     6.647554     7.113508    11.675537   -46.839460   -83.783468
   32.035856     6.671449     7.115993    11.374043   -45.982475   -78.775288
   32.678814     6.749894     7.641741    11.647746   -43.233012   -83.415063
   32.401209     6.429790     7.223465    11.642178   -33.538012   -93.263819
   32.145787     7.047831     7.269897    11.248827   -59.335494   -70.588454
   32.149385     6.822915     7.346277    11.268751   -13.529559  -118.421654
   32.183106     6.825843     7.123979    11.351680   -41.477064   -99.858126
   31.989591     6.714307     7.577700    11.321812   -35.743608   -88.112622
   32.237413     6.458746     7.520100    11.584167   -35.032184   -93.949919
   32.153786     6.727471     7.604986    11.447715   -53.543664   -73.543451
   31.791178     6.741453     7.258301    11.228255   -41.070408   -85.031618
   31.970144     6.687630     7.103086    11.335106   -42.253782   -88.847326
   32.228773     6.593451     6.891591    11.471377   -38.960776   -90.638558
   32.064923     6.492326     7.216877    11.467729   -36.667657   -89.013776
   32.160449     6.546517     6.962685    11.428692   -29.796637   -73.682619
   32.022063     6.300402     7.343811    11.584503   -41.400859   -74.702492
   32.621566     6.680343     7.364766    11.644989   -47.189213   -86.042542
   32.551465     6.909872     7.384065    11.434582   -32.440595   -70.867681
   31.924484     6.486229     7.401258    11.437720   -42.257300   -76.830817
   31.981711     6.365240     7.278668    11.572018   -55.389030   -57.403029
   32.172815     6.620264     7.397579    11.535681   -61.674694   -62.997818
   32.148586     6.878364     7.263007    11.353511   -59.896458   -67.537085
   31.914870     6.558300     7.581474    11.349937   -29.996335   -71.954985
   32.294584     6.711306     7.500195    11.456891   -36.749070   -74.679369
   31.976819     6.683507     7.411598    11.258046   -19.828980   -87.746343
   31.852258     6.796358     7.477312    11.160858   -23.132409   -94.868131
   32.382720     6.976558     7.312797    11.288175   -27.780632   -81.714514
   32.132728     6.588601     7.328864    11.413733   -29.775164   -84.277485
   31.947339     6.588094     7.203890    11.302343   -25.187170   -72.497846
   32.364145     6.846705     7.295962    11.355945   -28.065499   -79.002018
   32.053997     6.772417     7.165249    11.206206   -14.839183   -86.328448
   32.313893     6.764548     7.107358    11.259788     4.358896  -106.033814
   32.047887     6.539900     7.102682    11.394013   -30.908432   -67.421912
   31.697728     6.543857     7.457910    11.239912   -28.080558   -71.672442
   32.095307     6.608329     7.374837    11.301743    -6.009099   -71.862974
   32.435458     6.661666     7.119292    11.400881    -5.640103   -85.468041
   32.287400     6.760824     7.689346    11.360520   -15.980863   -78.687796
   32.531282     6.536216     7.511300    11.597175   -16.439585   -73.785658
   31.827616     6.453572     7.570470    11.335860   -14.059192   -99.235392
   31.797289     6.626647     7.291214    11.215893   -24.272029   -78.462680
   32.031505     6.590321     7.466974    11.378578   -29.068367   -60.959951
   32.386367     6.683563     7.541959    11.411514    -7.479846   -77.161982
   32.165659     6.551391     7.364889    11.448802   -28.237191   -72.950867
   32.506696     6.509242     7.180079    11.649286   -36.740773   -69.753472
   31.609037     6.491976     7.103885    11.147159   -12.280654   -69.928824
   31.802232     6.730245     7.408473    11.164637   -25.438719   -77.471578
   32.518343     6.824876     7.465429    11.402515   -11.140180   -72.242304
   32.510435     6.502284     7.476006    11.537897     0.584292  -102.372231
   32.387128     6.787484     7.222000    11.301223     0.608529  -108.491735
   32.370749     6.793541     7.452003    11.342809   -10.858366   -80.538591
   32.265843     6.457296     7.401989    11.495312   -12.851463   -86.353620
   32.434265     6.510841     7.358370    11.500672    -2.548608   -80.928228
   32.100875     6.654769     7.556628    11.298962    -6.271734  -101.081309
   31.770336     6.804254     7.614645    11.108466   -25.688515   -81.404719
   32.097106     6.936937     7.439642    11.096188    -0.731643  -100.416622
   31.773418     6.481339     7.016608    11.282437   -10.800737  -112.402742
   32.155624     6.448759     7.367289    11.459931    -8.082849  -112.725982
   32.666615     6.806768     7.043719    11.457092   -16.817041  -109.127538
   31.965747     6.288312     6.955132    11.442906    -3.913716  -114.117005
   31.878137     6.510567     7.175246    11.313371    -8.873707  -116.625904
   32.121846     6.518084     7.100258    11.391609    -9.989800  -110.154995
   31.894820     6.464570     7.182884    11.382525   -20.583226  -109.658984
   32.481938     6.531671     7.278556    11.526610    -9.925974   -93.928329
   32.163922     6.361754     7.368949    11.528981   -18.570670   -74.717293
   32.266320     6.459871     7.198673    11.457611    -6.815009   -90.905036
   32.613470     6.617755     7.216143    11.476209     6.421961  -110.797508
   32.366653     6.581825     7.606083    11.504262   -18.149651   -85.556424
   31.931745     6.477377     7.517352    11.392593   -26.867431   -71.049409
   31.995846     6.461507     7.407805    11.449787   -33.417514   -78.006697
   32.157696     6.465512     7.400684    11.512612   -31.504052   -72.012045
   32.193029     6.420702     7.376707    11.457955    -3.645014  -101.656685
   32.154181     6.282073     7.396610    11.576894   -18.597410   -86.429817
   32.135723     6.421899     7.595317    11.539799   -30.113822   -79.218261
   32.179360     6.577160     7.019472    11.388950   -20.307268   -88.358307
   31.744401     6.129262     7.280099    11.454756    -2.759675  -108.020812
   32.013530     6.497062     7.505956    11.362511    -7.227680  -104.216760
   32.529403     6.369548     7.489756    11.676841   -13.104866   -93.699908
   32.283157     6.464510     7.029598    11.463742    -7.264458  -102.089929
   32.068828     6.513755     7.535737    11.429796   -19.885370  -102.626950
   31.816089     6.556099     7.464409    11.274448   -13.142639  -108.440717
   31.943695     6.420141     7.087510    11.380611   -19.841979   -87.849412
   32.262399     6.655783     7.547999    11.355908    -2.503323  -102.267371
   32.334689     6.514398     7.144209    11.498497   -19.730144   -79.824834
   32.057816     6.603697     7.596578    11.331387   -14.113245   -84.611420
   32.096776     6.674815     6.962041    11.282434   -12.127137  -103.210483
   32.454691     6.790724     7.150479    11.422803   -30.650949   -80.757409
   32.380864     6.638285     7.102960    11.415866   -12.972650   -90.490268
   32.314275     6.483577     7.238472    11.432363     3.036766   -95.611972
   31.973606     6.306255     7.472303    11.490631   -19.980646   -78.554953
   32.253388     6.680055     7.033342    11.321143    -5.748291  -105.827249
   31.836914     6.738769     7.306187    11.210180   -35.022708   -72.744469
   31.860111     6.406812     7.231937    11.351285   -19.447849   -75.783319
   32.335049     6.730358     7.004540    11.361730   -19.473548   -73.332527
   32.406278     6.841884     7.372833    11.439906   -40.770633   -62.680986
   32.476916     6.674454     7.148213    11.540774   -37.001151   -60.931438
   32.142415     6.599879     7.483040    11.443684   -34.714279   -78.172123
   32.179135     6.858142     7.129735    11.256493   -28.224088   -76.277562
   32.372144     6.653711     7.155557    11.448276   -22.020422   -67.694928
   32.416407     6.601716     7.238272    11.431518     1.834964  -117.187752
   32.538418     6.675287     7.438536    11.458924    -1.054230  -111.239068
   31.978809     6.681928     7.029350    11.254877   -14.465644  -108.448746
   32.270814     6.530588     7.126195    11.403009    -2.450055  -101.556650
   32.529506     6.932810     7.356644    11.322375    -9.804169   -98.595214
   32.322944     6.637191     7.469516    11.435385    -9.026368  -117.193480
   32.122141     6.533442     7.340272    11.481055   -38.954641   -63.543683
   32.166774     6.768934     7.164287    11.286000   -23.143812   -75.858880
   32.165675     6.459350     6.887134    11.420463   -12.133188   -91.170338
   32.188581     6.781575     7.211370    11.261536   -12.964711   -96.651833
   31.809030     6.652515     7.609429    11.160336    -8.720202   -87.274951
   32.457531     6.558369     7.483970    11.494601    -2.715391  -102.490796
   32.151279     6.600624     7.048295    11.319169    -6.554925   -97.604169
   32.597833     6.575799     7.014140    11.561871   -16.533762  -100.672747
   32.153251     6.500828     7.339230    11.435010   -18.554534   -75.600782
   31.950702     6.474886     6.978782    11.312615    -9.852115   -91.425678
   32.145157     6.703086     7.187330    11.242107     2.283058  -108.620326
   32.099674     6.493881     7.423647    11.371614    -4.686206   -92.528741
   32.350876     6.515250     7.172096    11.498867   -17.078724   -93.503050
   32.029941     6.729245     7.460523    11.227401    -8.952908  -100.891689
   32.277675     6.593737     7.378066    11.403034    -8.116795   -97.815227
   32.110268     6.818960     7.229347    11.147630     6.867378  -111.450998
   32.396426     6.944847     7.424809    11.233603     1.585411  -114.920773
   31.908951     6.621590     7.143067    11.254699    -7.983232  -116.202326
   32.467800     6.825110     7.424188    11.415754   -21.632187  -103.973711
   31.657943     6.694813     7.272120    11.108257    -1.629274  -124.197563
   32.147598     6.683613     7.412918    11.321982    -8.262386  -113.754701
   32.205805     6.814030     7.280015    11.226337    -4.043622  -103.502207
   32.277514     6.827978     7.500774    11.263653    -5.940019   -79.067390
   32.324866     6.783060     7.405428    11.321716   -10.751956   -88.590795
   31.924833     6.507708     7.552614    11.311606    -4.417538  -105.887924
   32.165461     6.696507     7.236194    11.282509    -4.300981  -107.657556
   32.146212     6.614052     7.532453    11.353498    -7.666177  -105.156468
   32.637273     6.746849     7.321478    11.481159   -10.455530  -107.625148
   32.027880     6.571221     7.060360    11.301517    -4.757784  -111.229455
   32.241752     6.821993     7.688383    11.361952   -32.348606   -78.781885
   32.074423     6.571629     7.354744    11.410482   -32.707462   -71.489629
   31.981188     6.423171     7.229838    11.376048   -12.728486   -88.530757
   31.816225     6.492145     7.492918    11.232711     1.024955   -97.115724
   31.954460     6.485403     7.283702    11.343746   -16.720526   -67.205849
   32.083347     6.424071     7.347542    11.466143   -21.317848   -65.419184
   32.302782     6.654559     7.322911    11.432160   -23.298369   -69.449528
   32.311070     6.574890     7.284362    11.410264    -5.249182   -78.536033
   32.230971     6.700670     7.112449    11.290746    -6.514483   -80.485149
   32.118527     6.564848     7.359899    11.367014   -13.853781   -71.063007
   32.167162     6.441028     7.348992    11.464500   -14.014682   -72.816279
   32.208030     6.555648     7.128798    11.407634   -15.911904   -68.827524
   32.158825     6.691088     7.311792    11.291361   -10.922590   -82.591396
   32.132593     6.419739     7.340769    11.449106   -11.646257   -81.816328
   32.290654     6.597357     7.588220    11.447046   -14.666093   -76.820969
   32.268130     6.745660     7.353185    11.405662   -34.287489   -66.504657
   32.180093     6.579027     7.222901    11.385546   -15.708215   -69.265385
   32.135548     6.937081     7.653752    11.277717   -44.930802   -68.163693
   32.087770     6.696723     7.148619    11.293315   -23.306678   -81.032226
   31.973918     6.683188     7.047973    11.204327   -11.198287   -85.043124
   32.221358     6.627267     7.082222    11.326673    -5.938347   -90.272468
   32.407378     6.614549     7.074894    11.511824   -29.103298   -62.267806
   32.076702     6.914026     7.317655    11.212751   -33.254694   -53.205707
   32.285068     6.941612     7.326952    11.281278   -28.565125   -56.406353
   32.299246     6.415296     7.413618    11.467150     7.651203   -79.931597
   32.139959     6.615207     7.688992    11.433510   -29.936537   -60.536238
   32.147345     6.423875     7.306397    11.447612   -10.135092   -75.103282
   31.821441     6.627154     7.353554    11.219435   -22.603952   -73.179686
   32.038422     6.640504     7.050301    11.351399   -37.183300   -68.415249
   32.122876     6.705363     7.435608    11.258366    -6.413486   -84.774550
   32.389425     6.760101     7.245820    11.322332    -2.589768   -80.833918
   31.923587     6.324147     7.376713    11.430079   -14.730490   -67.196509
   31.961543     6.504555     7.379493    11.457404   -45.973219   -49.791195
   32.071808     6.856746     7.165772    11.239547   -34.138910   -55.910427
   32.167619     6.873010     7.339978    11.167858    -4.874768   -84.848348
   32.360981     6.668568     7.141067    11.350488    -1.649107   -89.723958
   32.172503     6.637703     7.377684    11.387134   -24.307455   -72.544649
   32.031435     6.454710     7.366515    11.395293   -14.713494   -84.797215
   32.147694     6.631771     7.323443    11.314900    -6.801132   -98.227608
   32.086787     6.473777     7.387149    11.388338    -4.858985  -103.806909
   32.406193     6.741186     7.623637    11.478330   -28.794884   -97.194042
   32.214165     6.654522     7.579542    11.376663    -8.712329  -111.700932
   32.304767     6.803180     7.512499    11.399715   -32.544804   -94.601995
   31.956634     6.257080     7.239556    11.457842     4.858946  -123.372114
   32.309069     6.652388     7.418018    11.463442   -21.812725  -112.728791
   32.494975     6.588759     6.988466    11.469091    -3.497244  -110.875302
   32.081406     6.703129     7.196694    11.349183   -33.164309   -97.640064
   32.220077     6.513479     7.622844    11.553997   -37.475820   -66.175105
   32.309591     6.453485     7.478096    11.589202   -30.191170   -84.396635
   32.286575     6.476858     7.237258    11.579493   -39.441783   -74.989063
   32.146052     6.535937     7.751582    11.529700   -41.647763   -81.358817
   31.943551     6.373842     7.515741    11.508926   -38.608817   -57.333955
   32.436349     6.941113     7.589961    11.360721   -26.720953   -77.421103
   32.204206     6.416013     7.629780    11.626747   -43.692056   -75.437437
   32.439962     6.393894     7.428935    11.730821   -42.759704   -67.219845
   32.224541     6.367365     7.460515    11.649680   -40.899974   -58.638342
   32.370734     6.499043     7.278273    11.667125   -54.232004   -60.498058
   31.964168     6.499877     7.536244    11.492983   -52.977449   -54.267551
   32.755655     6.902379     7.517686    11.614612   -52.778327   -74.961057
   31.809279     6.337193     7.379340    11.446919   -36.315957   -58.413078
   32.017571     6.286668     7.040933    11.519270   -28.292173   -68.712535
   32.167403     6.344450     7.239466    11.540505   -21.363923   -76.961738
   32.161740     6.559245     7.330022    11.390512   -15.755199   -83.250962
   32.067760     6.487912     7.465345    11.451378   -21.227843  -105.899126
   32.285900     6.445971     7.560767    11.503173    -4.805614  -102.845663
   32.319952     6.556639     7.165261    11.441142    -5.473841  -114.770787
   31.879247     6.429836     7.157421    11.375432   -23.796767   -93.957687
   31.829532     6.716385     7.294732    11.276373   -49.545944   -68.594085
   31.920279     6.632229     7.468933    11.222303    -5.967701   -99.118992
   31.864025     6.263927     7.395496    11.443346    -9.137239  -102.624847
   32.136866     6.553927     7.383992    11.365868    -9.733926   -89.479529
   32.160715     6.577903     7.406434    11.355498    -3.048947  -107.121914
   31.953300     6.323713     7.297632    11.435832    -2.000263  -118.103506
   32.054853     6.369041     7.306218    11.472682   -13.005748  -106.691263
   32.333672     6.649920     7.518968    11.582350   -56.598725   -69.654187
   32.176729     6.445424     7.427562    11.617656   -53.758352   -65.189229
   31.852705     6.518506     7.191514    11.306970   -27.246324   -71.898825
   32.408100     6.788528     7.649207    11.491793   -40.789999   -84.588888
   32.163116     6.338611     7.463098    11.519057    -9.549760   -92.680693
   32.264849     6.659694     7.728979    11.480321   -34.141601   -73.406966
   31.981295     6.603579     7.285401    11.415477   -41.274856  -101.605854
   32.829214     6.697243     7.516960    11.762888   -52.154653   -82.255505
   32.360468     6.593512     7.557105    11.533241   -29.539590   -83.334838
   32.507069     6.483209     7.417306    11.612611   -18.039900   -76.800803
   32.364987     6.348649     6.912557    11.550565    -3.240389  -102.079373
   32.558089     6.440216     7.035835    11.617705   -11.705986  -106.385289
   32.086915     6.604458     7.511748    11.420889   -35.344286   -79.329638
   32.387503     6.696948     7.390725    11.487740   -32.999578   -93.532982
   32.108371     6.620944     7.258973    11.393343   -10.568221  -134.564433
   32.466170     6.628544     7.278537    11.525817   -17.052566  -122.464589
   32.013380     6.640396     7.529502    11.433548   -49.144100   -90.816617
   32.343375     6.666604     7.528686    11.450112   -18.346117  -103.415859
   32.486329     6.525401     6.982621    11.548016   -18.531973   -94.398498
   32.511043     6.535981     7.335144    11.563968   -13.300020  -106.468243
   32.282959     6.395357     7.282901    11.519361    -7.176161  -101.580345
   32.238961     6.347440     7.088449    11.543321    -4.671943  -122.503786
   32.008116     6.536437     7.699738    11.415881   -24.603034   -99.974073
   32.343863     6.620485     7.641436    11.480558   -13.708145  -113.443768
   32.199757     6.563856     7.384361    11.399800    -5.882371  -112.420604
   32.209077     6.349555     7.401486    11.510174    -3.980793   -98.964476
   32.171952     6.610721     7.224001    11.446730   -39.322380   -69.239414
   31.985221     6.492451     7.209854    11.355318   -19.463903   -76.255539
   32.342088     6.507081     6.981716    11.446396    -4.437153   -98.143551
   31.890977     6.431894     7.287191    11.304339     0.322169  -104.648726
   32.600597     6.860235     7.373691    11.378734    -2.230968  -113.154595
   32.135777     6.615808     7.135659    11.274039     6.244066  -110.493693
   31.751045     6.472989     7.361452    11.258938    -9.062043  -101.585416
   32.005948     6.655322     7.430344    11.234919    -1.896607  -104.534229
   31.524578     6.123794     7.278728    11.359440   -13.070250   -79.347743
   32.350718     6.573266     7.258454    11.402296     4.709559  -111.274786
   31.891599     6.279023     7.368305    11.413059     2.958549  -113.630109
   31.931550     6.304958     7.360832    11.418001     1.439566  -113.285147
   32.099264     6.525512     7.198290    11.345466    -3.986363  -103.382083
   32.420890     6.334580     7.059575    11.622530   -11.725763  -101.642950
   32.272720     6.570567     7.621065    11.481568   -20.518806   -92.610806
   32.302420     6.410734     7.427423    11.588931   -19.811560  -107.890015
   32.136384     6.593608     7.281405    11.441731   -27.685753  -110.943213
   32.212167     6.413813     7.615747    11.605239   -35.230187   -89.918328
   31.996714     6.388272     7.717608    11.556453   -44.244693   -67.318309
   32.074247     6.569268     7.400793    11.400332   -28.151909   -84.556787
   31.790660     6.486137     7.281295    11.444373   -56.809043   -85.091861
   32.063191     6.464299     7.690749    11.501592   -32.560509   -86.701133
   32.034927     6.418993     7.068799    11.522128   -40.637027   -98.019542
   32.131291     6.636314     6.993953    11.452115   -50.770356   -84.610196
   31.934804     6.414495     7.538269    11.411586   -20.290446   -79.963673
   32.509052     6.572895     7.434244    11.658542   -43.880106   -68.618122
   32.357652     6.677679     7.116893    11.526877   -51.857116   -66.198077
   32.248073     6.739231     7.058237    11.363036   -29.430868   -91.971255
   31.961274     6.321367     7.333243    11.601981   -57.523630   -67.943196
   32.017556     6.448786     7.632940    11.497549   -36.811032   -61.428341
   32.174441     6.691767     7.415734    11.413390   -38.860950   -73.188914
   31.746618     6.834219     7.414595    11.182216   -53.743638   -66.007126
   32.188728     6.647333     7.690188    11.472063   -40.573884   -75.795669
   32.507595     6.939822     7.582626    11.440687   -38.901244   -70.248923
   32.178906     6.904359     7.592779    11.363319   -56.625870   -80.106241
   32.268418     6.793889     7.471467    11.442753   -48.606907   -55.272377
   32.250077     6.409658     7.437055    11.638527   -43.719596   -65.842690
   32.393209     6.735208     7.324831    11.448751   -31.106028   -79.825530
   31.828313     6.672424     7.649641    11.314024   -51.634637   -58.733440
   32.494382     6.724722     7.095131    11.524139   -43.845495   -83.790794
   32.269953     6.471394     7.355575    11.558823   -20.736276  -119.246990
   32.116680     6.637803     7.776780    11.416891   -25.867252  -104.762357
   31.975576     6.360164     7.226145    11.452318   -24.515334   -74.826750
   32.195279     6.421093     7.069283    11.502821   -22.480569   -90.988832
   32.098691     6.358680     7.058854    11.500152   -24.643000   -73.863172
   32.369780     6.440949     7.298946    11.635163   -37.195474   -81.609418
   32.300530     6.436478     7.418475    11.503815    -2.568838  -110.288305
   31.942607     6.597854     7.622589    11.347356   -32.018244   -67.808008
   32.087988     6.421436     7.198685    11.485602   -29.504545   -67.365270
   32.285890     6.401458     7.179706    11.506698    -5.365354  -104.565556
   32.230685     6.662625     7.638764    11.425768   -25.913159   -74.729504
   31.922716     6.363014     7.355821    11.390423   -11.718752   -73.034047
   32.183572     6.611613     7.282607    11.377806   -17.739193   -70.711866
   32.473291     6.589433     7.321594    11.646002   -51.518011   -73.596319
   32.023313     6.660224     7.085516    11.414476   -57.892257   -69.873652
   32.377387     6.408593     7.354298    11.637083   -29.643400   -73.344278
   32.621369     6.876702     7.375629    11.594233   -66.394600   -69.138538
   32.316618     6.775469     7.428932    11.425626   -37.600638   -77.309147
   31.772013     6.635360     7.430341    11.238334   -31.656125   -77.992880
   31.771102     6.436434     6.980284    11.420060   -57.578416   -52.422728
   32.187516     6.621129     7.099739    11.573156   -76.169624   -50.621679
   32.069655     6.726863     7.496082    11.440352   -64.847906   -64.999083
   32.245281     6.705894     7.515401    11.516733   -58.242670   -58.193197
   32.330388     6.616661     7.263866    11.586828   -58.585708   -77.376437
   32.272272     6.843747     7.268465    11.422279   -58.053192   -73.731726
   32.013842     6.907327     7.668908    11.306338   -66.155933   -56.042488
   32.528508     6.953378     7.302244    11.347388   -22.645363   -89.118210
   32.406614     6.644828     7.108379    11.523001   -39.541279   -87.573273
   32.587385     6.842310     7.359594    11.531349   -46.713395   -88.251540
   32.373705     6.752288     7.398043    11.549091   -61.953333   -82.322373
   31.990888     6.581922     7.304890    11.476578   -61.236834   -76.017629
   32.342257     6.741457     7.321069    11.493106   -50.051774   -83.741706
   32.350944     6.489896     7.248305    11.571059   -27.255720  -102.873205
   31.887724     6.786223     7.395555    11.304705   -57.692473   -79.099951
   32.205198     6.605585     7.308778    11.501492   -46.605393   -82.850751
   32.092321     6.359493     7.296329    11.591720   -42.536212   -90.239663
   31.645394     6.629444     7.296694    11.253925   -49.727925   -73.173395
   32.209887     6.837656     7.389965    11.427881   -62.736848   -79.223213
   32.427258     6.861528     7.322626    11.494593   -61.536012   -71.844740
   31.927988     6.684780     7.444212    11.404264   -66.476297   -61.878994
   32.502311     6.749245     7.499286    11.542744   -39.780612   -73.089452
   32.018627     6.624414     7.225140    11.483047   -68.092131   -74.188183
   32.395359     6.600051     7.287440    11.637485   -61.647691   -75.048030
   32.313886     6.698853     7.264195    11.499985   -45.828751   -97.474539
   31.907361     6.473126     7.519217    11.494627   -56.079877   -69.246073
   32.434597     6.529156     7.534733    11.560414   -18.374250   -83.633787
   32.045821     6.318452     7.404842    11.490079   -14.244914   -72.338630
   32.005682     6.775049     7.370716    11.210842   -20.340823   -79.332501
   32.428559     6.685416     7.551393    11.483604   -19.138902   -64.444602
   32.425701     6.520841     7.006119    11.480303    -6.462927   -93.637133
   32.586574     6.605027     7.324180    11.549040   -14.572055   -91.712552
   31.842724     6.340516     7.515883    11.466466   -34.069495   -75.008159
   32.269891     6.837600     7.224939    11.309134   -21.621970  -104.224467
   32.352848     6.500089     7.063810    11.491851   -12.789811   -99.510943
   32.457275     6.614606     7.070862    11.564869   -39.104393   -65.088654
   32.105293     6.497960     7.291049    11.456983   -30.421557   -68.354154
   32.186599     6.342294     7.148197    11.540297   -19.825257   -73.539011
   32.330462     6.446290     7.452779    11.572291   -19.586493  -102.488451
   32.403031     6.799606     7.624167    11.401262   -16.033331  -106.733348
   32.329855     6.805207     7.154948    11.416968   -42.436503   -94.276385
   32.153393     6.628407     7.126907    11.406460   -26.796282  -106.862233
   32.241843     6.669709     7.316302    11.338366     2.193146  -124.437394
   32.086822     6.470408     7.748224    11.476635   -24.221690   -81.580946
   32.188335     6.511126     7.140078    11.429767   -18.662597   -79.363683
   31.980174     6.337252     7.424473    11.481604   -23.179545   -78.034209
   32.162593     6.665782     7.642092    11.334602    -5.478470  -109.920633
   32.326624     6.581410     7.192717    11.443573   -15.740953   -78.027839
   32.486051     6.593283     7.647915    11.591408   -26.599845   -73.526186
   31.797392     6.517062     7.560539    11.265227   -16.157839   -78.091659
   32.089970     6.540810     7.619790    11.408414   -19.738618   -72.022288
   32.194870     6.630597     7.529159    11.410695   -23.655511   -80.320605
   32.118917     6.369810     7.276362    11.512354   -22.640040   -70.048142
   32.155253     6.383166     7.256644    11.514552   -22.148551   -77.630568
   32.131537     6.412181     7.288506    11.460988   -10.112049  -104.696671
   32.369637     6.750377     7.394054    11.313903     4.298464  -108.188882
   31.984170     6.694148     7.315606    11.270745   -26.961858   -74.287899
   32.072100     6.490356     7.381057    11.389443   -13.974871   -81.746787
   32.563529     6.792142     7.637694    11.453668   -10.224557  -103.682387
   32.376088     6.689083     7.579725    11.453779   -20.482237   -79.426469
   32.140667     6.440103     7.436334    11.448748   -11.821696   -80.906526
   32.074616     6.597322     7.692521    11.329748     0.132839  -117.529200
   32.019831     6.547989     7.017180    11.387548   -34.626304   -78.253257
   32.504669     6.791469     7.029774    11.404159   -16.754933  -110.613781
   31.788365     6.097843     7.407482    11.554201   -25.840133   -70.189810
   32.394063     6.593132     7.410701    11.485215   -14.800648   -99.734763
   32.308283     6.547600     7.566234    11.488590   -10.196437  -113.603338
   32.264655     6.469837     7.320235    11.506397   -19.203384   -91.693329
   32.362513     6.818638     7.325003    11.372587   -20.936274  -110.827347
   32.239940     6.750573     7.649143    11.409482   -34.328026   -79.221182
   32.054651     6.859683     7.236860    11.235578   -32.729625   -89.133252
   32.155742     6.877956     7.349118    11.220706   -20.659689   -83.099656
   32.125231     6.753839     7.154580    11.356314   -44.537966   -67.134260
   32.057197     6.828571     7.509395    11.220219   -22.147376   -84.868984
   32.102651     6.519371     7.201264    11.435654   -29.305662   -89.313353
   32.082250     6.497837     7.607455    11.483211   -33.868582   -72.367981
   31.941074     6.505155     7.183517    11.405194   -40.231834   -64.657007
   32.203495     6.739993     7.420366    11.316008   -14.136307  -100.216919
   32.053702     6.579087     7.515614    11.356395   -13.769523  -103.013088
   32.110389     6.663321     7.084365    11.333513   -27.164026   -78.385679
   31.946261     6.921774     7.277022    11.095246   -21.192132   -77.139484
   32.402480     6.735605     7.406617    11.347498     1.800109  -107.875625
   31.552590     6.546055     7.192585    11.205700   -36.282085   -78.064535
   32.228425     6.637603     7.154243    11.457054   -39.864952   -62.913250
   32.014204     6.609064     7.287386    11.314563   -21.433443   -67.225485
   32.040863     6.573612     7.472841    11.381909   -27.058228   -72.386942
   31.637476     6.809160     7.373897    11.104161   -41.897423   -71.133499
   32.137396     6.657465     7.101341    11.322224   -18.900862   -89.082217
   31.892875     6.509828     7.135625    11.329481   -27.724479   -73.477040
   31.779074     6.695488     7.271959    11.270401   -50.628022   -68.636980
   32.227199     6.528935     7.103948    11.456022   -22.328675   -65.588215
   31.890361     6.792490     7.103136    11.208135   -38.094067   -71.672587
   31.602483     6.558954     7.103872    11.111501     4.213709  -114.903700
   32.591855     6.714092     6.989823    11.370121    17.743363  -127.701450
   31.878501     6.489247     7.353534    11.292803    -7.095499  -101.084307
   32.208008     6.619723     7.493253    11.423113   -11.321493  -123.593772
   32.219074     6.371972     7.409355    11.494547     2.906508  -115.164201
   32.187220     6.541761     7.483160    11.518723   -36.102731   -97.056779
   32.003769     6.564573     7.426069    11.340182    -9.356629  -114.023624
   32.018636     6.456642     7.649263    11.396926    -4.351878  -109.812044
   32.174923     6.442998     7.571878    11.500178   -13.610280  -106.851639
   32.149242     6.866072     7.426087    11.217813   -14.460285   -98.933328
   32.484539     6.497703     7.089304    11.460433    15.361773  -117.304171
   31.959568     6.533287     7.360386    11.336717   -17.560751   -95.512716
   32.192568     6.397198     7.186269    11.504912   -13.032986  -106.900770
   32.426479     6.415308     7.554409    11.627459   -15.024818  -107.327661
   32.176403     6.618766     7.206763    11.359615    -8.809487  -112.803344
   32.012162     6.497970     7.114102    11.365465    -5.135393  -121.422530
   31.989333     6.521111     7.616507    11.307468     8.704076  -121.564468
   32.349651     6.612430     7.457445    11.393285     2.931041  -105.040627
   32.138045     6.705479     7.549728    11.284808    -7.204881   -97.779768
   32.292225     6.479165     7.402686    11.513435   -15.535235  -100.918520
   32.487406     6.506604     7.164674    11.491866     3.936832  -105.467487
   32.130354     6.618619     7.257267    11.326177    -7.229366  -107.107944
   31.939632     6.556808     7.275044    11.323304   -22.576734   -91.462382
   31.730981     6.701725     7.133840    11.055921    -1.296872   -90.353342
   32.264248     6.651453     7.571262    11.336876     8.647728  -118.821226
   32.364218     6.493495     7.416983    11.493345    -5.447995   -96.617628
   32.029574     6.499882     7.548829    11.403748   -20.804948   -74.388611
   32.151865     6.507339     7.618624    11.423603    -7.958122  -101.488062
   32.081632     6.416550     7.360733    11.464566   -15.867743  -103.223553
   32.521878     6.592954     7.050261    11.484249    -2.089341  -117.827958
   32.534849     6.733950     7.071044    11.461198   -17.813451  -113.258382
   32.229362     6.721653     7.494603    11.371911   -18.194249  -107.930969
   31.933862     6.668856     7.403550    11.273378   -17.429062  -109.105841
   32.321303     6.546338     7.525780    11.565854   -35.920155   -71.939735
   32.484161     6.934928     7.563897    11.412205   -34.009864   -73.886091
   32.061238     6.577082     7.568362    11.410858   -30.882219   -73.391853
   32.315397     6.436594     7.559250    11.573072   -20.555296   -79.801431
   32.652461     6.609422     7.208688    11.597180   -18.267092   -66.339188
   32.230930     6.495254     7.525775    11.424040     1.226357  -104.565111
   32.399551     6.437005     7.570191    11.599962   -16.579463   -96.821004
   32.215547     6.649535     7.347465    11.351092    -9.109048  -103.062618
   32.046312     6.429238     7.351108    11.382498    -5.524815   -85.706117
   31.958374     6.549537     7.244436    11.283918    -6.788624  -102.086557
   32.815783     6.939907     7.416240    11.545768   -35.985785   -88.343972
   32.297291     6.595748     7.323247    11.439158    -9.930643  -115.392818
   32.723179     6.772902     7.628080    11.537500    -9.874026  -110.527062
   32.232663     6.768825     7.287418    11.303377   -17.784129   -82.897808
   32.245395     6.535869     7.562952    11.424231    -4.312422   -97.500047
   32.251620     6.687966     7.214481    11.412852   -33.685992   -78.579532
   32.253605     6.673214     7.673169    11.380948   -12.343559   -80.210582
   32.388578     6.450379     7.561953    11.651487   -33.206248   -65.799472
   31.946434     6.586397     7.136965    11.325213   -26.770247   -94.173026
   32.322089     6.581477     7.491701    11.520806   -30.490916   -83.620725
   32.003415     6.337520     7.211790    11.479937   -24.712297   -70.534805
   32.032842     6.553988     7.297219    11.412944   -36.469514   -79.350519
   31.971224     6.491426     7.557119    11.417958   -29.205907   -81.822042
   31.876143     6.520580     7.485492    11.308988   -18.174556   -85.696541
   32.189692     6.599521     7.315679    11.333371    -3.393094   -81.764140
   32.133810     6.465659     7.445842    11.475796   -22.491993   -91.301393
   32.052654     6.343916     7.292390    11.492156   -21.354764   -80.861298
   32.229745     6.466606     6.936583    11.514181   -31.434192   -69.254368
   32.046564     6.588625     7.358635    11.416926   -40.066963   -65.860906
   32.158859     6.689502     7.405831    11.355808   -25.544963   -81.392558
   32.334466     6.556330     7.617221    11.545462   -27.930550   -91.359005
   32.564894     6.705670     7.551212    11.559823   -28.353807   -76.829752
   32.410771     6.677822     7.069923    11.445161   -23.985530   -75.273217
   31.955020     6.463089     6.851030    11.422076   -40.301822   -72.129359
   32.353909     6.593225     7.519173    11.507308   -22.628876   -69.122979
   32.719744     7.027559     7.482243    11.458377   -33.256107   -73.318153
   32.118158     6.538032     7.124718    11.434605   -30.080115   -57.296757
   32.200344     6.710496     7.600222    11.373445   -23.835799   -69.706124
   31.979338     6.646703     7.480968    11.384378   -46.349409   -52.403554
   32.465389     6.555778     7.025046    11.538661   -20.918673   -67.001825
   31.948295     6.674877     6.920330    11.240592   -24.226594   -73.552006
   31.888698     6.788545     7.244545    11.187860   -32.292499   -63.949965
   31.956257     6.522033     6.912663    11.334459   -10.774281  -115.712876
   31.911496     6.606521     7.305744    11.288129   -13.818222  -112.471658
   32.126565     6.627103     7.435683    11.355466   -13.024565  -106.442004
   32.036757     6.824948     7.314052    11.188921   -12.084012  -105.804995
   32.618650     6.813084     7.260598    11.366405     6.632647  -111.788718
   32.078054     6.702885     7.283122    11.275529    -4.846201  -120.882070
   32.161513     6.786556     7.284985    11.227902    -4.785720  -104.184803
   31.956884     6.436328     7.129406    11.398378   -25.532345   -84.878532
   32.718732     6.757560     7.178038    11.511125   -15.784960  -103.442185
   32.243195     6.870432     6.941031    11.226948   -10.679035  -107.958410
   32.414098     6.689592     7.109168    11.391722   -10.781214   -85.745423
   32.199318     6.713289     7.264447    11.342382   -17.368102  -106.779773
   32.317794     6.716688     7.354792    11.270349    13.651846  -107.724833
   32.262313     6.668614     7.671937    11.428558   -23.002007   -76.765402
   32.188779     6.703084     7.358308    11.326175   -10.218146  -110.419404
   32.417022     6.483030     7.332507    11.498093    -0.304249   -98.786003
   32.673380     6.548182     7.273667    11.685007   -28.659132   -66.227550
   32.334490     6.724943     7.218868    11.408932   -20.018067  -113.271464
   32.300596     6.800317     7.189892    11.296831   -10.920791  -104.301609
   32.133889     6.701913     7.296111    11.215650    10.808383  -113.270594
   32.513282     6.889296     7.590721    11.384125   -14.879178   -91.533400
   32.438669     6.919662     7.128836    11.341193   -31.280446   -85.407937
   32.155048     6.700809     7.450535    11.469570   -57.716447   -72.273854
   31.947483     6.647585     7.133216    11.276642   -23.047336   -95.205350
   32.089490     6.794753     7.305066    11.337355   -46.941527   -76.633917
   32.392232     6.776450     7.459457    11.456216   -35.769108   -78.922860
   32.106773     6.703835     7.507707    11.329748   -16.608025  -110.962170
   32.277174     6.672330     6.962176    11.415572   -27.609332  -102.043549
   31.905830     6.592091     7.101512    11.233220    -0.081973  -115.984353
   32.068674     6.560873     7.538120    11.432282   -33.433984   -75.773344
   32.555181     6.605635     7.328349    11.491960     0.599759  -112.616307
   32.396959     6.385707     7.180043    11.586032   -11.073584  -104.000769
   32.044095     6.524551     7.210092    11.476368   -48.713936   -59.218744
   32.428122     6.693424     7.178609    11.427615   -18.155916   -80.769753
   32.309845     6.310397     7.310590    11.655746   -27.464776   -74.050755
   32.099963     6.398235     7.226194    11.463639   -17.489265   -90.141180
   32.004776     6.457059     7.199789    11.405799   -23.543477   -88.203398
   32.346664     6.680714     7.392745    11.415666   -13.114251  -107.849181
   32.275592     6.540057     7.386390    11.491978   -24.049801   -74.995687
   31.523731     6.424610     7.675732    11.315177   -41.121067   -82.704533
   32.031048     6.403389     7.220529    11.491535   -35.439098   -72.943628
   32.286908     6.920603     7.483977    11.230985    -4.909247  -114.303598
   32.143066     6.673855     7.733599    11.409881   -33.424157   -77.265998
   32.068107     6.400160     7.403766    11.533829   -33.191410   -95.550164
   32.193873     6.325054     7.198446    11.596170   -23.083650  -108.714277
   32.176813     6.474072     7.303503    11.567034   -43.406499   -94.106701
   32.048426     6.352461     7.178442    11.464375   -11.223008  -106.775806
   31.724962     6.313675     7.043225    11.467126   -32.879478  -114.250468
   31.984917     6.413442     7.317469    11.432498   -13.446433  -112.805460
   31.915084     6.501100     7.421443    11.325672     5.951776  -134.932482
   32.353699     6.773430     7.300247    11.366997   -15.127506  -109.200437
   32.353619     6.729855     7.677694    11.435219   -21.776567   -93.346463
   32.194235     6.438750     7.388558    11.514917   -14.524696  -114.753517
   31.867909     6.633706     7.138509    11.240070   -13.884775  -108.581246
   32.360021     6.573130     7.252294    11.505402   -19.415617  -111.206722
   32.628528     6.571471     7.256287    11.618256   -19.477783  -113.180638
   32.218171     6.380113     7.494056    11.539718    -4.234785  -122.751385
   32.270892     6.465337     7.391776    11.476378    -3.177185  -111.642440
   32.108602     6.617238     7.396653    11.400145   -18.119524  -119.332549
   32.030662     6.614020     7.573388    11.412456   -35.135171   -97.920258
   32.127110     6.432616     7.185498    11.568199   -49.464813   -65.985088
   32.296372     6.475640     7.198753    11.509383   -14.159139  -109.339222
   32.191806     6.741797     7.213938    11.336646   -21.400804  -106.642342
   31.998708     6.638415     7.402458    11.359706   -36.508818   -81.949708
   32.304094     6.675632     7.557171    11.496539   -39.455837   -74.800282
   32.081301     6.735335     7.287021    11.258775   -17.436324   -64.154069
   32.127992     6.656931     7.731605    11.353186   -15.895261   -93.711276
   32.244751     6.795679     7.624731    11.354426   -26.414290   -71.905072
   32.054580     6.362010     7.201154    11.585594   -41.771937  -102.595666
   32.411335     6.550329     7.143066    11.546455   -25.558538  -103.855282
   32.274821     6.665788     7.270222    11.372139    -0.535439  -128.923741
   31.993903     6.356418     7.409164    11.515727   -34.312106   -71.051861
   32.308182     6.519427     7.266155    11.556590   -36.623717   -71.621738
   32.162070     6.598830     7.276505    11.403457   -25.402948   -68.785954
   32.023298     6.576629     7.298946    11.372473   -30.986389   -80.517747
   32.196358     6.858429     7.377221    11.255827   -21.597006   -79.019149
   31.642440     6.642967     7.141874    11.172215   -34.951926   -69.912766
   32.123978     6.522821     7.193370    11.430198   -26.608548   -88.418537
   32.290918     6.630686     7.219461    11.388552   -11.780506   -97.403125
   32.307814     6.558619     7.282174    11.471925   -19.582935   -73.596568
   32.197987     6.603263     7.063026    11.415105   -29.131030   -84.903652
   32.354166     6.577760     7.306943    11.474558   -18.404912   -82.079569
   32.068983     6.638539     7.334512    11.371437   -29.249900   -96.576742
   32.294468     6.569182     7.377073    11.425348    -0.986926  -118.560501
   32.198211     6.584150     7.175473    11.380500   -12.534637   -99.983947
   32.063071     6.801286     7.235282    11.309688   -36.006174  -103.423599
   31.992552     6.501326     7.204258    11.341383     0.011134  -123.135846
   32.092126     6.585337     7.246604    11.351677    -9.278145  -113.615552
   32.140444     6.272033     7.223143    11.557952   -17.380700   -80.566971
   31.919593     6.568358     7.468859    11.275666   -13.268977   -83.446663
   32.093841     6.521402     7.028763    11.378895   -19.457492   -74.824373
   31.499653     6.337901     7.366803    11.231062   -17.411862   -77.131323
   32.262596     6.639132     7.331078    11.399435   -18.179622   -77.357061
   32.177990     6.535606     7.363655    11.418028   -16.146212   -76.863804
   32.046836     6.455563     6.981213    11.373622    -9.073218  -100.830454
   31.877318     6.399967     7.214567    11.383284   -25.103687   -75.022360
   32.146812     6.310512     7.490286    11.625099   -35.572982   -75.163287
   31.943628     6.385012     7.418447    11.465437   -31.437674   -74.717741
   32.315972     6.799695     7.221198    11.394907   -26.816341  -117.963384
   32.131146     6.321482     7.684815    11.604069   -28.130372   -88.300796
   31.506225     6.335516     7.332099    11.280753   -31.230447   -67.810268
   32.471612     6.604217     7.343194    11.556548   -28.817622   -75.262734
   31.976755     6.579673     7.142467    11.324803   -26.874222   -78.644313
   32.335695     6.310273     7.301116    11.673055   -29.598073   -80.000511
   32.403547     6.430603     7.274662    11.659358   -38.057755   -85.994582
   32.226393     6.896843     7.708790    11.312832   -32.966100   -83.802282
   32.321255     6.455824     7.162213    11.582275   -32.828591   -90.649213
   32.367384     6.433523     7.351697    11.679455   -46.735156   -70.490992
   31.972043     6.452709     7.164045    11.374874    -9.869362  -111.118481
   32.165866     6.509494     7.544366    11.444012   -12.674236  -102.955143
   32.108945     6.565726     7.383629    11.357911   -13.314404   -83.311338
   32.338083     6.717671     7.235447    11.442756   -29.975552  -104.767300
   31.750768     6.613574     7.525744    11.181612   -11.802134   -96.233808
   32.594699     6.855754     7.636562    11.499591   -29.092159   -82.468819
   32.243718     6.645399     7.606337    11.377766    -3.091219  -114.882922
   32.240662     6.456613     7.368542    11.553693   -30.808614   -67.645858
   31.907177     6.451223     7.408949    11.291748     0.094479   -91.521537
   32.234916     6.524194     6.956270    11.383624    -2.753525   -98.807889
   32.680412     6.791556     7.585342    11.513870   -14.110244   -88.289245
   32.306066     6.442172     7.544870    11.483202     1.511109   -94.965034
   32.318898     6.597046     7.274036    11.483383   -27.755734   -91.514169
   32.092622     6.639370     6.882446    11.376917   -38.972770   -74.953921
   32.090023     6.529600     7.267532    11.385857   -11.556700  -109.304851
   32.167922     6.648311     7.159930    11.322707    -4.702484  -114.729429
   31.735236     6.369840     7.120351    11.332283   -12.886548  -107.604687
   32.245499     6.658870     7.309131    11.439223   -29.610552  -101.396119
   31.850191     6.613180     7.552250    11.343154   -30.126095  -112.324612
   32.053890     6.782618     7.178482    11.335029   -50.208374   -76.272190
   31.823220     6.508271     7.321117    11.369238   -33.404710   -98.448054
   32.307537     6.693620     7.253602    11.464290   -35.696656  -101.212522
   32.073145     6.576349     7.702778    11.441092   -24.831934  -112.163073
   32.150610     6.612855     7.511131    11.472558   -41.456468   -86.371549
   32.137171     6.386248     7.229153    11.581461   -40.399970   -90.996284
   32.470153     6.612272     7.724852    11.574169   -25.720758   -79.153577
   32.694819     6.751181     7.344750    11.549614   -24.335205   -89.948587
   32.049094     6.383394     7.372271    11.476422   -22.414140   -79.524772
   31.950035     6.503448     7.237673    11.458040   -48.110551   -84.609213
   32.150928     6.531576     7.166382    11.343509     1.500006  -105.781912
   32.162241     6.854037     7.420642    11.307053   -36.739764   -85.112796
   31.992942     6.654133     7.237511    11.335877   -33.853130   -90.577771
   31.761116     6.465307     6.955467    11.275527    -9.208153  -111.298179
   32.324330     6.376743     7.184703    11.574377    -9.932191  -115.947305
   32.400691     6.519010     7.114945    11.528522   -19.883280   -96.796913
   32.426567     6.444096     7.157226    11.568136   -11.440843  -108.766485
   32.445656     6.493510     7.104112    11.528302   -10.834494   -96.619753
   32.559677     6.640419     7.190025    11.571384   -29.928767  -102.350799
   31.870371     6.557335     7.053478    11.399050   -55.000180   -72.088385
   32.179758     6.833511     7.099701    11.247065   -14.687450  -108.081984
   32.363852     6.702870     7.130080    11.501380   -48.134394   -68.217145
   32.369580     6.821546     6.891454    11.405759   -43.820415   -86.136749
   32.374182     6.855427     7.371419    11.325146   -17.562002   -80.180974
   32.034143     6.676947     7.731815    11.344503   -31.311514   -71.291738
   32.150573     6.842737     7.621013    11.337054   -42.659292   -75.316019
   31.842781     6.885553     7.526918    11.100059   -30.448508   -64.628604
   32.305239     6.703962     7.469846    11.500410   -47.093175   -72.235262
   32.000286     6.676222     7.332209    11.257863   -18.453578   -70.167309
   31.967952     6.565340     6.928777    11.349232   -34.636488   -66.653207
   32.337974     6.622871     7.048682    11.511897   -42.617227   -73.209949
   31.927356     6.814145     7.339233    11.266109   -50.090468   -71.805274
   31.912952     6.345396     7.339455    11.539090   -50.135681   -69.912553
   32.616478     6.725689     7.462910    11.638291   -50.530289   -82.000879
   32.537966     6.387276     7.449596    11.791531   -44.902861   -64.279956
   32.124217     6.437631     7.357231    11.584753   -51.605425   -69.265195
   32.624702     6.779710     7.226873    11.546117   -40.636918   -85.341514
   32.224146     6.952721     7.631019    11.347437   -53.717794   -82.423295
   32.053709     6.580092     7.324094    11.441617   -41.835491   -89.142320
   32.432650     6.498433     7.431889    11.688000   -40.976715  -115.033886
   32.299169     6.588239     6.976416    11.545353   -51.563344   -76.634579
   32.619702     6.649447     7.618705    11.680536   -44.485104   -90.376438
   32.279113     6.463304     7.194419    11.638437   -54.433539   -64.071694
   32.213130     6.829748     7.684742    11.428293   -55.072653   -84.830922
   32.296396     6.442657     7.081465    11.596792   -39.508811   -84.408435
   32.113832     6.693108     7.364480    11.423291   -50.417587   -68.439337
   32.065298     6.685026     7.705315    11.357988   -31.061398   -84.135030
   32.058129     6.473879     7.357017    11.522608   -48.299445   -60.699606
   32.455394     6.449967     7.410263    11.696881   -42.458558   -75.830580
   31.846923     6.518646     7.236973    11.325491   -28.008326   -89.438401
   32.588044     6.885474     7.524737    11.472482   -30.594671   -81.846265
   31.972226     6.546671     7.292007    11.331700   -12.637633  -108.155792
   32.107445     6.576680     7.564754    11.446919   -34.258160   -65.577619
   32.004663     6.553180     7.502814    11.419996   -30.252739  -101.646538
   32.137593     6.728004     7.223128    11.373662   -31.527148  -109.635348
   31.831883     6.768305     7.364655    11.216593   -24.592850  -114.428154
   32.055643     6.582104     7.487380    11.338081    -2.848890  -119.858360
   32.126706     6.315868     7.204476    11.470266     2.368180  -109.254610
   32.205098     6.559059     7.128386    11.408036   -11.847926  -109.177470
   31.567231     6.660355     7.434738    11.075324    -6.711697  -109.615169
   32.442446     6.533032     7.232028    11.553912   -22.459626   -76.125158
   32.061590     6.436118     7.418422    11.436740   -18.027245   -78.929694
   32.062586     6.285007     7.407111    11.537689   -19.480301   -83.698860
   32.261541     6.595212     7.306320    11.420455   -17.799679   -80.000541
   32.336524     6.480859     7.336860    11.482471    -3.358059  -105.538723
   32.318277     6.552069     7.373953    11.473808   -15.712764   -74.682185
   32.005809     6.351442     7.044844    11.492513   -31.986467   -84.190389
   32.304994     6.454124     7.365029    11.490024    -0.365412  -115.469005
   32.753555     6.987832     7.219151    11.416169   -21.873637  -105.330863
   32.440226     6.703001     7.381832    11.478447   -22.057528  -108.465314
   32.091910     6.409128     7.297101    11.438228    -3.353611  -115.216901
   32.247901     6.207997     7.277301    11.677561   -24.229280   -85.428603
   32.455105     6.511808     7.359211    11.535613    -7.698504  -107.643219
   32.375258     6.511102     7.264670    11.510287    -9.356535  -112.861791
   32.322548     6.277728     7.399355    11.609435    -5.798813   -94.686806
   32.125194     6.610881     7.420767    11.352414   -16.273208   -80.432277
   32.413732     6.722216     7.275911    11.523882   -48.562640   -80.470054
   31.671423     6.499243     7.328793    11.281601   -18.735482  -112.883846
   32.352006     6.506043     7.169394    11.512981   -19.688192   -79.825380
   31.957326     6.693373     6.974447    11.238600   -14.614291  -107.840975
   32.166724     6.624431     7.409030    11.362605   -14.872955   -93.922097
   31.937093     6.364167     7.116897    11.434975   -13.341060  -114.575851
   32.368190     6.533540     7.194684    11.465430    -3.203276  -113.869437
   32.694646     6.544706     7.600457    11.618831    -2.039773  -106.552433
   32.109117     6.489226     7.237430    11.451928   -23.301150  -101.677673
   32.285682     6.465763     7.599461    11.569969   -27.219815   -80.559272
   31.856874     6.371816     7.271802    11.435807   -14.308473  -123.494704
   32.273392     6.662888     7.196959    11.419797   -22.663321  -106.956007
   32.571165     6.547067     7.350918    11.592985   -18.046349   -85.301165
   32.140310     6.365637     7.199478    11.445171    -1.453887   -97.772599
   31.958540     6.472676     7.314161    11.318299    -3.339569  -100.823486
   32.279818     6.764254     7.243271    11.318705    -7.849886  -115.502382
   32.407935     6.899117     7.323781    11.336800   -25.117527   -84.594779
   31.882808     6.402709     7.505879    11.428272   -23.947674   -98.237868
   32.029725     6.728656     7.522794    11.271287   -21.073447   -91.871658
   32.390908     6.385612     7.246352    11.571035    -8.747255   -94.387654
   31.643556     6.517138     7.669031    11.221495   -23.120611   -75.858631
   32.462926     6.520511     7.365886    11.611630   -30.684529   -75.065228
   32.260043     6.716238     7.226018    11.338601   -14.907828   -97.569322
   32.212058     6.428473     7.419294    11.457341     3.278366  -116.075552
