   33.174330     6.798957     7.390959    11.857938   -57.247449   -84.556982
   33.357766     6.958983     7.009134    11.703961   -35.447918  -116.914727
   33.199521     6.997689     7.313345    11.705955   -46.263051   -77.053780
   33.151952     6.693768     7.159365    11.847435   -47.476142   -96.072626
   33.023405     6.759376     7.510998    11.820148   -52.753223   -76.125066
   32.913334     6.996370     7.459007    11.542579   -30.516188  -102.888508
   33.277006     7.199431     7.386014    11.639251   -50.419354   -84.212289
   32.926725     6.543215     7.553277    11.954982   -63.280517   -60.488752
   33.020046     6.846460     7.252976    11.762551   -61.148221   -68.276499
   32.872761     6.900623     7.432604    11.647562   -50.278826   -77.733837
   33.345216     6.805385     7.474808    11.859154   -31.828062   -90.192605
   32.808889     6.573326     7.544312    11.799112   -42.934572   -76.504056
   33.335637     6.725590     7.167744    11.916352   -46.915701   -83.030183
   32.587069     6.539568     7.254174    11.664692   -36.016115   -79.274331
   33.451476     7.108090     7.389601    11.743420   -43.271422   -92.619889
   33.317373     6.865273     7.248080    11.783632   -36.086074   -95.471296
   33.281845     6.824426     7.458833    11.872936   -46.797433   -78.163738
   33.176598     6.876644     7.295572    11.750074   -43.359488   -85.645265
   33.139208     6.923245     7.026846    11.666883   -44.070276   -97.512752
   32.830542     7.195008     7.392990    11.415877   -41.541552  -103.864505
   33.401417     7.034185     7.260088    11.776141   -49.725311   -78.860170
   32.981483     6.893747     7.262502    11.604737   -30.553935  -111.096344
   33.567049     7.219320     7.557769    11.780358   -46.398542   -80.241080
   33.319715     6.944861     7.374301    11.874209   -62.737330   -57.654276
   32.936632     6.779077     7.623290    11.775232   -49.543971   -72.575512
   32.822751     6.785383     7.544323    11.732929   -58.225130   -79.251359
   33.315052     6.769927     7.378567    11.870676   -34.238781   -76.542367
   33.214387     7.051709     7.528344    11.733498   -50.461479   -74.511876
   32.997916     7.040428     7.416284    11.591350   -42.778746   -84.267679
   33.242193     6.925292     7.577434    11.843191   -55.174691   -74.913284
   33.335497     7.053415     7.376558    11.654702   -20.696175   -92.238048
   32.975106     7.253643     7.369104    11.459843   -48.201572   -87.825373
   33.295266     6.988727     7.473410    11.831336   -61.446934   -75.907814
   33.016329     6.910547     7.333631    11.700364   -52.881568   -76.036297
   33.335802     7.066002     7.497177    11.784706   -51.763517   -68.036327
   33.360445     7.025922     7.374958    11.793786   -55.091713   -84.504554
   33.152422     6.928703     7.424122    11.732497   -42.738749   -78.652984
   33.044999     6.913281     7.602532    11.776702   -59.959669   -75.986608
   33.314413     6.922202     7.200304    11.816547   -54.959799   -75.196534
   32.779478     7.036427     7.169097    11.494968   -53.462741   -85.859568
   33.330217     7.032759     7.429737    11.752893   -48.040964   -99.128174
   32.850620     6.899187     7.450773    11.636788   -49.996841   -86.126650
   33.151812     6.967071     7.345626    11.665226   -37.522615  -109.067922
   32.777670     7.016121     7.152967    11.499355   -52.002089   -79.705774
   33.072179     6.904164     7.540345    11.672512   -28.736718   -99.494779
   33.056248     6.969495     7.471728    11.692291   -46.853652   -70.298821
   33.431655     6.907645     7.147388    11.815723   -36.483063   -74.800067
   33.472038     7.210394     7.033556    11.658063   -49.483719   -85.661980
   33.417069     7.081345     7.510788    11.752184   -35.117742   -80.992683
   33.460037     7.157515     7.478100    11.755100   -46.852058   -81.721297
   33.492195     6.952784     7.698107    11.893346   -38.822595   -95.044820
   33.362152     6.705730     7.015996    11.895054   -41.248507   -98.953506
   33.240166     6.898409     7.394148    11.749830   -35.776724   -96.732673
   32.751845     6.523586     7.113933    11.723043   -31.440804   -79.676975
   33.130314     6.897529     7.177295    11.691107   -35.551364   -66.398859
   33.240908     6.796060     7.024227    11.767551   -36.230688   -94.939603
   32.904121     6.744089     7.166449    11.712421   -47.145522   -75.317025
   32.436300     6.590415     7.066522    11.581900   -44.053724   -73.153670
   33.203374     6.926211     7.309470    11.666737   -25.693952  -106.664369
   33.557534     6.867302     7.124429    11.875560   -33.769335   -90.096077
   33.192062     6.767002     7.421712    11.868073   -51.294441   -88.375139
   33.153225     6.728971     7.547838    11.820031   -27.367947   -74.608043
   33.249745     6.785658     7.267255    11.791278   -26.170576   -73.408741
   32.932730     6.620821     7.456255    11.764173   -28.915984   -87.545448
   33.310700     6.681185     7.052779    11.879481   -32.058906   -75.220528
   33.206115     6.580669     7.441741    11.966810   -42.555912   -81.902198
   33.241562     6.823671     7.041400    11.813597   -50.332806   -72.302286
   33.116424     6.749965     7.581823    11.812864   -32.860231   -75.565514
   33.143689     6.598275     7.232800    11.892063   -37.590422   -74.001310
   32.792413     6.545445     6.925852    11.730386   -34.903676   -72.018137
   33.205878     7.037462     7.087020    11.590461   -29.324415   -83.905639
   33.041780     6.604147     7.269513    11.835848   -34.658511   -71.939039
   33.361588     6.889195     7.566391    11.852655   -35.937143   -80.157943
   33.366152     6.742598     7.264668    11.907030   -36.703842   -73.779998
   33.436655     7.013714     7.444534    11.830948   -45.108032   -69.444002
   33.228927     6.951682     7.046659    11.727229   -50.494658   -70.703844
   33.299908     6.810843     7.061059    11.793567   -37.831288   -94.633570
   33.180115     6.627691     7.156198    11.860179   -35.228042   -98.238989
   32.888663     6.734149     7.292992    11.701364   -41.535812   -87.351898
   33.302410     6.824905     7.295657    11.829409   -35.260757   -68.260381
   33.250918     6.649401     7.167669    11.937204   -50.915136   -87.858976
   33.023787     6.785681     7.327384    11.753542   -44.237250   -73.153991
   32.820034     7.079125     7.450983    11.470838   -34.290740   -76.745260
   32.942031     6.566826     7.083369    11.807908   -39.398361   -79.020154
   32.994863     6.985875     7.430050    11.670283   -53.913093   -68.801779
   33.053354     6.852145     7.421183    11.699018   -35.846413  -105.159060
   33.341933     7.162790     7.434534    11.638460   -33.049947   -93.729906
   33.604742     7.281209     7.054740    11.707914   -56.060648   -75.786183
   33.246513     7.015657     7.198077    11.721636   -53.529678   -75.429970
   33.429206     6.839629     7.404612    11.880226   -40.242950  -104.773750
   33.125824     6.885131     7.296395    11.759245   -51.803599   -72.962779
   33.067102     7.020533     7.084227    11.633169   -56.540556   -72.178089
   33.188733     7.047435     7.078741    11.654145   -54.567421   -88.979216
   33.260014     6.870593     7.628789    11.868437   -45.498081   -65.310333
   33.203214     7.142824     7.472373    11.603061   -32.178841   -80.710480
   32.799825     6.544852     6.981545    11.724229   -32.788573   -87.896909
   33.036309     6.748241     7.527113    11.682355   -11.158808  -116.903318
   33.338418     6.811972     7.265149    11.805457   -27.404373   -93.415059
   33.420706     6.936922     7.529005    11.770417   -14.197682   -89.944171
   33.061927     6.889012     6.994634    11.559758   -16.396921  -111.309522
   33.256738     6.988174     7.736462    11.750789   -32.045638   -94.566628
   33.308345     7.145431     7.458688    11.577034   -16.833636  -109.192893
   32.837932     6.744236     7.287775    11.605873   -21.839541  -106.481847
   33.453617     6.819118     7.470102    11.873487   -22.609737   -90.345514
   32.951255     6.895732     7.479911    11.585734   -19.960558   -95.358899
   33.342069     6.732548     7.477343    11.838454   -12.309470   -91.918664
   33.130280     6.782091     7.604719    11.873917   -53.687147   -74.807931
   33.002802     6.987475     7.257939    11.628670   -50.350269   -74.064558
   33.047760     6.897101     7.704966    11.702090   -31.646269   -92.519273
   32.780401     6.811689     7.626612    11.651958   -40.721408   -78.256486
   33.436996     6.817591     7.491552    11.834073    -9.118046   -82.525133
   33.010663     6.907575     7.445574    11.571536    -7.029627   -69.775400
   33.528144     7.030823     7.531441    11.900032   -54.357555   -76.898047
   33.115215     6.776869     7.225947    11.817309   -52.387669   -69.567467
   32.951917     6.883882     7.222977    11.647816   -46.463738   -78.952189
   33.508030     7.078717     7.357352    11.833507   -51.767005   -66.074113
   33.257611     6.965871     7.288995    11.743122   -45.880145   -80.919136
   33.132512     7.056200     7.533079    11.675100   -43.798721   -72.846669
   32.863298     6.948255     7.095667    11.550343   -45.687771   -77.524560
   33.426398     7.204884     7.163899    11.668239   -52.533999   -88.339654
   32.966657     6.922235     7.471223    11.586276   -23.304680  -109.346762
   32.911831     7.008725     7.446077    11.561735   -39.156803   -94.000550
   33.469699     6.983208     7.218532    11.841914   -53.879285   -82.806817
   33.102496     6.676516     7.017570    11.705288   -13.533632  -104.228978
   33.179936     7.095096     7.494284    11.665370   -44.279030   -76.711145
   33.023934     6.962899     7.534455    11.678676   -44.161854   -76.095490
   32.775579     6.714439     7.548089    11.717014   -43.378990   -60.745042
   33.234355     7.010894     7.353833    11.684478   -35.104987   -79.562799
   32.939937     6.850941     7.420483    11.714164   -51.517970   -71.631775
   33.483907     7.113001     7.105973    11.729860   -39.877260   -60.329708
   33.436610     7.066421     7.296211    11.695989   -23.641573   -83.691154
   32.972422     6.904670     7.396640    11.653023   -39.976991   -76.754661
   33.397292     7.060612     7.423840    11.768792   -41.864652   -71.872844
   33.194883     6.693233     6.917854    11.846167   -44.958482   -74.854532
   33.431667     6.603960     7.093136    12.011721   -41.010349   -86.495465
   33.300333     6.605612     7.027041    11.931852   -35.508474   -76.676015
   33.719705     6.797549     7.382150    12.012341   -28.993000   -98.880366
   33.538998     6.950454     7.214637    11.831795   -40.452349  -102.874168
   33.488907     6.937388     7.536026    11.901083   -42.684037   -78.586934
   33.125558     7.240931     7.505371    11.544747   -44.889630   -94.828895
   33.077138     7.019047     7.536638    11.714957   -60.355903   -84.022637
   33.180516     6.952837     7.497388    11.810282   -61.758656   -69.568414
   32.997047     6.828077     7.180535    11.762901   -65.671557   -77.437101
   33.140939     6.967768     7.368762    11.785990   -69.423172   -69.254288
   33.324931     6.867059     7.408100    11.874834   -56.189090   -99.636093
   33.031285     6.786433     7.404549    11.746952   -40.677522  -115.343460
   32.829909     6.887017     7.183180    11.588812   -44.896638  -107.372507
   33.453803     7.099924     7.106583    11.765811   -59.680659   -81.019799
   33.229126     6.942261     7.595465    11.771240   -41.932642   -99.520509
   33.423303     6.984846     7.441894    11.795640   -40.641127  -106.242690
   33.322065     7.168335     7.485030    11.659369   -43.300018  -107.745802
   33.290515     7.068182     7.133500    11.653118   -43.667575  -114.450529
   33.093158     6.623033     7.347808    11.886273   -45.176857   -80.053189
   32.843025     6.983918     7.480209    11.531951   -33.200652   -94.863088
   33.434652     7.078473     7.271523    11.715561   -40.835963  -107.479849
   32.881201     6.519862     7.391312    11.888275   -54.017943   -98.155166
   33.521955     6.967080     6.959944    11.835898   -54.759044   -94.351150
   32.906122     6.948185     7.404257    11.683423   -67.816483   -87.492810
   33.512948     7.239640     7.435664    11.679169   -40.437319  -108.123612
   33.447572     6.909976     7.157368    11.862777   -53.887154   -90.394201
   33.529604     7.140653     7.274951    11.798023   -59.114884   -82.935187
   33.184796     6.861399     6.975333    11.715818   -42.671155   -98.276578
   33.368446     7.016700     7.281746    11.707236   -35.414458  -111.710151
   33.164148     6.970744     7.165423    11.674477   -46.993676   -96.479394
   33.055832     6.956850     7.293117    11.593701   -28.002276  -116.238695
   32.983339     6.969220     7.135867    11.566492   -34.826633  -120.279230
   33.409391     7.201589     7.397881    11.654606   -40.780019  -103.589144
   33.323984     6.933750     7.230946    11.769645   -44.652262   -93.708502
   32.894665     6.855406     7.519480    11.647166   -35.540044  -115.310623
   33.191162     7.151721     7.476222    11.657202   -55.036044   -88.977681
   33.075052     6.797657     7.240251    11.780256   -52.584253   -79.085669
   32.479987     6.868036     6.815395    11.506214   -69.917748   -66.528696
   33.221931     6.754934     7.458702    11.807357   -27.769793  -106.919567
   33.134501     6.936591     7.157318    11.679786   -46.373543   -96.839300
   33.065402     7.044308     7.355052    11.649257   -56.533676  -101.322249
   33.258240     6.984912     6.962062    11.639924   -35.054290  -102.664540
   32.737418     6.543293     7.402452    11.759316   -40.613938   -90.944654
   32.842525     6.863331     7.172871    11.604562   -44.563420  -105.743397
   33.139070     6.862679     6.940163    11.703145   -45.729711   -96.395061
   32.461530     6.815331     7.468047    11.488363   -39.983356   -98.655311
   33.314377     7.065965     7.476798    11.711143   -39.103938   -92.614661
   33.374345     6.965136     7.062711    11.803813   -60.535603   -94.707050
   33.160674     7.078907     7.244795    11.603451   -42.195526   -94.767969
   33.275508     7.090512     7.274501    11.671621   -49.243222  -102.926698
   32.828181     6.790172     7.560173    11.712775   -49.740863  -112.205424
   32.967702     6.876012     7.129648    11.705498   -63.849845   -82.482326
   33.158397     7.084905     7.103512    11.551937   -33.894593   -91.319410
   32.691718     6.753657     7.456246    11.745635   -77.244674   -68.961682
   33.106187     6.606816     7.117794    11.855760   -39.530161   -87.778779
   33.199908     6.598277     6.988369    11.918271   -48.134734   -94.575371
   33.178838     6.591021     7.347327    11.995640   -57.407737   -70.072227
   33.058576     6.722514     6.864816    11.862639   -74.152629   -67.483401
   33.104241     6.738074     7.004074    11.778189   -45.666330   -87.173526
   33.277528     6.676974     7.454706    11.958437   -49.900160   -97.071941
   33.176083     6.743225     7.329799    11.831262   -43.547360  -103.973180
   33.046214     6.908063     6.980807    11.633126   -44.161508   -92.901534
   33.263881     7.022789     7.371187    11.723379   -48.169678   -93.387054
   33.803058     6.881283     7.366696    12.133293   -66.301215   -78.365751
   33.283198     6.935774     7.173209    11.737008   -44.284926  -105.584903
   32.489609     6.694785     7.233530    11.596053   -55.133858   -86.885229
   33.492017     7.013960     7.200855    11.838413   -52.671973   -70.948254
   33.134925     6.681955     7.020001    11.831837   -44.864564   -80.620214
   33.043895     6.980265     7.384056    11.616520   -36.028905   -92.088483
   33.321311     6.721544     7.344960    11.953360   -50.267395   -73.954224
   33.180150     6.612916     7.409833    11.977269   -55.059266   -75.898722
   33.306032     6.579829     6.979005    11.961947   -39.088614   -72.859495
   33.066844     6.565511     7.029318    11.797536   -20.849783   -79.912774
   33.374568     6.941396     7.220261    11.825295   -51.026984   -72.505613
   33.389591     6.985366     7.551864    11.808935   -42.794230  -103.515745
   32.946280     6.658791     7.317138    11.754415   -34.459957  -109.083436
   33.077280     6.498429     7.612272    11.976753   -44.276669  -102.895202
   33.310555     6.808144     7.364432    11.853622   -43.537553  -102.793575
   33.606718     6.918815     7.319416    11.942523   -53.570239  -102.186835
   33.174941     6.956792     7.023096    11.706662   -55.445198  -111.234860
   33.254820     6.700047     6.970539    11.850353   -42.433452  -102.487144
   33.502183     6.893578     7.320421    11.973787   -65.225832   -75.367846
   33.743674     6.753642     7.283290    12.131481   -55.986057   -87.479438
   33.373739     6.585512     7.160725    11.933107   -24.917065  -122.733741
   33.786418     6.899832     7.432062    11.995209   -39.365138  -120.101602
   33.369030     6.823553     7.291094    11.976364   -72.110126   -73.454148
   33.017137     7.056185     7.427270    11.606174   -48.547586   -95.625159
   33.511727     6.887692     7.317331    11.999982   -69.585677   -71.561012
   33.316826     7.140286     7.065060    11.586977   -37.088722  -108.261280
   33.121842     6.970641     7.285164    11.690921   -51.637609  -107.053780
   33.367436     6.725673     7.139357    11.908392   -45.592453  -107.281354
   33.151414     6.876600     7.385151    11.687137   -26.021464  -118.560170
   33.228505     6.948079     7.409523    11.741124   -44.139695  -112.163110
   33.295797     7.015336     7.173490    11.769036   -64.735760   -88.672959
   33.108268     6.726194     7.378786    11.894305   -62.518536   -75.645563
   33.481807     6.866989     7.213716    11.893342   -50.994066  -109.123007
   33.249018     7.147678     7.499836    11.637302   -38.777157   -92.110962
   32.958586     7.126714     7.380030    11.483901   -33.833050  -110.135569
   33.408141     6.669331     7.105955    11.953967   -44.163609  -114.669156
   33.168137     6.790079     6.901835    11.727598   -36.568370   -99.702119
   33.202365     6.900335     7.288568    11.745348   -45.451428  -103.229267
   33.473229     7.232374     7.402787    11.623321   -26.289430   -98.822737
   32.794665     6.821524     7.115468    11.639951   -55.170953   -98.889719
   32.807053     6.850496     7.169448    11.615456   -52.133351   -82.340965
   32.946165     6.651022     7.346450    11.828798   -54.049402   -90.155197
   33.426885     6.670388     7.074874    11.920678   -33.465953  -124.708592
   33.097729     7.002420     6.987043    11.553395   -31.569425  -104.475512
   32.879137     6.752275     7.090006    11.622008   -27.951447  -110.193245
   33.519969     6.794482     7.163095    11.903662   -34.288155   -97.478608
   33.332939     6.677925     7.405201    11.881620   -23.243027  -108.570587
   33.533239     6.699588     7.168123    11.930875   -23.096298  -106.970175
   32.925187     6.593308     7.346450    11.781576   -33.450831   -99.137362
   33.418260     6.783328     7.080825    11.877587   -38.089627   -84.525550
   33.120947     7.037693     7.293223    11.623365   -42.773045   -88.940125
   33.085976     6.544320     7.476009    11.869465   -25.276903   -94.334839
   33.051563     6.648739     7.307338    11.724866   -12.596591  -105.652146
   33.485201     6.946874     6.944649    11.823715   -50.713134   -85.536813
   33.345006     6.739528     7.369962    11.888549   -34.898650   -96.485162
   33.389185     6.747464     7.069786    11.886907   -43.061374  -107.684210
   33.400781     6.947224     7.193492    11.841661   -58.225524   -84.883956
   33.620031     6.826065     6.783210    11.918944   -45.132098   -97.818937
   33.221534     6.753858     7.334598    11.889282   -53.812587   -82.898086
   33.116052     6.818546     7.130808    11.720794   -39.796475   -96.843045
   32.891664     6.860824     7.335457    11.730689   -66.602196   -60.228537
   33.036531     6.751198     7.070451    11.737837   -43.678579  -100.402201
   33.191706     6.684472     6.912958    11.801938   -34.490776  -114.167411
   32.794213     6.912126     7.366143    11.523634   -29.773214   -98.639941
   33.108195     7.040749     7.255305    11.567423   -30.333495   -94.422027
   33.275243     7.235067     7.235972    11.582222   -48.020361   -84.683936
   33.288978     7.223446     7.625171    11.629995   -35.047857   -80.032326
   32.920918     6.833199     7.086555    11.560190   -20.919005   -86.692306
   33.235972     7.023408     7.499455    11.702607   -34.456215   -77.773231
   33.220316     7.049609     7.205432    11.634068   -40.240137   -95.473575
   33.360093     7.002556     7.424764    11.756360   -38.142521   -92.922410
   33.362321     6.848319     7.433322    11.873241   -41.977842   -82.117980
   33.227065     6.896678     7.313962    11.726062   -28.088012   -73.112829
   33.052276     6.831947     7.126521    11.672052   -32.390816   -74.258538
   33.384791     7.159119     7.049590    11.657215   -47.286003   -71.914360
   33.231974     7.155388     7.443712    11.634319   -38.797983   -67.813891
   33.049228     6.695521     7.401022    11.798317   -34.867760   -72.597555
   33.172038     6.754191     7.349743    11.759575   -21.469291   -85.894935
   32.944742     7.026249     7.361098    11.598183   -45.400493   -56.154472
   33.364656     7.224216     7.156101    11.588921   -38.049518   -79.431079
   33.033227     6.619787     7.009793    11.764508   -28.126333   -90.019460
   33.308494     7.004890     7.533130    11.757006   -37.758866   -84.691391
   33.201146     6.770033     7.627002    11.849158   -35.657239   -87.823820
   33.133059     7.018863     7.101770    11.631174   -47.067858   -77.954540
   33.070057     7.016910     7.219237    11.647166   -56.212657   -85.163340
   32.922602     6.656777     7.254825    11.794812   -47.614634   -66.666719
   33.203716     6.975552     7.446780    11.827888   -73.641074   -81.989480
   33.522550     6.890693     7.459081    11.915202   -44.418394  -101.428314
   33.395337     7.060146     7.404106    11.799589   -57.242213   -86.044848
   33.169756     6.919566     7.441107    11.783306   -55.487671   -86.616506
   33.191072     7.057530     7.065452    11.652237   -55.177783   -81.896595
   33.516145     7.000871     7.240543    11.797081   -42.216352  -107.813139
   33.324202     6.855798     7.203112    11.768471   -30.286040   -96.134000
   33.257686     6.771748     7.345409    11.819585   -28.573552   -76.161086
   33.570744     6.746509     7.043247    12.032576   -55.427897   -75.862860
   33.204008     6.836903     7.226479    11.779391   -46.033213  -100.579366
   33.196914     6.885263     7.090201    11.738429   -47.002526   -84.239288
   33.434622     6.698758     7.416679    12.025915   -51.415151   -85.047752
   33.258461     6.851129     7.277633    11.717060   -17.177351   -88.299909
   33.063628     6.477819     7.407231    11.965808   -43.839792   -78.012425
   33.573108     6.644293     7.359469    12.017663   -26.988715  -112.769933
   33.530676     7.153755     7.256869    11.676573   -31.574423  -111.480821
   33.254601     6.774825     7.298472    11.879150   -52.339408   -85.932837
   33.307168     6.715697     7.458541    11.885895   -30.388383   -93.624212
   32.979762     6.908041     7.413865    11.598520   -25.442302  -102.486252
   33.286995     7.047152     7.258042    11.681129   -43.364326   -99.247840
   33.137674     6.677236     7.442432    11.776244   -16.637119  -108.110075
   33.652300     6.757406     7.390032    11.999143   -23.057890   -91.800657
   33.552278     6.677352     7.306049    11.998048   -31.501818  -106.216875
   33.649209     6.781899     7.343135    11.950443   -19.184011  -102.959722
   33.172230     6.503951     7.318883    11.886442   -16.776058  -107.218749
   33.163293     6.631643     6.843573    11.804432   -29.727378   -94.167968
   33.355233     6.749628     7.121890    11.780651   -13.612534  -108.376130
   33.562560     6.753953     7.217924    11.878942   -13.081388  -114.392885
   33.079810     6.866126     7.724124    11.751843   -35.766106   -89.454704
   33.890769     7.024051     7.416211    11.934512   -27.362266  -107.833928
   33.378095     6.618258     7.382021    11.967655   -28.582808   -89.913800
   33.277822     6.725383     7.521830    11.853109   -24.814052   -99.793690
   33.251537     6.562687     7.537596    11.942150   -23.763500   -91.172155
   33.222616     6.800089     7.527651    11.725953    -9.035671  -115.562552
   33.050569     6.757287     7.427658    11.698883   -19.666538  -107.921136
   33.207523     6.697452     7.298977    11.828361   -29.689011   -91.245335
   34.102540     6.784416     7.301720    12.135301   -16.233296  -121.178036
   33.575859     6.826505     7.570324    11.917867   -20.016584  -108.073759
   33.235551     6.894102     7.496080    11.811993   -47.654168   -86.889874
   33.058448     6.531452     6.919362    11.785411   -16.338638  -118.323531
   33.097622     6.572220     7.165782    11.899712   -43.322012   -74.531311
   33.312419     6.866623     7.244017    11.811025   -38.740074   -69.221151
   33.326138     7.049346     7.428920    11.704174   -29.162860   -71.835719
   33.289518     6.732526     7.155223    11.926797   -57.777751   -80.377004
   33.393695     6.794043     7.372480    11.913345   -38.816084   -69.450112
   33.031585     6.879836     7.244661    11.596374   -20.879649  -100.088454
   33.479841     6.753205     7.232013    11.864580   -17.991925  -106.147703
   33.109102     6.532258     7.408079    11.959803   -44.784452   -73.880259
   33.558469     6.671127     7.419638    12.049120   -38.560767   -99.525237
   33.664014     6.769983     7.624942    12.095333   -34.537918   -66.532676
   33.403065     6.778627     7.368318    11.967873   -50.221181   -64.979178
   33.023355     6.762043     7.240716    11.726628   -37.827163  -112.183953
   33.716469     6.752060     7.082050    11.950112   -17.519141  -112.246627
   33.242475     6.718914     7.197713    11.795946   -25.448947  -118.183704
   33.572976     6.704413     7.200891    11.932597   -18.939174  -112.831411
   32.956257     6.762160     7.462417    11.741155   -42.409415  -107.329490
   33.222340     6.599393     7.381881    11.808740    -3.331435  -122.023315
   32.975183     6.907597     7.550820    11.683614   -43.161671   -82.142826
   33.101877     6.780818     7.233755    11.702777   -22.528838   -80.549901
   33.565185     6.840296     7.637035    12.001091   -45.798123  -101.518034
   33.424739     6.876162     7.112701    11.797525   -33.949996   -99.376233
   33.122086     6.690609     7.673184    11.858599   -35.635808  -109.140805
   33.343590     6.849321     7.311253    11.793987   -31.968675  -107.234995
   33.125483     6.925285     7.406622    11.726846   -44.998274   -78.080562
   33.240218     6.807908     7.411078    11.817781   -33.334930   -71.836715
   33.279841     6.833825     7.170621    11.785587   -33.063584   -72.416424
   33.305951     6.699401     7.284643    11.924043   -41.413458   -73.096160
   33.523774     7.149341     7.415368    11.778123   -42.989590   -68.938247
   32.820537     6.748034     7.487767    11.621441   -22.850089   -90.107755
   33.232871     6.848990     7.396319    11.770929   -28.221092   -71.991757
   33.294959     7.085462     7.510134    11.685806   -34.644482   -89.673091
   33.086277     6.765039     7.679510    11.818034   -39.132505   -86.361756
   32.901847     6.670028     7.110323    11.749246   -45.334011   -72.816727
   33.388005     6.636236     7.412997    12.006163   -36.977609   -73.047181
   32.674866     6.509287     7.248524    11.745860   -42.495643   -83.261565
   33.154373     7.163445     7.116365    11.546230   -43.279560   -72.800218
   32.976397     6.554671     7.528416    11.925719   -54.205529   -78.349831
   33.077665     6.687217     7.198377    11.814706   -41.628467   -73.836723
   33.173218     6.923891     7.242806    11.757673   -55.912268   -77.864852
   32.979949     6.759272     7.040772    11.696036   -35.650365   -64.511594
   33.524047     7.000234     7.235921    11.784889   -29.065800   -82.768131
   33.206841     6.762119     7.061000    11.757715   -29.170811   -91.121030
   33.022715     6.950792     7.446595    11.683224   -48.324773   -76.676829
   33.381455     7.031130     7.367559    11.798792   -48.379451   -62.190876
   33.103661     6.964780     7.452874    11.657846   -30.946103   -77.095468
   33.259312     7.049971     7.611552    11.685877   -25.407658   -79.870729
   33.206804     6.958462     7.129461    11.716820   -48.287532   -70.732681
   33.278948     6.555527     7.325704    11.997103   -40.266305   -81.610760
   33.060543     6.919551     7.020574    11.632131   -37.403127   -65.337376
   32.855260     7.157179     7.294939    11.449133   -45.463006   -75.545489
   33.282202     7.036653     7.041882    11.648448   -34.191985   -68.486663
   33.431149     6.831184     7.429948    11.932428   -49.163379   -88.272192
   33.061856     6.942569     7.378579    11.615877   -27.771725  -101.109099
   33.261903     7.081684     7.364303    11.682432   -42.301326   -74.986611
   33.426122     7.003364     6.980644    11.762015   -47.889776   -77.843758
   33.455353     6.919765     7.015735    11.841692   -48.521023   -72.138077
   33.279727     6.989169     7.229348    11.746768   -52.462532   -85.032046
   33.569202     6.964438     6.987376    11.756914   -26.382637  -112.575609
   32.714591     6.948117     7.156347    11.513462   -51.556934   -87.125804
   32.854176     6.783011     7.071831    11.601332   -31.420504  -106.851543
   32.853308     7.067255     7.305068    11.421451   -21.936918  -102.418833
   32.993305     6.854725     7.338191    11.637966   -29.555286   -99.648660
   33.056872     6.732164     7.134644    11.765964   -41.573442   -77.733230
   33.215083     7.065157     7.433451    11.702368   -49.016447   -77.029194
   33.276268     6.596424     7.346641    11.919787   -27.986964   -99.480137
   33.290530     7.021516     7.506060    11.707854   -33.943546  -104.422105
   33.577568     6.975102     7.494066    11.916723   -47.227971   -87.616833
   33.245556     6.797327     7.460359    11.836632   -32.666920   -66.072197
   33.208060     6.716301     7.140157    11.856182   -42.363838   -69.544799
   33.420608     7.022870     7.464411    11.820160   -45.613910   -72.673906
   33.326734     7.018454     7.247705    11.719303   -39.180933   -76.528151
   32.945008     6.509752     7.520993    11.853327   -31.306194   -84.166623
   33.155023     6.827142     7.721832    11.786359   -29.338437   -89.966083
   33.278979     6.604065     7.162869    11.875058   -21.410444   -98.651493
   33.236007     6.802507     6.956173    11.783639   -42.436954   -80.103266
   32.931782     6.645279     7.258211    11.766934   -35.422178   -65.424907
   33.127938     6.843950     7.223478    11.762102   -50.128356   -82.672239
   33.442722     6.876922     7.232969    11.786797   -26.630811  -118.052408
   32.845000     6.779134     7.160286    11.683326   -54.035713   -80.170575
   33.146066     6.631652     6.967928    11.839383   -38.753942   -91.299042
   32.723382     6.527292     7.365655    11.741075   -35.816016   -89.041087
   33.276686     6.611906     7.482119    11.894691   -16.699526   -90.460018
   33.241814     6.731140     7.344487    11.806722   -19.838677   -77.918261
   33.065943     6.798630     7.269964    11.668664   -21.301275   -89.490942
   33.456788     6.764557     7.125216    11.887572   -34.941264  -102.008565
   33.371946     6.797855     7.487883    11.870798   -30.563109   -94.455307
   33.512357     6.754362     7.047853    11.922034   -34.954864   -90.450711
   33.032970     6.957057     7.416962    11.669989   -43.067524   -68.195465
   33.114769     6.601042     7.482542    11.820344   -17.652923  -110.343682
   32.812524     6.615977     7.188996    11.610825    -8.065393   -89.857362
   32.965730     6.793238     7.520129    11.669799   -24.081348   -95.373499
   33.019031     6.455669     7.410074    11.904484   -30.440801   -96.194175
   33.786199     6.947810     7.077528    11.872436   -26.609998  -116.658066
   33.195821     6.732980     7.131554    11.795817   -35.425733   -99.395356
   33.416120     6.900232     7.188767    11.760974   -24.292893   -98.225792
   33.210175     6.869060     7.067231    11.665221   -22.801277  -100.664964
   33.295603     6.844271     7.268295    11.736101   -22.073061  -114.860242
   33.175599     6.834363     7.271070    11.698480   -23.787625  -109.439952
   33.363153     7.027895     7.315777    11.700981   -33.299663  -102.598859
   32.612495     6.684087     7.190619    11.607951   -43.724582   -79.819834
   33.022908     6.625332     7.029061    11.799298   -39.559280   -84.803083
   33.544013     6.988556     7.325707    11.811071   -33.315823   -97.258339
   33.215139     7.116799     7.406098    11.574806   -22.816582   -91.341492
   32.679883     6.599785     7.092369    11.687285   -43.524328   -70.921238
   32.836228     6.693903     7.375088    11.692179   -35.678934   -85.620293
   33.503993     6.999179     7.316897    11.838132   -45.516295   -81.789946
   32.961377     6.708214     7.392087    11.735753   -32.180708   -77.424985
   32.872387     6.906007     7.307231    11.632671   -51.082114   -70.233956
   33.424703     7.108153     7.178973    11.722002   -44.610232   -68.877445
   33.308220     6.884400     7.293228    11.807927   -41.601630   -76.395844
   33.659551     6.620227     7.395628    12.154122   -40.095066   -80.939767
   33.167492     6.971916     7.076293    11.671288   -46.937132   -79.351418
   33.395512     6.991496     7.106822    11.660383   -20.694604  -115.876039
   33.049009     6.870718     7.120163    11.592900   -19.138533  -120.587949
   32.918288     6.793439     7.092133    11.587212   -21.827424  -105.403206
   33.042665     6.730008     7.406228    11.865140   -60.970884   -68.684375
   33.148205     6.920099     7.224805    11.686095   -39.113863   -85.464554
   33.234514     6.859057     6.917309    11.754806   -46.373097   -79.276010
   33.711549     7.072712     7.652707    11.954818   -47.839108   -82.125925
   33.452219     6.799706     7.305213    11.951631   -47.581069   -74.094918
   33.496902     6.920304     7.561099    11.919774   -40.890140   -72.257624
   32.924671     6.902864     7.102331    11.572006   -32.340085   -68.698696
   32.899743     6.889221     7.126276    11.594344   -40.181357   -71.318072
   33.057852     6.975860     7.122179    11.552274   -26.499263   -93.767738
   33.496386     6.626332     7.047767    11.987838   -33.546528   -98.966704
   33.142383     6.787724     7.188789    11.681543   -17.099228  -119.026826
   33.752073     6.764462     7.057486    12.053254   -43.779019   -93.247728
   32.865613     6.596028     7.465756    11.832054   -50.270290   -72.179217
   33.101374     6.831325     7.272970    11.793940   -55.957935   -70.088494
   32.848231     6.982487     7.275062    11.566285   -50.869903   -74.144481
   32.858790     6.770996     7.433034    11.731207   -55.159567   -87.086750
   32.796951     6.882005     7.539520    11.635083   -46.680634   -67.493207
   33.008252     6.964600     7.488721    11.665683   -43.568898   -70.327059
   33.152302     6.906385     7.231341    11.678477   -35.420429  -101.147309
   33.580101     7.024317     7.412223    11.711626    -3.135970  -119.397117
   33.080540     6.961388     7.492975    11.640413   -30.611763  -103.734006
   33.591145     7.116265     7.141773    11.736278   -38.100183  -100.956849
   33.016216     6.688057     7.182774    11.652145    -3.899560  -130.660982
   33.113827     6.801454     7.365115    11.697969   -21.476749  -115.606104
   33.136836     6.808652     7.472341    11.694330   -14.328104  -109.061373
   33.324280     7.288962     7.438634    11.575222   -39.654587   -93.877583
   33.324335     7.095900     7.133994    11.606763   -31.181920  -105.762336
   33.035805     7.015690     7.510945    11.542939   -16.213172  -111.063371
   33.333656     6.883495     7.260172    11.705561   -15.534905  -116.173191
   33.101570     6.838229     7.727716    11.731694   -22.528385   -92.171605
   33.290155     6.936851     7.563453    11.804743   -40.651761   -81.956224
   33.350960     6.666196     7.357269    11.924867   -32.438883  -101.455672
   32.750135     6.946036     7.281619    11.495163   -35.389250  -103.381602
   33.107863     6.891413     7.129788    11.660505   -36.619903   -94.418078
   32.981251     7.061924     7.412431    11.598740   -51.766951   -83.074116
   33.317632     7.079536     7.470476    11.781754   -61.036818   -79.914210
   33.435283     7.180594     7.337859    11.671897   -40.905683   -97.695956
   33.312329     6.619036     7.334955    12.039241   -59.218322   -78.623018
   33.213536     6.544915     7.379139    11.930448   -29.724564  -108.394144
   33.127461     6.454384     7.559266    12.002595   -38.416411  -115.916557
   33.226868     6.591453     7.156991    11.975229   -55.357560  -109.709007
   33.191069     6.712770     7.539190    11.878916   -41.624578  -103.148806
   33.134977     6.647537     7.218649    11.906169   -55.184977  -110.740507
   33.212178     6.795667     7.560658    11.869447   -49.844083  -107.132659
   33.438844     6.885680     7.328593    11.903923   -55.266865   -90.037643
   32.853846     6.531364     7.432157    11.838749   -44.888711   -97.066204
   32.949921     6.397583     7.420210    11.985973   -50.977546   -86.557116
   33.539186     6.934820     7.275718    11.959695   -63.794965   -69.208393
   33.771140     6.791887     7.388034    12.100913   -49.165869   -98.302435
   32.849330     6.659250     7.488026    11.756335   -40.072653  -112.822762
   33.288179     6.593374     7.383585    11.939778   -31.607090  -121.251066
   33.333362     6.646639     7.419330    11.929145   -31.084957  -108.984079
   33.023985     6.737778     7.349988    11.737483   -31.257536  -123.114921
   33.000181     6.673055     7.184766    11.805436   -49.653622   -95.744112
   33.501383     6.706894     7.166853    11.965079   -39.225444  -101.616583
   33.039185     6.626350     7.390488    11.870611   -48.014071   -86.376103
   32.833211     6.453391     7.244482    11.843274   -39.597889   -80.161291
   33.399315     6.544219     7.227587    12.044779   -40.550885   -91.977595
   33.341771     6.648945     7.319255    11.956990   -39.410269   -90.750298
   32.948994     6.453869     7.320077    11.909934   -42.284992   -99.421698
   33.304209     6.559361     7.067647    12.006331   -49.216664   -86.653863
   33.515181     6.686465     7.425251    12.024542   -41.804586  -106.096467
   33.290751     6.711811     7.433983    11.860520   -28.322280  -114.522328
   33.320601     6.485056     7.209719    12.042567   -40.055743   -92.771246
   33.279220     6.670445     7.401714    11.927290   -42.297051  -104.187021
   33.570885     6.774145     7.317581    11.981374   -42.964055  -104.962232
   33.044479     6.657664     7.274745    11.831272   -45.360941  -109.621802
   32.662779     6.573655     7.514887    11.716280   -40.086943   -81.919957
   32.751680     6.593321     7.055879    11.649037   -21.777299  -114.201058
   33.136860     6.716789     7.572837    11.809772   -28.117009  -113.928512
   32.783714     6.355013     7.356973    11.890970   -38.309147  -104.853073
   33.048391     6.727847     7.332589    11.760775   -36.091035  -105.038920
   33.285513     6.615274     7.251977    11.868018   -19.398491  -110.466091
   33.232370     6.570657     7.394526    11.910573   -25.625420  -106.277617
   32.670676     6.519137     7.248704    11.724411   -36.462404  -103.960824
   32.841202     6.656616     7.500917    11.740091   -38.172111   -95.354942
   33.461534     6.683374     7.276375    11.979919   -38.511132   -94.410441
   33.102507     6.604102     7.506784    11.898491   -40.374015   -91.999364
   33.486199     6.936137     7.607328    11.932496   -50.956999   -85.011742
   33.035267     6.756720     7.282278    11.829961   -63.867146   -82.680685
   33.221344     6.528787     7.381850    12.018402   -48.149162   -83.001877
   33.215330     6.444708     7.488618    12.086998   -51.104572   -90.550214
   33.263913     6.440046     7.335158    12.013033   -25.719963   -86.028307
   33.300519     6.688981     7.487360    12.019574   -61.547534   -75.334217
   33.182438     6.707782     7.479964    11.900109   -45.469769   -71.807000
   33.535568     6.570357     7.583642    12.063212   -17.665505   -98.240429
   33.280220     6.898602     7.277642    11.847105   -57.563539   -63.106713
   33.540850     6.780311     7.071659    11.952772   -40.072236   -74.298137
   33.137846     6.934027     7.533883    11.740789   -45.165778   -90.393195
   32.980195     6.437378     7.449220    11.931099   -38.462507   -94.467609
   33.164117     6.501969     7.363412    11.977957   -41.962964  -104.356141
   33.043740     6.432522     7.682783    12.012738   -45.245806   -96.664750
   32.906925     6.746786     7.309969    11.700662   -37.837261  -116.203042
   33.602377     6.702208     6.990986    11.978294   -36.424485  -111.370181
   33.942270     6.641005     7.237723    12.229197   -35.887464   -96.922015
   33.233257     6.604225     7.417510    11.927307   -35.805359  -113.760141
   32.853838     6.298426     7.138479    11.982061   -49.264691  -102.302885
   33.582923     6.800402     7.063732    12.005748   -56.593981   -78.636061
   33.137725     6.676120     7.271186    11.907967   -59.425648   -91.875268
   32.993691     6.510008     7.234676    11.896358   -45.039459   -98.597621
   33.484262     6.618789     7.239251    11.964380   -24.051620  -122.767290
   33.360030     6.620933     7.337246    12.002237   -42.821470   -84.081408
   33.228380     6.654860     7.495502    11.880239   -29.228865  -114.051375
   32.974057     6.667731     7.183539    11.745494   -33.626330  -113.103566
   33.438609     6.403411     7.212703    12.154808   -37.427649   -80.658056
   33.466783     6.789676     6.891139    11.824850   -29.132982  -117.124878
   33.063680     6.407803     7.342351    11.934409   -25.936689   -92.245804
   32.816311     6.404879     7.379522    11.910452   -46.028013   -63.169531
   33.525173     6.571689     7.084037    12.100641   -46.082959   -78.424129
   33.339981     6.638305     7.580505    12.036319   -47.657799   -75.452484
   33.064957     6.483307     7.386959    11.967495   -46.851129   -86.619215
   33.129458     6.788657     7.251854    11.878320   -71.233683   -73.899558
   33.252835     6.761843     7.444332    11.831644   -33.107054  -110.610772
   33.425748     6.896659     6.944091    11.768263   -35.978786  -105.667206
   33.117491     6.767123     7.512349    11.810138   -41.630568  -107.027797
   33.390371     6.435702     7.404830    12.066756   -23.974056  -108.055408
   32.733241     6.528035     7.489134    11.738821   -31.106358   -88.268503
   33.123825     6.449260     7.608359    11.982302   -31.685621  -105.775822
   33.312961     6.614113     7.378363    11.923809   -26.923111  -103.662693
   32.977788     6.858831     7.637701    11.724876   -44.815664  -105.020352
   32.832392     6.534661     7.295060    11.789379   -36.403269  -108.697386
   32.860030     6.699429     7.788832    11.748783   -35.352007  -102.215202
   33.279843     6.681915     7.546650    11.929311   -34.672245   -79.813660
   33.315355     6.767436     7.349301    11.849812   -31.452533   -88.829686
   33.264913     6.689642     7.273687    11.947754   -54.863742   -80.587433
   33.620308     7.123832     7.182252    11.797455   -49.979789   -91.182037
   33.519701     7.135832     7.450643    11.698458   -25.688736  -110.215593
   33.226639     6.645033     7.687365    11.963574   -41.107530   -83.019156
   33.217693     6.596121     7.391470    11.951411   -41.498219   -84.685521
   33.265828     6.576464     7.466735    12.006534   -43.799428   -80.478744
   33.196323     6.412997     7.313300    12.066737   -45.584153   -80.231360
   33.100990     6.535957     7.204560    11.948237   -51.651210   -92.937703
   33.382142     6.623832     7.434994    11.983260   -35.574584  -108.430869
   33.316135     6.747242     7.105658    11.879836   -46.013331   -86.896352
   33.249212     6.608010     7.304882    11.909400   -32.498292  -101.199773
   33.059562     6.414978     7.198703    12.015206   -53.230406   -86.036659
   33.364160     6.666770     7.570135    11.949739   -27.175515   -91.697756
   32.873726     6.425644     7.523806    11.933638   -48.506824   -84.457622
   33.102040     6.366002     7.473556    12.027506   -35.172846   -84.100094
   33.267647     7.209232     7.276989    11.586125   -39.584012   -72.089063
   32.989240     6.774844     7.249349    11.726597   -43.544593   -79.147551
   33.007534     6.614593     7.488613    11.866663   -44.800187   -79.112908
   33.544558     7.054870     7.132468    11.845801   -63.185714   -87.570352
   33.495193     6.878214     7.350020    11.872421   -40.392545  -115.055049
   33.159114     6.718014     7.392348    11.917298   -61.926705   -84.833290
   33.141397     7.130100     7.642108    11.649011   -46.330209   -90.322811
   33.396815     6.659611     7.331867    11.891351   -17.409634  -114.314100
   33.096522     6.781723     7.288366    11.661736   -11.892736  -123.169563
   33.412343     6.677060     7.245691    11.989422   -48.893322   -96.300257
   33.278217     6.543148     7.094527    12.007312   -49.126739   -86.970030
   33.330355     6.960554     7.171355    11.706691   -34.394407  -109.812417
   33.326008     6.884942     7.332866    11.768738   -30.007215   -96.643962
   33.374173     6.725573     7.284748    11.941503   -47.891590   -96.609963
   33.292039     6.651680     7.178947    11.888598   -33.462377  -103.661552
   33.090114     6.533475     7.356744    11.834976   -16.971951  -100.072948
   32.901367     6.778654     7.284890    11.683450   -42.727761   -84.398745
   33.070029     6.820487     7.542128    11.745674   -33.098584   -76.663588
   33.007443     6.710604     7.476741    11.781005   -34.422319   -68.961683
   33.216512     6.882283     7.602793    11.852549   -50.990670   -68.173478
   33.309068     6.675375     7.399183    11.927559   -38.113028   -95.368948
   33.027520     6.683152     7.476847    11.805055   -33.919156   -68.572832
   33.329635     6.899155     7.263558    11.851554   -53.563313   -66.274018
   33.189083     6.797266     7.187549    11.852978   -58.025119   -68.294158
   33.243964     6.788531     7.345499    11.802885   -27.612277   -72.308465
   33.425971     7.126596     7.443724    11.616508   -10.948808  -111.626172
   33.181840     6.680916     7.237970    11.861182   -39.160811   -76.605703
   32.706189     6.689812     7.116591    11.519781    -8.396590  -110.431302
   33.299809     6.913174     7.229042    11.741447   -31.767368   -82.768924
   33.383577     6.827310     7.204052    11.760519   -17.419470  -116.415655
   32.914589     6.963617     7.397488    11.505189   -15.717982  -117.411054
   33.306899     6.901988     7.249036    11.695947   -20.025977  -114.429632
   33.231471     6.954533     7.344247    11.630538   -15.177910  -116.961690
   33.106260     6.810554     7.330278    11.621762    -3.050210  -120.066863
   32.745180     6.813853     7.573751    11.544633   -15.391491  -118.726935
   33.014516     6.889235     7.432532    11.748648   -59.250737   -75.557598
   31.941154     6.363250     7.519846    11.524764   -40.500935   -80.085398
   33.667969     6.936443     7.183706    11.905830   -33.386079   -76.540864
   32.978671     6.833215     7.457211    11.713760   -40.366392   -69.605412
   33.135945     6.660000     7.096129    11.823033   -35.380644   -80.096344
   33.267157     6.768695     7.319671    11.800880   -27.731682  -102.505251
   33.548293     6.885645     7.349685    11.853660   -30.126215  -124.907897
   33.373744     6.806291     7.396046    11.988471   -71.034940   -92.523197
   33.410460     6.715515     7.219268    11.946331   -46.792245  -113.416096
   33.401336     7.007331     7.267982    11.750894   -43.015100  -116.699859
   33.356718     6.877609     7.244290    11.791068   -37.745910  -120.155829
   33.102656     6.719558     7.366155    11.852253   -52.356253  -108.908341
   32.973458     6.705729     7.574171    11.778749   -37.451559  -108.581058
   33.158933     6.737733     7.240133    11.763011   -28.185707  -113.147394
   32.722324     6.742453     7.372433    11.669633   -50.695765   -98.148230
   33.179627     6.649162     7.551370    11.868481   -28.528529  -119.936686
   33.498112     6.965261     7.340925    11.815662   -39.701980  -119.591225
   32.903276     6.375820     7.449018    11.884852   -25.063058   -97.732700
   33.282624     6.956179     7.325972    11.749726   -42.775782   -89.336343
   33.001905     6.607898     7.371688    11.712056    -6.051750  -112.138000
   32.878870     6.403343     7.369214    11.897991   -37.630952   -81.210610
   33.165551     6.730301     7.442660    11.813330   -31.518801   -91.463791
   33.207606     6.742734     6.956736    11.807579   -43.037270   -87.719166
   32.907334     6.676996     6.985759    11.764694   -53.969320   -72.405830
   33.305571     6.930066     7.150547    11.719353   -34.897195   -97.020355
   33.242777     6.766200     7.569198    11.909543   -48.227407   -79.715173
   33.072808     6.868025     7.446050    11.767376   -49.725757   -66.911390
   33.244308     6.945682     7.395621    11.745997   -40.936172   -88.123116
   33.139110     6.610685     7.508457    11.856482   -24.186125   -90.136819
   33.085417     6.800378     7.220076    11.716684   -35.537870   -90.571201
   33.340198     6.765793     7.199485    11.818473   -28.445287  -109.459882
   33.321658     6.799460     7.129366    11.805085   -35.743247  -107.822200
   32.977744     6.772993     7.334176    11.663969   -24.808910  -106.523444
   33.172201     6.679224     7.441059    11.792083   -16.311202  -128.354406
   32.778378     6.981671     7.370461    11.541922   -45.724924  -113.561202
   33.187717     6.815652     7.336969    11.785657   -39.628740  -126.877974
   33.260617     6.747356     7.159290    11.834205   -40.502904  -117.336899
   33.053802     7.104235     7.228764    11.578447   -53.155901   -85.003921
   33.337868     6.759541     7.340647    11.942003   -56.987874   -96.939626
   33.201588     6.615606     7.052460    11.946070   -56.061930   -82.446023
   33.284782     6.764401     7.190373    11.898614   -52.777217   -71.933750
   32.972022     6.536841     7.399030    11.873371   -41.892434   -97.669221
   33.224626     6.649534     7.386447    11.972468   -56.378814   -82.347726
   33.395482     6.805928     7.535683    11.868230   -30.182341  -122.972800
   32.999059     6.775923     7.230309    11.731532   -46.040640   -98.662404
   33.204529     6.646274     7.241263    11.891318   -42.398974  -112.623045
   32.785512     6.489398     7.567429    11.909978   -62.722757   -78.014914
   33.215668     6.771704     7.020689    11.787687   -41.557994  -102.547841
   33.409270     6.779797     7.270733    11.869399   -35.359919  -119.046691
   33.083690     6.904393     7.646370    11.722092   -37.079889   -96.941220
   33.272310     6.742516     7.284100    11.831667   -33.573226  -109.822776
   33.098370     6.623188     7.224907    11.848268   -39.521572  -101.598278
   32.866436     6.378488     7.354178    11.950955   -49.416880   -76.546999
   33.160056     6.607548     7.251170    11.901746   -42.829728   -93.487725
   33.062586     6.820158     7.713718    11.783393   -40.620205   -91.679401
   32.882806     6.606019     6.997100    11.770970   -46.189717   -80.800045
   33.264759     6.568212     7.351515    12.016375   -49.399826   -80.809832
   33.223943     6.890748     7.229805    11.683859   -25.556220  -113.405231
   32.850554     6.954013     7.322750    11.611694   -57.738304   -94.890077
   33.085370     7.050922     7.260374    11.629606   -53.789337   -99.455137
   32.957073     6.590857     7.341317    11.869783   -53.751379   -90.718189
   33.334311     6.709782     7.344401    11.854600   -24.308298  -124.885190
   33.081120     6.720565     7.194433    11.837797   -56.952635   -87.383266
   33.191075     6.824812     7.464328    11.871369   -59.085551   -78.010782
   32.833065     6.742874     7.275151    11.736469   -59.459913   -98.208943
   33.301681     7.041699     7.426288    11.740801   -49.345312   -95.568862
   33.486687     7.021565     7.381312    11.773672   -36.587535  -112.533368
   33.346405     6.752788     7.459150    11.860376   -27.806070  -118.575899
   33.371977     6.825277     7.540377    11.860747   -32.865957  -106.921185
   33.401086     7.030556     7.192524    11.740124   -44.267300   -90.142989
   33.471064     6.931277     7.229422    11.747086   -20.606141  -114.117009
   33.304427     6.875364     7.136819    11.832202   -57.751777   -88.611708
   33.250460     6.864738     7.207496    11.812017   -55.042930   -94.914952
   33.027773     6.701018     7.096148    11.776271   -45.162813  -105.973497
   33.083697     6.525028     7.111645    11.893267   -38.876351  -102.596795
   33.230139     6.897813     6.954090    11.727641   -46.210428   -83.644836
   33.468724     6.858048     7.139847    11.811209   -29.335474  -108.189965
   32.963865     6.954348     7.361956    11.550113   -22.819968  -116.032906
   32.881061     6.992588     7.524719    11.562325   -36.910131  -103.253160
   33.202120     6.666517     7.254761    11.861919   -37.753194  -112.628752
   33.384456     6.817320     7.234747    11.853904   -42.049209  -112.261215
   33.087052     6.721202     7.336324    11.815253   -45.553855  -104.607295
   33.299652     7.050068     7.052185    11.642970   -39.652191  -100.358517
   33.016542     6.949947     7.388699    11.687298   -55.580134  -101.027676
   32.954992     6.830529     7.426782    11.694095   -42.512152  -103.063128
   32.936278     6.584669     7.233881    11.842061   -50.356872   -94.835446
   33.268470     7.085070     7.086125    11.607134   -37.419142   -95.029942
   33.240434     6.992337     7.375564    11.725775   -43.912153   -83.586532
   33.887533     6.622276     7.482780    12.230815   -30.403531  -100.994264
   33.035061     6.530673     7.535585    11.917574   -39.098964   -76.058599
   32.953372     6.838829     7.504328    11.716132   -47.497173   -99.798767
   33.683181     6.805156     7.329450    12.138387   -67.629763   -65.299521
   33.040553     6.673818     7.438303    11.900123   -59.263378   -64.831012
   33.473895     6.940707     6.955293    11.827794   -51.427215   -83.572217
   33.190939     7.006041     7.380797    11.714060   -51.620221   -94.201651
   32.913805     6.731171     7.532872    11.789478   -54.209606   -86.505384
   33.637715     6.801743     7.274660    11.936515   -28.429647  -111.629681
   33.056486     6.876250     7.206957    11.632804   -29.057612  -110.164477
   32.951502     6.889858     7.107686    11.647359   -52.022282   -98.163738
   33.319469     6.914382     7.430227    11.796322   -42.042638  -106.262528
   33.431757     6.877208     7.309064    11.803990   -29.672792  -113.673647
   32.984826     6.871731     7.632309    11.724055   -45.979013   -96.418123
   33.129063     6.683310     7.298002    11.783448   -25.707445  -115.663329
   33.154716     7.046385     7.449467    11.667523   -46.827606  -109.876686
   33.328372     6.807607     7.538069    11.927555   -54.846067  -103.630374
   33.659225     6.856332     7.172735    11.964748   -46.846796   -99.751258
   33.117616     6.949862     7.493623    11.743662   -54.505910  -110.311781
   33.710157     6.840780     7.181965    11.937523   -31.460293  -114.813228
   33.060350     6.916494     7.414847    11.676847   -39.847801  -110.173754
   33.704777     7.060734     7.317270    11.918274   -58.532089   -98.205081
   33.164634     6.972964     7.566897    11.653628   -22.876724  -127.096968
   33.305798     6.710898     7.416610    11.909172   -36.507719   -84.134767
   32.927865     7.017377     7.488708    11.586239   -43.832579   -91.506268
   32.858667     6.837806     7.083609    11.583299   -35.318717  -105.607099
   33.212997     6.885636     7.553597    11.781763   -40.021373  -105.629690
   33.272808     6.609184     7.134031    11.916426   -37.224431  -103.220844
   33.164188     6.864615     7.374465    11.724195   -33.841748  -106.531398
   33.194813     6.825780     7.610110    11.781464   -29.588938  -110.619317
   33.247729     6.727877     7.387699    11.852814   -35.836218  -105.408449
   33.241334     6.723040     7.494789    11.909475   -45.364577   -86.657535
   33.136742     6.929405     7.621619    11.708434   -32.434131  -107.599652
   33.273736     6.698522     7.520794    11.930166   -41.361141   -86.393363
   33.543031     6.997402     7.101299    11.804880   -41.130359   -88.715166
   33.428190     6.898671     7.519697    11.922090   -50.806827   -74.949472
   32.801132     6.809593     7.436502    11.680264   -54.238573   -83.370613
   33.506723     6.881175     7.206599    11.836022   -32.539447  -102.595954
   33.097015     6.642519     7.360033    11.857182   -41.508175  -100.197182
   32.944493     6.680431     7.190560    11.746178   -39.911908  -107.573867
   33.361319     6.870787     7.710688    11.924896   -47.877914   -79.298384
   33.462308     6.868658     7.243347    11.878839   -41.995432   -81.377981
   33.361015     6.505571     7.517261    12.033815   -27.956190  -108.880276
   33.233332     6.562056     7.392190    11.980356   -41.883139   -86.884696
   33.281704     6.960607     7.603367    11.759066   -34.819935  -104.831988
   32.792541     6.627846     7.323366    11.692735   -28.808624  -113.010583
   33.466402     6.686699     7.701367    11.997808   -29.859733  -120.853365
   32.997253     6.699817     7.276280    11.657952    -9.062254  -119.298795
   33.486033     6.861047     7.571905    11.950197   -48.821694  -102.932022
   33.066634     6.647631     7.407956    11.853832   -43.608649  -100.752310
   33.353652     6.688907     7.187445    11.854238   -23.495078  -122.923306
   33.188363     6.877505     6.992065    11.668363   -29.915511   -92.190176
   33.453975     6.844630     7.119031    11.843186   -38.089734  -101.354052
   32.832148     6.951697     7.423347    11.504378   -23.601776   -96.235819
   33.247958     6.678874     7.300914    11.825757   -18.169039   -85.067053
   33.232120     6.675026     7.597311    11.895231   -31.289186   -96.997836
   32.926596     6.685214     7.597862    11.789942   -42.556682  -102.050676
   33.091031     6.681611     7.328729    11.918766   -67.190003   -87.384511
   33.318017     6.968474     7.293535    11.779512   -50.572690   -86.755565
   33.471333     6.960788     7.197806    11.916166   -68.011951   -66.487619
   33.079254     6.784848     7.473594    11.889306   -69.566169   -64.449875
   33.169000     6.915736     7.208866    11.805415   -68.402140   -67.413371
   33.179538     6.844099     7.551304    11.834366   -47.306012   -72.294215
   33.200555     6.874176     7.337749    11.793655   -47.662406   -72.826740
   33.166040     6.872757     7.238054    11.762686   -47.465001   -73.148131
   33.155096     6.692404     7.515039    11.961437   -61.889666   -64.902894
   33.556246     7.121142     7.196225    11.775589   -47.322693   -79.691997
   32.845867     6.798546     7.309377    11.656706   -44.411204   -81.737922
   33.638542     6.950415     6.829540    11.854693   -40.064662   -76.739950
   32.636208     6.789444     7.480777    11.598524   -45.597677   -73.615748
   33.442292     6.829581     7.242938    11.875342   -39.109221   -91.550949
   32.751889     6.579994     7.365516    11.771945   -49.287774   -79.848511
   32.909239     6.481496     7.118091    11.822567   -32.546591   -95.165499
   33.317632     6.726175     7.527498    11.911937   -38.389226  -120.093583
   32.790161     6.696157     7.490524    11.720755   -43.731022  -108.737650
   33.588728     6.886877     7.359047    11.909395   -40.675491  -116.201937
   33.690041     6.711222     7.508179    12.015181   -16.637713  -119.311304
   33.272109     6.658031     7.456840    12.005437   -57.786284   -79.360356
   33.074315     6.714225     7.353703    11.755405   -27.532208  -117.308382
   32.814421     6.609719     7.453063    11.791918   -48.287505  -103.359649
   33.476366     6.760513     7.370544    12.111622   -82.882020   -80.101368
   33.146859     6.765961     7.193313    11.853906   -61.520723   -85.830911
   33.214526     6.556786     6.949362    11.926738   -42.352616  -106.611310
   33.078855     6.572781     7.605375    11.913893   -39.422484  -104.533036
   33.104648     6.779075     7.102990    11.766977   -47.839280  -104.054211
   33.330800     6.695396     7.568128    11.981084   -49.077487  -107.091519
   33.270429     6.732483     7.153305    11.860408   -44.400592  -103.205094
   33.389922     6.755133     7.549984    12.029478   -64.590332   -90.388191
   32.883595     6.517882     7.276541    11.886582   -52.178923  -116.764805
   33.892393     6.920552     7.120968    12.014948   -47.427304  -113.772193
   33.667892     6.823797     7.207445    12.009189   -52.971710  -110.667991
   33.057859     6.630775     7.256293    11.829284   -37.168231  -122.692692
   33.170219     6.547033     7.227961    11.991362   -55.414272  -116.917776
   32.827685     6.645901     7.540801    11.774618   -46.498077   -92.021707
   33.023158     6.560526     7.276902    11.844552   -32.170634  -124.171699
   33.426638     6.776537     7.033842    11.909987   -50.685161   -98.677545
   33.151247     6.970467     7.145860    11.749379   -69.847997   -83.131290
   32.925630     6.638009     7.070457    11.803176   -54.544977   -94.668687
   33.192646     7.100439     7.419966    11.629530   -41.378856  -119.599555
   33.156947     6.786168     7.322962    11.792674   -41.626780  -119.811066
   32.971425     6.839971     7.197409    11.677784   -45.592004  -107.350908
   32.879892     6.577125     7.111244    11.823931   -53.311528   -98.758946
   33.319294     6.581293     7.391904    12.048083   -55.061547   -97.829102
   33.658754     7.026951     7.228787    11.841733   -42.872721  -111.324732
   33.705236     6.677545     7.214441    12.122242   -50.380524  -101.013492
   33.112063     7.023663     7.216269    11.667247   -57.251429   -79.711003
   32.935810     6.556841     7.103977    11.828618   -44.810510   -90.332980
   33.016318     6.641765     7.156602    11.787910   -37.801101   -99.334778
   33.156605     6.604829     7.320321    11.963079   -57.624322   -87.677383
   33.560044     6.871748     7.470582    11.982755   -55.897322  -105.398183
   33.634262     6.849957     7.211564    11.900610   -30.634873  -112.004929
   32.995601     6.795249     7.490807    11.774622   -51.060729   -81.536542
   33.368911     6.717010     7.408218    11.937656   -41.113137   -98.903943
   33.366607     6.781688     7.328397    11.886315   -42.922734  -105.721492
   33.001260     6.687870     7.495669    11.738981   -22.340118  -115.652762
   33.371475     6.803878     7.417293    11.845088   -30.733686  -110.552553
   33.112453     6.632611     6.828530    11.802264   -36.426343   -99.600975
   33.116843     6.683663     7.478920    11.783938   -21.167425  -114.613079
   33.274043     6.458248     7.164367    12.045718   -43.571190   -93.652464
   33.323258     6.731236     7.407657    11.936938   -49.470602   -96.994049
   32.885454     6.585363     7.193685    11.827781   -53.604609   -94.946988
   33.040832     6.954471     7.422856    11.676010   -48.556581   -98.932134
   33.180062     6.676925     7.664350    11.839192   -20.871490  -113.543446
   32.928520     6.674476     7.390737    11.722992   -28.678811  -106.033669
   33.687450     6.793533     7.447376    12.040304   -41.801090  -104.064691
   33.171806     6.656308     7.190921    11.888724   -47.485278  -120.180687
   33.172437     6.838369     7.496170    11.845830   -57.375777   -91.841426
   33.543765     6.762356     7.182625    11.979226   -47.979963   -99.729378
   33.474259     6.601559     7.235664    12.056703   -45.279141   -94.278591
   33.452050     6.761627     7.143975    11.849792   -22.355820  -103.992651
   32.964640     6.698817     7.313306    11.780785   -44.352651  -119.734091
   33.434332     6.747626     7.364611    11.927920   -39.376763  -115.289517
   33.596170     6.865840     7.474655    11.923719   -34.870668  -120.718456
   32.917278     6.596472     7.397405    11.850277   -52.600398   -88.858660
   33.304900     6.888751     7.462074    11.771535   -30.427472  -108.859787
   33.467880     6.829713     7.465980    11.921557   -41.362017   -99.250485
   33.297078     6.634071     7.262055    11.916160   -34.098102   -98.797268
   33.559124     6.896011     7.126651    11.885815   -42.950274   -89.038443
   33.215207     6.664669     7.160617    11.871142   -40.934281   -98.867675
   33.136478     7.045805     7.600383    11.642057   -33.216546  -102.088518
   33.530612     6.628569     7.341662    12.056600   -40.293127  -101.498907
   33.233323     6.801826     7.064735    11.773305   -39.784189  -107.263393
   33.541694     6.669134     7.289732    12.023503   -39.935744  -105.532586
   33.211359     6.815509     7.198352    11.831432   -55.128818   -82.800988
   33.047853     6.542906     7.296299    11.879111   -36.907288   -84.197839
   33.006115     6.950876     7.343492    11.595089   -30.930773  -116.373795
   32.788470     6.765926     7.544960    11.701401   -50.411756   -91.705350
   33.181856     6.582632     7.066673    11.919549   -46.225631  -104.367527
   33.037662     6.736899     7.506713    11.769963   -35.065960  -100.145774
   33.215531     6.821949     7.456524    11.732384   -18.908074  -117.656033
   33.190365     6.709273     7.327544    11.816477   -31.592987  -109.925559
   33.273384     6.647165     7.076732    11.895322   -39.248011   -96.762346
   33.036301     6.911020     7.638042    11.682042   -33.546514  -114.487290
   33.167566     6.804138     7.435070    11.771347   -32.938134   -96.475097
   33.542661     7.014254     7.437827    11.826134   -39.883248  -106.464273
   33.132399     6.921049     7.426922    11.660227   -25.244664  -128.444877
   32.849270     6.630223     7.486668    11.740738   -29.751046  -120.050702
   33.281240     6.655557     7.204613    11.893109   -35.533886  -126.798680
   33.198313     6.648088     7.224684    11.847362   -31.587735  -115.024315
   33.576507     6.897279     7.419585    11.858679   -26.479748  -119.608781
   33.253111     6.885525     7.377709    11.810782   -51.379670   -99.611923
   33.317057     6.855655     7.609115    11.811651   -28.425734  -114.955768
   33.341159     7.010023     7.110622    11.714697   -46.084856   -99.892546
   33.346537     6.699849     7.458549    11.935048   -39.635165  -112.728197
   32.915424     6.566935     7.135209    11.868938   -59.534159   -81.275272
   32.974905     6.686921     7.262776    11.761588   -39.672140  -108.514651
   33.245084     6.916896     7.188771    11.776602   -55.318360   -90.837924
   33.483456     6.848115     7.522359    11.942442   -47.057118  -103.167619
   32.968978     6.957777     7.339687    11.649832   -54.141157   -98.157214
   33.239545     6.950122     7.384839    11.850930   -72.698566   -75.509316
   33.239562     7.015151     7.313561    11.750303   -61.089192   -95.891081
   33.400527     7.002563     7.335028    11.785242   -48.359167  -122.027943
   33.339598     6.823396     7.522873    11.907962   -51.649482  -112.774057
   33.300001     6.917340     7.645565    11.794770   -34.291579  -110.885498
   33.348175     6.947127     7.343344    11.744611   -33.705040  -112.949696
   33.229063     6.818501     7.261027    11.784313   -39.597923  -100.951872
   33.270339     6.992966     7.298796    11.724477   -46.695217   -98.791746
   33.511242     7.011600     7.353299    11.788283   -37.764939  -116.128976
   33.012842     6.846033     7.238952    11.728178   -53.657245  -111.775214
   33.715209     7.132698     7.180273    11.806442   -43.502251   -98.784850
   33.268012     6.813716     7.252808    11.827687   -47.008203  -104.220203
   33.215045     7.214539     7.453223    11.546506   -31.164776   -97.313980
   33.634194     6.742966     7.311900    12.025305   -40.721389  -102.825904
   33.177029     6.774665     7.374719    11.777752   -31.436854  -120.729457
   33.249130     6.993314     7.590425    11.749188   -41.445272   -97.188813
   33.656089     6.827991     7.070984    11.942898   -40.069014  -105.162739
   33.499949     6.991315     7.387161    11.853797   -50.861913   -99.128835
   33.447252     6.935647     7.425935    11.834224   -40.036267  -101.305187
   33.230532     6.654283     7.079231    11.868202   -38.904098  -114.383695
   33.294994     6.715694     7.175041    11.866451   -39.598558  -112.192290
   33.440650     7.012249     7.425178    11.747880   -30.831737  -114.164566
   33.152993     6.676767     7.252806    11.852309   -42.293962  -115.690022
   33.490858     6.813854     7.279905    11.923114   -46.408302  -112.413733
   33.135348     6.949619     7.371153    11.782880   -67.866898   -79.005540
   33.303767     7.021778     7.560969    11.751517   -42.271784  -101.114352
   33.470290     6.930760     7.394063    11.877636   -50.206015   -97.915467
   33.081947     6.659626     7.304543    11.883588   -55.316243  -104.146014
   33.220238     6.974078     7.341728    11.715155   -45.281561  -107.136966
   32.992968     6.993708     7.491166    11.592742   -32.995586  -115.833730
   33.043822     6.918497     7.406033    11.748121   -63.427105   -86.269972
   33.096543     7.018612     7.256139    11.663288   -56.766970   -93.920234
   33.028493     6.854251     7.157276    11.646815   -34.104529   -86.068868
   33.378141     7.109160     7.232245    11.711899   -49.403204   -81.049192
   33.239261     7.139699     7.421792    11.629559   -35.171765   -70.454922
   33.102073     6.918339     7.640725    11.764579   -47.074144   -77.723804
   32.662073     6.457471     7.528434    11.754191   -31.142453   -94.012822
   33.280438     6.984533     7.561066    11.747697   -33.330872   -83.835680
   33.389472     6.705499     7.521379    11.967610   -37.930613   -89.795828
   33.347552     7.101847     7.144873    11.639890   -37.813256   -97.302553
   33.201007     7.022756     7.323625    11.721177   -55.303417   -77.245832
   33.349566     7.051215     7.195591    11.749842   -55.279900   -77.939824
   33.336685     6.835337     7.367264    11.878486   -44.162212   -67.799492
   33.099750     6.739886     7.354601    11.788750   -35.684775   -76.695358
   33.328411     7.053944     7.238300    11.742357   -50.235243   -64.417953
   33.244630     6.902123     7.079184    11.774478   -51.265988   -69.123507
   33.246768     6.597413     7.557580    11.914580   -22.094134   -92.874241
   33.404378     6.768224     7.369756    11.857961   -23.268362  -101.745382
   33.162541     7.055932     7.434474    11.659344   -40.711964   -76.360969
   33.313775     6.635182     7.230399    11.961955   -41.713929   -75.015220
   33.556170     6.874095     7.364476    11.913652   -29.464786   -68.697979
   33.185105     7.004133     7.329709    11.741814   -60.399793   -78.090506
   32.914195     6.910932     7.485685    11.601698   -30.997118   -87.583702
   33.186687     6.757554     7.030655    11.755134   -26.703494   -71.264195
   33.146086     6.435451     7.231852    11.919070   -17.541022   -89.146909
   33.336704     6.964128     7.257493    11.670654   -17.662621  -103.891974
   33.697472     7.168914     7.209702    11.806387   -44.625585   -79.124149
   32.882719     6.454133     7.318560    11.902727   -46.933489   -70.894489
   33.074506     7.015677     7.405891    11.638194   -43.257183   -87.387267
   32.751587     6.797811     7.565060    11.611944   -33.597036   -85.299117
   33.227198     6.924492     6.992187    11.747365   -54.087762   -72.428219
   33.639924     6.973013     6.954448    11.803921   -29.501633   -96.540373
   33.100187     6.925530     7.483006    11.730028   -47.177893   -84.952142
   33.425849     7.359550     7.450717    11.526775   -25.382214  -103.285535
   33.243885     7.217211     7.167757    11.455728   -15.838762  -104.317948
   33.427641     7.269206     7.563835    11.652142   -39.329419   -96.967792
   33.278303     7.016266     7.286008    11.585261    -7.934455  -107.603117
   32.911817     6.919156     7.573637    11.587537   -23.228280   -77.612876
   33.222640     6.997122     7.104177    11.635761   -31.164167   -78.642037
   33.016337     6.995054     7.565980    11.640006   -38.643999   -82.612982
   33.250484     6.928470     6.986879    11.722113   -39.807951   -60.197533
   33.312679     7.122743     7.483305    11.693840   -40.556618   -78.933304
   33.247513     6.835864     7.475846    11.719302    -9.097674   -94.082651
   33.332093     6.773758     7.448822    11.835024   -19.897092   -83.756630
   33.407315     7.278231     7.215089    11.509918   -17.823675   -95.147392
   33.227230     6.985035     7.503575    11.748208   -42.826786   -77.526898
   32.780058     6.714326     7.711760    11.672700   -29.369313   -96.619096
   33.217275     6.917732     7.455786    11.786945   -46.779414   -78.185898
   33.148421     6.758271     7.392384    11.702376    -8.543541   -96.777325
   33.352937     6.982347     7.160812    11.700678   -26.206929   -76.461593
   33.607879     7.140552     7.364681    11.792097   -34.788080   -65.923887
   33.292350     6.988070     7.595968    11.734308   -25.391336   -79.728013
   33.684583     7.070122     7.655745    11.862762   -24.257968   -92.413425
   33.301389     6.824885     7.181278    11.788991   -29.743740   -76.316720
   33.364045     6.929467     7.203557    11.788870   -38.445680   -69.475591
   32.988884     6.842985     7.313470    11.646255   -25.778202   -67.392125
   33.234829     7.002628     7.653444    11.750080   -35.072980   -66.063972
   33.218984     7.148546     7.404771    11.579226   -26.240709   -76.212649
   33.206667     7.086586     7.129054    11.600781   -42.103284   -94.731647
   32.740015     6.921459     7.112690    11.483289   -35.613245   -75.608840
   33.645552     6.959620     7.699241    11.979838   -40.299693   -80.875239
   32.822037     6.649082     7.554204    11.711222   -29.032254   -80.882825
   33.448546     6.970413     7.133763    11.788735   -40.153713   -79.587080
   33.486159     6.910353     7.608687    11.921307   -41.063477   -80.688562
   32.886515     6.496504     7.244853    11.764533   -17.319556  -116.705515
   33.287053     6.612899     7.234324    11.876451   -20.368254   -99.991183
   33.061159     6.879560     7.297351    11.667519   -34.600764   -84.560345
   32.907236     6.827654     7.174737    11.652796   -44.815079  -104.731906
   33.251494     6.915754     7.279629    11.794584   -54.181638   -82.783738
   32.988227     6.641989     7.501247    11.770438   -25.805222   -92.227325
   32.980840     6.767513     7.500729    11.743687   -36.870482   -73.343223
   33.326341     6.822900     7.245059    11.823813   -30.648884   -64.725422
   33.045107     6.944118     7.549933    11.730182   -52.102050   -71.007397
   33.219005     6.890000     7.674227    11.777379   -32.287123  -100.930995
   33.485788     6.951106     7.662971    11.938099   -50.445552   -77.587675
   33.099199     6.762073     7.347427    11.829027   -49.354054   -65.529992
   32.812262     6.584687     7.472589    11.809452   -50.146472   -84.281457
   33.101244     7.130115     7.481508    11.632869   -51.035865   -68.957777
   32.984265     6.773795     7.643319    11.782593   -45.021022   -82.113172
   33.178284     6.882462     7.228560    11.807603   -62.892628   -77.007277
   33.060625     6.708505     7.619674    11.841476   -41.345797   -79.081467
   33.197160     6.882423     7.175823    11.748922   -44.760212   -78.236913
   33.029843     6.617579     7.354776    11.852665   -41.885897   -75.419552
   32.666652     6.645580     7.409096    11.725981   -57.133986   -85.441362
   33.285556     7.088441     7.274222    11.703003   -50.462412   -69.774093
   33.242126     6.983313     7.073686    11.761443   -66.464403   -81.400725
   32.981345     6.924948     7.424258    11.610517   -31.088886  -109.310733
   33.024964     6.802478     7.074721    11.689426   -40.357469   -87.457959
   33.191115     6.841127     7.591193    11.856488   -52.727333   -83.972006
   32.698256     6.527945     7.466884    11.772945   -43.634007   -70.795788
   33.048842     7.044402     7.512590    11.619423   -39.836506   -84.978321
   33.362865     7.157329     7.341781    11.677910   -41.322210   -72.485180
   33.729396     6.880320     7.258472    11.971690   -29.623839   -78.437843
   33.290195     6.681961     7.481950    11.811929    -4.479719  -102.076711
   33.029318     6.947698     7.128576    11.622662   -43.592403   -76.248746
   33.051334     6.787286     7.348845    11.654017   -14.758835  -110.662019
   33.506391     6.998869     7.254611    11.769143   -34.073614  -108.435461
   32.938234     7.089239     7.414092    11.505748   -31.393761   -74.382881
   32.783185     6.560617     7.040315    11.668245   -20.607782   -83.657335
   33.171208     6.785295     7.282962    11.760972   -31.400331   -89.182572
   33.332534     6.652058     7.390834    11.915403   -26.167295   -92.690073
   32.821013     7.042652     7.273207    11.493495   -40.767831   -65.617747
   33.275163     7.227016     7.362690    11.623331   -48.916603   -71.601913
   33.325259     7.101837     7.253264    11.643991   -31.303979   -77.268249
   33.218051     6.760193     6.936553    11.808064   -41.533502   -68.832632
   33.163067     6.749743     7.245891    11.820975   -40.383185   -68.446485
   33.251996     6.719518     7.248621    11.838779   -29.805935   -78.701188
   33.094209     6.960995     7.317834    11.700951   -54.647943   -87.948876
   32.575927     6.698465     7.596085    11.583907   -31.847985   -85.230824
   33.131104     6.929033     7.473882    11.728627   -43.768733   -86.436490
   33.319997     6.963263     7.403218    11.870990   -66.423009   -66.233500
   33.201602     7.047184     7.331702    11.688069   -49.684756   -80.264991
   33.033166     7.163535     7.373590    11.431014   -15.672056  -104.421294
   33.314662     6.894036     7.388272    11.839062   -43.035071   -60.451716
   32.941099     6.750450     7.583968    11.742291   -36.390748   -75.815530
   32.984032     6.947764     7.624500    11.692271   -46.267714   -71.607239
   33.004985     6.988446     7.517683    11.672407   -51.641397   -80.385438
   33.335934     6.850114     7.573532    11.900078   -45.261458   -73.406133
   33.446456     7.192724     7.501103    11.722150   -40.836127   -72.496871
   33.067051     7.022792     7.555932    11.638983   -36.103612   -80.299518
   33.261325     6.976140     7.328083    11.772877   -48.494128   -60.007705
   33.209086     7.012818     7.411466    11.744862   -55.089748   -78.068254
   32.984222     6.757517     7.579366    11.791116   -45.985392   -74.315266
   32.965608     6.907252     7.650431    11.703113   -46.315248   -83.738864
   32.902534     6.948055     7.763728    11.576835   -20.869742   -92.554109
   33.156892     6.644421     7.361517    11.949465   -54.577023   -63.606912
   33.131298     6.856026     7.278083    11.744494   -42.079228   -74.578946
   32.964422     6.760171     7.561620    11.683611   -19.109473   -78.174818
   33.109736     6.726328     7.240013    11.798761   -34.902427   -61.868315
   33.055355     6.591735     7.646994    11.922051   -41.579493   -64.557346
   33.322127     6.787937     7.462360    11.883600   -36.305319   -74.516889
   33.233149     6.764669     7.658846    11.904444   -40.990621   -67.716952
   32.843585     6.832368     7.157547    11.570261   -30.120638   -77.736844
   33.370187     6.844846     7.223637    11.758249   -20.622114  -111.627060
   32.730581     6.684134     7.110539    11.619252   -32.868945   -74.353416
   32.627957     6.545748     6.819169    11.620542   -27.869961   -85.458654
   33.284689     6.917920     7.652808    11.791886   -32.853920   -96.763376
   33.076465     6.561189     7.013861    11.793656   -20.529257  -111.267484
   33.052851     6.695534     7.220884    11.720579   -20.735081   -87.016523
   32.975804     6.752054     7.352625    11.570226     5.847797  -114.513132
   33.078818     6.679167     6.878791    11.765835   -37.135716   -87.919581
   33.369258     6.965080     7.228611    11.747399   -40.108717  -109.560172
   33.179723     6.784603     7.359173    11.690464    -8.359011  -120.801141
   33.088706     6.842793     7.307527    11.653575   -21.296867  -112.094914
   33.201736     7.024285     7.110543    11.657015   -48.839943  -104.698480
   33.225842     6.934812     6.975339    11.595189   -15.161323  -124.778603
   33.515823     6.804121     7.094262    11.782633    -5.061884  -118.183165
   33.326197     7.016415     7.090119    11.632910   -26.377381  -114.922154
   33.419458     6.924671     7.198288    11.719700   -18.826707  -113.224726
   32.974417     6.990542     7.119189    11.573384   -42.322429   -68.418901
   32.723646     6.819974     7.069407    11.516863   -31.226529   -95.610764
   33.247364     6.920088     7.336943    11.662596   -16.986560  -116.935534
   33.425463     7.026143     7.285709    11.692908   -25.976543  -119.962968
   33.118835     7.038183     7.429731    11.557502   -17.815798  -110.339740
   32.466141     6.554008     7.546482    11.537997   -11.451010   -98.379492
   33.354641     7.166806     7.275687    11.582595   -27.137749  -116.300118
   32.754138     6.929665     7.129003    11.536513   -51.291165   -84.184837
   33.021393     6.799397     7.159800    11.685112   -36.699951  -100.630717
   33.368944     6.905603     7.449550    11.766610   -22.261055  -101.992487
   33.151619     7.043618     7.530246    11.530428    -1.440598  -108.340436
   32.883126     6.560796     7.686659    11.770691   -20.328527   -92.028497
   33.382157     6.761431     7.446405    11.861472   -20.083583   -91.536487
   32.948188     6.629112     7.438143    11.676929    -4.790909   -94.381662
   33.115859     6.560074     7.419178    11.802843    -4.496648   -83.974832
   33.252187     6.817336     7.237765    11.709059   -11.971222   -93.369895
   33.545671     6.910427     7.362486    11.748694     2.263675  -114.503922
   33.295537     6.932864     7.641748    11.741746   -16.129967   -83.007428
   33.249676     7.051208     7.446193    11.668304   -28.410023   -72.218502
   32.921398     6.768849     7.020360    11.610230   -25.726752   -88.396754
   33.307781     7.038647     7.112224    11.625170   -20.269741   -69.747348
   33.387349     6.915688     7.219071    11.729238   -13.504550   -74.845231
   33.459497     7.083185     6.982459    11.634116   -20.857636   -89.210759
   32.791547     6.881952     7.147774    11.470206   -15.677793   -75.635207
   33.240599     6.904934     7.552600    11.719525   -15.968140   -79.996053
   33.131625     7.078912     7.330737    11.504926   -12.653260  -119.941212
   33.239277     6.988517     7.533412    11.653470   -13.998776   -92.586531
   33.057561     7.161370     7.360423    11.420113    -8.420404   -94.693728
   33.430262     7.203167     7.209871    11.544439    -9.145125   -90.013923
   33.113179     6.829219     7.329555    11.607516    -0.223516   -97.157037
   32.913200     7.046869     7.455439    11.532282   -30.947551   -64.872870
   33.268226     6.836194     7.362486    11.699185    -8.206820  -112.357872
   33.391516     7.051201     7.259050    11.600656    -5.198819  -109.492055
   32.997066     6.825670     7.528989    11.637652   -14.834727   -87.779393
   33.275884     6.947114     7.431345    11.586710     8.691073  -129.168645
   33.446640     6.787352     7.502283    11.809286    -0.881705  -112.152746
   32.869835     6.790608     7.220050    11.570457   -18.212687  -107.382804
   33.166944     6.975165     6.970281    11.508165    -4.188307  -123.531970
   33.551263     7.123954     7.243013    11.616264    -4.366525  -116.160311
   32.979586     7.110152     7.301159    11.476687   -27.510144   -78.726542
   32.852564     6.852345     7.164641    11.542858   -21.697902   -70.216314
   33.350399     6.680404     7.030867    11.863631   -26.230717   -93.374742
   33.083615     6.769604     7.099852    11.605438    -1.707268  -116.986174
   33.612439     7.009596     7.266055    11.743223   -10.859746  -110.595092
   33.240474     6.863883     7.380987    11.755492   -29.456748   -87.824416
   33.024824     6.808251     7.451606    11.628368    -9.995106  -116.282922
   33.210642     6.724334     7.216310    11.747776   -14.736194  -103.491602
   33.090644     6.956002     7.371424    11.630720   -31.594528  -107.692554
   33.605407     7.196060     7.418028    11.644797    -6.550258  -103.127241
   33.293841     6.765486     7.087916    11.761865   -19.292873   -99.376591
   33.328602     6.792469     7.237384    11.731149    -5.527650  -107.194127
   33.212005     6.537347     7.204815    11.825807    -3.429649  -113.666462
   32.978010     6.747490     7.164704    11.647592   -21.714782   -96.361311
   32.968682     6.814718     7.483494    11.614298   -12.958614  -110.131674
   33.383403     6.855133     7.114921    11.729745   -15.230663  -108.022454
   33.113410     6.925072     7.624281    11.614200    -6.742550  -106.488905
   33.576172     6.875585     7.207766    11.779852    -5.240062  -117.688611
   33.004447     6.780439     7.511210    11.626812    -5.235939   -95.743329
   33.242584     6.935479     7.351058    11.649295   -13.108958   -99.550597
   33.205105     6.683198     7.406961    11.768712    -7.613218  -107.108778
