   34.086819     6.961289     7.215843    12.140830   -45.673222   -75.941107
   33.729134     6.973308     7.117523    11.925328   -48.154730   -93.046270
   34.311166     7.210114     7.146994    12.024076   -43.260279  -103.667644
   34.415949     7.113051     7.276177    12.120813   -37.075358  -123.580268
   34.464465     6.978444     7.035654    12.225592   -35.669404   -99.174102
   34.289922     6.964884     7.284034    12.267999   -55.407210   -81.777474
   33.905416     6.938047     7.178102    11.916138   -18.357368  -124.580482
   34.518935     7.427067     7.289771    11.952558   -32.739188  -113.200308
   34.227668     6.962453     7.223105    12.092217   -26.964514  -119.399640
   34.479091     7.128032     6.818370    12.099829   -36.773127   -99.631317
   34.353751     6.994659     7.421123    12.214202   -34.868151  -100.357890
   34.434861     6.896580     7.559322    12.355917   -39.805357  -104.392889
   34.163594     7.220553     7.124112    12.004484   -60.013437  -103.315320
   34.258676     7.109224     7.205414    12.073571   -46.027253  -112.878710
   34.397225     6.986293     7.505859    12.231095   -34.624976  -117.548270
   34.453639     6.980595     7.100278    12.330957   -67.635016   -95.230900
   34.173528     7.090352     7.242879    12.124871   -64.553894  -105.535471
   33.980580     7.252849     7.645097    11.940136   -43.176967   -89.056550
   34.123525     7.197007     7.049133    11.955047   -45.378895   -89.932396
   34.488036     7.254911     6.921436    12.055758   -43.264087   -97.633145
   34.024595     6.984669     7.179235    11.958520   -20.292244  -115.306422
   34.460739     6.952621     7.475847    12.309406   -44.181405  -122.732327
   34.213207     6.964711     7.414228    12.206061   -54.087226  -120.708516
   33.913697     6.902215     7.355464    12.091173   -53.081554  -116.083202
   34.634132     7.356268     7.344649    12.098892   -43.725306  -127.368982
   34.118658     6.985836     7.317141    12.173259   -63.448540  -104.263987
   34.251052     7.105297     7.458692    12.152391   -55.071704  -101.751959
   34.268006     6.891861     7.015383    12.240875   -50.326570   -87.990984
   34.443274     7.060697     7.059438    12.153604   -38.853706  -110.099564
   34.060052     6.828578     6.828153    12.205291   -65.881991   -87.463231
   34.405008     6.920755     7.193559    12.284917   -50.959272  -115.295496
   34.105459     7.126894     7.183779    11.974275   -42.658204  -112.845385
   34.133961     6.947199     7.381252    12.179065   -55.025316  -113.458689
   34.638433     7.082551     7.335502    12.331358   -55.169837  -110.804748
   34.076939     6.843762     7.105122    12.156947   -43.640995   -97.670982
   33.809392     6.902640     7.368441    12.047483   -52.678717  -106.190309
   34.299064     6.979458     7.157475    12.194470   -47.000346   -95.835513
   34.193150     7.162539     6.936017    11.932393   -36.200969  -122.020768
   34.427896     7.062874     7.071207    12.199420   -54.512089  -110.683042
   34.456674     7.044022     7.042644    12.201417   -49.281465  -112.708752
   34.625053     7.060699     7.195753    12.265116   -41.259150  -117.969056
   34.327153     7.016266     7.177452    12.226029   -62.433510  -115.279008
   33.929072     6.868359     7.476137    12.118651   -46.933540  -114.599612
   34.370397     7.156831     7.178004    12.173261   -64.112363   -94.422894
   34.123413     6.827686     7.212361    12.219825   -53.411806  -116.911702
   33.741529     6.928619     7.324458    11.953173   -43.241783  -123.613169
   34.171379     7.034053     7.054922    12.038292   -40.945169  -118.541689
   34.183385     7.155961     7.243219    11.971751   -35.681455  -121.438878
   34.200482     7.213687     6.965945    11.986062   -56.228742  -117.720930
   34.022562     7.054616     7.340330    12.070941   -60.227253  -114.883091
   34.081989     7.015096     7.394170    12.046936   -37.295454  -116.210090
   34.335917     7.072695     7.159806    12.171825   -57.612277  -113.208644
   34.330388     7.125295     7.196635    12.134727   -56.307594  -115.593454
   34.008259     6.938545     7.320058    12.086582   -48.220566  -122.274735
   34.324370     6.894308     7.203134    12.220596   -40.151925  -128.326262
   34.126080     6.999290     7.541467    12.185079   -57.797776  -103.161802
   34.383843     7.153349     7.243822    12.120374   -48.564990  -112.261897
   34.055953     6.974165     7.065945    12.061989   -51.177359  -119.474385
   34.444994     7.015127     6.802200    12.192169   -52.121062  -112.802505
   34.490297     7.091469     7.216361    12.185068   -43.226818  -127.368117
   34.261605     6.798191     7.092209    12.226178   -34.784862  -118.303373
   34.497622     7.266977     7.292429    12.093112   -45.468074  -118.604699
   34.197299     6.974249     7.205370    12.055592   -25.177430  -125.341945
   34.214295     6.791826     7.467650    12.269519   -36.427379  -121.429359
   34.370841     7.073249     7.154052    12.186438   -56.440865  -106.122313
   34.618275     7.198843     7.223505    12.226707   -54.932054  -108.212256
   34.399520     7.154971     7.242771    12.088993   -38.787681  -117.553725
   34.516466     6.996846     7.211586    12.284094   -49.305655  -121.872626
   33.971152     6.836304     7.401229    12.148740   -48.102387  -126.213731
   34.145289     6.733064     7.335073    12.298373   -46.468204  -107.001407
   34.609411     6.871845     7.072782    12.364985   -40.638348  -120.939242
   34.142416     7.058593     7.595992    12.139386   -49.930872  -100.190986
   34.325876     7.052450     7.282379    12.179276   -51.790874  -107.082981
   34.414314     7.028208     7.222338    12.234495   -54.114973  -113.628255
   34.000500     6.720092     7.111037    12.163278   -38.260453  -121.900478
   34.438055     7.193868     7.405277    12.116070   -39.659940  -108.233548
   34.254253     7.132637     7.406284    12.198073   -73.418965  -105.000290
   34.371791     6.938816     7.164985    12.237705   -46.514328  -112.782226
   34.061405     6.826688     7.289840    12.207893   -55.037503  -122.588921
   34.734225     7.240178     7.374905    12.255595   -50.341155  -119.673735
   34.096867     6.762214     7.106836    12.207860   -45.794740  -118.335106
   34.457426     7.019065     7.094447    12.184032   -38.370117  -119.306802
   34.191032     6.949446     7.025703    12.073819   -31.992186  -114.941252
   34.306014     6.948439     7.074459    12.122630   -30.609916  -128.999654
   34.165454     7.113140     7.179538    11.975891   -33.346810  -117.979686
   33.900591     7.056760     7.200781    11.921091   -40.834819  -110.427700
   34.579037     7.076006     7.202995    12.184514   -28.710576  -132.610577
   34.249458     7.089148     7.400195    12.070338   -35.440803  -121.083955
   34.354608     6.929617     7.242488    12.247601   -47.934984  -122.870122
   34.205663     7.098563     7.109931    12.022223   -41.567998  -119.338321
   34.163559     7.136673     7.303589    12.023074   -46.306437  -121.034797
   34.252696     6.843397     7.216454    12.332246   -61.878402   -86.953842
   34.305175     6.974301     7.411534    12.173982   -33.638769  -117.706673
   34.368293     7.125404     7.416955    12.122226   -40.349263  -127.032797
   34.253285     7.120477     7.238652    11.988885   -25.436764  -129.926455
   34.315100     7.168018     7.267945    12.093310   -50.737988  -106.065264
   34.637710     7.347514     7.441143    12.129259   -45.050116  -108.096590
   34.027538     7.065799     7.001651    11.920722   -35.082793  -125.013827
   33.961834     6.924665     7.319204    12.021882   -32.755936  -116.647738
   34.363181     6.867588     7.392086    12.258562   -30.715527  -126.194604
   34.248572     7.058612     6.937616    12.062899   -43.569370  -106.024272
   33.753856     7.107846     7.433201    11.900469   -52.278042  -120.938462
   34.305746     7.209224     7.115849    11.998026   -41.288680  -121.482211
   34.174914     7.165061     7.162715    11.981657   -43.617121  -115.547465
   33.929541     7.085668     7.299406    11.964548   -50.821155  -115.623615
   34.257473     7.221217     7.451634    12.070393   -51.569295   -97.600401
   34.516654     7.267151     7.194845    12.082093   -43.354590  -114.790424
   34.405020     6.917467     7.111177    12.242756   -40.160577  -110.661254
   34.313386     7.037608     7.531962    12.166237   -37.786698  -120.524704
   34.124234     7.022958     7.303050    12.079560   -46.478405  -115.230377
   34.432557     7.116272     6.794237    12.102497   -48.200090  -122.566120
   34.286681     7.073486     7.175521    12.139405   -55.028076  -113.419962
   33.973172     7.145358     7.033547    12.010987   -70.994231   -79.620642
   34.414289     6.887337     7.075246    12.244773   -33.980892  -111.395162
   34.021215     7.045309     7.173864    11.992077   -41.730715  -102.657770
   34.585365     7.028718     7.260633    12.382396   -63.127680   -87.946582
   34.242575     7.157984     6.994548    12.061695   -55.513073   -89.598169
   34.199881     7.034863     7.308290    12.127182   -51.182327  -113.720435
   34.582622     6.889110     7.117765    12.354718   -42.608570  -117.783000
   34.361874     6.866980     7.153551    12.291433   -48.243133  -106.769575
   33.995097     6.843050     7.185707    12.113444   -45.640321  -125.657080
   33.932162     6.768916     7.211557    12.128952   -42.590483  -115.867939
   34.657465     6.859473     7.101676    12.408008   -38.125678  -109.980386
   34.475368     6.942027     7.130624    12.293837   -47.397401  -104.080521
   34.036799     6.892220     7.543900    12.144701   -32.232254   -97.333507
   34.037105     6.808047     7.255311    12.217864   -41.130940   -74.653982
   34.039331     7.018444     7.236738    12.025675   -42.954506  -107.218827
   33.886651     6.826353     7.330437    12.159143   -51.848895   -78.984729
   34.429891     6.990139     6.775820    12.268872   -55.477227   -70.966589
   34.621551     7.254705     7.501546    12.320358   -63.872396   -68.919499
   34.159084     7.037560     7.068538    12.150938   -57.820448   -68.603865
   34.266350     6.884120     7.447570    12.282070   -38.559570   -90.016351
   34.562272     6.958027     7.381201    12.344910   -34.495608   -99.489857
   33.741835     6.676548     6.981615    12.051737   -31.759994  -102.911122
   34.222089     7.104950     7.163027    12.132778   -57.150004   -77.886610
   34.318563     7.185291     7.226786    12.070937   -46.995233  -100.113836
   34.492318     7.367754     7.154489    12.065892   -54.300431   -85.851083
   34.228585     7.216693     7.182855    12.061256   -55.714455   -77.605854
   34.512735     7.420618     7.381682    12.034236   -35.809509   -78.562294
   33.739142     6.821220     7.231757    11.981339   -30.406090  -103.033671
   34.251508     7.046748     7.370098    12.157859   -29.520768   -77.350968
   34.108852     7.172730     7.139027    11.950763   -30.286563   -81.802003
   33.421753     7.084113     7.293995    11.748951   -46.927553   -82.026653
   34.113829     7.029415     7.160911    12.035458   -27.495961   -88.221434
   33.792099     7.094763     7.610041    11.904225   -27.513454   -88.396335
   34.193439     7.140746     7.113554    12.067419   -47.549112   -74.382920
   34.254380     6.974344     7.342624    12.236929   -36.770777   -70.597300
   33.950575     7.442493     7.453980    11.779972   -45.026764   -88.125729
   34.260127     7.185841     7.409222    11.990567   -27.369451  -117.061744
   34.156224     7.287338     7.145971    11.965706   -55.191835   -82.894421
   34.109619     6.807896     7.341208    12.227616   -26.808587   -81.786172
   33.827856     6.813353     7.250403    12.085462   -48.272059  -102.043140
   34.289149     7.068811     7.503128    12.119059   -27.552072  -104.094210
   34.183043     7.030924     7.491476    12.155110   -44.966091   -92.306961
   33.954586     6.859900     7.131334    12.145002   -54.518517   -81.543496
   34.401571     7.008469     7.223340    12.175937   -32.153591  -108.712527
   34.321322     7.235700     7.510925    11.999903   -26.123983  -115.804083
   34.119231     7.126646     7.197599    11.903450   -19.355901  -120.648212
   34.129330     6.957235     7.025011    12.068399   -40.129907  -110.203185
   34.041072     6.906655     7.065175    12.085372   -43.869976  -102.473878
   34.087050     6.936154     7.064224    12.060641   -36.906658  -107.513053
   34.356163     7.250709     7.294135    12.059562   -49.294495  -103.829128
   34.271882     7.219500     7.172848    12.057028   -52.934922   -85.998777
   33.766563     7.160400     7.210729    11.821843   -44.478673   -97.340553
   34.234844     7.225224     7.005258    11.979378   -47.413066   -97.698563
   34.095091     7.341541     7.432147    11.927846   -52.412003   -89.382627
   34.264944     7.320672     7.389205    12.018070   -46.499200   -75.067243
   33.999381     7.040737     7.156711    11.942253   -21.101857   -95.573227
   33.702463     7.062571     7.113747    11.869505   -49.863359   -85.676315
   34.604009     7.420918     7.392786    11.971105   -19.572959  -112.274789
   34.090942     7.159170     7.451274    11.995747   -44.119253  -110.240275
   34.138375     7.204573     6.817574    11.886547   -40.455792  -110.788338
   34.243746     7.123263     7.259514    12.021976   -34.102498  -116.689002
   34.710522     7.357919     7.421278    12.150762   -43.858379  -106.322567
   34.117120     7.037621     7.297159    12.017975   -29.491501  -109.157128
   34.484802     7.441320     7.176794    11.959909   -42.539576   -98.555009
   34.135533     7.261385     6.975699    11.815574   -25.030429  -114.652056
   33.969730     7.260465     7.013396    11.731019   -21.241842  -117.409523
   33.979295     7.163406     7.434902    11.892443   -30.153739  -112.115865
   34.100738     7.091888     7.224684    12.072042   -56.199692   -88.176376
   33.765413     7.072711     7.078513    11.816857   -30.976379   -98.482548
   33.869231     7.022712     6.983654    11.871580   -30.462740  -107.399971
   34.478082     7.276148     7.032268    11.954040   -20.661228  -122.478240
   34.131817     6.928939     7.092295    12.092141   -38.512043  -110.456045
   34.159044     7.183659     7.249214    11.966625   -40.559059  -111.591914
   34.113190     7.229858     7.040159    11.852868   -25.164174  -101.899834
   33.784955     7.072843     7.413134    11.862582   -31.922316  -112.401558
   33.986794     7.246435     6.986878    11.844665   -42.992782   -88.136271
   34.203045     7.069128     7.343190    12.116212   -48.741789   -98.655057
   34.121642     7.131054     7.404144    12.124033   -62.794721   -75.488465
   33.712368     7.305574     7.510288    11.745676   -43.818315  -117.285685
   34.439286     7.274815     7.123406    12.055025   -49.462813  -111.262547
   33.991424     7.082350     7.105115    11.914434   -37.005017  -121.289775
   34.121397     7.083535     7.055077    12.001489   -45.710438  -115.428452
   33.817635     7.203301     7.363963    11.889341   -59.009257  -101.636089
   34.551846     7.325759     7.158624    12.105878   -54.874026  -101.751733
   34.224179     7.339432     7.381848    11.908526   -37.513623  -109.601846
   34.160655     7.204904     7.465753    12.033926   -51.540712  -101.988159
   34.571972     7.284923     7.011701    12.069904   -39.230698  -101.980310
   34.075708     6.964545     7.053711    12.106554   -56.505276   -99.839889
   34.018638     6.833798     7.230752    12.173574   -53.146538  -105.366264
   34.223618     7.269546     7.350621    12.028648   -56.086465   -92.779900
   34.253442     7.030082     7.053977    12.078185   -37.352991  -108.110328
   34.050720     7.230706     7.332193    11.983216   -54.240540   -78.106301
   34.165745     7.285898     7.191690    11.971629   -52.285952   -80.717823
   34.126966     7.085627     7.028895    12.051127   -48.136284   -79.459258
   33.986161     7.201917     7.419763    11.968359   -50.635960   -82.293505
   34.077478     7.253032     7.578342    11.996590   -53.866772   -97.769416
   34.267150     6.809912     7.227925    12.327677   -54.610614   -96.572776
   34.366541     7.023769     7.239789    12.162227   -38.591664  -113.831022
   34.452737     7.125026     7.376150    12.163306   -40.901466  -115.519676
   34.300067     7.014954     7.567740    12.142049   -27.396840  -130.192549
   34.474023     6.988286     7.422513    12.229788   -29.220375  -128.504154
   33.972533     6.934382     6.851826    11.959633   -30.757418  -109.536209
   34.254036     6.788341     7.433074    12.261667   -25.398862  -116.722399
   34.165652     6.646405     7.244269    12.294090   -26.075214  -111.805220
   34.447693     6.989642     7.553290    12.298233   -42.195346  -105.956835
   33.987415     6.645655     7.429177    12.274639   -36.538881  -100.861455
   34.078803     6.881419     7.004424    12.131742   -49.416528  -100.864387
   34.041073     6.813615     7.474459    12.203211   -40.368494  -101.396943
   33.927622     6.653002     7.215437    12.235664   -46.355027   -99.428381
   34.374860     6.853769     7.267129    12.292045   -18.174747   -93.028275
   34.264363     6.759027     7.398592    12.349380   -38.781911   -96.416677
   34.340833     6.932662     7.512214    12.224469   -22.855035  -109.334869
   33.898845     6.859280     7.709453    12.127014   -33.436604   -98.339619
   34.189776     6.987870     7.302323    12.138617   -42.774904   -99.408560
   34.288022     6.924541     7.194870    12.175068   -33.571394  -109.384474
   34.391238     6.931427     7.429120    12.292343   -40.896356  -101.694483
   33.862942     6.711550     7.317387    12.170735   -33.009229   -79.914810
   34.361238     6.851667     7.143978    12.299229   -23.128757   -83.036863
   34.340888     7.047015     7.269521    12.071468    -6.492772  -110.352514
   34.215612     7.173967     7.581771    12.032324   -27.034700   -98.161554
   34.548723     7.069495     7.571936    12.259341   -29.203485  -107.495678
   33.998419     6.670357     7.185771    12.160899   -12.913727  -106.190042
   34.226185     6.798570     7.449823    12.255086   -22.120226  -105.931746
   34.205169     7.136631     7.372794    12.049873   -44.226471  -111.702425
   33.893246     6.687100     7.329342    12.242443   -49.822624   -84.817666
   34.069166     6.886285     7.576015    12.134711   -22.779336  -105.152190
   34.393715     7.412830     7.491554    11.930526   -28.375981  -103.995927
   34.498595     7.114125     7.511541    12.216052   -35.306594  -101.538806
   34.426778     7.067495     7.320757    12.202348   -45.135034  -106.744335
   33.932054     7.140201     7.057002    11.839046   -33.379648  -111.395707
   34.304214     7.033816     7.374764    12.123446   -33.786682  -122.643470
   34.342160     7.208559     7.382894    12.055015   -40.140354  -112.288761
   34.014169     7.210196     7.256103    11.894570   -41.793059  -104.409210
   34.245078     7.174269     7.371129    12.109260   -56.575795   -89.459598
   34.378609     7.123429     7.244057    12.181326   -56.517836   -94.486539
   34.082590     7.180245     7.262640    12.032744   -61.356374   -85.826764
   34.072347     7.205049     7.263501    11.847194   -21.860622  -121.162128
   34.318405     6.989386     6.960311    12.096887   -28.614244  -110.446263
   34.111187     7.028053     7.516966    12.047213   -26.929058  -112.423759
   34.471671     7.257349     7.348104    12.072836   -32.975384   -99.641817
   34.260855     7.323877     7.441410    11.972932   -44.437979  -103.902112
   34.245623     7.049444     7.135033    12.143288   -55.000478   -95.777276
   34.127667     7.010533     7.384870    12.107851   -45.954311  -106.001677
   34.226527     7.272170     7.483753    11.988855   -40.975388  -101.505074
   34.120547     7.186077     7.319116    12.027551   -44.560967   -71.697478
   34.522744     7.111823     7.077763    12.261176   -52.057932   -75.544237
   34.141653     7.110291     7.414090    12.030435   -26.042706   -87.969828
   34.240639     7.042874     6.959494    12.012869   -16.469190  -100.415349
   34.267196     7.001719     7.339671    12.039407    -3.887392  -125.816684
   34.012981     7.150801     7.416974    12.046542   -51.203968   -62.372933
   34.282358     6.964347     7.529881    12.240417   -18.016899   -77.896155
   34.432014     7.090647     7.479559    12.120716   -11.872029  -113.842464
   34.259623     6.947850     7.055216    12.079120   -11.787680  -107.967110
   34.162642     6.926145     7.412949    12.175508   -31.306409   -90.400784
   34.432536     7.099416     7.206592    12.093845   -22.590750  -114.497452
   34.287246     6.785931     7.155371    12.316019   -42.208112   -93.103138
   34.057586     7.054376     7.271401    12.031192   -44.610101   -98.862876
   34.319228     7.161923     6.875358    12.021332   -36.210910   -90.835249
   34.151841     7.124607     7.451095    12.146127   -58.076181   -69.787566
   34.314569     7.200421     7.354107    12.180847   -66.260018   -72.402410
   34.032274     7.210111     7.321510    12.001590   -60.550027   -81.567127
   34.785088     7.277574     7.375765    12.132156   -11.230742  -119.212900
   34.281208     7.012588     7.219302    12.046765   -11.472030  -119.583508
   34.479341     7.184844     7.524143    12.138774   -30.484168  -105.544521
   34.065654     6.993107     7.280566    12.002958   -20.938185  -107.389870
   34.193391     7.130518     7.413303    12.083202   -41.119216   -84.562122
   34.361205     6.976091     7.414338    12.283989   -36.610822   -79.475291
   34.333448     6.994192     7.340827    12.223528   -30.918886   -83.422869
   34.569556     7.133208     7.210883    12.290433   -38.335101   -68.297276
   34.400998     7.185072     7.351489    12.150726   -49.598701   -90.218481
   34.132746     7.219495     7.229794    11.913997   -37.833309  -120.554887
   34.327048     7.408705     7.320269    12.039085   -65.242848   -72.711700
   33.974264     7.207426     7.278747    11.927576   -45.950130   -78.927427
   33.948480     6.859649     7.285646    12.094218   -36.523819   -95.097883
   34.196131     7.193295     7.563163    12.048242   -42.643722   -99.003781
   34.281244     7.275526     7.465284    12.053771   -41.586955   -76.242786
   34.136206     7.266319     7.294539    11.926575   -28.481292   -78.116993
   34.181730     7.060966     7.319510    12.135542   -46.888175   -78.754412
   33.837147     7.025775     7.256060    12.003003   -50.689520   -67.671265
   34.318670     7.244878     6.983740    11.906727   -16.743336  -105.088906
   34.545279     7.416932     7.386169    11.968836   -21.194168  -101.028055
   34.075388     7.196366     7.195584    11.945220   -36.460079   -79.444542
   34.144700     7.292600     7.405303    11.916099   -29.688229   -86.975340
   34.216289     6.809069     7.019086    12.214712   -17.796287   -83.433214
   34.227411     7.202650     7.091643    12.019473   -45.217642   -82.184068
   34.186320     6.974357     6.840695    12.095632   -39.169404   -84.526128
   34.113190     7.037500     7.266751    12.047888   -36.238975   -96.272112
   33.852639     6.853642     7.243597    12.068032   -34.439719   -75.241986
   34.206995     7.149621     7.195727    12.108020   -61.911446   -82.783902
   33.924978     7.019194     7.136740    11.941834   -33.864728   -98.852255
   34.173790     7.263211     7.202646    11.893929   -29.895727  -102.665751
   34.196620     7.071777     7.247317    12.180081   -61.750775   -71.184873
   34.453235     6.985015     7.425244    12.313605   -50.867187  -101.746134
   34.335925     7.054825     7.067634    12.132650   -39.265607   -93.424788
   34.616461     7.113678     7.156730    12.333142   -59.076240   -77.377454
   33.879550     6.949129     7.065177    12.016681   -46.594988   -81.452974
   34.332830     7.276316     7.190041    11.959597   -27.835194   -99.027585
   33.735733     7.247745     7.628152    11.773225   -30.623813  -107.608362
   34.052619     6.920762     7.122096    12.036806   -24.144007  -103.367033
   34.282174     7.190340     7.157452    12.107615   -59.466914   -80.726438
   33.993678     6.948129     7.300047    11.965042   -12.890401  -117.690913
   34.629021     7.142481     6.994656    12.254487   -47.487652   -82.273539
   34.032679     7.028974     7.436556    11.998301   -27.021914  -110.003576
   33.865651     6.890673     7.106962    12.049255   -42.298408   -76.446816
   34.297840     6.984525     7.287352    12.164698   -32.043301  -100.390870
   34.593841     7.062199     7.139040    12.154780   -12.412742  -123.303698
   33.972153     7.288623     7.181700    11.895294   -53.259674   -68.999438
   34.629547     7.101370     6.927054    12.181427   -26.300574  -101.578978
   34.472868     7.240079     7.366142    12.151396   -39.613909   -78.804069
   34.306135     7.190441     7.504076    12.129620   -49.419378   -87.428526
   33.761934     6.957800     7.667009    11.984155   -33.354977  -103.160297
   34.115454     7.218981     7.492283    11.964242   -37.139860  -100.040199
   34.173438     7.121143     7.258969    11.996724   -35.477090  -113.441302
   34.348517     7.404300     7.298628    11.938561   -39.500648   -91.785255
   34.304936     7.478099     7.323074    11.884536   -45.523114   -97.675108
   34.333048     7.363818     7.168914    11.942493   -42.901775   -97.887700
   34.451279     7.271396     6.876587    12.002194   -40.139273  -104.682092
   34.269863     7.300899     7.258730    11.954964   -43.698792  -113.191896
   34.044834     7.274161     7.231261    11.847940   -36.783475  -105.327297
   34.016359     7.188897     7.301292    11.926985   -45.300073  -104.723138
   33.963946     7.041003     7.223837    12.059838   -59.883079   -81.578682
   34.105833     7.326447     7.370628    11.922499   -50.221843   -91.842477
   34.096741     7.065648     6.967200    12.050917   -48.229850   -73.406765
   33.815881     6.852354     7.071517    11.969090   -27.787461  -102.904550
   34.410234     7.328697     7.168193    12.058828   -49.734071   -76.206353
   33.952432     7.211115     7.463514    11.887741   -36.167383   -99.719509
   34.102670     7.243828     7.115006    11.904113   -44.974441  -105.176367
   33.947083     7.256748     7.145625    11.787275   -34.579797  -113.457552
   34.496989     6.870930     7.379981    12.331953   -21.032869  -107.538347
   34.277728     7.042367     6.986796    12.028874   -27.329332  -120.760969
   34.235494     6.886539     7.091274    12.159641   -35.318872  -112.782600
   33.853790     6.995941     7.235414    11.906773   -25.882619  -105.148450
   34.403681     6.947745     7.036889    12.130933   -13.546396  -119.256861
   34.075537     7.328778     7.392036    11.822456   -31.776472  -122.771983
   34.167420     7.252145     7.393490    11.945664   -39.445527  -111.089687
   34.085001     7.325498     7.120300    11.825801   -39.545576  -106.321907
   34.012390     7.329779     7.141892    11.834321   -50.824021  -103.904255
   33.941517     7.140551     7.371895    11.880515   -32.765886  -120.737068
   34.120563     7.099457     6.994787    12.072227   -62.317376   -82.808446
   33.864676     7.212634     7.466383    11.848742   -34.126123   -94.426301
   33.999789     7.275699     7.509197    11.797265   -16.070305  -116.156773
   33.832706     6.909815     7.035447    11.992998   -42.967197   -90.670666
   34.390343     7.102421     7.351472    12.134415   -35.522277  -108.375617
   34.300797     7.343042     7.271542    11.925196   -38.449950  -113.226615
   34.413449     7.506988     7.313706    11.953242   -55.409896   -92.186797
   34.269241     7.307672     7.175687    11.986856   -51.731090   -91.754921
   33.889090     7.222066     7.435680    11.801405   -27.414750  -118.988244
   34.341168     7.066625     7.046102    12.020849   -16.352399  -121.732424
   33.845906     6.985729     7.337063    12.050930   -56.366928   -76.962757
   33.974737     7.178675     7.426663    11.963650   -45.801246   -82.929983
   34.195021     7.144307     7.515582    12.156936   -57.798279   -73.868807
   34.356286     7.350642     7.059202    12.011067   -51.170951   -73.503357
   34.425167     7.075154     7.359925    12.269114   -44.905874   -73.738760
   34.373200     7.328595     7.361502    12.007416   -32.200767   -84.158585
   33.904136     6.845708     7.230079    12.046538   -33.729527  -107.740165
   34.040347     6.867990     7.343947    12.175578   -40.489105   -82.790371
   34.214184     6.914833     7.482842    12.246566   -36.870801   -84.607711
   34.179944     6.944969     7.149871    12.224567   -51.447556   -66.783113
   34.285014     6.930473     7.475230    12.231772   -36.765146  -104.189841
   34.033674     7.115478     7.025557    12.011349   -52.617611   -70.494701
   34.147063     7.061722     7.028346    12.090637   -51.038560   -76.119537
   34.233865     7.136886     7.442897    12.176321   -59.447803   -72.655956
   34.109606     7.017643     7.475514    12.091513   -31.029037   -91.634566
   33.999067     7.053496     7.496332    12.037660   -34.409293   -83.433707
   34.443675     7.109865     7.276071    12.114582   -14.120375  -101.570597
   34.328838     6.936598     7.035829    12.137313   -27.692891  -117.182724
   34.107043     7.021685     7.152172    11.903841    -2.448607  -131.745376
   34.418942     7.439788     7.284832    11.921377   -36.265511  -101.445170
   34.027437     7.059666     7.137244    12.069457   -55.949308   -71.038760
   34.401580     7.294583     7.379311    12.075487   -48.785195   -92.491647
   33.992595     7.161665     7.229931    12.016991   -57.739849   -62.888064
   34.296682     7.338119     7.203962    12.060773   -65.316210   -69.237799
   34.384531     7.190247     7.436244    12.176992   -52.634527   -81.584717
   34.565535     7.423331     7.420905    12.045894   -39.219639   -89.963870
   34.687153     7.312353     7.197576    12.226285   -51.492107   -73.322541
   33.957575     7.304424     7.481697    11.875452   -39.557069   -76.467178
   34.151067     7.088068     7.351418    12.145477   -52.178499   -66.000438
   34.472676     7.256523     7.547857    12.281698   -71.752988   -65.214382
   34.268508     7.171827     7.504444    12.156699   -54.805925   -77.863411
   34.120566     7.041577     7.369843    12.046608   -38.170686  -116.598924
   34.591233     6.891008     7.060944    12.385275   -39.103952   -91.130987
   34.158906     7.132725     7.427524    12.129912   -58.349821   -76.197180
   34.332586     7.081575     7.153825    12.115333   -34.913603   -93.615487
   33.854684     6.973878     7.403424    12.045510   -51.664190   -87.318181
   33.732660     6.978296     7.492469    11.910206   -22.846412   -93.990059
   33.541884     6.804153     7.367003    12.025784   -53.081608   -67.174628
   34.222421     7.016133     7.272050    12.218596   -54.286612   -69.317753
   34.192940     6.935322     7.579447    12.233959   -32.905189   -82.095852
   34.409044     6.954533     7.603822    12.317455   -34.570729   -93.641552
   34.278711     7.317559     7.356422    11.989230   -43.599618   -88.784717
   33.952757     6.993328     7.459581    12.070183   -38.113568   -75.605201
   33.852727     6.832438     7.188054    12.064740   -32.900059   -79.223290
   34.201481     6.999138     6.996862    12.023752   -27.173926  -118.590127
   34.057403     6.962730     7.206656    12.166573   -55.387513   -66.148628
   33.935262     7.254814     7.325779    11.970890   -64.385207   -58.575647
   33.798948     7.230476     7.010121    11.767769   -42.660506   -89.010101
   33.923844     7.106484     7.096904    11.986086   -61.399922   -81.266182
   34.585089     7.489941     7.217428    11.974421   -40.053924   -95.327174
   33.955966     7.020002     7.427784    12.020599   -39.157952   -95.034733
   34.434763     7.110093     7.038146    12.088859   -24.722524  -102.525531
   34.196546     7.145433     6.807022    12.037400   -51.968886   -72.017402
   34.464226     7.239871     7.024461    12.083082   -41.272922   -86.495101
   34.163718     7.326207     7.214207    11.870804   -38.241806  -105.903795
   34.230516     7.288743     7.205452    11.856676   -18.877643  -114.557587
   34.291519     7.139759     7.199110    12.034143   -35.097048  -111.102109
   34.224155     7.097909     7.116402    12.010111   -33.492150  -113.346555
   34.078729     7.213144     7.355923    11.943180   -41.927582  -100.080687
   33.919223     7.153624     7.409612    11.913588   -43.719318  -108.794043
   34.076110     7.263488     7.089453    11.828914   -34.303290  -119.463113
   33.932200     7.082263     7.354377    11.874736   -21.062129  -119.258009
   34.227478     7.284586     7.207904    11.976224   -48.741888   -92.360321
   34.113823     7.093654     7.433610    12.135696   -60.400335   -79.619263
   34.200284     7.041629     7.443092    12.101312   -29.280809   -96.847375
   34.178611     7.154980     7.084698    11.951635   -35.572853  -115.308621
   34.420118     7.128715     7.033097    12.137964   -48.299270   -97.463057
   34.180625     7.135528     7.113189    11.963855   -33.255508  -113.010225
   34.016635     6.861375     7.267235    12.101456   -34.091307  -105.138244
   34.044300     6.886378     7.333204    12.041844   -20.222678  -129.714746
   34.339542     7.020484     6.960343    12.036469   -15.734588  -122.229861
   33.991957     6.908709     6.976431    12.024526   -31.797400   -96.278843
   33.928255     7.197311     7.239221    11.893827   -49.750776   -97.725757
   34.653937     7.090411     7.334761    12.251947   -27.270996  -109.019389
   34.098160     6.887188     6.962485    12.070511   -36.240283  -121.651113
   33.978087     6.949835     7.020525    12.035591   -46.288802   -96.701060
   34.164871     6.984120     6.962023    12.093376   -41.676099   -89.654646
   34.176024     7.143520     7.194215    11.948764   -19.720972  -102.986566
   34.076051     7.002926     7.540371    12.044150   -19.261359  -105.134172
   34.533547     7.237928     7.114777    12.173810   -46.456456   -74.508748
   34.072733     7.057117     7.551837    12.091206   -39.841186   -85.676644
   33.643004     7.101330     7.394606    11.836339   -37.962610   -76.528466
   34.207107     6.934688     7.349854    12.110763   -11.322564  -106.503853
   33.778569     6.772589     7.548909    12.075514   -28.943319  -105.329520
   34.148234     7.129564     7.419578    12.045725   -35.491834   -86.161843
   34.204878     6.745892     7.220280    12.338866   -56.896458  -103.174102
   34.223446     6.861828     7.327072    12.281948   -48.796308   -88.593852
   34.582182     6.904106     7.321564    12.391896   -34.925618   -97.371641
   34.410965     7.041558     7.038485    12.104459   -26.089076  -115.878853
   34.436847     6.965456     7.136522    12.120695    -8.747150  -132.718154
   34.215426     6.820451     7.373030    12.254242   -35.433930  -103.487156
   33.947986     6.827053     7.491147    12.205153   -50.441320   -83.563163
   34.210147     6.919423     7.532357    12.198011   -34.637623  -109.453373
   34.234490     6.880238     7.261367    12.275282   -46.564699   -80.518844
   34.187192     6.901179     7.208433    12.146857   -29.965898  -101.801994
   34.385608     7.192062     7.267663    12.005587   -21.587301  -120.045175
   34.061832     6.943865     7.605397    12.068720   -23.060518  -127.654767
   34.106987     6.817553     7.153044    12.128836   -28.538936  -116.429732
   34.270236     6.871791     7.104123    12.176289   -31.315858  -114.119959
   34.096815     6.951327     7.346089    12.132449   -47.953407  -105.930509
   34.036500     6.816221     7.267451    12.254707   -61.551803   -83.056778
   34.184117     6.698729     7.177827    12.295269   -38.312672  -106.047698
   33.631358     6.941494     7.808146    12.007682   -42.963585   -83.043344
   34.440257     6.797542     7.231296    12.366929   -39.679943  -108.113165
   34.338001     6.991369     7.219846    12.155207   -28.106433  -103.635415
   34.016472     6.654461     7.233619    12.196164   -24.143027  -117.593794
   33.657609     6.737546     7.109625    12.001976   -38.959910  -109.279835
   33.967472     6.839525     7.209243    12.084040   -39.447888  -120.955027
   34.110983     7.008367     7.483766    12.153864   -54.827771  -100.360522
   34.262771     7.148142     7.263842    12.000129   -31.183230  -125.798004
   34.455420     7.091550     7.264364    12.178414   -43.040064  -114.260133
   34.271700     6.805105     7.273952    12.256754   -35.451529  -118.250979
   33.867858     6.701956     7.357951    12.146370   -31.638307  -103.737982
   34.181140     6.751241     7.246928    12.248639   -29.286973  -104.481219
   34.670278     6.813924     7.075079    12.411702   -18.807595  -107.736698
   34.091996     7.187370     6.979745    11.946141   -48.510023   -89.941038
   34.344741     7.264402     6.969970    11.994293   -44.696037   -96.246876
   34.578159     7.318129     7.003900    12.135249   -45.811345   -69.324650
   35.169109     7.361700     6.876987    12.301107   -44.075124  -103.309144
   34.183564     6.937954     7.280876    12.092738   -27.866547  -125.638266
   34.121296     7.035969     6.986252    12.036559   -46.596826  -102.793576
   34.279070     7.281005     7.114119    12.097301   -74.955757   -78.589967
   33.921621     6.954867     7.518337    12.116657   -54.068517   -87.919257
   34.240069     7.184869     7.139592    12.019226   -44.310931   -95.686101
   33.967116     6.955948     7.287010    12.112564   -49.452914   -70.381860
   34.507225     7.396000     7.227075    12.069144   -56.935909   -88.007499
   33.964230     7.016444     7.124214    11.981830   -41.758223   -99.157307
   34.252720     7.059126     7.199226    12.189080   -65.645624   -93.968361
   34.590405     7.389676     7.277045    12.009065   -32.264121  -112.015035
   34.162028     7.310651     7.342565    11.940856   -47.431077   -95.106789
   33.959850     7.269575     7.589994    11.929891   -50.676305   -92.791307
   34.299239     7.092504     7.006300    12.132393   -48.612640   -78.784604
   34.467278     7.291090     7.418133    12.076849   -38.744337   -97.493219
   34.190268     6.956121     7.476687    12.133858   -16.671764   -98.485099
   33.813616     7.130785     7.469445    11.775738   -11.479778  -127.380592
   34.063375     6.993361     7.142173    11.912351    -5.646226  -128.251929
   34.148113     6.989561     7.325742    12.070332   -28.879288  -108.183774
   34.261608     7.057920     7.134211    12.123269   -42.032677   -86.522357
   34.292047     7.098739     7.460149    12.150481   -47.358015  -101.721024
   34.531828     7.152017     7.234171    12.076154   -16.146118  -129.030889
   34.444203     7.048458     7.239092    12.166142   -33.866599  -117.609181
   33.972531     6.848245     7.174616    12.080942   -40.093740  -115.639158
   34.378874     7.029877     7.235392    12.155101   -36.386199  -115.611724
   33.981917     6.896773     7.407343    12.087440   -33.890600  -101.876171
   34.165253     6.880948     7.304124    12.164995   -32.826692  -105.336816
   34.329838     6.995235     7.431483    12.231343   -44.119780   -97.681832
   34.162120     7.143633     7.463722    12.046587   -44.085496  -103.928154
   34.465098     6.924289     7.413467    12.360162   -54.160346  -114.443715
   34.609097     7.025608     7.082075    12.236934   -34.179672  -124.406769
   34.183493     7.226666     7.339785    12.013686   -51.276741   -97.868292
   34.755361     7.146491     7.055684    12.249834   -40.283940  -113.821600
   34.224247     7.048058     7.072121    12.112156   -49.142007   -91.856405
   35.037531     7.253474     6.893504    12.266377   -32.681989  -114.708466
   34.298629     7.271068     7.232949    12.030549   -53.049943   -96.988970
   34.389628     7.093605     7.443850    12.157454   -38.076948  -112.865962
   34.148676     7.118053     7.541576    12.081825   -45.166611   -97.382007
   33.820552     6.931863     7.371185    12.059139   -53.562087   -85.622013
   34.486175     7.095593     7.167997    12.234447   -55.629484   -97.806393
   34.331903     7.244565     7.262595    12.027943   -41.011848   -97.715164
   33.863099     6.869843     7.469469    12.112022   -51.019969   -99.277117
   34.096906     6.928948     7.397032    12.170687   -47.596584   -93.809606
   33.841774     7.033155     7.009822    11.924756   -51.506069  -105.953180
   34.217460     6.898510     7.551675    12.171585   -21.987213  -120.411761
   33.785844     6.861809     7.297160    11.949630   -25.482851  -124.593365
   34.089398     6.876314     7.289125    12.170491   -50.235231  -116.328929
   34.657987     7.315180     7.308293    12.193707   -58.603379  -119.001379
   34.480614     7.054852     6.966122    12.218683   -53.909061  -103.363350
   34.219752     6.945077     7.466358    12.139277   -28.838299  -126.060734
   34.205665     6.844415     7.010302    12.214417   -47.158489   -99.238344
   34.066917     6.878419     7.378824    12.143821   -27.428578   -90.834548
   34.282808     6.929719     7.141555    12.242424   -45.629501   -81.704905
   34.163321     6.814311     7.443883    12.226904   -25.564228  -100.679490
   34.216480     7.025535     7.158367    12.142774   -36.129735   -72.956577
   34.458288     7.107411     7.209897    12.184959   -21.667710   -80.525393
   33.826098     6.928337     7.220277    11.937671   -20.471995   -96.576161
   34.004258     6.979623     7.282309    12.078941   -37.021080   -73.147635
   34.097092     7.053023     7.529199    12.120286   -42.529059   -79.429019
   34.217739     7.175085     7.357935    12.043038   -25.769228   -75.442961
   34.258181     6.936007     7.209482    12.126664   -20.048297  -108.007441
   33.879285     7.087586     7.419813    11.945790   -34.062400   -81.108438
   33.875510     7.186177     7.492614    11.911193   -43.981225   -88.634857
   34.072019     7.278780     7.230327    11.877389   -37.301169   -91.629280
   34.415432     6.955373     7.045539    12.182184   -18.926725  -101.147327
   34.531914     7.215778     7.466132    12.085052   -18.624091  -117.793217
   34.512277     7.296456     7.410301    12.103191   -43.276295  -100.004733
   34.096512     6.853747     7.336903    12.162732   -34.509374  -102.851272
   34.346791     6.915799     7.062897    12.169559   -30.168477  -118.736429
   34.141913     7.083248     7.228210    11.997761   -34.032074  -112.878990
   33.716799     6.841144     7.363426    11.937248   -17.127707  -106.920737
   34.103375     6.854031     7.656901    12.227134   -36.980854  -102.983169
   34.075899     7.000013     7.553333    12.112032   -43.788622  -106.475460
   33.751519     6.708427     7.495946    12.122710   -36.309598  -100.515430
   33.889252     7.167791     7.561145    11.842715   -22.439317  -117.994438
   34.136184     7.084643     7.284009    11.971399   -23.296967  -113.857318
   34.418785     7.223707     7.299400    12.077856   -39.216761  -101.382506
   34.089283     7.038895     6.955173    11.991078   -37.066100   -99.460815
   34.393829     7.286012     7.103385    11.926513   -22.864633  -119.721508
   34.331071     6.809572     7.314708    12.411437   -61.435250   -86.547381
   34.055285     7.012210     7.495406    12.042144   -32.524650  -112.916580
   34.393524     6.860915     7.260898    12.328923   -46.344031  -102.352780
   33.861839     7.200457     7.216132    11.797404   -34.000758  -107.647765
   34.422301     7.335182     7.404359    12.031840   -42.409027   -99.572922
   34.061231     6.874638     7.088951    12.150533   -48.580773   -90.773790
   33.854865     6.742842     7.433014    12.061937   -18.411205  -124.864318
   34.102458     6.965424     7.254074    12.060553   -32.363938  -108.948168
   34.053101     6.972013     7.426358    12.092780   -44.487664  -113.874711
   33.982527     6.943687     6.950807    12.012483   -41.210204  -100.626071
   34.349833     6.949887     7.494761    12.187414   -23.709340  -130.763406
   34.156419     6.842130     7.025053    12.076974   -15.581120  -122.210397
   34.542118     7.238750     7.140190    12.083623   -37.855096  -119.428745
   34.218570     6.741714     7.229523    12.234898   -28.310155  -132.977273
   34.285524     6.861613     6.981201    12.186630   -35.478979  -112.415296
   34.170603     7.007038     6.880138    12.028508   -39.961133  -122.418614
   34.084908     7.044893     7.296877    12.038044   -44.950111  -121.529003
   34.153983     7.082497     7.417890    12.032668   -34.655151  -116.277371
   34.108394     6.838025     7.249164    12.155678   -38.481778  -120.862145
   34.146749     6.978970     7.313102    12.124412   -46.313195  -109.260684
   34.189294     6.847273     7.063605    12.134593   -30.201236  -122.685838
   34.207099     7.101414     6.921133    11.988942   -37.313515  -109.900283
   34.251147     7.211923     7.055432    11.933166   -31.618329  -114.670579
   34.080327     6.930804     7.159324    12.071110   -37.646987  -111.590501
   33.981382     6.895578     7.147822    12.026568   -32.511303  -114.743250
   33.917969     7.238219     7.305161    11.776409   -23.866487  -113.419121
   33.565011     6.947372     7.038935    11.762153   -24.558322  -126.467333
   33.846197     6.723820     7.248474    12.086559   -32.997430  -128.869458
   34.240893     6.966408     6.974502    12.133327   -47.331532  -109.976264
   33.923758     6.846290     7.439006    12.071590   -32.581412  -121.698763
   34.417078     6.984266     7.264069    12.162744   -24.677248  -130.726719
   34.318354     6.947156     7.150797    12.175231   -39.793322  -121.006661
   33.916745     6.754562     7.060488    12.065387   -28.471013  -117.511072
   34.615770     7.186341     7.197428    12.167823   -39.091301  -117.851421
   34.200620     6.814009     7.240740    12.220521   -34.951175  -108.117120
   34.461338     6.985404     7.206023    12.152814   -16.565497  -130.195705
   34.283255     6.794062     7.181376    12.232963   -28.276832  -120.529683
   34.173209     7.289460     7.524688    11.955018   -42.834969  -115.852632
   34.283154     7.079463     7.302307    12.137998   -50.212967  -107.203966
   34.135779     7.002625     7.170618    12.162589   -63.447170   -89.093181
   34.322067     7.055850     7.531560    12.108409   -16.873698  -113.750588
   34.117371     6.862237     7.409295    12.162047   -25.169099  -100.878765
   34.313851     6.820532     7.120638    12.252463   -33.022781  -106.736044
   34.105433     6.878856     7.285761    12.098433   -24.703320  -114.707798
   34.573147     7.135384     7.262152    12.190417   -37.347557  -111.299053
   34.209448     7.117076     7.442258    12.030079   -30.288262  -113.378121
   34.522884     6.916040     7.138292    12.258246   -24.978920  -118.276301
   34.612096     7.172117     7.234357    12.291928   -58.614646   -80.808907
   34.249772     7.250834     7.155116    11.955744   -39.336851  -104.897410
   34.515089     7.323487     7.168542    11.987358   -28.379544  -117.098627
   34.338013     6.870356     7.325936    12.217338   -25.147132  -125.252891
   34.261589     6.828162     7.270947    12.235377   -33.665560  -113.558333
   34.066785     6.850965     7.092635    12.107728   -37.124181  -111.628818
   34.546253     7.232256     7.034455    12.072730   -35.964325  -113.746679
   34.248860     7.031406     7.347078    12.157668   -50.378025  -111.183675
   33.928107     6.990022     7.453586    12.058351   -52.157928  -107.589979
   34.382413     7.015305     7.349167    12.131821   -21.035122  -124.674600
   33.997695     6.931328     7.237048    12.112140   -56.082561  -102.624301
   34.230588     7.007620     7.182503    12.086215   -34.566633  -112.740446
   34.003917     7.244454     7.326169    11.872967   -41.624364  -111.184456
   34.315143     6.965499     7.285300    12.150151   -30.756230  -124.418522
   33.919945     7.105183     7.330457    11.887414   -31.994096  -114.695356
   34.127029     7.074603     7.394033    12.052539   -43.312216  -112.586098
   34.248359     6.993196     7.503859    12.216975   -47.296439   -95.453873
   34.419573     7.004369     7.167631    12.324916   -63.363510   -75.342277
   34.223282     7.136293     7.010373    12.015911   -43.507768  -100.828279
   33.781045     6.914294     7.387742    12.027997   -45.472581   -87.123531
   33.958795     6.923785     7.253166    12.068460   -47.524300  -105.539536
   34.025346     6.802459     7.213081    12.107626   -26.195163  -111.984788
   34.168948     7.138478     7.112791    12.036362   -52.473147   -96.508822
   34.050548     7.094413     7.242307    11.990203   -44.339834  -104.644881
   34.221404     7.113230     6.982312    11.974710   -26.472106  -103.765641
   34.112511     6.717899     7.182733    12.204273   -29.434223  -119.557591
   34.259612     7.009058     7.315482    12.139315   -36.993582  -103.285433
   34.757315     7.072732     7.062055    12.310795   -43.441012  -117.411467
   34.381366     6.912855     7.380372    12.243965   -33.651383  -125.232776
   34.508002     6.941190     7.155165    12.308985   -48.394364  -113.261710
   34.044661     6.779497     7.147148    12.118635   -28.435112  -120.520591
   34.404378     6.909291     7.381212    12.275010   -33.161130  -109.259242
   34.340118     6.761284     7.336798    12.314761   -28.340885  -118.252454
   33.974767     6.862708     7.193636    12.037280   -27.940940  -116.179686
   33.939158     6.779933     7.204222    12.213851   -63.532368   -94.959784
   34.262402     6.920392     7.428920    12.245535   -45.580199  -102.856863
   34.038646     6.794237     7.369116    12.286088   -64.841956   -91.725410
   33.806365     6.728610     7.040186    12.108079   -47.693683   -97.445456
   33.850497     6.612458     6.918088    12.264298   -65.884636   -86.429956
   34.157954     6.786627     7.169946    12.214321   -37.174051  -107.147776
   34.243995     6.664972     7.192166    12.325957   -30.081211  -109.975561
   34.249076     6.757093     7.284687    12.316121   -43.257419  -107.418345
   33.915836     6.725514     7.415279    12.118665   -22.361987  -118.499185
   34.256053     6.944931     7.457144    12.256803   -53.671066  -102.031546
   33.977719     6.756319     7.453721    12.174157   -30.758992  -106.262823
   34.607034     6.827732     7.241238    12.435568   -27.523035   -98.095757
   34.092803     7.086413     7.146604    11.932781   -25.976397  -116.748531
   34.342903     7.095187     7.375569    12.188592   -52.078076   -94.132646
   33.944959     6.955523     7.378603    12.007278   -33.100738  -113.571464
   34.007540     6.877793     7.068549    12.028551   -28.885878  -116.136798
   33.841471     6.879670     6.971101    12.033970   -54.591768  -101.091579
   33.955652     7.226920     7.314177    11.755491   -10.620020  -121.346681
   33.832529     7.121353     7.000014    11.795218   -33.184040  -114.919244
   34.096250     6.904338     7.148438    12.037465   -15.258467  -112.595534
   34.109796     6.895852     6.853251    12.097461   -35.838068   -88.114088
   34.087998     6.770434     7.194533    12.236659   -42.922314   -90.326641
   34.182207     7.147713     7.394187    12.106777   -49.075629   -72.499255
   34.556420     6.997582     7.062430    12.240318   -30.367034  -104.870047
   34.325018     7.054119     7.583055    12.161833   -35.203542  -119.399491
   34.509850     7.111869     7.164567    12.278185   -57.668178   -76.695242
   33.908687     6.961013     7.523932    12.033066   -33.577264   -98.637124
   34.035015     7.258767     7.177543    11.830913   -25.965967   -94.354898
   34.509762     7.064811     7.151210    12.215469   -46.252427  -119.033896
   33.891258     6.757091     7.277694    12.128060   -41.038039  -108.789985
   34.251296     6.887796     7.446995    12.199391   -30.694385  -122.720325
   34.502203     6.850816     7.453328    12.308511   -14.683528  -129.491764
   34.240880     7.033246     7.375303    12.080168   -24.415276  -110.610819
   34.189881     6.834353     7.404234    12.274127   -50.530964  -107.803634
   33.845896     6.803166     7.482243    12.150397   -53.725258  -109.424524
   34.215256     6.873105     7.196524    12.253277   -52.742330   -92.489729
   34.490409     6.949647     7.324167    12.318678   -39.895434   -97.430074
   34.309862     6.928594     7.454484    12.255254   -35.817054   -96.137594
   34.482741     6.824939     6.879400    12.347282   -49.213658  -103.468181
   34.218265     6.789013     7.043670    12.208418   -31.317876  -107.533122
   34.394658     6.973081     7.215785    12.204041   -38.842169  -118.375137
   34.416589     6.931434     7.450255    12.268191   -35.189070  -121.485193
   34.025513     6.878330     7.094193    12.010082   -17.189500  -116.063565
   34.077604     6.837800     7.392449    12.279387   -63.459484   -88.275849
   34.591919     6.819941     7.352889    12.400808   -25.440228  -119.674514
   34.108827     6.906485     6.978842    12.058287   -31.888581  -113.153546
   34.266124     6.916299     7.293080    12.167077   -32.057743  -120.994420
   33.817941     6.689089     7.503085    12.173448   -38.508598  -102.673430
   33.771437     6.756963     7.286839    12.013627   -25.224772  -120.044040
   34.401758     6.910833     7.338293    12.202027   -12.828622  -120.556736
   33.971076     6.879066     7.525950    12.197871   -54.279667   -84.320421
   34.349045     7.017319     7.476179    12.181297   -35.823843  -121.012253
   33.844144     6.823856     7.161905    12.126117   -61.656636   -95.222460
   33.863606     6.713776     7.349491    12.186590   -47.924400   -99.888007
   34.019358     6.905628     7.449324    12.114440   -40.794021  -111.263737
   34.501276     6.967462     7.331751    12.216017   -18.510917  -126.085619
   34.472810     7.087876     7.436301    12.202122   -40.131845  -121.300524
   34.472004     7.007344     7.153984    12.292575   -55.198572   -91.513115
   34.461080     6.879771     7.307202    12.324495   -33.325581  -103.609005
   34.368459     6.829753     7.047228    12.360319   -58.337944   -89.065205
   34.351496     6.855010     7.138114    12.254151   -37.044105  -110.808732
   34.575134     7.011287     7.207995    12.251352   -24.522542  -105.394814
   34.219356     7.174357     7.383211    12.025841   -41.143832  -108.733042
   34.253674     7.117285     7.565113    12.090548   -35.764112  -111.350725
   34.348257     6.922102     7.215509    12.220859   -38.231207  -111.010506
   33.963818     7.108169     6.929124    11.921096   -49.171104   -99.057845
   33.963137     6.959744     7.046381    11.954311   -30.996608  -118.386501
   34.164494     7.006476     7.100959    12.037644   -33.714659  -115.489582
   34.035226     7.045642     7.312004    11.907484   -11.553470  -125.672601
   34.110110     6.821499     7.439809    12.174374   -22.829500  -107.343617
   34.320507     7.211359     7.229832    11.972324   -12.514418   -99.348902
   33.975318     7.034175     7.099236    11.996359   -43.333124   -86.050337
   34.424497     6.929528     7.350510    12.231607   -27.324696  -123.959957
   34.610326     7.161320     7.414271    12.248687   -46.271518  -104.570469
   33.804471     6.953312     7.429582    11.907363   -21.828250  -128.031947
   34.082380     7.024936     7.251887    12.029826   -41.617410  -124.389791
   34.200708     6.989916     7.491832    12.169348   -44.340848  -106.948677
   34.296783     6.817386     7.154462    12.300136   -49.731543  -104.766651
   34.289997     6.951567     7.293977    12.176045   -32.702934  -105.960760
   34.059937     6.948884     7.269437    12.110373   -49.594501  -105.100067
   34.095721     7.032012     7.553320    12.110467   -37.773379   -88.048754
   34.495895     7.087244     7.283341    12.223106   -36.027494   -90.411418
   33.723796     7.274849     7.296344    11.754397   -42.763555   -84.940604
   34.623466     7.236080     7.414933    12.140790   -22.353441  -104.114906
   34.525548     6.965862     7.361940    12.309962   -30.167289   -98.794194
   34.155029     7.122065     7.337599    12.020568   -43.025475  -125.578739
   34.792277     7.382787     7.287966    12.136813   -41.110618  -124.276070
   34.640499     7.002753     7.133933    12.305290   -31.127871   -99.704019
   34.287907     6.837592     7.097394    12.283290   -32.855941   -79.631534
   33.933406     6.851236     7.214861    12.167255   -57.841812   -78.145548
   34.126813     7.015838     7.380224    12.137639   -39.730223   -75.365480
   34.755043     7.256020     7.435043    12.394227   -65.652403   -65.096869
   34.457373     7.231369     6.990548    12.102652   -40.739226   -76.395877
   34.715601     7.156343     7.353484    12.342010   -45.501224   -82.025481
   34.563116     7.012383     6.956805    12.340432   -48.432825   -70.665799
   34.457121     7.235509     7.166567    12.108846   -45.336606   -88.320957
   34.450099     7.197683     7.307010    12.133917   -43.150344   -94.136062
   34.189960     7.076970     7.281808    12.157629   -60.247817   -80.695241
   34.438667     6.905640     7.005614    12.313810   -40.370918   -80.427048
   33.974565     7.072826     7.322987    12.061626   -51.532116   -63.432909
   34.096882     7.220926     7.273377    11.973643   -35.593256   -65.946050
   33.762273     6.815316     7.475652    12.080076   -35.388135   -79.063507
   33.825220     6.921972     7.195692    12.011818   -39.740900   -77.663339
   34.370265     7.262070     7.264972    11.984278   -25.127929  -102.876538
   34.180825     7.114636     7.240396    12.126813   -53.073840   -66.605142
   34.343367     7.095447     7.512114    12.180559   -45.525612  -101.736392
   34.608351     7.145518     7.282399    12.272777   -56.671771  -108.016189
   34.124747     7.069036     7.152730    12.079411   -56.295361   -95.467755
   34.130994     6.990008     7.256992    12.200314   -63.696125   -76.304386
   34.197003     7.105430     7.338910    12.156493   -64.806792   -87.866747
   34.170226     6.909615     7.157707    12.273012   -68.384173   -76.918334
   34.457157     7.029955     7.211673    12.290649   -63.071357  -106.532350
   33.805547     6.822272     7.429092    12.139126   -51.245591   -75.956890
   34.277965     7.042157     7.497415    12.149024   -39.337203  -114.908407
   33.733173     6.671019     7.298735    12.095043   -37.160117  -117.630917
   34.604974     6.996424     7.282156    12.290107   -34.685288  -120.933664
   34.653549     7.163164     7.026761    12.189594   -38.874086  -104.671930
   34.092752     7.298756     7.265876    11.869749   -42.000032  -113.906782
   34.309347     7.098831     7.266385    12.194165   -63.668712   -92.959144
   34.201347     7.058432     7.422796    12.086052   -37.452802  -110.867422
   34.125665     7.121758     7.230610    12.053859   -55.664454   -96.352230
   34.383895     6.894768     7.175015    12.264804   -43.282399  -112.783412
   34.249360     6.972546     7.499974    12.155145   -30.953123  -117.209268
   34.693187     7.117231     7.249652    12.234156   -28.003294  -112.970976
   34.139689     6.807716     7.128891    12.256448   -55.212835   -93.423839
   34.100292     6.759892     7.530933    12.227214   -27.682905  -114.681907
   34.574460     7.026328     7.255718    12.310300   -48.421854  -102.029608
   34.546697     6.791296     7.335216    12.401256   -28.679386  -120.106123
   33.859844     6.837390     7.533330    12.089216   -36.500994  -107.049653
   33.916604     6.897725     7.205776    12.054786   -45.017174  -101.738286
   34.023866     6.923149     7.566540    12.124676   -39.813490  -109.523649
   34.351604     7.074291     7.609133    12.154301   -30.117868  -114.997493
   33.915446     7.138557     7.260390    12.001314   -58.191128   -61.601892
   34.440049     7.159593     7.210374    12.231725   -60.346957   -72.946675
   34.098115     6.864147     6.961047    12.107193   -33.965962   -97.982433
   34.273411     7.281226     7.359622    12.051545   -40.848268   -65.770278
   34.298322     6.995296     7.273824    12.168407   -44.715993  -123.816984
   34.092363     6.926089     7.302668    12.120979   -44.286893  -113.768049
   34.493281     6.980659     7.155412    12.314043   -54.100172   -94.367563
   34.093528     6.982348     7.271384    12.094205   -48.502134  -114.366800
   34.196391     7.055635     7.150234    12.092922   -51.886122  -110.972565
   34.506254     7.160720     7.233420    12.165624   -47.204990  -127.432686
   34.272583     7.097579     7.243690    12.090066   -45.480765  -115.173902
   34.225577     7.070940     7.395301    12.125555   -49.598943  -110.919236
   34.018027     6.901850     7.423164    12.174323   -57.068643  -102.929651
   34.173308     6.923077     7.147012    12.165904   -52.066096  -116.931249
   34.229952     6.992924     7.149977    12.176860   -58.714751  -108.740498
   34.057176     6.939400     7.064284    12.174506   -69.410493   -87.068190
   33.959386     6.829601     7.390450    12.179021   -50.768170   -93.297629
   34.547213     7.340430     7.244105    12.091554   -52.089297  -106.639833
   34.248844     6.973325     7.117031    12.113340   -34.783316  -109.714592
   34.259356     7.008758     7.087241    12.118276   -45.334348  -116.314826
   34.372118     7.011297     7.164169    12.174073   -42.561316  -114.934615
   34.205793     6.758009     7.401989    12.294832   -36.874046  -107.858113
   34.013230     6.958670     7.232399    12.065880   -48.156757  -111.418903
   34.461494     7.037938     7.478995    12.214806   -33.539487  -123.288442
   34.054734     6.842786     7.355999    12.178597   -48.398600  -120.114343
   34.149265     6.945567     7.324284    12.150268   -47.112611  -111.898157
   34.268713     7.180904     7.261234    12.007177   -37.816759  -119.672842
   34.005800     6.967796     7.241034    12.001512   -33.682093  -122.070454
   34.642585     7.111669     7.524849    12.233119   -25.911570  -130.517286
   34.379694     7.006928     7.514552    12.198803   -30.613219  -116.536445
   34.186542     7.032929     7.350833    12.096366   -42.030781  -113.257993
   34.298565     6.825546     7.257000    12.250756   -34.621400  -118.462151
   34.262438     6.888835     7.380142    12.194152   -28.991723  -117.159552
   33.850865     6.808387     7.432166    12.119747   -41.675422   -93.601516
   34.225093     7.077295     7.227379    12.074813   -43.728741  -110.747368
   33.710627     6.947509     7.148972    11.959236   -55.728412   -95.976032
   34.062463     7.122730     7.057892    11.960356   -48.116629  -111.322368
   34.094056     6.950688     7.243545    12.059774   -33.784022  -116.668950
   34.009599     6.875229     7.187831    12.101130   -45.021769  -112.689846
   34.195605     6.922285     7.215051    12.135323   -38.630681  -124.226667
   33.906661     6.752088     7.282928    12.134923   -38.008309  -105.372677
   34.290249     6.931695     7.359591    12.211703   -38.845125  -109.451848
   34.396657     6.952262     7.515279    12.318908   -47.554196   -98.243804
   33.979906     6.906033     7.215243    12.080727   -45.248981  -102.592330
   34.125983     6.967966     7.205052    12.089392   -43.582629  -118.907570
   33.809972     6.785394     7.087054    12.098053   -54.132836   -97.358624
   33.829101     6.795453     7.210978    12.132023   -55.797612   -88.950563
   34.204005     6.967114     7.082725    12.190500   -55.347145   -82.857223
   34.268449     7.034346     7.153453    12.252037   -68.238607   -68.643567
   34.645503     7.146246     7.129046    12.230873   -42.351188   -98.410446
   34.558000     7.008493     7.338896    12.339646   -48.167077   -94.509037
   34.053462     7.053370     6.911379    11.925501   -28.650168  -106.077669
   33.803297     7.047065     6.980510    11.855016   -38.592008  -102.291849
   34.131388     6.883531     7.274303    12.161844   -43.270090  -112.584926
   34.241451     7.085419     7.401751    12.098643   -42.950425  -114.845806
   33.986965     7.028333     7.044349    11.959783   -41.108909  -110.384460
   34.213985     6.821365     7.148543    12.257203   -49.536469  -102.468500
   33.990637     7.010310     7.224203    11.949601   -28.069209  -117.762141
   34.225650     7.068942     7.521831    12.154079   -49.744137  -104.346881
   34.022588     7.166906     6.992418    11.927094   -48.810791   -91.431165
   34.465946     7.248375     7.249311    12.183033   -64.415450   -83.556169
   34.084773     7.055518     7.117160    12.002667   -37.855337   -98.782358
   34.330201     6.936752     7.319843    12.267906   -48.034275   -95.721287
   34.199094     7.078660     7.358433    12.160878   -61.333702   -92.027233
   34.394699     6.855181     7.384234    12.282058   -31.675093  -132.243655
   34.308114     6.998701     7.185813    12.126256   -35.993147  -124.250273
   34.470499     6.776001     7.389932    12.444774   -49.159879  -115.855626
   34.292331     6.848081     7.167682    12.232380   -38.712400  -116.100339
   34.203205     6.983804     7.213050    12.179603   -54.368115   -92.372863
   34.073926     6.781953     7.411881    12.183574   -33.385865  -126.030854
   34.252492     6.823263     7.265038    12.252310   -38.753498  -109.655071
   34.027523     6.922519     7.365902    12.032853   -22.386936  -117.476587
   34.535462     7.096688     7.477546    12.251627   -30.142764   -92.938521
   34.011733     6.691929     7.256741    12.113176    -3.737363  -123.892556
   33.946713     7.083399     7.552461    12.012423   -41.918275   -89.796953
   34.279916     6.809155     7.132130    12.265614   -37.290937  -100.780030
   34.537569     7.182727     7.308560    12.134191   -34.448719  -115.709676
   34.309322     6.865736     7.390545    12.261893   -38.413325  -118.204931
   33.806005     6.837735     7.143750    12.055431   -51.517980  -101.509955
   34.170349     7.147744     6.938937    11.977230   -44.634308  -100.870083
   34.238170     7.156644     7.392618    12.047342   -38.680305  -102.492351
   33.851716     6.971080     7.248358    11.936798   -27.158897   -99.809556
   34.044340     7.167255     7.442202    11.952435   -37.150389  -103.081999
   34.270590     7.206385     7.121016    11.950203   -31.245684  -118.644892
   34.663030     7.385227     7.200183    12.063707   -41.389669  -121.043035
   34.494975     7.130757     7.257880    12.240852   -61.036428  -107.785973
   34.514486     7.221578     7.366801    12.150705   -47.063757  -111.738387
   34.040927     7.214317     7.017828    11.876199   -45.340679  -114.582551
   34.224397     7.093499     7.509871    12.091409   -38.231390  -110.525817
   34.321782     7.010884     7.338452    12.167311   -39.485185  -113.261121
   34.151823     6.952825     7.179707    12.151469   -51.753737  -100.386603
   34.353336     7.058543     7.039170    12.055052   -20.331886  -112.711274
   34.105051     7.016655     7.336081    12.077779   -44.134515  -107.085403
   34.433544     7.128375     7.172899    12.136565   -39.695711   -98.875609
   34.335329     7.158594     7.133375    12.105317   -54.628366  -104.741522
   34.362939     7.069016     7.556147    12.191817   -41.783211  -113.075462
   34.542255     6.982561     7.302392    12.278925   -32.698714  -109.526738
   34.263656     7.054235     7.131449    12.052198   -33.062461  -120.555099
   34.402186     6.980579     7.407653    12.287261   -53.898761  -117.001991
   33.974231     7.013975     7.380522    12.010576   -42.205554  -117.508726
   34.252477     7.170093     7.212944    12.066976   -47.921071   -88.284791
   34.251800     7.170255     7.474106    12.086088   -48.783761  -106.962818
   34.213660     7.324664     7.661802    11.950994   -31.671949  -100.353061
   34.497068     7.278881     7.406400    12.071470   -35.125195  -108.986893
   34.502140     7.117763     7.498021    12.230917   -42.482247  -102.202884
   34.595685     7.149845     6.917735    12.077049   -20.801055  -127.077297
   34.074089     7.116863     7.391658    11.989985   -34.600194   -98.329742
   34.425382     7.019894     7.280574    12.264925   -56.047224  -107.188773
   34.299828     7.017028     7.089624    12.067911   -23.736072  -115.530639
   34.310076     6.848917     7.625615    12.314242   -30.898226  -104.856608
   34.356440     6.954812     7.503425    12.256648   -38.884148  -107.327394
   34.022484     6.976511     7.257011    11.985842   -24.931301  -115.490930
   33.983091     7.021557     7.536534    11.963121   -15.901602  -113.678292
   34.219859     7.017920     7.466662    12.144418   -28.331183   -90.055103
   34.472717     7.019878     7.139073    12.224296   -16.510074   -85.534697
   34.388598     7.411785     7.081742    11.909162   -30.041843   -85.151517
   34.516880     7.215943     6.976939    12.053323   -15.768116   -92.541473
   33.924160     6.795823     7.394179    12.123347   -28.075138   -94.259064
   34.031188     6.764926     7.389315    12.154469   -14.345973  -102.965913
   34.543930     7.378199     7.171698    12.088766   -53.519141   -82.540453
   34.101358     7.196828     7.233329    11.878589   -12.789963   -96.556372
   34.233377     6.916885     7.449364    12.166342   -23.255826  -111.348626
   34.287839     6.948426     7.398896    12.143315    -7.877673  -107.738044
   34.704508     7.051138     6.872259    12.268975   -24.930932   -92.613741
   34.306099     7.251695     7.332747    11.972438   -29.492986  -108.866818
   34.089123     6.893649     7.316414    12.072894   -12.678589  -107.230797
   34.328527     7.130973     7.392006    12.063761   -21.296728  -104.054811
   33.958669     7.198371     6.954411    11.746264   -13.305576  -108.332512
   34.015109     7.183016     7.180319    11.889831   -37.876778  -103.526821
   34.313678     6.973284     7.074038    12.075651    -9.991696  -114.162803
   33.764036     6.846034     7.482299    11.976139   -16.550577  -105.806637
   34.010760     6.836629     7.179563    12.131553   -43.450285  -103.091940
   33.992130     6.832148     7.723116    12.149092   -23.143382  -110.681298
   34.356058     7.376187     7.228696    11.870550   -19.946409  -108.751962
   34.230897     7.123277     6.948812    12.018316   -40.245769   -95.122136
   34.102221     6.963203     6.822258    12.024724   -34.301968   -97.271621
   34.246294     7.137004     7.123366    12.090019   -50.760539   -83.281995
   34.472728     6.951606     7.420956    12.288665   -21.311098   -98.647677
   34.440945     6.908911     7.260469    12.328889   -36.905165   -87.987093
   34.313362     7.240016     7.149236    11.997414   -32.228518   -89.980299
   34.298232     6.952544     7.534127    12.324892   -48.578288   -73.387549
   34.006984     6.871469     6.946014    12.070722   -44.782721  -112.586459
   33.983359     6.995807     7.282309    12.070394   -50.032368   -85.970405
   34.131894     6.959568     7.115246    12.086273   -37.416402   -99.991887
   33.869743     6.808783     7.270276    12.159804   -57.431758   -86.506908
   34.162625     6.919750     7.306313    12.236373   -57.023342   -85.201300
   34.072124     6.838368     7.118080    12.123605   -38.801171  -115.634496
   34.008108     6.784827     7.195385    12.153822   -40.408663  -107.195155
   34.021356     7.011030     7.302208    12.099776   -57.624025   -90.383742
   34.144120     6.882711     7.491653    12.332219   -71.441092   -83.280208
   34.397777     6.910236     7.135380    12.275342   -49.183224  -111.995895
   34.303946     6.901650     7.197541    12.213770   -38.043861  -107.652517
   34.300879     6.973027     7.070574    12.146221   -40.629619  -113.139766
   34.458292     7.156328     6.902078    12.064520   -36.837450  -114.466834
   34.452188     7.053567     7.046281    12.205493   -51.383841  -106.277396
   34.477919     7.192253     7.160237    12.140514   -51.582039  -110.820156
   33.787514     6.635047     7.075095    12.122107   -33.867527  -100.934960
   34.121327     6.782170     6.999846    12.164133   -30.616401  -102.760481
   34.565903     7.269768     7.439660    12.174477   -52.563351  -110.994446
   34.447281     7.320677     7.126521    12.030648   -40.725286   -87.159370
   34.405724     7.095504     7.284368    12.100650   -28.570476  -123.688553
   34.889359     7.334701     7.194699    12.181609   -31.028255  -107.784796
   34.363985     7.396681     7.351308    12.067141   -63.966563   -71.306651
   33.924369     7.075898     7.056726    11.955582   -50.201974   -88.527195
   34.441337     7.311326     7.403407    12.069158   -43.124441   -92.533701
   34.433757     7.128788     6.946332    12.124730   -47.491820  -101.628926
   34.238381     7.319870     7.451677    12.022669   -59.919847  -106.423938
   34.386509     7.060788     7.398303    12.250168   -57.927077   -99.292498
   34.218154     7.134859     7.325052    12.041049   -40.355543  -107.061066
   34.293757     6.996563     6.913005    12.152449   -49.897641   -97.507994
   33.983012     6.872039     7.369162    12.110175   -40.989976  -107.559001
   34.464674     7.155620     7.514801    12.170735   -40.594669  -113.386490
   34.322591     6.948268     7.221744    12.181196   -34.276211  -109.983169
   34.629763     7.230320     7.294032    12.183426   -45.434250  -112.749032
   34.177717     7.132557     6.993443    12.059610   -60.557996   -93.397897
   34.446071     7.158450     7.095550    12.149018   -53.418281  -104.748448
   34.546696     7.204464     6.959180    12.118485   -45.913230  -108.966298
   33.859733     6.776530     7.124177    12.134384   -51.863126   -89.745421
   33.955494     7.200918     7.032065    11.868288   -44.762688   -90.151450
   34.381241     7.173439     7.172037    12.111678   -49.632555   -98.491896
   33.827172     6.801995     7.337549    12.100596   -44.042662   -95.924180
   34.416083     6.953776     7.142514    12.266260   -46.971158   -97.235696
   34.176473     7.096052     7.149184    12.054098   -49.335456  -103.339219
   33.989264     7.209363     7.180299    11.800295   -18.666714  -108.824987
   34.029900     7.135362     7.392549    11.918207   -27.170004  -111.680961
   34.725758     7.112075     7.250191    12.263620   -34.609252  -123.078548
   34.351707     7.013807     7.244117    12.153621   -37.462090  -120.183173
   34.569665     7.131310     7.261739    12.171224   -33.609307  -122.133835
   34.078020     6.936352     7.480919    12.094192   -32.561422  -120.041892
   34.139974     6.957470     7.170676    12.065749   -29.932993  -109.125064
   34.757625     7.310664     7.069360    12.101099   -30.387236  -122.839348
   33.798872     6.919243     7.236678    12.055535   -62.126672   -93.587063
   33.948367     6.908895     7.323671    12.067490   -43.003560  -107.540031
   33.783163     6.839430     7.348130    12.033259   -42.313353  -112.083048
   34.338822     6.705377     7.218806    12.351661   -30.920314  -111.051930
   34.315269     6.681647     7.390461    12.352287   -26.401353  -127.338167
   34.555620     7.161775     7.378194    12.244228   -39.617283   -82.396978
   34.349384     7.005963     7.493629    12.270802   -34.211316   -77.039706
   33.813606     6.724830     7.226213    12.043817   -11.717580   -97.435409
   33.948346     7.019204     7.217628    11.969553   -30.686080   -90.831889
   34.206423     7.212252     7.439556    12.003315   -34.461696   -94.630918
   34.473519     7.028829     7.073701    12.255628   -32.059166   -76.178977
   34.209230     6.832039     6.986038    12.117284    -9.441388  -108.127018
   34.363235     7.187228     7.412033    12.067268   -23.040869   -95.046534
   34.417680     6.997922     6.822731    12.188026   -30.687699   -80.406251
   34.577365     7.272871     7.146347    12.200936   -60.027398   -78.609855
   34.436629     7.261676     7.383267    12.111128   -35.083910   -78.520389
   34.421911     7.361205     7.256373    11.905789   -18.296101  -112.400729
   34.195371     7.242073     7.379929    11.943091   -30.136005  -103.636798
   34.474864     7.113353     7.204921    12.263799   -58.397355   -78.129845
   33.691538     7.149226     7.243109    11.805735   -39.354741   -79.074699
   34.177001     7.236150     7.199588    11.912059   -33.624572  -111.417933
   33.994523     6.917714     7.436835    12.131101   -47.178158   -95.378842
   34.353447     7.068723     7.453428    12.183168   -33.963151   -91.562998
   34.110861     6.929407     7.353913    12.100207   -33.525322  -115.524674
   34.152710     6.787659     7.284159    12.256457   -36.130672   -90.539975
   33.925594     7.204999     7.143903    11.829237   -34.144530   -95.673694
   34.138309     7.161958     7.033790    12.007874   -44.509048   -73.215753
   34.068849     7.011935     7.355509    11.965545     3.252912  -102.029666
   34.388347     7.296129     6.834166    11.982589   -35.948062   -77.772254
   34.181608     7.285091     7.234357    12.018067   -60.680535   -76.776322
   34.128064     7.299860     7.417672    11.917691   -36.273527   -89.860026
   34.338882     7.372019     7.425341    12.061163   -52.523471   -65.138159
   34.187276     7.106095     7.504951    12.044032   -27.494465  -103.610303
   34.193835     7.177430     7.371065    12.047384   -42.806443   -85.641177
   34.204740     7.242320     7.450363    11.982350   -26.747964   -85.704085
   34.123152     7.332956     7.280929    11.860146   -20.014813   -73.865465
   33.894342     7.210887     7.304348    11.802139   -17.307855   -87.905037
   34.059565     6.905066     7.250681    12.155359   -34.655846   -70.665064
   34.034806     7.152885     7.534093    11.999993   -32.691389   -78.268491
   34.261793     6.890945     7.025921    12.215862   -32.534364   -80.668071
   34.012022     7.270636     7.346040    11.835855   -22.315569   -89.504795
   34.119672     7.182888     7.154629    11.974601   -29.612609   -68.793786
   34.021860     6.790431     7.313564    12.152514   -17.824112   -89.674352
   33.658639     6.969579     7.297325    11.822288   -16.013271  -100.744255
   34.003803     7.010301     7.025611    11.981427   -22.316032   -75.498279
   34.560069     7.307355     7.204200    12.146562   -38.327683   -70.372430
   34.175745     7.151406     7.547008    12.078103   -29.735822   -73.852878
   34.159315     7.096719     7.379835    12.078234   -37.008590   -82.409362
   34.349258     7.324470     7.343341    11.949551   -24.367010   -97.794678
   34.477766     7.101690     7.299181    12.190276   -19.896088   -87.663458
   34.400180     7.311492     6.807325    11.964498   -35.130116   -81.097929
   34.292025     7.319893     7.126016    11.970979   -36.003503   -73.516067
   34.588768     6.963323     7.321995    12.321142   -25.198325  -102.799738
   33.861596     7.190926     7.089286    11.791658   -29.163998   -92.174866
   33.809201     6.957245     7.387504    11.982403   -31.766570   -82.678456
   34.443336     7.319819     7.472666    12.117378   -44.524900   -73.867077
   34.338757     7.047408     6.969733    12.025952    -7.833870  -109.097283
   34.511490     7.205535     7.638633    12.201617   -29.808992   -85.314062
   34.375932     7.195547     6.980812    11.976078   -19.169459  -104.173972
   34.017437     6.870179     7.517092    12.192993   -40.219781   -81.150022
   34.462161     7.363912     7.352898    11.933013   -14.397503  -108.570579
   33.942840     7.072778     7.415177    12.037574   -48.718977   -73.077327
   34.453547     7.140818     7.194540    12.202588   -51.208270   -82.897217
   34.295613     7.264891     7.495332    11.970943   -27.019021  -113.457550
   34.190702     7.218188     7.201387    12.026050   -55.163490   -88.972926
   34.183663     7.264496     7.114725    11.897894   -37.234705  -110.309911
   34.099234     7.071788     7.211361    12.016232   -24.921749   -80.416212
   33.856502     7.129311     7.191390    11.893823   -38.780667   -74.059047
   34.418938     6.832886     6.810531    12.278605   -31.164971   -90.397460
   34.076749     7.092570     7.063885    11.996551   -46.115655   -95.418162
   34.127253     6.995220     7.176999    12.115869   -37.676741   -75.281862
   34.131085     7.315513     7.374055    11.901286   -27.311228   -77.158996
   33.974607     7.209851     7.396224    11.909332   -30.180556   -74.385595
   34.304677     7.188436     7.172971    12.046379   -27.776092   -79.818588
   34.158205     7.134455     7.720786    12.061537   -27.159163   -94.611118
   34.337249     7.492196     7.065028    11.837602   -37.541753   -90.351973
   34.096681     6.932346     7.414661    12.104104   -35.114859  -117.924284
   34.541090     6.910446     7.111246    12.371592   -54.643112  -101.942221
   34.219550     7.158980     7.067415    12.003957   -46.643681  -127.762339
   34.160920     7.093697     7.264077    12.037201   -44.404479  -116.913643
   34.235037     6.958302     7.143208    12.146664   -45.447283  -118.828817
   34.521151     7.198460     7.198135    12.185244   -57.492620  -111.490474
   34.339525     6.998234     7.398703    12.263106   -58.527979  -110.641740
   34.123368     6.948248     7.167893    12.064794   -33.575792  -115.917973
   34.442734     6.869876     7.066113    12.318216   -50.987924  -117.725531
   34.306639     6.921001     7.429862    12.249041   -44.114597  -116.047812
   34.247756     7.123421     7.402666    12.102717   -48.721737  -107.116765
   34.491964     7.014827     6.936099    12.211540   -46.141580  -113.241896
   34.361134     7.120175     7.284490    12.171035   -57.248981  -109.855876
   34.104063     7.171325     7.524917    12.005049   -44.882103  -118.681504
   34.361386     7.106933     7.488224    12.205598   -56.280665  -120.155380
   34.482435     6.994452     7.144470    12.285009   -55.899736  -122.184566
   34.179376     7.075109     7.395087    12.155902   -63.714108  -109.507621
   33.691743     6.871916     7.159115    11.942364   -42.595331  -123.618619
   34.492009     6.903241     7.250308    12.336626   -48.087076  -122.212473
   34.324926     6.994220     7.257692    12.203423   -50.436772  -115.975444
   34.139712     7.200849     7.422313    11.958379   -37.196268  -116.986372
   34.072610     6.866331     7.336064    12.220299   -57.123884   -93.888497
   34.132699     7.226534     7.387827    11.948876   -41.209165  -114.350213
   34.117791     6.909708     7.156326    12.043975   -23.222996  -129.847540
   34.013328     7.252377     7.370472    11.972413   -61.097752   -84.236408
   34.106884     7.134644     7.450008    12.051175   -53.733513  -117.061171
   34.335512     6.909846     7.134670    12.204417   -38.690387  -118.718006
   34.321914     7.046276     7.432548    12.182521   -47.223886  -117.372303
   34.436495     6.870854     7.130981    12.289739   -41.330143  -119.135469
   34.139430     6.821659     6.925983    12.191223   -50.287969  -103.012304
   34.350906     7.086551     7.357760    12.160810   -48.120281  -119.104467
   34.415992     7.063492     7.318355    12.244753   -58.550084  -110.611228
   34.039623     6.897465     7.473031    12.115316   -37.987165  -125.355170
   34.149440     6.816914     7.428278    12.253442   -47.714609  -116.710782
   34.364018     6.931256     7.370242    12.248423   -41.377812  -121.225583
   33.985147     7.022008     7.296045    12.049757   -54.183667  -102.235112
   34.255498     7.021319     7.297263    12.132057   -42.204705  -110.731648
   34.245802     6.959389     7.353582    12.251413   -60.739353   -99.900869
   34.111772     6.708086     7.425602    12.295829   -41.131852  -108.816142
   34.155044     6.924002     7.607328    12.224505   -49.333741  -111.309457
   34.246048     7.079938     7.090568    12.035862   -37.313517  -119.659149
   34.386364     6.953829     7.136542    12.269204   -52.525024   -95.580455
   34.448702     7.027486     6.955215    12.245182   -58.668100   -94.875614
   34.466656     6.999791     7.023347    12.198450   -40.114478  -117.101591
   34.492365     6.931394     7.300894    12.266941   -31.646108  -128.036795
   34.523198     6.996005     7.257990    12.301785   -51.033459  -123.048727
   34.425363     7.041049     7.407369    12.239653   -48.979069  -116.282427
   34.580430     7.086346     6.966477    12.191666   -41.124183  -117.439932
   33.990725     6.990646     7.527991    12.080797   -45.970525  -105.894242
   34.317028     7.131132     7.643572    12.098022   -31.335189  -134.433352
   34.040731     6.907349     7.244346    12.100652   -45.425824  -119.672725
   33.883314     7.055901     7.283698    11.891599   -30.556066  -112.687028
   34.406736     7.188737     7.565666    12.139020   -42.741786  -109.609360
   33.871901     6.872471     7.242871    12.044291   -44.579944  -112.265963
   34.580477     7.261357     7.209357    12.102818   -39.898774  -123.042433
   34.704028     6.977053     7.317832    12.371827   -35.535189  -113.211405
   34.133684     6.888943     7.470617    12.185315   -42.066403  -115.862353
   34.424679     7.019695     7.411487    12.234281   -43.291504  -116.445866
   34.640832     7.068859     7.199905    12.354368   -62.434935  -101.483958
   34.350396     6.867819     7.170785    12.255189   -41.471624  -118.687308
   33.867150     6.799084     7.294299    12.140722   -50.589874   -91.614871
   34.322550     7.115312     7.311921    12.134549   -51.471153  -117.730136
   34.008958     6.867962     7.276587    12.134712   -50.316385  -121.200390
   33.895499     7.108173     7.368737    11.927354   -46.040557  -121.745959
   34.166085     6.995093     7.494538    12.108394   -35.762434  -123.156364
   34.136845     6.987941     7.431200    12.188567   -58.799388   -96.510636
   34.064994     7.020555     7.120209    12.071798   -56.621322  -102.637190
   34.296201     6.831108     7.113863    12.251192   -43.206265  -117.543049
   34.123037     7.059117     7.186029    12.033464   -43.942689  -109.308783
   34.370616     7.060998     7.036457    12.135067   -45.068598  -109.514647
   34.349868     7.024990     6.958713    12.136416   -44.763211  -110.168484
