   36.460192     7.633437     7.235754    12.774861   -31.234422  -133.465467
   36.522121     7.609443     7.236054    12.924110   -51.867642  -115.767365
   36.339958     7.488283     7.067660    12.795401   -31.762333  -118.094222
   36.481125     7.709834     6.979267    12.697670   -34.076014  -135.815757
   36.511441     7.621640     7.221101    12.874811   -45.795701  -119.669963
   36.102826     7.624260     7.363016    12.613040   -37.261604  -124.345275
   36.487389     7.548527     7.187273    12.926782   -43.994416  -129.061383
   35.979401     7.370994     6.870735    12.668070   -32.074537  -131.108823
   36.343095     7.664551     7.270746    12.715465   -37.636766  -131.613811
   36.771611     7.757888     6.871938    12.849238   -41.051434  -136.655603
   36.460661     7.481842     6.980305    12.952304   -50.330187  -106.088175
   36.247220     7.623107     7.053319    12.698954   -45.797424  -127.793207
   36.316206     7.469954     7.164213    12.917253   -51.871709  -121.596587
   36.160487     7.462016     7.239723    12.860248   -50.096527   -85.149564
   36.263246     7.431226     7.074747    12.827993   -34.897967  -103.325170
   37.394446     7.905629     7.068418    13.159777   -47.308818  -130.171065
   35.907670     7.616400     6.863919    12.452091   -38.965598  -126.465061
   36.510259     7.760472     7.087824    12.716717   -45.066956  -117.952706
   35.949054     7.710505     7.279476    12.438754   -36.786481  -118.135362
   36.599743     7.724506     7.148635    12.804472   -40.511234  -127.277695
   36.371991     7.599287     7.063172    12.696596   -27.873317  -126.638291
   36.405829     7.611838     7.099323    12.793393   -44.798194  -118.159699
   35.794368     7.550350     7.030387    12.570586   -51.497612   -78.899702
   36.406267     7.643839     7.180042    12.646005   -17.320664  -134.868888
   36.333128     7.544210     7.051024    12.830756   -46.687335   -87.168845
   36.171690     7.407236     7.027688    12.729396   -23.586200  -117.689836
   36.173203     7.516279     7.024198    12.658653   -29.360349  -113.632617
   36.353588     7.595042     7.075282    12.713841   -32.333852  -124.509852
   36.182162     7.664954     6.886976    12.557477   -39.372242  -119.248381
   36.058248     7.336776     7.321835    12.890007   -49.737611  -107.019242
   36.370302     7.796104     7.364523    12.633453   -42.091602   -95.643895
   36.179026     7.541114     6.954364    12.654945   -33.248862  -102.990983
   35.806904     7.437923     7.055956    12.717389   -62.469588   -76.884574
   36.010484     7.466334     7.239686    12.733480   -47.869380  -102.659302
   36.397101     7.465856     7.074978    12.981931   -57.865173   -99.583440
   36.373731     7.557268     7.205169    12.867674   -50.742521  -103.172326
   36.039062     7.258752     7.098007    12.903478   -48.130540  -112.480329
   36.244800     7.411666     7.242531    12.948036   -55.152111  -105.469497
   36.087379     7.394132     7.092155    12.848352   -56.343601  -111.654128
   36.310197     7.620336     7.101550    12.732596   -41.412616  -133.263144
   35.958564     7.333603     7.069043    12.760215   -40.592006  -107.339539
   36.208580     7.562326     7.022089    12.683732   -33.810607  -140.669663
   36.014075     7.432924     6.957309    12.729544   -50.268564  -125.633342
   36.522882     7.493894     6.890369    12.966651   -46.537807  -129.346605
   36.457413     7.608580     7.043059    12.859229   -53.787937  -109.600051
   36.383644     7.558190     7.374751    12.891738   -49.639919  -108.230627
   36.310688     7.471581     7.270119    12.941370   -55.096409  -118.495221
   35.881424     7.229757     7.025109    12.794009   -41.209003  -113.411809
   35.906547     7.392663     7.151772    12.694147   -43.421611  -123.381936
   35.794994     7.524770     7.403553    12.651750   -65.101957  -109.876732
   36.027683     7.562701     6.896446    12.626157   -52.910114  -118.156115
   36.242800     7.536258     7.278785    12.838401   -49.619692  -134.385597
   36.128723     7.410157     7.023567    12.865852   -59.947371  -108.557181
   36.189091     7.673412     7.092697    12.659411   -55.429849  -102.821666
   36.407282     7.611182     6.998287    12.819883   -51.105974  -123.744394
   36.375012     7.562078     6.728249    12.702689   -33.926439  -118.581476
   36.652155     7.605431     7.075744    12.911324   -35.206541  -131.000155
   36.370917     7.675505     7.444851    12.808460   -52.924918  -113.331872
   35.798307     7.260537     7.440626    12.810466   -48.992683  -118.301673
   36.436702     7.591975     6.902234    12.789029   -43.158799  -117.746605
   36.426056     7.438250     7.173064    12.884413   -27.160742  -121.820818
   36.207685     7.549165     7.021755    12.715269   -41.135543  -130.722639
   36.203113     7.293726     7.241710    12.903746   -27.432105  -133.043228
   36.023600     7.603878     6.960724    12.552786   -43.328679  -117.299565
   36.192439     7.331627     6.991760    12.902622   -41.625608  -135.693018
   36.281265     7.452457     7.479097    12.952118   -50.216087  -124.202336
   36.436842     7.639572     7.134133    12.835425   -46.939846  -135.560037
   36.342535     7.815885     7.198297    12.632352   -55.120044  -105.381145
   36.235982     7.776263     7.165285    12.575494   -48.766404  -114.174213
   36.502364     7.460383     7.340536    13.097298   -58.828692  -106.518244
   36.191559     7.581920     7.091468    12.739451   -53.897244  -120.282758
   36.305646     7.586215     7.412483    12.880549   -60.726819  -110.678501
   36.324905     7.558771     7.391394    12.855806   -48.335810  -118.255313
   36.301034     7.427150     7.163937    12.949491   -53.266376  -117.303790
   36.277346     7.456574     6.968607    12.858553   -49.482607  -110.528242
   35.839176     7.213322     6.972202    12.736024   -29.117978  -111.090790
   36.272937     7.608989     7.092822    12.711033   -43.580900  -119.425896
   35.709673     7.670827     7.693946    12.405817   -35.002719  -106.179909
   35.971197     7.359033     6.982380    12.698169   -34.801535  -121.932624
   36.358663     7.575179     6.978681    12.686518   -25.621415  -127.486619
   36.212523     7.568928     6.972171    12.754702   -57.187270  -108.861561
   36.063310     7.330220     6.967909    12.797537   -39.032626  -112.093887
   35.670296     7.454332     7.259064    12.473647   -30.064995  -121.802064
   36.144094     7.402337     7.081967    12.893326   -59.975120  -103.176944
   36.508869     7.555430     6.834743    12.857508   -45.067229  -101.569102
   36.232739     7.298048     6.970398    12.912757   -35.777325  -114.560453
   35.868243     7.395039     7.074774    12.634883   -37.824317  -119.468503
   36.218125     7.413054     7.239930    12.872146   -42.306644  -107.487676
   36.027914     7.306961     6.994300    12.785370   -33.006805  -106.140015
   36.368933     7.647951     7.110340    12.654384   -24.633233  -135.734609
   35.913745     7.465874     7.191554    12.703995   -57.321552  -118.206857
   36.468153     7.605212     7.005122    12.821689   -44.721597  -118.521172
   36.227279     7.372204     7.109105    12.886097   -40.354266  -125.077824
   36.453590     7.500444     7.174954    12.910444   -39.649701  -120.224768
   36.507468     7.424375     7.007457    13.015160   -45.531576  -104.070493
   36.573509     7.586059     6.869204    12.811350   -33.934191  -109.934319
   36.275042     7.422797     7.043571    12.789336   -26.510234  -122.809100
   36.042395     7.431267     7.263766    12.793600   -48.112046   -98.015216
   36.430051     7.492595     7.201213    12.904139   -39.818930  -112.555528
   36.009938     7.495522     7.041414    12.629680   -37.108722  -132.462175
   36.414514     7.510735     6.945762    12.821342   -34.584184  -126.191746
   36.844338     7.650077     7.180499    12.971995   -30.186887  -130.963417
   36.020962     7.536732     7.278663    12.625477   -36.715942  -119.871143
   35.867873     7.378401     7.148879    12.590095   -19.643054  -121.073124
   36.395561     7.472244     7.096917    12.813437   -23.926637  -129.592887
   36.314200     7.600218     7.155258    12.669556   -22.422322  -140.694148
   36.216350     7.764234     7.320339    12.613001   -52.022855  -106.037899
   35.804505     7.468066     7.219555    12.593614   -44.569580  -109.519831
   36.106292     7.585485     6.901754    12.589425   -39.490953  -121.574574
   36.646330     7.534524     7.110911    12.853270   -18.124814  -118.624393
   35.761954     7.450010     6.760920    12.386478    -9.371303  -114.271610
   35.928626     7.473126     7.040362    12.633995   -34.833273   -88.478542
   36.102727     7.507628     7.116761    12.719592   -39.523586   -89.476785
   35.978131     7.266680     6.891523    12.886401   -52.494453   -84.839170
   35.751340     7.396074     7.267501    12.710590   -60.510438   -93.390418
   35.925387     7.555284     7.393988    12.630675   -44.565454   -94.492368
   36.562476     7.530777     7.223499    12.898797   -30.361609  -117.067347
   36.164626     7.721050     6.903902    12.427415   -22.553684  -101.995291
   36.434501     7.627346     6.793585    12.655245   -28.721157  -114.214172
   36.205655     7.856511     7.125447    12.437274   -38.721826  -120.676176
   35.986986     7.658676     7.001436    12.524123   -48.256734   -97.094239
   36.012741     7.620647     6.994463    12.561070   -48.419592  -117.108707
   36.256089     7.605741     6.872374    12.750423   -57.923214   -84.319345
   35.884725     7.666108     7.109197    12.507390   -55.259954   -96.921973
   36.101113     7.506301     6.786800    12.669631   -44.356723  -129.587107
   36.333580     7.902827     7.309669    12.491448   -37.010568  -124.305621
   36.361742     7.457383     7.120990    12.901988   -40.500645  -130.011164
   36.725402     7.783699     6.798646    12.813536   -51.329585  -124.866988
   36.018679     7.646844     7.183597    12.585416   -50.665759  -123.726360
   36.223188     7.659980     7.036706    12.666275   -51.532005  -116.765449
   36.261231     7.776970     6.940863    12.526700   -42.451341  -120.766059
   36.227713     7.741030     7.388954    12.625453   -45.393558   -97.013974
   36.312765     7.779942     7.095767    12.512813   -31.115711  -113.629272
   36.397386     7.803233     7.061868    12.573000   -36.827827  -125.041805
   36.152480     7.667032     7.078612    12.618794   -47.814377  -126.854117
   35.829363     7.562816     7.207332    12.534375   -46.908146  -109.420913
   36.032805     7.704823     7.439692    12.546030   -44.396607  -110.455970
   36.069213     7.639362     7.075768    12.642931   -60.384578  -100.599708
   36.136713     7.572532     7.237991    12.710076   -48.470538  -120.542954
   36.566195     7.684873     7.047907    12.844382   -51.587898  -112.842744
   36.218003     7.795861     7.012449    12.517242   -45.381732  -123.609764
   36.159147     7.449961     6.749343    12.751493   -47.811051  -110.776125
   36.221308     7.579453     7.141528    12.598508   -19.621244  -125.336025
   36.563455     7.779456     7.315479    12.806038   -53.911026   -95.842858
   36.433029     7.896579     7.222689    12.523911   -37.361645  -112.585850
   36.158427     7.629358     6.907985    12.567793   -37.174079  -110.284954
   35.953925     7.761318     7.179225    12.355490   -30.282402  -119.798572
   36.442627     7.526200     6.974980    12.750641   -21.896935  -110.625790
   36.331086     7.756188     6.837973    12.517954   -29.201695  -135.919387
   36.152838     7.692325     7.234705    12.607634   -47.736384  -109.378234
   36.378099     7.508224     7.250742    12.817456   -29.755818  -122.185738
   36.425202     7.354749     6.921496    12.870026   -16.760031  -113.097021
   35.877070     7.492855     7.399329    12.727582   -56.277818   -81.703599
   36.023383     7.376355     7.412076    12.761044   -30.097911  -115.970275
   36.077944     7.574974     7.420561    12.694360   -46.641257  -104.895946
   36.010768     7.384376     7.243632    12.714953   -27.340908  -112.430757
   36.597114     7.536965     7.028868    12.845157   -23.496200  -120.404877
   36.560194     7.759753     7.130391    12.578654   -10.288721  -137.419727
   36.240244     7.703471     7.254681    12.660594   -49.711891  -114.006831
   36.514598     7.547391     6.908951    12.870820   -41.894287  -116.585399
   36.272020     7.626920     7.385693    12.856753   -62.252069   -76.627937
   36.113379     7.563109     7.052705    12.777196   -63.081567   -76.871897
   36.521729     7.865705     7.296265    12.655850   -36.472373  -137.730113
   36.257630     7.604817     6.872273    12.669516   -43.182812  -119.020835
   36.313632     7.596446     7.056883    12.648953   -23.915135  -131.046886
   36.488060     7.752399     7.356103    12.642529   -22.405171  -128.972604
   36.371696     7.422771     7.156464    12.812916   -16.005506  -131.891099
   36.829265     7.851823     7.459990    12.833989   -36.809070  -114.741057
   35.992899     7.745028     7.415429    12.464281   -38.832387  -122.466133
   36.311940     7.514284     7.169932    12.811558   -39.377575  -122.112075
   36.388857     7.664664     6.983545    12.671165   -36.151636  -119.755951
   36.389629     7.473699     7.315557    12.947338   -43.162238  -129.533154
   36.170741     7.608369     7.312182    12.647720   -32.663266  -135.030184
   36.394686     7.563456     7.407967    12.842633   -36.228241  -127.631572
   36.986927     7.626114     6.955035    13.113369   -51.916458   -93.450795
   35.862424     7.552136     7.046663    12.650640   -63.327734   -76.450034
   35.745610     7.440240     7.390509    12.589594   -33.665375   -99.703400
   35.883824     7.456428     7.155609    12.731558   -56.441186   -80.529380
   36.215909     7.559527     6.950237    12.660813   -35.451221  -110.255842
   36.477176     7.592946     7.218964    12.826718   -33.319528  -131.151760
   36.173680     7.758575     7.145240    12.475598   -31.533108  -103.366266
   36.303325     7.665634     7.303456    12.630042   -26.760351  -102.798021
   36.368338     7.557920     7.041547    12.825827   -47.828363  -100.929443
   35.884172     7.296093     7.257430    12.734269   -20.918112   -98.629419
   36.316355     7.797828     6.856359    12.457594   -31.219140  -107.049303
   36.553299     7.779565     6.908602    12.631719   -36.613219  -105.756660
   36.374321     7.715477     7.552088    12.767512   -48.456855  -102.494702
   36.406266     7.653768     6.937920    12.622318   -24.852010  -103.316112
   37.090688     7.820079     6.844053    12.893606   -43.193415   -98.823882
   36.106716     7.598651     7.003619    12.633331   -46.903275  -125.535413
   36.063138     7.684158     7.286043    12.590292   -50.708172  -119.830732
   36.449825     7.406847     6.983496    13.003451   -46.129888  -121.998099
   36.329881     7.589521     7.097701    12.826767   -56.495143  -116.576868
   36.486913     7.650897     7.112199    12.887282   -59.843290  -115.852253
   36.481785     7.619735     7.422567    12.942321   -57.523820  -103.210717
   36.233533     7.632225     7.184254    12.779942   -62.327203   -87.615904
   36.089258     7.626809     7.147381    12.554225   -34.115074  -113.559231
   36.124623     7.517982     7.471774    12.784768   -48.268289  -105.911546
   35.981454     7.324202     7.026122    12.831845   -55.567853  -110.472772
   36.335693     7.719126     7.106196    12.780282   -71.173459   -90.204222
   36.206046     7.660413     7.398105    12.704306   -48.548533  -124.442227
   36.442109     7.706415     7.159285    12.757457   -45.922824  -126.727644
   35.900091     7.423328     6.776352    12.610718   -43.271589  -113.331412
   36.552891     7.792666     7.142791    12.734611   -47.029057  -119.058624
   36.248622     7.550573     6.932222    12.718101   -42.673191  -115.160506
   36.213530     7.395173     6.822436    12.801242   -38.276420  -112.235922
   36.221772     7.669942     7.333195    12.660837   -41.237637  -127.160907
   36.114891     7.333380     6.991126    12.877803   -47.634798   -99.214185
   36.014678     7.351509     7.068868    12.823830   -47.608303   -94.306069
   36.349516     7.559123     7.011765    12.799041   -45.728472  -101.233216
   36.178464     7.310835     7.006431    12.895660   -36.704540   -98.445453
   36.354240     7.415210     7.139413    12.947598   -43.299189   -98.325305
   36.195961     7.448511     7.266319    12.833687   -35.495270   -88.039958
   36.459895     7.611699     7.325878    12.826010   -39.073464  -110.800266
   36.097023     7.625309     7.206511    12.651766   -46.513407   -88.169759
   36.461604     7.552932     7.178396    12.869867   -41.099517  -111.996594
   35.882407     7.535995     7.287088    12.586191   -42.632476  -105.201035
   36.231929     7.326480     6.695489    12.860171   -40.064405  -112.387543
   36.165119     7.427352     7.269181    12.819163   -40.274343  -118.095011
   36.790982     7.728330     7.083675    12.945197   -54.440589   -94.165053
   36.206417     7.362381     7.142905    12.923173   -48.602238  -118.763911
   36.028610     7.453281     7.166307    12.736423   -48.140609  -112.853262
   36.460449     7.539799     6.907913    12.864027   -44.958235  -118.819929
   36.626067     7.920867     7.290384    12.695577   -51.460661  -107.280400
   36.279521     7.595822     7.028278    12.723985   -42.706420   -92.909417
   35.841596     7.571847     6.817494    12.461848   -40.452964  -100.115893
   36.270340     7.530434     6.924338    12.665758   -24.243129  -131.162069
   36.049357     7.747438     7.361425    12.488556   -40.200841  -108.675679
   36.141948     7.821457     7.241360    12.421598   -31.840523  -125.469856
   35.900055     7.520369     6.952829    12.610854   -47.123717   -85.012918
   36.314193     7.711329     7.226432    12.705028   -49.638591   -86.996428
   36.140635     7.680696     7.288429    12.552068   -33.286393  -114.944436
   35.730731     7.597745     6.996116    12.382091   -36.451363  -111.667945
   36.395212     7.816955     6.892807    12.608372   -54.344739  -112.275469
   35.993700     7.495333     7.314842    12.694494   -45.114667  -106.515804
   36.265272     7.615975     7.007021    12.628108   -29.914569  -130.485055
   36.404590     7.502047     7.003456    12.832452   -34.517461  -126.556610
   36.017149     7.373448     7.060216    12.762147   -43.548121  -118.996511
   36.059765     7.887515     7.057048    12.396267   -55.015314  -105.504294
   35.951100     7.838818     7.104259    12.325953   -40.817644  -106.488825
   36.436332     7.829787     6.937221    12.605765   -47.029114  -124.752656
   36.266428     7.552637     7.004732    12.827352   -61.671261  -107.364648
   36.580452     7.652309     7.141836    12.940277   -59.553688  -108.946559
   36.092336     7.605314     7.181947    12.603731   -39.514266  -117.311254
   36.157113     7.519483     7.235767    12.776496   -50.828640  -110.812108
   35.835964     7.298094     6.975381    12.670118   -27.737600  -103.852310
   36.255669     7.465151     7.172620    12.864210   -43.917152   -90.887409
   36.261559     7.719844     6.954374    12.570019   -38.245514   -89.034258
   36.131350     7.549099     6.991789    12.637543   -35.028637  -101.844944
   35.893310     7.309343     6.882676    12.724794   -41.049873  -101.676237
   35.827330     7.387397     7.013590    12.697468   -55.384444   -97.638722
   36.010360     7.472473     7.211997    12.666832   -34.188087  -106.249994
   35.891732     7.699698     7.254764    12.496034   -52.411490   -93.599445
   36.023948     7.498336     7.351334    12.688468   -39.911594  -111.699669
   36.186380     7.540933     7.392666    12.810714   -49.310722   -90.769711
   36.101917     7.463841     6.814299    12.718815   -47.320057  -102.903866
   36.521292     7.436221     6.779270    12.923231   -36.197180  -113.246345
   36.268428     7.639028     6.874478    12.593222   -33.223349  -110.204016
   36.616302     7.690865     6.768775    12.786626   -48.289158   -98.967100
   36.008540     7.466924     7.030657    12.656857   -38.287333  -106.981046
   36.762369     7.756740     7.339102    12.924723   -49.855233   -99.297526
   36.426630     7.506142     6.963268    12.854897   -39.722903  -101.909747
   36.552831     7.632428     7.174924    12.835259   -37.001027  -122.225313
   36.053492     7.384093     6.848194    12.727580   -38.775512  -129.550342
   36.015050     7.490893     6.710931    12.640323   -50.714449  -113.083440
   36.633044     7.730480     7.239513    12.897549   -47.488871  -134.918944
   36.468093     7.667656     7.145261    12.769487   -35.168601  -138.475352
   36.292081     7.607897     6.947955    12.793711   -61.043692  -121.493200
   36.390005     7.714929     7.257523    12.688141   -32.747703  -140.176670
   36.212415     7.728869     7.233791    12.632059   -49.526586  -126.296284
   36.452546     7.822356     7.161561    12.636367   -44.171916  -119.258092
   36.222216     7.648924     7.205368    12.681839   -44.939129  -128.844032
   36.167943     7.659848     6.937205    12.628487   -50.545339  -127.669667
   35.996719     7.451234     6.950501    12.681696   -46.475028  -121.823879
   36.383668     7.578920     7.123073    12.794477   -38.445431  -129.724356
   36.139119     7.404762     6.801347    12.775985   -45.114210  -114.776300
   35.933092     7.568756     7.293585    12.567582   -38.589951  -131.826905
   36.004351     7.490984     7.303891    12.678812   -40.875389  -123.844854
   36.292011     7.527876     7.172973    12.826569   -45.388458  -128.283828
   35.985856     7.536121     7.099151    12.590794   -38.869497  -124.505194
   36.213247     7.526986     6.964617    12.738183   -40.906935  -136.327033
   36.399280     7.605880     7.094954    12.786897   -39.599597  -132.394928
   36.096238     7.453425     7.016770    12.680468   -30.139084  -134.423916
   36.313617     7.563851     7.202558    12.785161   -39.650359  -130.525164
   36.224501     7.308738     7.310059    12.958142   -35.255038  -136.797067
   35.998684     7.471941     7.184585    12.724922   -52.244258  -120.283020
   36.368249     7.298172     6.986803    12.950052   -24.277570  -134.696500
   36.095522     7.363189     7.239375    12.793765   -30.784446  -134.046678
   36.064040     7.446109     7.328325    12.726422   -32.271619  -136.323550
   36.333665     7.661672     7.169897    12.747839   -48.164804  -127.867897
   35.995688     7.528674     7.077598    12.671190   -54.804635  -118.648245
   36.061264     7.248273     7.373647    12.877240   -27.470157  -131.345336
   36.237181     7.529730     7.373634    12.819818   -45.011529  -128.760967
   35.744521     7.384731     7.339364    12.636669   -43.186358  -117.074564
   36.149872     7.472170     7.014627    12.666274   -24.439216  -134.102653
   36.767141     7.734804     7.297720    12.955825   -49.339182  -115.448196
   35.661514     7.439619     7.160846    12.509827   -34.750580  -147.856226
   36.344047     7.498641     7.144183    12.851578   -38.118964  -134.279129
   36.236053     7.632424     7.331313    12.684968   -32.893150  -142.347583
   36.272351     7.574142     6.994614    12.751438   -47.634416  -123.220774
   36.412288     7.546430     6.981172    12.719296   -18.971461  -136.168439
   36.158264     7.590687     7.370413    12.726203   -48.951281  -114.395419
   36.256854     7.289984     7.201292    13.008803   -44.463281  -114.940834
   36.251600     7.562435     7.437734    12.799381   -44.366577  -123.145571
   36.084589     7.544751     7.192730    12.631861   -33.132680  -131.561400
   36.515817     7.544786     7.560484    12.918670   -26.349495  -136.790571
   36.454832     7.553055     7.420234    12.957788   -51.753686  -102.139525
   35.806469     7.330009     7.013894    12.685441   -46.747174  -111.110552
   36.356188     7.546852     7.223846    12.792680   -30.266276  -138.670283
   36.485642     7.561130     7.271629    12.947603   -49.765657  -121.996841
   36.344587     7.382433     7.212839    12.989257   -44.571279  -126.670040
   35.860679     7.346718     6.980481    12.593736   -22.262192  -127.369695
   36.489656     7.503338     7.370288    12.933183   -35.341796  -118.302496
   35.957452     7.367636     7.049440    12.749942   -46.512568  -106.617015
   36.198555     7.527203     7.309312    12.751329   -39.115013  -120.588224
   36.230506     7.402972     7.248234    12.850873   -34.675260  -115.233962
   36.287992     7.326773     7.540025    13.060163   -47.761638  -115.598905
   35.896833     7.161003     7.044871    12.833642   -33.437726  -117.920707
   36.063479     7.577704     7.493749    12.657897   -39.294354  -114.061533
   36.360645     7.204574     7.057359    13.083299   -33.557330  -126.695989
   36.321367     7.385891     7.002738    12.925487   -42.468643  -122.303290
   36.124044     7.452775     7.081992    12.729069   -35.697850  -129.877881
   36.459774     7.619132     7.254062    12.870157   -47.617861  -125.756419
   36.207724     7.806952     7.233848    12.508028   -40.382112  -121.745976
   35.972597     7.359127     7.234529    12.723087   -31.207591  -119.849140
   35.982913     7.504404     7.355360    12.669435   -42.223954  -112.967081
   36.521982     7.723408     7.116236    12.828111   -59.331456  -103.753391
   36.706228     7.783778     7.302372    12.897223   -56.119473  -102.597201
   36.817710     7.643429     7.158816    13.047381   -46.609934  -122.434727
   36.152688     7.551122     7.154462    12.731501   -50.111072  -107.316428
   36.461297     7.700228     7.390182    12.788971   -40.163032  -131.403333
   36.138261     7.490434     7.224409    12.788919   -50.779244  -111.910281
   36.230781     7.691739     7.205818    12.743013   -66.257567   -87.868413
   35.908125     7.467063     6.891894    12.586951   -41.333736  -113.613176
   36.036474     7.604862     7.271605    12.607019   -43.974811  -113.621994
   36.161540     7.694379     7.125265    12.577847   -44.312098  -111.062406
   35.984499     7.577361     7.093230    12.583398   -45.797642  -114.592903
   36.222048     7.409226     6.999052    12.829528   -39.998740  -110.926799
   36.025808     7.494373     7.427261    12.711066   -41.757527  -123.939815
   36.086004     7.614037     7.227908    12.592822   -35.060090  -134.367152
   36.025078     7.246358     7.163699    12.853593   -33.517278  -117.013964
   36.451489     7.469850     6.918880    12.871988   -34.124422  -123.757558
   36.411965     7.386469     6.959172    12.992216   -46.752423  -114.447765
   36.313847     7.491123     6.907826    12.826537   -46.527313  -104.478916
   36.593940     7.703768     7.056627    12.821879   -46.080407  -119.132714
   36.084613     7.374924     7.397233    12.867855   -47.077313  -113.543925
   36.361854     7.463534     7.290510    12.904209   -39.099545  -122.516494
   36.446985     7.587925     7.335636    12.775052   -19.819245  -142.381639
   36.162042     7.392238     6.842753    12.707455   -23.150653  -117.693481
   36.439363     7.469564     7.048487    12.969376   -51.166405   -97.475411
   36.013543     7.395834     7.173848    12.759928   -40.501203  -102.438218
   36.399418     7.650786     7.214923    12.740055   -38.800893  -102.349643
   36.630364     7.572658     7.172142    12.864495   -24.594168  -124.731438
   36.383786     7.658228     6.926921    12.669211   -37.159599  -118.484426
   36.125809     7.562833     6.882275    12.604746   -37.164808  -118.703110
   36.313375     7.465895     7.019678    12.827061   -38.580779  -115.659788
   36.360503     7.627971     7.008530    12.752354   -47.155707  -120.732513
   36.300147     7.663295     7.048697    12.700808   -50.398676  -112.051855
   36.306583     7.715430     6.944358    12.632860   -48.223415  -116.681971
   36.376807     7.436163     7.120105    12.979083   -50.501057  -126.271634
   36.316133     7.722714     7.329314    12.703495   -50.360871  -115.139189
   36.016487     7.503046     6.823938    12.634192   -47.348720  -108.310425
   36.206045     7.419003     6.962051    12.779599   -33.749671  -128.343697
   35.805596     7.509300     6.883342    12.420374   -23.435059  -122.469724
   36.055198     7.578713     7.264816    12.600632   -34.602921  -128.317041
   36.082189     7.531870     7.191877    12.571441   -18.952095  -128.379479
   36.215644     7.591048     7.215383    12.730268   -47.752928  -114.650055
   35.999039     7.529509     7.066323    12.573194   -32.890596  -127.537732
   36.406093     7.658180     6.824358    12.575925   -18.958615  -129.269224
   36.527977     7.585562     7.223760    12.865805   -36.358799  -120.733579
   36.324662     7.511812     7.055794    12.715459   -21.848217  -126.096035
   36.018230     7.635446     7.022335    12.460486   -27.447708  -122.225179
   35.864873     7.371048     7.250712    12.585874    -8.795111  -112.486450
   36.128822     7.347551     7.048233    12.712300   -12.513870  -122.883416
   36.193047     7.435523     7.269838    12.781516   -27.324600  -103.871611
   35.883676     7.540232     7.498784    12.522497   -22.455499  -117.843935
   36.268896     7.459307     7.169625    12.850626   -42.344699  -105.910426
   36.451836     7.741488     7.071734    12.691003   -42.431128  -123.477320
   36.722259     7.727260     7.255151    12.938305   -50.985266  -116.056235
   36.199966     7.417379     7.388630    12.867266   -40.298230  -112.413995
   36.554029     7.565801     7.149795    12.924765   -40.031785  -129.346569
   36.150061     7.457457     6.977602    12.672133   -25.443840  -124.820150
   36.228843     7.603426     7.162641    12.692405   -42.105885  -111.202549
   36.582188     7.641374     7.248841    12.860786   -38.959224  -116.943063
   36.482456     7.586423     7.307791    12.879994   -42.053982  -117.975985
   36.004815     7.561661     7.400764    12.639651   -41.121843  -129.512741
   36.226220     7.458925     7.163859    12.778504   -31.911404  -130.566247
   36.458668     7.550007     7.238635    12.943057   -51.899970  -118.888075
   36.447994     7.741916     7.089083    12.650007   -31.985165  -133.410578
   36.061847     7.412044     7.252832    12.697227   -23.798203  -121.972690
   36.498828     7.489054     7.378411    12.948680   -34.981393  -112.684621
   36.256785     7.585176     7.545720    12.770608   -39.471807  -117.504657
   35.880760     7.540650     7.370592    12.592081   -44.594857  -119.621280
   36.529189     7.688397     7.288871    12.872033   -54.895055  -104.085913
   36.385436     7.578741     6.961323    12.835135   -54.680077  -110.183968
   36.269890     7.513578     7.353810    12.859185   -48.900826  -117.689140
   36.566283     7.624114     6.991701    12.844453   -41.768020  -118.932982
   36.396372     7.634060     7.186406    12.771844   -43.488397  -114.030477
   36.369213     7.541817     7.064168    12.814103   -40.324551  -125.491994
   36.608835     7.458239     7.115489    13.068373   -44.146691  -123.338738
   36.065259     7.404593     7.140612    12.786149   -45.577038  -112.050613
   36.143039     7.475135     7.330913    12.779947   -41.255833  -110.067403
   36.604699     7.589567     7.227960    12.984969   -50.140284  -116.857061
   36.249064     7.508230     7.175325    12.838253   -51.318494  -102.162213
   36.337293     7.426320     7.281325    12.930021   -41.368470  -110.514143
   36.206295     7.559733     7.356287    12.708464   -33.863460  -119.972538
   36.249930     7.421344     7.252009    12.893640   -43.084673  -127.852562
   36.538404     7.557183     7.228812    12.957294   -48.355381  -109.043426
   36.708060     7.962416     7.182089    12.684625   -47.651088  -122.137866
   36.428303     7.553721     7.170123    12.869704   -40.031099  -134.190368
   36.342355     7.721171     7.402032    12.728359   -44.652956  -132.734155
   36.260029     7.507937     7.278700    12.836790   -47.022263  -115.435398
   36.623935     7.635964     7.158269    12.887073   -38.151387  -126.382631
   36.120002     7.442413     7.169943    12.824396   -53.480636  -114.344150
   36.132609     7.574183     7.429431    12.637906   -26.976320  -130.405327
   36.377858     7.550070     7.204663    12.824554   -39.936906  -119.253595
   36.096203     7.569303     7.302690    12.733771   -56.623556  -112.672743
   36.451502     7.563226     7.386067    12.928189   -45.483128  -128.279470
   36.274844     7.591340     7.016266    12.748471   -50.928214  -111.057423
   36.004591     7.463400     6.985438    12.711519   -53.286788  -106.810806
   36.034256     7.547948     7.386218    12.624183   -33.070791  -125.371933
   36.418883     7.419800     7.164496    12.907525   -28.468843  -126.773225
   36.248272     7.630523     7.407038    12.644002   -23.028276  -139.271004
   36.409313     7.713306     7.146868    12.740959   -51.232298  -114.592045
   36.078212     7.389338     7.435171    12.791031   -30.591768  -135.830923
   36.228739     7.689238     7.475838    12.691958   -45.968052  -124.563903
   36.559036     7.607475     7.090684    12.856913   -36.736977  -127.721230
   35.936565     7.682109     7.166984    12.545501   -60.320874  -109.585634
   36.200827     7.672787     7.139976    12.634639   -43.805444  -129.896451
   36.321252     7.597958     7.224192    12.725222   -34.159908  -124.635719
   36.286588     7.604498     7.207361    12.795340   -54.710531  -117.188734
   36.513269     7.740654     7.513100    12.818199   -42.901120  -129.313515
   35.919096     7.452793     7.172684    12.695045   -52.748718  -120.208795
   36.353635     7.503566     7.100365    12.912885   -55.624072  -113.111615
   36.600616     7.673478     7.339372    12.911228   -46.949418  -121.296030
   35.786374     7.453286     7.272590    12.572593   -38.407254  -126.647062
   36.030566     7.446619     7.197317    12.684675   -33.511491  -128.622213
   37.018801     7.933650     6.976992    12.839161   -44.670121  -124.674448
   36.331520     7.663959     7.369130    12.825668   -58.493913  -124.135584
   36.717074     7.762808     7.018538    12.794590   -36.799214  -128.391538
   36.142103     7.530458     7.139649    12.692519   -39.355515  -123.313872
   36.299628     7.620652     7.258486    12.813505   -59.177747  -103.366491
   36.571364     7.769480     7.424082    12.790149   -38.932463  -129.835646
   35.868010     7.678488     7.208219    12.438722   -41.883377  -124.015061
   36.262181     7.565278     7.136365    12.796778   -52.069225  -122.624222
   36.351049     7.815755     7.096823    12.593491   -49.201712  -112.212516
   36.477973     7.703952     6.842444    12.706183   -43.317896  -123.782006
   36.639119     7.832342     7.223526    12.788840   -53.718764  -109.646915
   36.144220     7.740995     7.274365    12.546768   -39.803250  -131.924607
   36.100446     7.565484     7.160692    12.685404   -48.910658  -105.981070
   36.030994     7.680121     7.220755    12.510596   -37.049279  -130.825951
   35.942280     7.710372     7.119867    12.483693   -51.304611  -121.602990
   36.265173     7.679130     7.254950    12.659136   -40.403633  -125.281255
   36.573788     7.820132     7.064684    12.635512   -32.830785  -126.332184
   36.477230     7.772527     6.955665    12.662324   -42.717355  -125.689677
   36.103576     7.725803     7.284146    12.525006   -39.309941  -124.193314
   36.245671     7.497615     7.058241    12.820153   -50.288837  -115.090875
   36.563390     7.631070     7.308280    12.874409   -38.812304  -121.815374
   36.300553     7.657136     7.029956    12.591658   -26.111642  -128.587894
   35.895826     7.531183     7.015641    12.543478   -41.277699  -122.397608
   36.461848     7.833924     7.073579    12.613439   -42.596437  -123.528001
   36.478193     7.729092     7.180555    12.699755   -33.015374  -132.886469
   36.147753     7.484919     7.409579    12.768774   -38.067928  -116.054127
   36.521625     7.655456     7.156713    12.896352   -55.810122  -119.949250
   36.184834     7.643659     7.283489    12.702281   -52.684356  -117.688858
   36.524428     7.818395     7.166132    12.702467   -45.101395  -127.124330
   35.972255     7.549240     7.208273    12.622814   -46.771244  -121.141631
   36.405006     7.659384     7.030957    12.730308   -38.759658  -133.945269
   36.238862     7.691512     7.156739    12.623492   -42.771212  -118.842199
   36.358369     7.605973     7.235652    12.796471   -43.712964  -126.924992
   35.944441     7.575901     7.392265    12.587637   -41.589483  -117.248276
   36.161621     7.614254     6.871801    12.628681   -47.714215  -118.232327
   37.053961     7.656190     7.130337    13.190521   -45.943245  -127.398645
   36.237049     7.356536     7.038873    12.849598   -30.285877  -110.079054
   36.168531     7.466600     6.640024    12.729616   -47.053489   -93.402783
   36.534612     7.693332     6.924634    12.777001   -48.647120  -110.261161
   36.189219     7.415631     7.222513    12.894920   -50.480345   -98.254887
   36.272718     7.461834     7.065258    12.860191   -47.406868  -102.522289
   35.746311     7.211419     7.153615    12.726360   -33.532172  -112.453611
   36.111797     7.405297     6.869194    12.789491   -47.656927  -100.790128
   36.643361     7.689554     7.124418    12.935350   -56.842801  -115.925841
   36.341832     7.494230     7.279820    12.838147   -34.973612  -115.530966
   36.133815     7.368765     6.979878    12.838353   -45.901288  -123.833581
   36.657291     7.875737     7.163800    12.754198   -49.358286  -126.960881
   36.366667     7.661196     7.011237    12.691829   -40.092216  -123.534577
   36.059120     7.507392     7.299053    12.654066   -31.843343  -119.684334
   36.197830     7.415725     6.912316    12.870211   -56.346780  -110.879975
   36.144921     7.578083     7.188836    12.701517   -47.023622  -126.253256
   36.541837     7.531272     6.795234    12.872735   -40.968276  -111.876142
   36.609937     7.782702     7.255971    12.770766   -41.387225  -122.312709
   36.298415     7.690982     7.269967    12.645764   -32.942704  -134.846369
   36.122454     7.672589     7.036599    12.630907   -58.217567  -116.164888
   36.502740     7.443927     7.350512    12.990734   -35.064782  -116.135145
   36.097851     7.482379     7.468680    12.774690   -42.958725  -122.543882
   36.277354     7.606642     6.934665    12.716017   -44.576642  -133.082113
   36.061998     7.554622     6.946298    12.596140   -38.971622  -123.255948
   36.074063     7.475307     7.387750    12.748653   -41.841501  -120.411971
   36.321164     7.460368     7.168396    12.880848   -42.145149  -123.176531
   36.194918     7.572616     7.371409    12.810876   -57.986450  -118.942594
   36.384490     7.564523     7.236592    12.894452   -54.015641  -119.148443
   36.554544     7.659874     7.310448    12.897949   -48.520142  -120.587326
   36.449588     7.615805     7.044805    12.815577   -42.491546  -131.501684
   36.195375     7.514664     7.035680    12.627915   -19.542011  -128.489522
   36.216959     7.743251     7.156591    12.570733   -44.543387  -109.788709
   36.286012     7.633623     7.343325    12.752079   -46.765810  -119.819769
   36.166087     7.675124     6.992744    12.619851   -53.503497  -107.516770
   35.874350     7.575291     6.977926    12.518176   -47.604954  -118.958084
   36.572914     7.809365     6.946863    12.662965   -39.057067  -127.374627
   35.873904     7.467368     7.152736    12.616815   -44.174297  -124.080187
   36.097672     7.566359     7.341381    12.621283   -24.927896  -143.949894
   35.787274     7.282938     7.108091    12.696186   -40.051513  -124.981993
   36.797322     7.762565     7.254257    12.928298   -43.751403  -126.095585
   36.269265     7.560886     7.315166    12.780420   -41.786919  -124.129550
   36.114081     7.530273     6.910187    12.614622   -33.212307  -124.666754
   36.088285     7.425515     7.016223    12.699410   -31.727226  -123.173874
   36.047577     7.439145     7.334757    12.781059   -46.312003  -126.785155
   36.888357     7.727249     7.151759    12.986125   -38.593164  -133.437360
   36.274892     7.604286     6.972869    12.700897   -39.308329  -136.630671
   36.338457     7.537734     6.828378    12.786784   -46.516783  -118.223164
   36.142592     7.511121     7.010559    12.696986   -40.100668  -126.185853
   36.034050     7.648286     7.346190    12.554995   -35.853502  -133.573488
   36.513647     7.632857     7.009000    12.737602   -24.606656  -136.639314
   36.352850     7.598765     7.227269    12.846254   -46.127898  -142.441702
   36.441743     7.832434     7.274122    12.624944   -37.716565  -130.894974
   35.824110     7.546892     6.991477    12.543411   -51.550151  -128.760476
   36.265445     7.540895     7.179613    12.738948   -30.055294  -140.534778
   36.311766     7.775401     7.215467    12.617332   -40.918611  -135.206179
   36.094964     7.586362     7.080736    12.644761   -44.090618  -133.041322
   36.169019     7.579892     7.178025    12.660401   -35.370995  -131.944182
   36.368680     7.471996     7.414905    12.921557   -38.030525  -129.151815
   36.353003     7.425282     6.764292    12.872844   -41.432452  -129.276164
   35.985919     7.494828     7.472296    12.722181   -47.795760  -123.483203
   36.381360     7.791142     7.195908    12.640624   -46.484000  -117.788866
   36.386889     7.513029     7.248694    12.793055   -19.958312  -142.161957
   36.251569     7.765155     6.973407    12.580257   -50.363948  -121.995708
   36.218144     7.755980     6.971967    12.600626   -56.987238  -119.447933
   36.036593     7.490114     7.272122    12.715020   -45.933354  -119.387160
   36.445696     7.638810     7.258572    12.817463   -41.760099  -129.161177
   36.550794     7.703988     6.884264    12.768037   -43.900157  -128.088985
   35.970429     7.653412     7.377230    12.506844   -32.003022  -137.620920
   36.024063     7.468797     7.162121    12.733740   -50.729761  -122.636232
   36.404559     7.617132     7.275751    12.851251   -48.516347  -128.695744
   36.051702     7.643758     7.208379    12.620877   -54.596435  -111.976228
   36.127889     7.763396     7.192305    12.535189   -48.185077  -121.796020
   36.282505     7.875001     7.175882    12.530461   -47.252967  -129.185750
   36.453094     7.681812     7.067644    12.798978   -46.657536  -137.179680
   36.082448     7.760312     7.196704    12.467509   -38.748565  -123.046898
   36.398618     7.635876     7.041647    12.774576   -45.967290  -125.943232
   36.478573     7.674464     7.096862    12.862662   -62.825180  -103.481141
   35.949777     7.519612     7.389750    12.665057   -47.391105  -121.952471
   36.199762     7.437225     6.833823    12.787187   -44.369654  -121.361818
   36.326973     7.649661     7.133514    12.759146   -49.675016   -84.220823
   35.956895     7.379300     7.277153    12.771188   -41.665151   -97.645685
   36.018670     7.812280     7.482041    12.438996   -37.671050   -92.738238
   36.447888     7.858804     7.316048    12.590205   -38.937016   -97.918459
   36.219822     7.578002     7.148844    12.723024   -36.843697   -82.877504
   36.250586     7.648069     6.744661    12.545558   -30.216336   -98.860713
   35.610131     7.622291     7.035913    12.294805   -32.345558  -109.168330
   36.235244     7.663207     7.467332    12.759424   -56.258409  -114.938920
   36.076218     7.577190     7.111500    12.673937   -52.127515  -124.145397
   36.257989     7.728424     7.320608    12.591530   -30.938388  -137.234272
   36.227999     7.551913     7.319767    12.805872   -49.948815  -123.955000
   35.568757     7.297423     7.144263    12.619805   -52.251522  -108.743311
   36.430378     7.579368     6.959995    12.868543   -55.389541   -92.099718
   36.225464     7.518389     6.931909    12.637354   -22.020689  -112.687365
   36.111723     7.695835     7.059838    12.507624   -36.407459  -105.065280
   36.349934     7.818541     7.052260    12.583790   -46.081818  -125.654213
   35.752529     7.380195     7.430945    12.701904   -52.291936  -106.084330
   36.111274     7.698087     6.936691    12.547743   -48.978557   -95.930504
   35.872584     7.385093     6.927291    12.675239   -49.263958  -109.844738
   36.281690     7.595488     7.019418    12.694882   -38.701972  -103.100038
   35.960104     7.346672     7.097474    12.731076   -37.530606  -123.706927
   36.103514     7.271685     7.028049    12.784214   -17.362603  -126.619168
   36.397347     7.571992     6.991939    12.798014   -41.931171  -123.124968
   35.878517     7.361840     7.113176    12.745807   -53.860093  -108.026739
   36.372147     7.529378     7.330902    12.910585   -49.142831  -122.357841
   36.473432     7.748769     7.006948    12.709343   -45.718709  -126.166559
   36.126589     7.482383     7.122635    12.689653   -31.606384  -129.026930
   36.174922     7.639722     7.274432    12.698508   -52.351691  -119.569676
   36.336957     7.553077     7.191719    12.818819   -40.215755  -134.902419
   35.538645     7.445506     7.199551    12.496687   -52.879112  -108.319823
   36.095083     7.502007     6.936141    12.710247   -50.101466  -120.378197
   35.695451     7.410990     7.056635    12.564459   -46.928678  -127.638231
   35.982829     7.602892     7.111843    12.650494   -61.692152  -125.832422
   36.338105     7.654174     7.118235    12.734825   -45.226626  -128.909164
   36.035312     7.484986     7.267219    12.762033   -55.698852  -108.606110
   35.760785     7.215054     7.169529    12.753741   -41.153324  -118.537142
   35.629825     7.336158     6.903534    12.540475   -41.230499  -127.054276
   36.495836     7.559980     7.140103    12.905783   -42.121519  -130.155972
   36.271556     7.748841     7.314041    12.630831   -46.616321  -108.864794
   36.335133     7.657355     7.289844    12.782256   -50.291755  -127.450887
   36.086796     7.711690     7.197894    12.564620   -48.258830   -93.183257
   36.102149     7.750406     7.305724    12.568481   -48.248759   -84.166242
   36.004965     7.668955     7.173953    12.451264   -28.103235  -114.909186
   36.120949     7.642341     6.952292    12.544045   -37.169038  -108.719705
   36.295837     7.686613     7.229226    12.735450   -54.575537   -90.505136
   36.215634     7.804340     6.905780    12.580310   -66.253006   -89.202229
   36.287496     7.584833     6.914957    12.647071   -27.979502   -96.975593
   36.574208     7.864656     7.059619    12.578315   -33.837311   -88.456699
   36.212086     7.394250     7.096715    12.820518   -28.895006   -97.722409
   36.015570     7.658132     7.228923    12.476505   -24.114026   -99.633754
   36.426355     7.761063     7.316636    12.633663   -31.544524   -97.579147
   35.695649     7.224284     6.813390    12.584667   -16.593908  -110.282755
   36.374343     7.780967     7.337916    12.541718   -20.772225   -96.387684
   35.752927     7.486266     6.824362    12.422863   -27.662754  -117.350577
   36.272042     7.489528     7.234426    12.785560   -32.716102  -113.034135
   36.444724     7.809558     7.077926    12.509625   -22.527165  -121.838061
   35.667642     7.556166     6.904208    12.435470   -51.632781  -104.017089
   35.851372     7.517966     7.329009    12.624255   -45.726099   -91.838820
   36.365412     7.806560     6.980082    12.490787   -30.381748  -109.498661
   36.241266     7.751056     7.033117    12.537371   -40.394296  -107.284723
   36.443425     7.612459     7.595730    12.777129   -23.040134  -111.237962
   36.385004     7.496846     6.957756    12.771548   -26.970320  -118.814077
   36.028307     7.444201     7.005026    12.601335   -19.451349  -114.087104
   36.090086     7.687502     7.134182    12.564715   -48.226841  -108.006261
   36.144181     7.540263     6.755452    12.566174   -26.253631  -111.525021
   36.140518     7.632594     7.120375    12.627275   -45.516124  -106.235167
   36.263898     7.742395     6.844401    12.481969   -31.284956  -115.372585
   35.632640     7.433131     7.406126    12.553692   -43.701317  -108.603042
   36.066164     7.605363     7.084673    12.650923   -52.474971   -91.651195
   36.426182     7.495787     6.752868    12.828864   -39.604865   -94.129436
   35.637521     7.415742     7.410152    12.569707   -30.106595   -91.034751
   36.180315     7.549043     6.830183    12.621280   -31.081810  -100.126474
   36.153965     7.545643     7.000910    12.651289   -31.633956   -94.627324
   36.437314     7.624533     7.366385    12.791807   -35.687693  -103.059612
   36.206651     7.524320     7.208146    12.683859   -26.429786  -126.025708
   36.072550     7.629575     7.181041    12.610408   -45.837476   -99.421416
   35.769005     7.686956     7.116060    12.439764   -49.910895   -81.204529
   36.155279     7.579477     7.392334    12.712549   -43.558794  -112.869192
   36.312072     7.661177     7.016349    12.701926   -48.539407   -94.363831
   36.105857     7.367946     7.120022    12.912525   -52.484852   -82.327873
   36.480791     7.715871     6.964905    12.750780   -51.541823   -87.143307
   36.059749     7.503310     7.027763    12.631872   -34.742028  -113.109451
   36.253253     7.889361     7.313305    12.367558   -20.606151  -110.869733
   36.074707     7.531969     6.826070    12.525639   -21.396068  -128.707797
   36.350440     7.490607     7.161885    12.858998   -40.930621  -113.177538
   36.648138     7.671128     6.884459    12.879483   -50.094833  -120.168208
   35.703801     7.163891     7.073642    12.763544   -43.635995  -111.359013
   36.291140     7.534266     7.310867    12.804100   -40.420496  -114.055521
   36.091097     7.468159     7.243387    12.803520   -54.911346  -118.437061
   36.230474     7.597051     7.155464    12.705124   -41.469685  -128.399364
   36.572450     7.591755     7.385373    12.862512   -22.351519  -139.075786
   36.301693     7.548198     7.095445    12.784599   -40.597635  -132.679173
   36.416728     7.545645     7.424254    12.906127   -40.586049  -131.589070
   36.292582     7.464528     7.411355    12.877475   -38.871083  -107.524842
   36.062815     7.354729     7.402341    12.813117   -33.053837  -115.972112
   36.699075     7.818198     7.464332    12.718759   -24.788482  -118.328596
   36.174213     7.292855     7.159165    12.883505   -29.112483  -112.145431
   36.354744     7.531940     7.326984    12.936277   -58.059303   -96.548262
   36.020784     7.332074     7.135113    12.782020   -36.540774  -118.437593
   36.337624     7.434392     7.038848    12.922884   -48.711978  -112.131756
   36.551777     7.556491     7.411063    13.028100   -52.390434  -119.840864
   36.348729     7.440968     7.241624    12.898237   -37.413666  -118.102990
   36.360809     7.489650     7.261945    12.854613   -35.368500  -120.626895
   36.259525     7.598183     7.465348    12.746656   -39.227987  -109.599600
   36.198892     7.498614     7.269160    12.692464   -22.589281  -118.626633
   36.237442     7.531141     7.412527    12.704397   -22.435261  -120.342976
   36.173549     7.692496     6.905847    12.467796   -26.290299  -111.638434
   36.136095     7.614540     7.062176    12.632802   -41.250905   -91.583380
   35.897550     7.413703     6.756698    12.558451   -30.168165  -120.007792
   36.061834     7.512135     6.914597    12.540991   -19.896147  -122.648406
   36.124381     7.402674     7.445686    12.813040   -33.489894  -117.168829
   36.627782     7.464521     7.300170    13.111708   -48.282239  -109.727599
   36.147773     7.599942     7.189755    12.682153   -47.839311  -120.032020
   36.344571     7.649590     7.460424    12.695179   -28.324068  -121.208658
   36.522464     7.715620     7.358955    12.782053   -41.261938  -104.765363
   36.168393     7.579452     6.860790    12.684477   -51.218466   -94.215644
   35.960412     7.529306     7.378275    12.581135   -29.327668  -125.305650
   36.151635     7.312014     6.667766    12.786406   -32.078752  -127.072979
   36.351223     7.536673     6.948990    12.712263   -23.415590  -135.546232
   36.517048     7.530036     7.347119    13.022017   -52.798168  -120.001094
   36.133403     7.706313     7.470811    12.512311   -21.782194  -136.043590
   36.482512     7.843642     7.460073    12.698604   -48.393617  -106.461618
   35.982728     7.401889     7.152830    12.631102   -20.078211  -124.577178
   36.735518     7.907485     7.245687    12.743629   -46.582703  -114.278508
   36.493662     7.529784     7.211005    12.872303   -28.076640  -136.290147
   36.582503     7.541310     7.028808    12.979301   -46.437093  -126.893445
   36.268879     7.620567     7.264442    12.707081   -39.182818  -124.739440
   35.947723     7.488698     7.052157    12.638194   -46.277436  -107.679548
   36.122034     7.468520     7.212410    12.716790   -31.879094  -132.111473
   36.238943     7.537441     7.072278    12.753116   -42.873579  -102.097099
   36.502222     7.441906     7.154685    12.989666   -40.139503  -112.064020
   36.246322     7.355624     7.006001    12.814460   -23.139845  -115.341571
   36.011265     7.445592     7.077745    12.655786   -32.995169  -130.424019
   35.991273     7.349835     7.282858    12.791343   -40.874968  -115.020767
   36.431581     7.618535     7.245395    12.779876   -36.787090  -112.742056
   36.105158     7.668060     6.880654    12.551737   -48.159072  -113.235501
   36.196702     7.533927     7.504592    12.747554   -33.799640  -116.525726
   36.456518     7.583590     7.355124    12.832444   -34.827307  -114.153265
   36.348444     7.520064     7.276922    12.908878   -52.208159   -97.220555
   36.211185     7.583061     7.641368    12.745707   -36.145290  -118.942187
   36.478569     7.745873     7.052517    12.629640   -29.174148  -127.782733
   36.112090     7.442477     6.996754    12.810498   -56.178175  -120.898291
   35.938256     7.442607     7.249258    12.645366   -33.611597  -116.562178
   36.109971     7.615184     7.150334    12.719389   -55.074320   -74.841525
   36.280157     7.321202     7.109889    12.944025   -35.779610  -108.358316
   35.828416     7.327712     7.244980    12.753125   -51.228349  -111.171520
   36.132668     7.353085     7.091910    12.861806   -42.661997  -102.471557
   36.247442     7.594502     7.077090    12.711134   -44.966646  -114.583629
   36.159560     7.552509     7.067893    12.646173   -33.637322  -125.287359
   35.967324     7.342159     7.205597    12.723216   -29.306830  -119.430969
   36.454265     7.619302     7.033812    12.836646   -50.182723  -120.099174
   36.509525     7.724349     7.271164    12.781911   -43.976363  -122.430591
   36.243183     7.570982     7.386562    12.769537   -43.470013  -114.940303
   36.330466     7.557706     7.258542    12.750344   -28.963327  -130.207647
   36.477432     7.401577     7.128746    13.004808   -39.302173  -112.912238
   36.727149     7.719149     7.058988    12.750381   -20.678997  -131.525813
   35.966155     7.426693     7.405929    12.675053   -28.848281  -125.001645
   36.516023     7.468336     7.275149    12.998240   -40.384172  -120.817783
   36.084311     7.560632     7.308394    12.634460   -34.402900  -117.698635
   36.109764     7.450949     7.262071    12.823117   -53.097981  -116.469768
   36.349875     7.497980     7.378269    12.873034   -38.438700  -119.425512
   36.211808     7.605785     6.917069    12.655025   -43.886675  -121.462157
   36.361097     7.562683     7.481653    12.861024   -43.111495  -118.017012
   36.502846     7.554439     7.442212    12.954097   -45.120072  -108.328731
   36.575727     7.494960     7.247954    12.983967   -32.727584  -133.860011
   36.678675     7.555782     7.088976    12.989816   -39.799897  -123.253521
   36.222459     7.591425     7.282880    12.784727   -53.324282  -126.969432
   36.404170     7.596078     7.328440    12.825801   -40.660174  -123.539065
   36.304188     7.531801     7.060865    12.903729   -66.893029  -109.138790
   36.620523     7.582171     7.156726    13.044725   -58.435062  -120.692682
   36.327249     7.604614     6.980712    12.754726   -45.575182  -130.013118
   36.164219     7.397453     7.374571    12.845154   -35.583642  -130.649301
   36.190147     7.614179     7.557699    12.754934   -49.245534  -105.198659
   36.464667     7.503984     7.372992    12.949150   -41.304682  -116.139811
   35.913072     7.161844     7.135704    12.835896   -26.456568  -114.631760
   36.101736     7.303481     7.564094    12.873085   -26.135560  -125.473099
   35.699576     7.261988     7.258334    12.653389   -29.461747  -117.676657
   36.342923     7.603694     7.434098    12.780806   -37.804776  -121.072792
   36.170109     7.635312     7.347318    12.689638   -43.098460  -136.989452
   36.502681     7.539406     7.170116    12.839019   -27.974494  -122.492307
   35.994845     7.513578     7.345344    12.702663   -50.451188  -109.816188
   36.198978     7.564706     7.418550    12.742673   -40.902110  -118.195519
   36.288199     7.610195     7.354231    12.842868   -60.291310  -117.377675
   36.286515     7.652558     7.427529    12.805675   -58.759710  -114.598708
   36.250443     7.704327     7.042934    12.605341   -41.377096  -128.224290
   36.003961     7.533606     7.411689    12.661187   -41.729052  -114.900613
   35.937174     7.514780     7.205709    12.666957   -50.853865   -95.383619
   36.188925     7.787703     7.417104    12.525047   -37.627071  -116.029424
   36.399291     7.701538     7.481537    12.784552   -46.805340  -121.238255
   36.263274     7.634511     7.285915    12.761898   -54.204803  -113.950679
   36.241790     7.563343     7.518740    12.763634   -36.400463  -108.077480
   36.073945     7.463126     6.918331    12.633563   -29.005482  -115.269795
   36.004834     7.387000     7.193463    12.756311   -36.392357   -99.377527
   36.088806     7.396350     7.363458    12.800467   -36.815028  -118.037915
   36.401518     7.813283     7.483182    12.654740   -42.603011  -110.428064
   36.371075     7.365163     7.057871    13.033224   -50.212587   -89.796889
   36.196783     7.578448     7.093001    12.627435   -28.583142  -129.958116
   35.985226     7.535214     7.081789    12.574913   -31.774053  -102.271252
   35.969212     7.401370     7.311385    12.648759   -20.254589  -125.268010
   35.859117     7.308844     7.492273    12.753885   -34.740068  -125.462925
   36.044043     7.479093     7.017177    12.658450   -38.630477  -122.123888
   36.182394     7.687703     7.364146    12.622785   -40.150084  -127.860751
   36.212880     7.613555     7.137664    12.625580   -30.610307  -131.847374
   36.103827     7.584768     7.168910    12.619197   -37.690779  -122.546288
   36.193786     7.337390     7.195469    12.845358   -26.358399  -114.018416
   36.909131     7.781626     7.149698    12.927237   -38.931012  -125.905750
   36.587731     7.846694     7.501848    12.710843   -34.682655  -125.762294
   36.044783     7.585200     7.312692    12.664379   -50.277528  -107.717737
   36.213650     7.531616     7.090214    12.726394   -39.791697  -120.130073
   36.327879     7.738799     7.034506    12.667385   -55.029057   -98.211865
   36.295796     7.523821     7.175147    12.832214   -47.786875  -114.964130
   35.955011     7.398853     7.162785    12.757810   -48.421547   -98.492948
   36.109828     7.567365     7.557854    12.780485   -54.557486   -96.408790
   36.025492     7.466690     7.285795    12.750454   -42.924596   -90.806753
   35.790346     7.425285     7.384246    12.695109   -54.976004  -100.142213
   35.951270     7.467100     6.946056    12.606497   -38.819526  -118.542025
   36.585897     7.702754     7.477107    12.789502   -29.983968  -113.307235
   36.356987     7.436357     7.123054    12.855894   -30.614986  -112.530525
   36.659162     7.482210     7.282663    12.993151   -27.343605  -116.817103
   36.347619     7.556953     7.357384    12.767455   -27.428557  -130.112263
   36.247883     7.658600     7.373809    12.600581   -24.463312  -121.393315
   36.327003     7.532335     7.233423    12.796463   -36.595466  -114.212686
   36.110013     7.727019     7.149225    12.535404   -45.974148  -103.238959
   36.220801     7.667661     7.288540    12.638895   -38.643771  -101.958998
   36.129074     7.373839     7.006905    12.781879   -28.096607   -95.848780
   36.082239     7.453775     7.169199    12.775651   -44.432763   -93.607676
   36.241061     7.510456     7.147962    12.855619   -50.087650   -80.289023
   36.086826     7.400514     6.872412    12.761024   -43.452121  -102.484887
   36.349373     7.609879     7.375120    12.864520   -53.461063   -83.734822
   36.521458     7.645201     7.140766    12.911882   -60.575928  -100.538762
   36.328137     7.587544     7.248579    12.710582   -28.771833  -119.616719
   36.311506     7.409662     7.039252    12.907252   -44.004864  -115.660862
   36.339619     7.548439     7.246311    12.826326   -43.491151  -106.304219
   36.349286     7.801102     7.381123    12.627597   -43.052964   -92.873561
   36.462956     7.613658     6.798213    12.748661   -41.153365  -101.597611
   36.423499     7.453113     6.926307    12.837019   -28.069274  -105.203688
   36.432505     7.644314     6.800353    12.731434   -46.036456  -113.991236
   36.097865     7.538327     6.811057    12.585560   -33.822524  -112.679214
   36.676245     7.726444     6.966565    12.786750   -39.845045  -113.472375
   36.136051     7.546140     7.207543    12.727355   -46.863707  -100.209423
   36.636064     7.724185     7.021505    12.835778   -50.554313  -110.834869
   36.639202     7.731566     7.314279    12.834791   -42.153143  -111.703140
   36.206809     7.507284     7.452326    12.826332   -44.955693  -103.383947
   36.459708     7.713045     7.125003    12.709914   -41.020780  -102.820037
   36.501994     7.749933     7.287179    12.821110   -56.161056   -78.038649
   36.041452     7.515986     7.243499    12.738553   -56.559124  -113.043807
   36.580836     7.869775     7.189630    12.700508   -52.877273   -95.786422
   36.118204     7.686834     7.032957    12.561509   -47.117965  -104.892041
   36.140129     7.653047     6.974373    12.606950   -50.105677  -112.851549
   36.150016     7.524004     7.041403    12.740987   -48.915128   -97.641820
   36.121473     7.606424     7.305415    12.765790   -60.798833   -80.424611
   36.075072     7.675172     7.231730    12.580157   -47.405142  -104.562670
   36.558175     7.664422     7.225624    12.909139   -56.473879   -98.487062
   36.282533     7.716600     7.044743    12.630172   -47.978013  -102.561161
   35.930543     7.626986     7.535809    12.569506   -44.175173  -118.090547
   36.323422     7.548445     7.182245    12.846820   -51.934134  -107.454532
   36.300120     7.612323     7.022597    12.710522   -41.472744   -94.813838
   36.398051     7.538890     6.972554    12.822415   -42.845663  -109.293113
   36.129747     7.618513     7.064324    12.728169   -64.913870   -85.590991
   36.136763     7.594189     7.322324    12.767663   -62.783109  -101.911035
   36.044776     7.532614     7.189147    12.730074   -59.224395  -110.392248
   36.256569     7.537319     7.248371    12.859218   -57.115198  -121.332601
   36.247880     7.510080     6.911280    12.778664   -48.246392  -116.361296
   35.956587     7.681479     7.384902    12.479716   -34.355728  -131.236408
   36.313891     7.677228     7.032555    12.640623   -37.518306  -126.594330
   35.999815     7.450883     6.910014    12.671461   -45.352072  -117.293231
   35.934791     7.515466     7.213865    12.677099   -57.202990  -107.004888
   36.107783     7.572638     7.133752    12.696297   -53.125522  -113.298827
   36.131404     7.602190     6.931738    12.589336   -39.117906  -116.788209
   36.453046     7.821272     7.239737    12.770698   -63.644976  -124.560142
   36.368328     7.711799     7.390203    12.797534   -54.537463  -128.664477
   35.923900     7.578250     7.107192    12.564359   -48.585500  -118.102877
   36.137287     7.680187     6.815293    12.578052   -54.448647  -112.153502
   36.131371     7.661613     7.229149    12.567193   -35.824703  -120.229541
   36.139212     7.525901     7.184002    12.707435   -41.093784  -117.486096
   36.469371     7.639274     7.263844    12.831548   -45.806914  -108.242302
   36.044076     7.820084     7.077755    12.351097   -32.900844  -103.948354
   36.041797     7.596209     7.065263    12.698405   -62.768416   -81.803929
   36.449010     7.563932     7.213824    12.796836   -29.637034  -114.849644
   35.966602     7.482272     7.145217    12.611756   -30.825769  -106.616245
   35.764144     7.681827     6.947328    12.326705   -31.062926   -93.936763
   36.199818     7.548004     7.128717    12.652668   -21.393060   -93.450926
   36.279867     7.521984     7.296081    12.815826   -38.049044   -92.247152
   35.870853     7.541808     7.340599    12.631742   -38.217094   -76.785139
   35.988197     7.616400     6.861257    12.472815   -30.841929   -96.943517
   36.736990     7.659681     7.085134    12.821144   -26.973470  -103.896244
   35.899409     7.766255     7.242932    12.301985   -23.100979  -124.854721
   36.318774     7.592668     7.031481    12.719817   -36.969636   -94.886543
   36.574825     7.925932     7.455025    12.682658   -48.706979   -81.441051
   35.960430     7.951058     7.163008    12.265697   -42.765351   -88.163069
   36.527685     7.700465     6.924659    12.816550   -58.227001   -85.026936
   36.032693     7.750011     7.130243    12.454184   -37.133250   -89.464491
   36.217561     7.752329     7.045299    12.486799   -28.972916   -93.444127
   35.890854     7.698566     7.350948    12.449371   -40.443576  -105.453850
   36.051509     7.603995     7.030933    12.627715   -40.760573   -75.534808
   36.212841     7.761405     7.119391    12.530061   -40.091816  -100.004452
   36.479308     7.757721     6.920703    12.676701   -43.397483   -73.411980
   35.886268     7.391156     6.776722    12.544989   -20.752077  -112.326748
   36.207310     7.677585     6.876458    12.613301   -48.950715   -89.767481
   36.003777     7.600070     7.371861    12.622629   -42.903854   -95.092587
   35.976653     7.520606     7.158850    12.699157   -53.705218   -88.529763
   36.366364     7.391220     6.961137    12.941769   -42.846952  -105.053023
   36.427820     7.852702     7.066204    12.652853   -58.765996   -77.830398
   36.232328     7.536722     6.967025    12.731473   -43.754814  -112.490313
   35.699122     7.516896     6.982799    12.531041   -54.385698   -86.828802
   36.210478     7.682322     7.173674    12.647553   -48.350806   -99.038602
   36.453599     7.467588     6.944863    12.779180   -16.141708  -108.000271
   36.567448     7.698451     6.966394    12.667965   -23.434093   -87.364188
   35.923482     7.529405     6.912264    12.562816   -38.453717   -92.401827
   35.968989     7.400514     6.864631    12.525269    -6.399837  -127.530687
   36.244568     7.658883     6.932786    12.480018   -14.516321  -120.581509
   36.023011     7.736361     7.099808    12.505012   -47.583198   -85.043538
   36.497112     7.901616     7.147150    12.443331   -19.591748  -118.222028
   36.553304     7.717962     6.775175    12.757444   -53.548676  -105.105677
   36.469772     7.619603     7.340826    12.861970   -45.612769  -111.579184
   36.516639     7.501726     7.174448    12.968167   -44.246466   -99.246741
   36.167038     7.764690     7.101160    12.500863   -41.284648  -111.313151
   36.242225     7.486458     6.938398    12.722117   -28.740628  -136.344265
   36.297635     7.649431     6.828646    12.677264   -49.929567  -116.706270
   35.940183     7.454563     7.448484    12.730304   -48.982872  -121.482971
   36.308206     7.618112     7.433401    12.866182   -62.959183  -104.652718
   35.865836     7.492888     7.105924    12.687332   -67.246176   -99.879822
   36.648403     7.551103     6.951114    12.945482   -39.759294  -118.853012
   36.189424     7.576745     7.017877    12.715486   -51.126682  -103.218343
   36.085972     7.274258     6.833237    12.882818   -48.714624  -108.312671
   36.179693     7.536335     7.007022    12.782670   -59.567720  -101.173193
   36.134281     7.441089     7.282640    12.870584   -57.809175  -110.057488
   36.370318     7.567214     7.077175    12.803758   -44.173479  -112.911765
   36.435996     7.573337     7.046856    12.836608   -42.870324  -124.894195
   36.416646     7.697763     7.340099    12.761236   -45.899659  -111.860436
   36.176798     7.629542     7.373472    12.698007   -45.975637   -98.011120
   36.791639     7.609460     6.831775    12.921983   -37.806927  -107.173622
   36.712803     7.668598     7.175569    12.846215   -31.758586  -108.008698
   36.209671     7.445819     7.223719    12.755911   -22.081593  -142.675579
   36.009120     7.569778     7.608329    12.663458   -42.064158  -116.737365
   36.042166     7.619869     7.332280    12.588931   -40.131119  -115.344554
   36.063531     7.604866     7.178859    12.558729   -32.370178  -127.393484
   36.133601     7.534536     6.903082    12.635883   -36.822652  -120.284632
   36.273049     7.562333     7.095700    12.717461   -32.333903  -136.929855
   36.101738     7.578460     7.346607    12.661568   -40.088731  -111.297628
   35.633687     7.285815     7.150697    12.591950   -33.776316  -118.735595
   36.409867     7.700687     7.128475    12.774256   -53.563793  -123.297294
   35.950559     7.602695     6.974554    12.530822   -46.321748  -119.591170
   36.195724     7.554259     7.433700    12.812932   -50.547729  -129.635107
   36.178389     7.325831     7.246178    12.842792   -22.478974  -139.081829
   36.541000     7.627715     7.407706    12.821545   -24.595174  -136.111143
   36.553637     7.506558     6.972834    12.818868   -15.497002  -137.800769
   36.229094     7.514497     7.110402    12.732345   -34.543131  -126.733317
   36.141921     7.712591     7.161582    12.601887   -53.252569   -98.977538
   36.411882     7.622653     7.069022    12.780876   -37.675745  -139.711389
   36.116693     7.401838     7.281396    12.824935   -42.417134  -120.473935
   35.926565     7.296033     7.408056    12.770386   -29.578269  -123.411400
   36.237142     7.493623     6.963766    12.769152   -36.377817  -142.100859
   36.524974     7.777002     7.474691    12.757321   -38.026608  -129.272461
   35.931432     7.296984     6.960883    12.755936   -40.652113  -110.524911
   36.133000     7.485594     6.995066    12.676763   -31.868550  -132.093374
   36.761567     7.737378     7.477217    12.964209   -38.954072  -135.240410
   35.927236     7.646636     7.275026    12.481903   -36.808666  -124.046488
   36.189898     7.658030     7.251417    12.636182   -36.490812  -139.134888
   36.049547     7.680429     7.292944    12.553219   -44.034578  -117.366718
   36.186179     7.573543     6.941842    12.661016   -40.990161  -124.802135
   36.317480     7.496464     7.024923    12.708035   -15.792813  -141.263766
   36.212243     7.680109     7.399075    12.653309   -37.872773  -135.627023
   36.230390     7.566644     6.895270    12.695049   -40.674697  -132.513216
   36.124690     7.660612     7.327733    12.594971   -39.325534  -116.974239
   36.709699     7.760509     7.014280    12.886079   -58.298316  -109.275527
   36.575566     7.880861     7.369402    12.692029   -42.716552  -123.579877
   36.265684     7.681086     7.618015    12.738305   -46.906341  -112.193642
   35.979378     7.474741     7.510483    12.738984   -47.012842  -125.431342
   36.434595     7.662415     7.209252    12.681513   -21.856359  -137.168288
   35.952485     7.682503     7.481631    12.589268   -58.239865  -109.553440
   35.939318     7.327071     7.236138    12.789335   -45.030548  -117.530494
   36.303363     7.712860     7.385679    12.666842   -37.915160  -130.210582
   36.232342     7.566898     7.180167    12.716504   -39.167923  -120.103277
   36.301023     7.710078     7.410605    12.662138   -34.270240  -135.676136
   36.243162     7.856555     7.146297    12.446747   -35.221390  -124.682010
   36.429615     7.702075     7.192203    12.719190   -36.175867  -134.453306
   35.989945     7.616477     7.129935    12.592499   -49.413292  -131.985645
   36.163565     7.573263     7.355357    12.760157   -52.822869  -112.999880
   36.544595     7.639546     7.357270    12.923796   -49.397910  -121.097223
   36.162560     7.456974     7.124328    12.821225   -48.420333  -130.998978
   36.194372     7.620733     7.181996    12.706856   -48.846374  -128.885338
   36.365637     7.592806     7.003836    12.843603   -59.932447  -110.747264
   36.358085     7.687657     6.776071    12.674801   -52.499184  -109.471089
   36.139667     7.616996     6.870173    12.606709   -46.391408  -117.264244
   36.388224     7.750214     7.049654    12.670296   -48.101203  -121.261708
   36.309539     7.688357     7.177952    12.647374   -37.956289  -121.452280
   36.109471     7.523444     6.968424    12.666600   -42.425964  -115.240851
   36.886039     7.795488     7.351009    12.851855   -27.174678  -124.618124
   36.291810     7.686082     7.279506    12.714332   -50.350378  -116.036069
   36.140794     7.711016     7.123873    12.540999   -40.159212  -126.294442
   36.435616     7.610058     7.018478    12.806720   -44.553481  -124.452672
   35.924603     7.701591     7.041869    12.422904   -41.680690  -118.735705
   36.036061     7.761022     7.204471    12.461792   -43.128735  -119.394606
   36.001199     7.694377     6.987014    12.421598   -31.922791  -128.281631
   35.961784     7.421923     7.002820    12.733116   -55.562503  -109.313960
   36.251959     7.573452     7.149525    12.767839   -46.610541  -130.079826
   36.641503     7.602144     7.102506    12.956409   -45.141615  -122.804844
   36.584813     7.723346     7.224587    12.811924   -43.879972  -117.574304
   35.906712     7.594385     7.437067    12.581563   -44.998816  -129.732703
   36.217766     7.517844     6.949470    12.708351   -37.596259  -116.389319
   36.378642     7.515669     7.092514    12.841412   -40.593060  -116.424816
   35.706667     7.519031     7.538869    12.570175   -50.435644  -103.784165
   36.308219     7.600754     7.270342    12.718245   -33.529346  -124.042572
   36.404827     7.589837     7.029364    12.848453   -54.562304   -97.383045
   36.361676     7.715911     7.111946    12.677655   -44.318564  -122.748342
   36.307475     7.543636     6.863112    12.653497   -22.687503  -104.859209
   36.404168     7.568554     7.153803    12.939251   -64.057462   -88.581131
   36.126415     7.946211     7.170587    12.405662   -56.154911   -90.239059
   36.146206     7.543033     6.974946    12.650149   -37.723827  -112.610242
   36.167017     7.763439     6.920485    12.402783   -25.080810  -126.823115
   36.291779     7.551134     6.921821    12.735053   -41.471970  -115.142751
   36.180048     7.663785     6.961251    12.523579   -30.113877  -120.007180
   36.395913     7.583209     6.945573    12.790428   -44.580009  -120.426453
   36.313962     7.564727     7.000938    12.787858   -48.878209  -119.088432
   36.178091     7.451767     6.989797    12.772160   -41.980900  -111.728094
   36.524324     7.672050     6.978496    12.729512   -28.111413  -139.008114
   35.787843     7.661120     7.333673    12.476943   -52.179989   -99.316389
   36.050910     7.674307     7.151559    12.554027   -47.451344  -116.029470
   36.591862     7.556321     7.174561    12.959526   -42.563931  -119.757635
   35.682469     7.511018     6.953292    12.459388   -46.473187  -119.745749
   35.989478     7.686436     7.108314    12.424400   -28.155507  -131.941422
   36.438409     7.798628     7.130020    12.677295   -45.986664  -131.313524
   36.084977     7.554379     7.136577    12.681260   -49.114416  -116.102716
   35.944286     7.511913     6.978800    12.537117   -30.095243  -132.909178
   35.900600     7.664609     7.342006    12.494446   -44.213208  -120.281449
   36.357957     7.409655     7.010416    12.863736   -30.293647  -121.122971
   36.038133     7.461572     6.950312    12.688440   -44.630991  -121.858752
   35.859763     7.675423     7.067916    12.482872   -55.965216  -120.406225
   36.327436     7.728269     7.406436    12.725941   -50.505523  -121.638623
   36.670122     7.631807     7.088189    12.970203   -53.057289  -108.611903
   36.281248     7.519921     7.116511    12.808761   -41.954681  -133.368927
   36.026347     7.668183     7.324394    12.616416   -57.619349  -107.321313
   36.290839     7.590796     6.950731    12.744275   -48.719476  -121.353225
   35.892651     7.412668     7.117472    12.674638   -45.964298  -120.420687
   36.328340     7.793475     6.966823    12.620298   -52.945199  -127.175172
   36.022240     7.633238     7.093833    12.532540   -36.161615  -137.315970
   36.262661     7.601205     7.564279    12.791915   -43.866199  -125.057378
   35.764828     7.493696     7.116011    12.523319   -42.933412  -121.435572
   36.445681     7.609229     7.274115    12.905441   -57.242079  -107.726314
   36.187272     7.349583     7.090651    12.903874   -46.205481  -119.226892
   36.556112     7.610906     7.350874    12.979483   -55.111002  -114.582794
   36.243568     7.671568     7.171933    12.672857   -45.873031  -127.685149
   36.263659     7.714417     7.288612    12.667098   -44.781182  -131.623897
   35.896678     7.693525     7.058706    12.448379   -47.086894  -125.440237
   35.608686     7.347038     7.165912    12.552391   -39.941297  -118.211670
   36.361475     7.607568     7.536275    12.842472   -44.037653  -124.608732
   36.194379     7.542143     7.372369    12.821255   -50.283128  -134.627230
   36.358527     7.539266     7.214518    12.848242   -43.425566  -124.784166
   36.567627     7.653914     6.809018    12.777282   -39.083399  -125.101908
   36.476505     7.670427     6.709865    12.746765   -51.988017  -115.146772
   36.121424     7.411492     7.273292    12.702704   -14.458820  -142.997614
   36.303249     7.587251     7.434363    12.755188   -34.992186  -114.078211
   36.903859     7.637944     7.380400    13.114097   -45.220241  -109.377189
   36.814468     7.675089     7.394151    13.090846   -54.577008  -113.733027
   36.301477     7.507400     7.172546    12.751253   -27.216284  -125.175154
   36.447896     7.508186     7.011469    12.884832   -40.682866  -123.686523
   36.421533     7.635081     7.151939    12.722166   -31.774865  -121.264804
   36.326685     7.619907     6.897052    12.691983   -42.037393  -101.371402
   36.367362     7.604554     7.267234    12.777637   -40.304072  -110.047629
   35.962825     7.587793     7.103457    12.353904     2.910910  -131.231129
   36.134040     7.594870     7.436547    12.549414   -11.513062  -115.329753
   36.141126     7.668775     7.093060    12.615246   -44.105295   -84.043199
   36.234453     7.834805     7.261758    12.411505   -21.567645  -100.141528
   36.044657     7.614127     7.157462    12.425165    -7.923874  -128.657382
   36.196136     7.533174     7.160868    12.639643   -19.160056  -105.281595
   36.416934     8.046419     7.267166    12.385957   -36.556919  -114.545889
   36.535842     7.562997     7.281586    12.977679   -51.219198  -114.255949
   36.474272     7.839345     7.471440    12.604137   -29.707077  -116.666306
   36.043356     7.423395     7.316383    12.737553   -31.428699  -103.091715
   36.304410     7.703130     7.433766    12.663652   -37.345261  -111.354510
   36.163881     7.717981     7.265968    12.461626   -18.649045  -111.419270
   36.279433     7.514938     7.221614    12.689513   -15.818010  -135.401956
   36.202383     7.622426     7.255371    12.638347   -33.125180  -128.536005
   36.258448     7.839987     7.358915    12.495398   -34.468868  -120.838436
   36.461761     7.508617     7.288315    12.752411    -8.216100  -120.301831
   36.727577     7.764885     7.064257    12.592587    -1.931068  -136.331440
   36.068354     7.773927     6.948374    12.402878   -36.807999  -101.398209
   35.641782     7.377734     7.298028    12.499610   -23.095120  -135.185209
   36.090752     7.776531     7.346678    12.502873   -43.860965  -101.701206
   36.008416     7.573763     6.920896    12.624528   -49.601380   -84.423191
   36.376895     7.633723     7.041849    12.786682   -50.562558   -85.751257
   35.932138     7.479254     7.434727    12.633231   -31.921610  -113.363645
   36.354040     7.833379     6.911159    12.461987   -33.056929  -104.141615
   36.417036     7.904103     7.348896    12.561076   -42.332105  -115.477687
   36.205362     7.644487     7.043455    12.625464   -39.704227  -129.933089
   36.102913     7.575855     6.897721    12.667265   -52.131400   -90.556336
   35.921844     7.372247     7.286352    12.817938   -57.471914   -95.342375
   36.337127     7.506332     6.939409    12.765676   -33.442918  -117.138431
   35.929928     7.645804     7.213853    12.412246   -21.535222  -115.056500
   36.382752     7.781532     7.259049    12.547754   -25.955572  -110.210702
   36.663357     7.713679     6.861461    12.704321   -25.905769  -125.412576
   36.437525     7.645831     7.475169    12.821035   -41.687334  -101.218087
   36.282751     7.777195     6.978033    12.530122   -41.066721  -112.238899
   35.836698     7.526870     7.322819    12.523350   -33.071730  -125.127501
   36.750743     7.729708     7.197675    12.871186   -41.107587  -108.331061
   36.285144     7.532352     7.267411    12.707719   -22.143957  -125.791516
   36.393809     7.647006     6.892214    12.559010   -12.110221  -134.000681
   36.408156     7.840341     7.005323    12.545502   -40.457640  -118.010816
   36.476900     7.636334     7.392821    12.820877   -37.700929  -118.393946
   36.355808     7.655783     7.182040    12.748788   -44.482573  -128.226095
   36.204878     7.577336     7.211543    12.776528   -56.417491  -113.199652
   36.353739     7.655753     7.526040    12.808395   -48.389063  -117.223238
   36.127039     7.560287     7.257422    12.770900   -60.438940  -103.983326
   36.025336     7.525004     7.296709    12.658791   -40.767543  -118.476233
   36.418492     7.608543     7.065601    12.733057   -25.156417  -143.760752
   36.391529     7.762173     7.403424    12.659473   -37.183436  -120.221812
   36.368554     7.713495     7.271440    12.719195   -46.989048  -118.891333
   36.387225     7.692465     7.425713    12.804316   -52.075851  -120.965562
   36.498897     7.585663     7.079806    12.900148   -43.191433  -138.523310
   36.263378     7.596009     7.431163    12.771312   -43.798060  -121.275849
   36.427227     7.644169     6.821868    12.759536   -48.286213  -125.918579
   36.584949     7.832001     7.011725    12.663186   -38.568263  -129.659189
   36.537853     7.390381     7.026413    13.026101   -35.556797  -125.042520
   36.486823     7.701849     7.362229    12.835217   -50.676969  -118.271327
   36.212950     7.669412     6.885330    12.564646   -38.074449  -120.796734
   36.223605     7.739874     7.063564    12.656188   -63.563945  -110.938655
   36.186503     7.627757     7.212867    12.700541   -47.628313  -132.313780
   36.697030     7.733137     7.147667    12.929316   -52.506465  -126.844571
   36.114559     7.643523     7.079621    12.621388   -50.996173  -114.678523
   36.265541     7.640005     7.381419    12.777548   -55.410856  -110.495802
   36.689507     7.776624     6.708448    12.637336   -26.088466  -130.951615
   36.267308     7.516648     6.996944    12.770717   -42.773139  -116.718415
   36.534769     7.760929     7.059159    12.722769   -46.134236  -110.407094
   36.523577     7.860358     7.142289    12.719192   -53.926716  -130.571686
   35.900495     7.555001     7.160697    12.598711   -53.279267  -110.921175
   36.511223     7.630304     7.019047    12.901050   -59.029269  -115.410788
   36.520358     7.824876     7.212999    12.718860   -47.983121  -126.831316
   36.067133     7.430116     7.294523    12.820925   -49.482266  -134.283123
   36.984196     7.896195     7.202485    12.921591   -41.408472  -136.136935
   36.133142     7.601181     7.182803    12.664118   -46.556287  -118.159779
   35.874280     7.554243     7.612196    12.640365   -46.555473  -136.391573
   36.213631     7.561173     7.286176    12.739496   -41.944795  -118.405626
   35.787107     7.309266     7.200568    12.645313   -28.318119  -138.173374
   36.556456     7.687601     7.227152    12.826325   -43.140845  -119.076073
   36.061627     7.501448     7.217127    12.691139   -40.533385  -127.478534
   35.837809     7.500410     7.407908    12.594770   -40.267338  -131.476540
   36.396141     7.708693     6.822550    12.623064   -36.299440  -130.134011
   36.363522     7.649284     6.942423    12.696092   -39.949279  -128.282610
   36.168862     7.610974     7.154964    12.675214   -45.516678  -126.662793
   36.591130     7.750041     7.274791    12.796382   -35.842035  -138.327547
   36.085733     7.802284     7.238022    12.409903   -28.440261  -138.611654
   36.522076     7.574817     6.875435    12.852411   -42.195848  -122.811856
   35.953419     7.468284     6.959208    12.638961   -45.618981  -112.843891
   36.474780     7.654952     7.102412    12.754534   -30.852126  -139.468838
   36.670612     7.893821     7.133965    12.702985   -44.338733  -124.716912
   36.789487     7.737931     7.148689    12.984620   -50.338296  -131.935521
   36.233503     7.539492     7.130085    12.809467   -49.695735  -135.048103
   36.222443     7.657039     7.191022    12.725249   -58.370972  -115.507805
   36.485795     7.590543     7.055834    12.930437   -59.128490  -116.644358
   36.161522     7.542521     6.931645    12.660842   -37.451311  -130.273466
   36.862546     7.834442     7.524854    12.952153   -44.941689  -120.848912
   36.482966     7.686810     7.124872    12.803163   -46.841068  -128.394490
   36.470911     7.695636     7.133200    12.745381   -35.881694  -137.342070
   36.179180     7.737437     7.199932    12.571249   -45.527205  -119.748631
   36.335191     7.684900     7.235713    12.716769   -45.900661  -121.729698
   35.660361     7.367437     7.292254    12.663354   -59.247550  -118.729142
