   36.990141     7.889705     6.950437    12.893942   -52.879869  -116.537151
   37.228861     7.806619     6.768306    13.070908   -48.258707  -130.350886
   37.010799     7.849440     7.189642    12.970735   -42.632841  -129.978143
   37.332918     8.006517     6.972941    12.939315   -41.068342  -128.977916
   37.402619     7.883146     7.054335    13.052399   -25.665058  -140.613295
   37.424789     8.116174     7.098989    12.878914   -37.136886  -126.675052
   37.512387     8.106483     7.171306    13.028209   -47.369298  -121.924027
   37.077560     7.941292     7.199298    12.894694   -43.373479  -118.611888
   37.168910     7.832267     7.382389    13.135278   -46.191116  -122.079346
   37.330017     7.942851     7.173170    13.091761   -48.900626  -120.351597
   37.176999     7.951438     7.068754    12.988702   -47.462755  -133.705119
   36.962155     7.891702     6.689308    12.723673   -36.940741  -125.976757
   37.129967     7.953057     7.210326    12.986889   -54.393655  -114.925950
   37.022366     7.849544     7.040303    12.963675   -49.789273  -119.307968
   37.139628     8.079739     6.981662    12.787757   -46.212030  -129.957710
   36.098852     7.352974     7.181208    12.871450   -47.811666  -126.796834
   37.304311     7.655419     6.784603    13.187709   -40.710279  -120.145227
   37.197280     7.693256     6.894157    13.138103   -39.165734  -127.995754
   37.264721     7.908731     6.961482    13.094291   -65.806610  -102.614139
   37.166422     7.873100     7.022132    12.969905   -39.035292  -126.934263
   37.175759     7.626553     6.945676    13.193346   -40.441809  -120.387769
   36.767498     7.820540     7.194491    12.810378   -34.333884  -136.593571
   37.164250     7.993329     7.068863    12.871840   -40.984412  -127.328572
   37.310543     7.846676     7.226980    13.107791   -33.664294  -130.973357
   37.118648     7.737600     7.088363    13.092494   -44.282682  -113.374382
   37.264450     7.906085     6.992671    12.929928   -27.744730  -135.882743
   37.309172     7.979266     7.023840    12.917308   -36.240017  -124.359168
   37.139702     7.776710     7.124539    13.015283   -28.135462  -134.363892
   36.806061     7.685849     7.354294    12.995145   -43.610963  -112.393582
   36.786579     7.709113     6.981966    12.929188   -43.290424  -130.663146
   37.254040     7.635954     6.780597    13.134972   -32.234161  -126.448431
   37.163850     7.971457     7.349974    13.039156   -53.762124  -121.094664
   37.408733     7.911362     7.321375    13.122975   -32.858098  -130.620263
   37.124426     7.794634     6.975638    13.073064   -45.177552  -133.293194
   36.629151     7.479972     7.179033    13.022871   -37.366682  -118.153813
   37.162824     7.936105     7.058396    12.948309   -50.221213  -111.627273
   37.041803     7.847230     6.856361    12.848257   -40.562349  -110.830782
   36.929784     7.717812     6.812829    13.008062   -47.954651  -135.040353
   37.554467     7.953194     6.902217    13.080871   -39.234849  -126.392185
   37.207654     7.867496     7.246609    13.123488   -50.428629  -121.695536
   37.383889     7.684521     7.192332    13.160919   -14.108589  -134.215891
   37.039111     7.828351     6.985564    12.933621   -49.378216   -98.015871
   37.358462     7.875319     7.046015    13.123018   -56.436860   -95.338887
   37.313447     7.809723     6.853218    13.095878   -49.225738  -109.347398
   37.167407     7.797997     7.060075    13.012530   -32.400762  -129.174987
   36.929874     7.790609     7.017488    12.865719   -38.483484  -110.684390
   37.380658     7.527075     6.898674    13.215592   -24.350120   -99.471877
   37.437724     7.776464     7.089016    13.123756   -32.669739  -104.953739
   36.889617     7.522838     7.348776    13.153204   -36.058702  -109.683866
   37.800629     8.145015     7.126841    13.102521   -58.733667   -86.909131
   37.480755     7.813517     6.823819    12.952332   -22.174652  -106.567101
   37.171564     7.720710     6.875965    12.899105   -14.872263  -124.889702
   36.708921     7.700154     7.327496    12.819602   -27.923990  -112.451087
   37.004582     7.651024     6.839225    12.953452   -25.484587  -126.745717
   37.094454     7.690363     7.096340    12.867784    -7.981615  -118.465955
   37.387402     7.741916     6.994777    13.224211   -47.999181  -104.620508
   36.969286     7.798407     7.221555    12.804678   -20.084997  -119.364265
   37.137691     7.993129     7.430476    12.944264   -50.104230  -101.033070
   37.248133     7.884591     7.362459    12.929857   -27.779438   -98.235240
   37.506922     7.844076     7.117604    13.130297   -35.631067  -106.817521
   37.115616     7.636175     6.924245    13.086268   -35.605136  -110.975526
   37.620964     7.919865     6.881593    13.016227   -19.135885  -135.956529
   37.145444     7.936313     7.037781    12.848969   -34.446070  -123.047008
   37.288134     7.773011     7.213975    13.175570   -41.559087  -115.820668
   36.932647     7.698766     7.031750    12.900879   -27.899394  -117.486908
   37.272215     7.879452     7.208191    13.032872   -35.479796  -123.223696
   37.377176     7.879953     6.914518    13.007370   -32.112252  -127.382297
   36.895358     7.690442     6.669047    12.860801   -30.942268  -133.248967
   37.084026     7.908814     7.147619    13.025924   -53.953458  -129.753923
   37.646911     7.999640     7.196340    13.236583   -49.649246  -118.385388
   37.328147     7.918296     7.158608    13.109366   -51.369919  -113.768846
   37.452101     7.836174     6.919879    13.156430   -39.649012  -128.559079
   36.762384     7.803286     6.985690    12.836464   -51.556214  -113.340117
   37.512180     8.131091     7.198486    13.043413   -45.552084  -136.029063
   37.407002     8.009821     6.876002    12.997402   -44.749581  -137.088043
   37.448462     7.830153     6.762087    13.041116   -34.453269  -120.501365
   37.439820     8.010102     7.147650    13.066892   -45.498859  -122.959458
   37.188197     7.878635     7.153312    13.032853   -35.079279  -142.885941
   37.185654     7.655237     7.090130    13.245229   -45.234649  -121.699917
   37.131601     7.751015     7.135312    13.161102   -49.322734  -123.363938
   37.166303     7.700142     6.964199    13.153322   -49.201378  -108.949810
   37.122795     7.721861     6.900317    13.026280   -32.681792  -129.556277
   37.256827     7.817029     7.011385    13.029926   -35.194814  -120.512731
   36.935182     7.620806     7.384289    13.116147   -37.318022  -119.562320
   37.142485     7.682179     6.916388    13.024119   -33.053393  -106.539224
   37.035994     7.775013     7.514447    13.044121   -34.198877  -121.541941
   37.013530     7.778745     7.326510    13.011696   -35.186741  -128.736375
   37.227803     7.637863     7.313654    13.231862   -30.867014  -121.389979
   37.356099     7.867928     6.968166    13.097318   -46.213019  -116.718113
   37.170244     7.817766     7.193635    13.022293   -36.082985  -120.013039
   37.418839     7.982844     6.917747    12.847767   -16.537682  -141.265962
   37.242261     7.902258     6.775188    12.867465   -36.984833  -116.303861
   36.982889     7.603513     7.022240    13.091830   -38.187580  -115.203831
   37.585729     8.126503     7.202040    13.036783   -56.184263   -95.555553
   37.166282     7.936099     6.956831    12.873824   -40.309062  -119.298806
   36.777287     7.666575     7.562506    12.958966   -30.918103  -114.422384
   37.123233     7.719961     7.498595    13.195717   -43.928996  -109.858081
   37.059892     7.819739     7.160028    12.923497   -38.865855  -100.826516
   37.231384     8.000416     6.861923    12.800840   -43.410043  -105.456749
   37.169274     7.856506     6.775728    12.926761   -47.687257  -106.951488
   37.100819     8.009600     7.235740    12.716537   -29.345723  -107.036809
   37.009305     8.038295     7.136249    12.716182   -43.014210  -109.576651
   37.456473     8.073252     7.485685    13.075165   -45.219755  -112.374149
   36.995720     7.842376     6.728892    12.777737   -35.962649  -117.815728
   37.611971     8.098306     7.365431    13.003677   -25.001062  -128.864863
   37.016645     8.027081     7.238156    12.776940   -38.522424  -128.571750
   37.620854     8.098301     7.071516    12.952149   -23.496204  -141.763802
   37.269848     8.023524     6.984550    12.869974   -45.435699  -113.145360
   37.163210     8.175125     7.197346    12.722794   -44.356221  -120.436905
   37.346844     7.910763     7.077402    13.061251   -42.144509  -121.083941
   37.174206     8.056196     7.080962    12.802989   -36.677026  -133.018246
   37.409781     8.006658     7.024872    13.033098   -46.201036  -126.844121
   36.862741     7.979330     7.189208    12.780826   -53.383614  -114.291230
   37.481569     8.106792     7.170817    12.937091   -33.500249  -132.471943
   37.586210     8.220272     7.182663    12.874677   -39.871638  -115.848325
   36.832419     7.927550     7.009469    12.685058   -39.061745  -116.342371
   37.272375     7.969883     7.145159    12.948927   -40.128235  -119.058640
   37.081421     7.965635     7.071626    12.825083   -41.119507  -118.505244
   37.409552     8.083231     6.895567    12.851643   -41.929585  -118.492732
   37.345862     8.090004     6.878135    12.859322   -52.225130  -112.934670
   37.442483     8.044928     7.299656    13.058536   -46.195057  -116.477669
   37.503316     8.098714     7.320626    13.071270   -46.248768  -122.882011
   37.016420     7.905265     6.764082    12.745868   -34.481158  -126.734019
   37.252803     7.995768     7.155433    13.013204   -59.888100  -103.418397
   37.273829     7.857191     6.918800    12.941481   -34.629725  -111.344945
   37.013826     7.866452     6.923091    12.773192   -25.937425  -129.838444
   37.651532     8.147232     7.045772    13.027929   -43.387164  -130.875634
   37.352659     7.989192     6.930223    12.999425   -49.612607  -122.911792
   37.391820     7.974301     7.123252    13.109905   -54.782011  -114.683997
   37.299974     8.152697     7.150587    12.716593   -28.778686  -126.694009
   37.433152     8.161620     7.094191    12.827007   -38.654919  -121.165000
   37.447078     8.136941     6.969552    12.851019   -39.364687  -127.842355
   36.867368     7.959312     6.887811    12.740791   -55.270101  -112.848228
   37.203655     8.058951     6.967023    12.764308   -36.149871  -127.635838
   37.551137     7.937624     6.838231    13.046845   -38.038194  -121.414704
   37.428987     8.025913     7.180340    12.824644    -9.959751  -139.544970
   37.146204     7.806976     7.253856    13.006982   -27.552526  -132.646648
   37.334590     7.916712     6.912117    12.844141   -16.124087  -135.833710
   37.546285     7.980872     6.901495    12.918361   -18.894461  -136.247383
   37.240591     7.815508     6.883461    12.942077   -27.218032  -125.576365
   36.855475     7.920450     7.155343    12.702593   -25.553608  -137.753663
   36.953600     7.896364     7.226139    12.831465   -35.138742  -125.966467
   36.996940     7.477864     6.969596    13.109444   -22.988456  -116.313055
   37.182306     7.818832     7.329075    12.982397   -23.911589  -126.001379
   37.360856     7.948964     6.949063    13.005956   -53.791840   -97.418657
   37.270713     7.633655     7.109779    13.217040   -29.796676  -125.052913
   37.267894     7.919407     6.659035    12.808824   -35.136426  -115.086947
   37.572369     8.113279     6.972848    12.965836   -45.519673  -117.819779
   37.672317     8.244468     7.125089    12.960962   -52.812332  -109.757187
   37.377509     7.904488     6.942138    13.010928   -35.487206  -125.458887
   37.158216     7.862300     7.304314    12.774434    -6.268180  -122.967165
   37.319440     8.017935     7.293030    12.821412   -28.154174  -101.184346
   37.319990     8.099986     7.163627    12.894879   -44.753007  -122.425038
   37.623151     8.051356     6.771290    12.987696   -44.529846  -120.384221
   37.076801     7.906253     6.910938    12.865858   -43.791342  -119.778851
   37.421604     8.017894     6.913318    12.873298   -25.102593  -139.474283
   37.372704     8.071667     6.847034    12.854909   -46.832292  -115.916084
   37.282252     8.063136     7.198353    13.019370   -53.192077  -134.647155
   37.080902     7.996875     7.296916    12.874511   -42.298921  -124.274298
   36.988904     8.092951     7.294893    12.660296   -30.561340  -130.610738
   37.234448     8.100149     7.139199    12.837607   -44.267434  -124.316074
   37.014910     8.097405     7.351152    12.733994   -37.536238  -130.148550
   37.394077     8.014724     7.103128    12.980034   -41.102573  -120.914395
   37.182793     7.908074     7.346599    12.996215   -37.424022  -122.859411
   37.279340     7.787243     6.956047    13.057253   -37.465461  -114.260445
   37.358333     7.896552     6.870029    13.005544   -39.357093  -122.507677
   37.361012     7.699903     6.852559    13.223228   -47.688333  -111.234157
   37.653530     8.262905     7.267520    12.982823   -49.058244  -119.454725
   37.241936     7.780791     7.181209    13.203589   -44.255669  -132.096238
   37.231180     7.923566     6.963025    13.042509   -55.933793  -121.032882
   37.058251     7.667398     6.859944    12.964718   -25.918810  -122.499707
   36.987769     7.927780     7.039862    12.677811   -28.544338  -100.570915
   36.831307     7.919786     7.452866    12.796954   -42.697673   -74.482673
   37.238327     7.955632     6.914952    12.820311   -43.229862   -82.432347
   36.849159     7.875110     7.316281    12.651701   -17.095009  -100.257519
   37.264748     7.690891     7.076877    13.116846   -28.171306  -119.173280
   37.266202     7.752758     7.117501    12.979437   -23.863546   -96.629163
   37.452053     7.728806     6.929152    13.111868   -21.610617  -125.003300
   37.141895     7.736211     7.169380    13.027132   -32.615188  -109.623721
   37.349531     7.846560     6.950116    12.903383   -26.742729   -98.296703
   37.424144     8.005936     6.821439    12.847776   -34.530828  -114.176034
   37.136136     7.803797     7.173846    13.040674   -37.644533  -125.475703
   37.064034     7.776848     7.173306    13.004816   -42.895473  -103.017603
   37.420056     7.866487     7.122339    13.052086   -36.490457  -102.621707
   37.391296     8.078351     7.270158    12.930256   -49.351628   -89.848362
   37.329501     7.821359     7.317876    13.060738   -30.209774  -106.556202
   37.185442     7.870364     7.318369    13.024203   -45.279954   -98.468625
   37.425597     8.185348     7.057223    12.776574   -44.845337  -103.592358
   36.580101     7.783820     7.111324    12.804706   -56.018379  -118.758138
   36.890005     7.862485     7.364514    12.775000   -24.705774  -123.903947
   37.284655     7.937732     7.377312    12.866893   -15.266822  -124.447325
   36.842334     7.827265     7.289136    12.803286   -33.692812  -112.288996
   37.364769     8.042503     6.751031    12.817169   -43.036239  -114.196629
   37.749310     8.094447     7.250974    12.919047   -17.512301  -112.101594
   37.264363     8.001558     6.668360    12.647113   -24.305603  -114.785197
   36.889728     7.703594     6.754531    12.785418   -25.220624  -111.510506
   37.727624     8.049733     6.843938    13.020890   -40.660303  -113.166085
   37.419515     8.222794     7.241128    12.860051   -57.044602   -95.795516
   37.449943     7.963623     7.231573    13.073756   -45.596868  -102.644011
   37.068893     7.943901     7.020986    12.730586   -27.789526  -119.297435
   37.278255     7.968215     7.191151    12.778254   -12.496434  -129.628236
   37.824155     8.269455     7.257976    12.963654   -42.393672  -103.994808
   37.687914     8.126840     7.302876    12.975144   -31.365053  -109.456097
   37.277075     7.796802     7.276210    12.966266   -14.445062  -123.990944
   37.355303     7.964608     7.019202    12.818263   -19.867776  -122.740887
   37.327005     7.867423     6.871752    12.934916   -35.062362  -106.393079
   37.523258     8.105172     7.154946    12.845940   -33.822823  -100.934264
   36.913921     7.916731     6.982575    12.782137   -40.204394  -130.975459
   37.425133     7.904122     7.280673    13.184417   -54.847742   -93.965128
   37.261560     8.086923     6.901041    12.799885   -39.017559  -137.027858
   37.162436     7.969936     7.365275    12.887457   -37.032497  -110.082955
   37.442208     8.007466     7.389143    12.954810   -24.045667  -120.416702
   37.133482     7.863140     7.435649    12.977222   -37.558917   -98.249211
   37.324508     7.831920     7.118318    12.922963   -12.673369  -129.005553
   37.455637     7.965120     7.182197    13.004510   -22.734237  -138.254874
   37.441762     8.090531     7.282570    12.866153   -29.936474  -114.618070
   37.297304     8.014587     7.193934    12.791960   -20.081171  -125.903738
   37.131334     7.911267     7.436939    12.940127   -36.404288  -109.836470
   37.107272     7.989008     7.057203    12.673982   -23.222028  -116.985095
   36.941012     7.915024     7.461316    12.902140   -49.065377  -101.032390
   37.202421     7.684443     7.161795    13.088882   -29.087893  -110.206993
   36.876185     7.690892     7.342270    12.962197   -34.415352  -106.150884
   37.074577     7.913257     7.285451    12.898868   -37.732396  -118.746932
   36.687077     7.780830     7.377178    12.745440   -26.610746  -121.606716
   37.024057     7.865325     7.354678    12.847372   -29.625930  -107.696041
   37.489075     8.072040     7.300622    12.987871   -43.252256  -102.660548
   37.039764     7.808683     7.245329    12.911768   -29.171490  -120.792781
   37.120045     7.567145     7.282182    13.141897   -22.749810  -107.950852
   37.378586     7.979017     7.224415    12.978110   -25.891684  -137.547232
   37.008211     7.901078     7.469592    12.931939   -45.943587   -96.533239
   37.297012     7.770898     7.340348    13.149795   -30.016442  -124.196564
   37.365326     7.802634     7.104981    13.172286   -46.526298  -105.516705
   36.826808     7.870297     7.182914    12.729494   -35.422587   -99.990907
   37.135124     7.809110     7.421762    13.088979   -46.053049   -98.481815
   37.229529     7.971987     7.528555    12.879961   -23.622484  -112.662932
   37.278732     7.778123     7.380380    13.081098   -25.062595  -117.887952
   37.416253     7.870728     7.200011    12.982167   -13.948121  -132.303992
   37.109265     7.746579     7.189763    12.978543   -18.819296  -137.585546
   37.322310     7.931180     7.304617    12.923280   -15.928463  -135.711248
   37.174805     7.922645     7.347562    12.914828   -19.598154  -143.905156
   37.334793     7.922412     7.136612    13.065320   -34.644063  -140.805316
   37.550356     8.020890     7.193088    13.036922   -23.754472  -143.295188
   37.509281     8.114850     7.068785    12.976555   -45.183069  -124.290258
   37.070911     7.985109     6.954507    12.868514   -57.845021  -113.003390
   36.884882     7.769505     7.262055    12.970938   -40.638486  -130.776518
   37.463456     7.955086     7.025176    12.977615   -23.349560  -137.742503
   37.036474     7.875320     7.159019    12.943924   -42.624535  -126.480262
   37.457476     7.710305     6.969573    13.208292   -24.382623  -137.178499
   37.164629     7.877860     7.361235    12.866553   -16.845944  -126.006968
   37.252510     7.874915     7.322166    13.050565   -23.949158  -146.979033
   37.296264     7.706077     6.915054    13.191548   -39.130260  -129.166731
   37.360147     7.875370     7.017347    12.999189   -21.561960  -142.762577
   37.188648     7.781700     6.788985    13.066189   -43.859766  -136.340336
   37.119249     7.842598     7.186346    13.043054   -52.499563  -103.150053
   37.428338     8.005940     7.078845    13.121349   -55.128411  -125.496821
   37.282560     7.675604     6.868715    13.204886   -37.598827  -135.671416
   37.032272     7.765895     6.861967    13.011094   -45.963656  -130.106498
   36.803224     7.696436     6.977694    12.945119   -38.681488  -139.660679
   36.988911     7.753177     7.136198    13.103696   -50.438227  -133.779615
   36.743374     7.638193     7.211850    12.929798   -27.715112  -138.304700
   37.301028     7.860726     6.777437    13.051776   -45.086395  -135.177490
   37.580413     8.154193     6.972341    13.078179   -67.075816  -118.504892
   36.836229     7.797221     7.507790    13.012572   -53.295164  -117.279011
   37.313830     8.165388     7.246630    12.690225   -21.660559  -128.340525
   37.249404     7.782719     6.713519    12.933391   -29.839656  -120.650045
   37.264176     7.825166     7.081393    13.035851   -33.776102  -121.959561
   37.038847     7.720132     6.863468    13.035592   -46.769163  -117.153775
   36.969747     7.818338     6.786963    12.880948   -53.158585   -98.987019
   37.215640     7.893887     7.030779    13.141933   -70.006120  -108.574644
   37.177284     8.037961     6.752830    12.720417   -42.731120  -115.226069
   36.844477     7.816065     7.042868    12.748250   -32.659426  -103.366172
   37.122504     7.736211     7.340942    13.102587   -41.339684   -99.911088
   37.392232     7.984698     6.931635    12.740745   -12.302993  -124.794663
   37.217618     7.904442     6.871633    12.883310   -38.543099  -113.308250
   37.126450     8.162594     6.987559    12.616728   -43.606993  -107.493436
   37.670164     8.052885     6.817765    12.938802   -36.651328  -111.585229
   37.291216     7.897926     7.326269    13.060796   -40.895832  -111.711582
   37.406805     8.103093     6.993417    12.843793   -41.601942  -114.608127
   37.170068     7.796240     6.916769    13.046924   -52.238492  -100.557864
   37.208470     7.841392     6.821540    12.880892   -34.599731  -105.990878
   37.181365     7.699405     6.961812    13.013868   -32.508805   -96.018527
   37.173184     7.718724     7.171716    13.054230   -25.248072  -126.559216
   36.651356     7.575777     6.905438    12.882141   -35.000860  -115.165042
   37.145643     7.784184     6.729224    12.855553   -28.826448  -112.957841
   37.508324     8.043137     7.005250    13.066597   -50.352896  -123.126293
   37.052215     7.853093     6.778468    12.830752   -36.232120  -124.752648
   36.939372     7.638440     6.806001    12.868338   -18.759888  -124.373856
   37.366204     8.015358     7.128813    12.995132   -41.392292  -127.895993
   37.262047     7.813532     6.767615    12.938947   -28.361353  -128.723133
   37.113092     7.713676     6.882244    12.938654   -26.464061  -114.918141
   36.935987     7.733827     7.303959    13.115348   -59.626905  -105.898170
   37.408199     7.730473     6.837130    13.083641   -22.612771  -130.529874
   37.084637     7.854303     7.057821    12.989979   -50.408306  -113.119609
   37.210842     7.997183     7.056774    12.793223   -29.025901  -124.879195
   37.255221     7.820808     6.790552    12.863379   -20.836277  -124.063097
   36.957304     7.647543     7.066874    13.018388   -33.562587  -119.600631
   36.866878     7.415744     6.999472    13.133053   -23.625183  -130.274207
   37.001759     7.938961     7.147034    12.816422   -38.889637  -122.041206
   37.462497     7.914560     7.074493    13.120825   -41.548205  -120.774118
   37.021165     7.921780     6.911161    12.903482   -58.069987  -116.998243
   36.799485     7.491413     7.213217    13.053042   -25.033123  -124.543434
   36.746055     7.635139     7.172622    12.885447   -25.787466  -127.158007
   37.473946     8.057557     7.253508    13.069597   -52.966657  -106.302706
   37.132605     7.646491     6.678655    13.047023   -39.125445  -115.014859
   37.449164     7.990675     6.971379    13.138796   -68.259666  -103.401274
   36.884603     7.805912     6.849753    12.821967   -35.567313  -134.368234
   37.134077     7.883809     7.171942    12.917720   -41.183199  -100.195575
   37.455794     7.738573     7.166633    13.151183   -19.187702  -125.179113
   37.304490     7.709706     7.106934    12.936027    -5.040557  -115.296727
   36.923278     7.927278     7.197387    12.817943   -50.981113   -76.078496
   37.255627     7.821804     7.100206    13.008676   -32.479510  -116.246267
   36.759841     7.595124     6.833534    12.867611   -27.430441  -118.516686
   37.342734     7.938410     7.141020    12.908052   -28.467063  -113.857466
   37.050836     7.801122     6.906102    12.765507   -17.576699  -119.662151
   37.615451     8.070343     6.832851    13.022104   -57.096953  -103.386947
   37.308297     8.010207     7.198841    12.978024   -50.145848  -105.639399
   36.920787     7.896661     7.295142    12.891856   -50.974625  -107.735589
   37.652883     7.941682     7.131613    13.253149   -46.200382  -118.740036
   37.146714     7.959294     7.352397    13.048883   -59.076853  -110.791023
   37.229269     7.719138     7.080071    13.122642   -31.356308  -128.400567
   37.012725     7.872847     7.025983    12.928290   -52.841126  -109.930720
   37.267948     7.706970     6.908193    13.079860   -32.794172  -113.363314
   37.244357     7.696437     6.910868    13.134467   -36.916861  -122.178552
   36.750594     7.589843     6.881145    12.987968   -46.950599  -110.490120
   37.215971     7.521634     6.929074    13.206647   -26.261648  -119.404787
   37.276052     7.852547     6.913207    12.889693   -19.812081  -130.693035
   36.877125     7.680097     6.971782    13.080307   -65.816475   -87.863748
   37.212077     7.618671     6.883104    13.106583   -33.593760  -100.774061
   37.072556     7.849296     7.257849    12.961259   -38.693960  -118.768605
   37.220804     7.685404     7.052356    13.135757   -33.829605  -119.288078
   37.442944     7.908656     7.003163    13.047624   -44.418082  -100.856518
   37.218192     7.697684     7.092411    13.127035   -35.353496  -113.879105
   36.895935     7.546453     6.992716    12.964969   -16.844354  -126.226007
   36.651680     7.702495     7.144242    12.845497   -42.893603  -113.322117
   36.958014     7.634214     7.225197    12.998351   -25.825110  -116.430017
   36.841466     7.534183     7.191623    13.182083   -52.227948  -105.538012
   36.867234     7.510692     7.148735    13.090591   -32.062654  -111.005027
   37.163965     7.881710     7.446807    13.101676   -49.291329  -114.918226
   37.389323     7.902491     7.204149    13.115564   -48.156319  -103.172570
   37.301173     7.887352     7.164979    13.179950   -59.524131  -112.076041
   37.340732     8.155058     7.389607    12.941656   -48.406651  -121.411014
   36.943377     7.731578     7.135732    12.963336   -34.085332  -127.109460
   37.531278     8.004403     6.748559    13.065454   -60.668509  -112.914838
   36.987490     7.836524     7.020436    12.925110   -45.282820  -121.232050
   37.334030     7.804127     7.281797    13.225408   -47.394362  -112.333335
   37.057629     7.821475     6.972032    13.007876   -58.498109   -97.850795
   37.130702     7.780601     6.851483    12.942658   -36.636625  -112.864824
   37.091388     7.750312     6.778716    12.911141   -35.046241  -108.694749
   37.141251     7.605941     7.113164    13.229329   -39.488091  -121.630286
   37.198609     7.683354     7.180164    13.191452   -38.837226  -119.308778
   37.368395     7.902184     6.921702    13.064140   -42.542384  -128.874305
   36.993339     7.733999     7.138584    13.002060   -41.785815  -108.550160
   37.068575     7.755457     7.403042    13.061875   -33.846781  -124.130035
   37.332066     7.675882     7.174810    13.208653   -27.871493  -123.784699
   37.192926     7.808435     7.256688    13.130470   -41.933583  -127.612184
   37.321315     7.820376     6.729855    13.030285   -37.364129  -133.947239
   37.229484     7.832108     7.234419    13.059110   -34.986529  -124.178279
   37.072401     7.601018     6.898713    13.118385   -35.260147  -123.830179
   37.779141     8.093530     7.080699    13.170285   -47.469276  -120.641571
   37.254344     7.879818     7.147936    12.977341   -42.012966   -94.252507
   37.620709     8.038208     7.353048    13.222484   -58.387756   -96.570227
   37.311613     8.001107     7.022191    12.886138   -37.148177  -119.481159
   37.365703     7.831923     7.251226    13.186098   -39.684567  -123.622255
   37.863307     7.873312     6.860244    13.353037   -49.555673  -118.933438
   37.393338     7.702516     6.803185    13.238526   -45.585354  -123.195410
   37.224018     7.943103     7.223763    13.023029   -50.927916  -110.881183
   37.118274     8.090998     7.493832    12.798125   -36.608619  -117.667835
   36.861529     7.579061     6.934902    12.955133   -24.914647  -124.548317
   37.096475     7.745792     6.804956    13.041580   -48.826070  -117.767820
   37.402039     8.032118     7.011283    13.001828   -49.118183  -121.483057
   37.498565     8.183912     7.287637    12.934158   -45.331782  -115.144803
   37.227082     8.047396     7.152000    12.844894   -30.284090  -141.398381
   37.371469     7.760150     7.133173    13.178390   -27.732442  -135.801711
   37.176194     7.765565     7.501002    13.173393   -39.175361  -118.864753
   36.881292     7.720414     7.363340    13.014119   -44.610406  -110.578051
   36.992443     7.704701     7.514921    13.154939   -43.800425  -122.651052
   37.069697     7.638943     7.193380    13.272099   -58.047395  -110.630901
   37.338456     8.013748     7.213577    13.027152   -50.458946  -114.401875
   37.418231     8.030406     7.161937    12.777041   -13.997922  -123.346707
   37.244096     7.860288     7.173802    12.849790    -7.327972  -137.567252
   36.808190     7.778608     7.148247    12.640970    -9.020711  -108.195242
   37.215447     7.862456     7.037118    12.748472    -6.471990  -124.870171
   37.149975     7.870696     6.855362    12.817665   -31.108432  -112.120097
   37.075028     7.796842     7.313932    12.837078   -11.895771  -123.711816
   37.320770     7.816247     7.375977    13.033191   -22.222369  -113.812698
   37.290893     7.805233     6.931061    12.898764   -19.502942  -115.415144
   37.561621     7.792751     7.091701    13.120244   -22.709441  -112.671428
   37.694455     7.845642     6.897303    13.074321   -14.632109  -129.638070
   37.539756     7.815695     7.089758    13.273720   -37.564901  -130.984427
   37.305666     8.061746     7.061241    12.812112   -31.312152  -127.930713
   37.464331     7.767727     6.898359    13.041532   -11.393286  -141.007178
   37.335312     7.936340     7.026941    12.948438   -30.737747  -128.296918
   37.207898     7.877089     7.019143    12.937557   -44.150658   -93.608880
   37.169525     7.717628     7.008314    13.084804   -42.014896  -103.915459
   37.164680     7.891516     7.348385    13.007777   -43.098485  -110.304896
   37.500211     8.098597     7.287432    12.968980   -33.380091  -126.528169
   37.247429     7.752663     6.939932    13.003998   -21.360641  -133.692816
   36.898162     7.567982     7.184077    13.065593   -28.961332  -126.744133
   37.224338     7.711709     6.871070    13.150881   -47.857131  -113.406831
   37.114784     7.724136     7.002170    13.049456   -35.613695  -123.763646
   37.357718     7.817175     7.024681    13.191004   -53.728140  -107.157161
   37.201296     7.958153     7.405661    12.967299   -37.962179  -119.364128
   37.099681     7.878783     6.917773    12.887177   -40.525060  -119.852755
   37.006583     7.827594     7.188923    13.017408   -47.653104  -127.675345
   36.706714     7.602477     6.997600    12.844996   -26.334107  -109.333775
   36.550539     7.696082     7.185956    12.828570   -47.989276  -113.424722
   37.277584     7.920771     7.287416    12.946670   -22.286442  -133.924665
   37.258256     7.765861     6.927612    13.038582   -40.939265   -96.927882
   36.873261     7.583803     7.004773    12.955191   -24.790271  -117.153268
   37.035019     7.591454     7.220348    13.113921   -30.571619  -112.533684
   37.630876     7.999939     7.165803    12.853990    -2.169412  -128.482143
   37.075895     7.821125     7.172827    13.054114   -57.763424   -92.985540
   37.177722     7.662161     6.966991    13.156510   -36.350560  -127.918100
   37.102976     7.773835     7.095375    13.057160   -42.155828  -122.309648
   37.334867     7.677693     7.044155    13.139889   -30.348327  -105.030620
   37.029764     7.699496     7.195426    12.955593   -21.962555  -123.009398
   37.440785     7.835131     6.949956    12.902436   -16.245003  -107.629399
   36.983227     7.614671     7.089398    13.064902   -36.697551  -104.318023
   37.332690     7.696246     7.194583    13.271184   -45.772631  -102.202302
   37.441394     7.970869     7.074577    12.983088   -37.683074  -111.169631
   37.124334     7.817049     7.048919    13.018531   -43.141654  -120.449309
   37.253067     7.986494     6.973628    12.968273   -57.637749  -107.835151
   37.059079     7.900982     7.056823    12.843149   -33.253112  -127.438065
   37.205762     7.925011     7.015147    12.968095   -45.597293  -120.780624
   37.291275     7.977537     7.161648    12.928816   -46.237759   -92.666144
   37.459264     7.873982     6.750505    13.002447   -28.703298  -136.229146
   37.150382     8.028122     6.918623    12.928543   -73.206628  -100.428470
   37.165501     7.922922     7.025909    13.033838   -64.645614  -103.929513
   37.228059     7.758147     7.290937    13.198976   -49.156416  -104.496843
   36.894288     7.714548     7.102408    12.829663   -20.667613  -120.229255
   37.124564     7.873190     7.125289    13.014145   -57.161010   -93.426419
   37.245809     7.868150     7.211338    12.940329   -23.059162  -127.036572
   37.210386     7.721791     6.953185    13.005833   -31.956297   -99.766600
   37.091325     8.029354     7.271705    12.884174   -58.370687   -95.093545
   37.262770     8.016098     7.210034    12.851398   -31.695461  -120.998870
   37.943125     8.132178     7.287327    13.101902   -11.432837  -145.214751
   37.159357     7.750048     6.729208    12.858077   -20.918992  -120.622598
   37.194721     7.795880     7.227521    12.960178   -25.952396  -110.758290
   37.727337     8.075448     7.292141    13.220257   -49.754122  -113.325499
   37.001867     7.865903     7.405607    13.052221   -60.101091  -104.402221
   37.306429     8.030417     7.361775    13.051693   -57.325230  -104.035822
   37.122574     7.780051     7.220969    13.145435   -49.876175  -121.914016
   37.160611     7.766513     6.799530    13.035204   -48.346141  -110.623104
   37.156641     8.013387     7.368240    12.955397   -49.549021  -117.122719
   36.935623     7.784624     7.105458    12.978144   -43.354888  -131.556803
   36.999951     7.784617     7.100041    12.973953   -33.833870  -139.103693
   37.046472     7.698658     7.231022    13.144160   -40.654740  -132.876618
   37.116525     7.823145     7.182500    13.068222   -46.649585  -122.304809
   37.475281     8.047260     7.040662    13.025954   -57.717926   -98.134132
   37.020740     7.683503     7.023227    12.895478   -17.052972  -122.373986
   37.371041     7.869234     6.540393    12.808579   -26.366367  -116.213209
   37.115869     7.689969     7.161686    12.948537   -12.763156  -126.474020
   37.010034     7.628668     6.907351    13.019314   -28.613207  -127.471292
   37.431948     7.808252     6.885427    12.927644   -13.610408  -120.723855
   36.519741     7.694100     7.038969    12.761815   -44.093141  -100.574108
   37.424397     7.835076     7.141239    13.132396   -42.922979   -98.180347
   37.414668     7.702991     7.069486    13.215281   -34.998212  -109.875929
   37.366164     7.806201     7.356112    13.083574   -23.108040  -117.490928
   37.360969     7.823970     7.174165    13.151444   -39.872036  -117.456756
   36.965707     7.611486     6.900965    12.996138   -31.491027  -112.066250
   37.306758     7.823645     7.102507    13.174431   -52.521760  -109.834323
   37.455609     7.720429     6.893552    13.233500   -40.554273  -117.196882
   36.998245     7.876228     7.224156    12.902353   -46.580612  -101.923706
   37.177919     7.952312     7.087783    12.941064   -52.782108  -101.971056
   37.045542     7.572446     7.075605    13.195626   -39.767917  -121.138144
   37.038914     7.693215     6.992027    13.101626   -46.306765  -121.538532
   36.946545     7.832561     7.176216    12.916974   -37.997007  -131.866267
   37.447209     8.209106     7.119765    12.942395   -58.606871  -122.031510
   37.199227     7.748819     7.181451    13.215506   -50.362122  -120.108720
   37.223579     7.959631     7.144193    12.971664   -41.890394  -127.904255
   37.386013     7.950537     7.118188    13.083407   -54.613354  -100.715645
   37.054631     7.774050     7.409575    13.082650   -40.873515  -122.015146
   36.116771     7.451129     7.030239    12.811864   -57.212836  -106.508611
   37.020664     7.867288     7.057792    12.838709   -29.415294  -131.505503
   37.198034     7.981608     7.161548    12.894043   -34.332271  -131.933154
   36.735154     7.645507     7.114966    12.982419   -46.538675  -121.404148
   37.097153     7.951292     7.241369    12.929355   -44.248975  -123.939917
   37.069393     7.808963     7.047176    12.980621   -34.951627  -136.489027
   37.253979     7.879474     7.215777    13.179376   -59.966130  -113.925415
   36.924241     7.804796     6.986619    12.951459   -47.463908  -131.599356
   37.399209     8.024897     7.266224    13.026874   -45.282658  -114.204063
   37.300426     7.738474     7.084403    13.048691   -19.725682  -127.144644
   37.084944     8.020516     7.174483    12.737861   -30.241316  -125.592649
   37.339638     7.824119     6.907974    12.952308   -24.323734  -119.451179
   37.347074     7.878250     7.026093    12.781433    -3.639793  -125.690346
   37.290894     7.937541     7.046337    12.806691   -21.806938  -115.302072
   37.220694     7.991500     6.925917    12.680613   -18.665268  -121.867510
   37.463645     7.756863     6.769109    12.960581    -4.961971  -142.445729
   36.662898     7.613421     7.280184    12.987169   -48.762392  -100.087523
   37.223197     7.854708     7.229448    12.837634    -6.220686  -134.914663
   37.179665     7.759891     6.885852    12.919928   -21.052647  -126.639956
   37.516200     7.976203     7.244142    13.159792   -50.652811  -106.636370
   37.303995     7.753891     7.077821    12.998238   -16.741664  -124.090893
   37.086275     7.943582     7.065102    12.925916   -56.782377  -105.547491
   37.384542     7.882988     7.337001    13.149679   -42.681996  -110.819126
   37.551748     8.161742     7.211981    12.895608   -37.693658  -112.970394
   37.208364     7.842969     7.085045    13.021256   -43.638699  -108.749813
   37.099060     7.761506     6.998771    13.086349   -60.449627   -80.565493
   37.106707     7.882839     7.218668    12.925523   -30.571215  -133.129808
   37.265827     7.702465     6.928265    13.156645   -40.589607  -116.551743
   37.330503     7.901439     7.384855    12.949989   -11.151704  -137.774662
   37.076937     7.676995     7.050549    13.061948   -29.148474  -132.756366
   37.265980     7.968203     7.104173    13.016473   -61.352761   -91.602463
   37.588436     8.070593     7.144094    13.123093   -50.889677  -119.383877
   37.521566     7.726403     6.849645    13.237609   -34.678109  -128.603967
   37.046556     7.730580     7.069491    12.972323   -31.357387  -119.557280
   37.034226     7.763580     6.806159    12.727912   -14.761225  -105.443379
   37.447644     7.790603     6.644985    12.898251   -18.420437  -115.889693
   37.216939     8.057121     7.151424    12.659058   -22.428680  -107.063848
   37.113559     7.796682     6.974926    12.885021   -30.460649  -106.492440
   37.167964     7.839547     7.290517    12.859401   -17.448552  -114.055401
   37.416826     8.141559     7.244813    12.838057   -28.792128  -130.305951
   37.395067     8.012126     7.105673    13.060108   -50.633863  -122.036286
   37.668740     7.999244     7.223904    13.093276   -18.617727  -141.663630
   36.742678     7.671701     7.349877    12.804743   -17.287517  -101.605701
   37.306608     8.205937     7.097870    12.546984   -15.716723  -124.900520
   37.378903     7.919798     6.771835    12.828644   -21.195737  -125.301647
   37.053900     7.960587     7.194180    12.672140   -15.131136  -126.619653
   36.734391     7.908874     7.100219    12.700979   -46.530235  -107.896254
   37.171689     7.916907     6.931882    12.732148   -22.414066  -111.437705
   36.811580     7.917777     6.780313    12.562977   -31.113892  -102.373072
   37.134699     7.915695     7.136732    12.926468   -31.810396  -140.672917
   37.287743     7.906510     7.093863    13.060192   -43.100071  -127.230749
   37.015130     7.865327     7.065798    12.919398   -32.789141  -148.653876
   37.348206     7.785564     7.337391    13.239189   -39.598213  -122.281326
   36.770650     7.636348     6.908742    12.832868   -14.371414  -149.444553
   37.175329     7.651223     7.053229    12.969708    -5.444375  -135.172192
   37.130569     7.944982     7.211615    12.897232   -33.339038  -132.807163
   36.708891     7.749681     7.346208    12.842025   -35.293130  -124.014099
   37.136352     7.934950     7.263879    12.930834   -33.823641  -133.874118
   37.039282     7.621644     7.125081    13.081703   -28.263904  -125.909977
   37.210991     7.664459     7.075465    13.098690   -19.224619  -137.277693
   37.098948     7.622550     7.184896    12.993006    -5.992218  -137.087561
   37.551189     7.860617     7.126630    13.208149   -41.655662  -111.164227
   37.047947     7.608069     7.234072    13.099644   -29.637269  -111.926380
   37.458459     7.754673     7.159023    13.162984   -19.410366  -132.333656
   37.448152     8.111559     7.172778    12.732727   -14.062006  -127.196274
   36.961434     7.895860     7.401310    12.806031   -32.079467  -102.642324
   36.945422     7.677354     6.962357    12.909366   -26.537879  -118.719231
   37.419604     8.060707     7.370758    12.992946   -42.083747  -109.653505
   37.220643     7.887895     7.085468    12.911654   -32.120970  -115.529699
   36.940129     7.662932     7.328603    12.989072   -26.259954  -119.914480
   37.107425     7.841148     7.106124    13.035118   -57.747040   -92.567494
   37.376183     7.802801     7.108419    13.076478   -27.429787  -121.214215
   37.854603     7.951771     7.080808    13.219701   -39.290337  -102.872415
   37.194777     7.761326     6.944664    12.939976   -27.438094  -108.545029
   37.677504     7.964366     6.833518    12.877519   -11.613428  -123.955934
   37.267202     7.942713     6.811867    12.693074    -9.019293  -134.970446
   37.238956     8.029412     6.844887    12.726951   -25.086309  -136.626743
   37.576962     7.967268     6.797369    12.867538   -13.241636  -136.275977
   37.346690     7.851596     6.845657    12.932686   -33.675258  -102.810281
   37.216608     7.997514     7.100958    12.843048   -30.817338  -131.019914
   37.279218     7.794410     6.952946    13.120385   -47.913366  -111.936512
   37.411844     7.868493     6.725016    12.840188   -16.687372  -123.146957
   36.952928     7.586810     6.957228    12.933164   -15.775582  -121.965125
   37.352038     7.947668     6.805372    12.674236    -5.171732  -126.858528
   37.381929     7.956516     6.983601    13.058265   -54.070790  -108.911208
   37.024502     7.856929     7.189949    12.763665   -19.176941  -119.174243
   37.088141     7.938864     7.506770    12.961459   -43.367820  -111.661908
   36.802762     7.873222     7.501101    12.747902   -23.106999  -129.401142
   37.466531     7.799095     6.931609    13.024864   -16.762151  -129.102515
   37.670534     7.912456     6.861068    12.985394   -22.415723  -113.338007
   37.458934     7.808640     6.772450    13.037957   -25.600763  -131.616779
   37.744061     8.034142     6.850192    13.149430   -49.182103  -124.967975
   37.434362     7.823883     7.233929    13.237352   -44.757550  -113.026347
   37.271203     7.961684     7.027124    12.968859   -45.722963  -119.054519
   37.235816     8.117932     7.449573    12.819904   -40.426366  -102.643401
   37.234744     8.020992     7.195408    12.758356   -27.090026  -110.889354
   36.953824     8.024771     7.404435    12.743905   -40.586027  -107.218791
   37.027209     7.837846     7.187856    12.950531   -49.516614   -83.061129
   36.928976     7.830010     7.001450    12.840326   -44.347239   -96.680106
   37.159647     8.000191     7.140393    12.762741   -31.180102  -113.715841
   37.133936     7.998563     7.140754    12.791067   -40.422703  -101.598947
   36.974853     7.846471     7.107152    12.808397   -35.119713   -95.591132
   37.605837     8.102001     6.902533    12.784642   -27.502081  -105.789299
   36.735394     7.604667     6.864013    12.885063   -35.722308   -98.673145
   37.191674     7.974219     6.829684    12.542160    -5.212956  -113.539257
   37.395361     8.114819     7.065738    12.815070   -33.677732  -123.748575
   37.341583     8.087893     7.163731    12.908907   -41.532551  -126.121126
   37.497083     8.017227     7.081640    13.129080   -61.503439  -103.513270
   37.248587     8.184923     6.955615    12.602341   -35.614051  -110.562681
   36.880354     7.697462     6.709212    12.779007   -26.425754  -108.153963
   37.605415     7.983230     6.948960    13.066878   -45.627115  -104.755018
   36.997237     8.127113     7.073813    12.544735   -37.200490   -94.559773
   36.934932     7.902217     7.204468    12.903304   -59.882726   -74.915441
   37.185771     8.107275     7.236878    12.705697   -35.694374  -103.022366
   37.025595     7.775844     6.976083    12.773951   -17.169401  -112.229513
   37.437030     8.106109     7.511764    12.977199   -39.806496  -106.312016
   36.850968     7.859534     7.343496    12.708214   -21.971906  -110.340644
   37.433041     8.135218     7.060921    12.817570   -45.244308   -97.026883
   37.649960     8.184234     6.870641    12.846946   -43.401478  -107.596243
   37.143926     7.872443     6.891405    12.799099   -32.729759   -95.182862
   37.098512     7.968809     7.030893    12.745435   -32.683775  -113.669455
   37.254361     8.044977     7.206553    12.791412   -35.063704  -103.468443
   37.342554     8.018413     7.079376    12.734564   -21.345625  -107.186959
   37.231378     7.719948     7.060255    13.012881   -23.484479  -114.434363
   37.330305     7.957472     6.889520    12.945501   -48.976609  -103.772386
   37.302632     7.831062     7.339194    13.073287   -34.468875  -106.229007
   37.323976     7.881085     6.996982    13.028463   -45.708884  -103.842043
   37.141640     7.896606     6.807371    12.822699   -37.287271  -113.739037
   36.992542     7.679376     7.014843    13.069765   -48.568547  -103.737692
   37.189700     8.035000     7.059401    12.744639   -32.587080  -116.840396
   37.627034     7.803533     7.304983    13.324561   -34.982561  -113.384806
   37.242796     7.762948     6.913868    12.964590   -30.691658  -101.734861
   37.082459     7.818637     7.065138    12.943217   -40.798250  -107.391649
   37.416183     7.625135     6.834689    13.082481    -8.201379  -133.159994
   37.211236     7.853033     6.942728    12.870758   -29.423237  -109.458257
   37.152161     7.765248     7.442160    13.050535   -30.336837  -108.271617
   36.808209     7.572156     7.248631    13.059809   -40.545398  -103.226685
   37.245324     7.816751     7.058115    13.001554   -40.193152   -94.054232
   37.582522     7.824678     6.991898    13.172341   -31.371949  -120.505750
   36.814482     7.930670     7.167883    12.654958   -33.700996  -106.219717
   37.396088     7.878067     7.019050    12.969766   -26.587487  -117.656584
   36.928736     7.974755     7.084339    12.634954   -22.855579  -130.920823
   37.139878     8.044388     7.246439    12.878691   -48.808291  -117.877847
   37.321094     7.967238     7.109878    12.984793   -47.806977  -104.454638
   37.515160     7.914884     6.670752    12.994831   -42.525870  -114.007204
   37.418851     7.840459     6.964384    13.064302   -45.661578   -86.372088
   37.285141     7.753123     7.240850    13.090464   -25.255791  -122.577309
   36.984311     7.637392     6.986498    13.026252   -35.126943  -113.159906
   36.971075     7.639710     6.982320    13.091842   -44.791183  -117.927646
   37.276317     7.655871     7.040339    13.260870   -49.609313  -100.027546
   37.073420     7.617789     7.359931    13.146110   -29.849272  -117.975015
   37.090067     7.747985     6.969615    12.993276   -40.169747  -106.635869
   37.361405     7.722796     6.684220    13.080408   -35.584083  -120.694058
   37.117824     7.859919     6.787170    12.862461   -36.729153  -123.075198
   37.080022     7.853191     7.309710    12.990645   -40.815933  -119.122864
   37.568765     8.127253     7.144379    13.046967   -49.066687  -122.404889
   36.891445     7.655031     7.068032    13.124935   -58.593266  -113.974118
   37.100150     7.852435     7.374473    13.057649   -49.696383  -108.747183
   37.206626     7.905299     6.738141    12.909329   -46.501938  -120.003047
   37.006567     7.616917     6.808271    12.966436   -21.285455  -133.288091
   37.152444     7.814096     7.136400    12.988820   -28.387787  -133.857060
   37.442811     7.936283     6.681432    12.932334   -45.677775  -103.679766
   37.245113     7.889901     7.097384    12.727039    -6.179364  -116.999061
   36.885727     7.844172     7.249201    12.759941   -28.728188  -105.409886
   37.364286     8.105407     6.897178    12.707670   -31.489479  -113.737457
   37.086240     7.905380     7.250057    12.779630   -25.942701   -98.944751
   37.640404     7.941796     7.036606    12.858496    -6.321478  -113.236340
   37.286550     7.985835     7.344951    12.871394   -26.726247  -114.719797
   36.964455     7.967346     6.844927    12.737419   -48.404507  -114.559690
   37.245322     8.019155     6.921634    12.735253   -34.566635  -103.657346
   37.495353     8.182462     7.094687    12.753899   -32.810812  -109.403375
   37.238075     8.091107     7.321395    12.708226   -22.887550  -115.242388
   36.997961     8.015065     7.235877    12.755222   -43.416001  -107.168129
   37.126405     8.179056     7.179458    12.671122   -42.972912  -116.490532
   36.957728     7.966933     7.460362    12.741214   -29.409198  -108.429753
   37.082875     7.985751     7.219980    12.780606   -39.389275   -95.994292
   37.369120     7.816583     7.092273    12.973969   -20.508153  -114.897189
   37.051789     8.091973     6.855770    12.529209   -29.757388  -111.624076
   36.769288     8.076845     7.054888    12.556473   -44.423889  -119.823507
   37.282524     7.820525     6.907823    12.805033    -8.957481  -120.801556
   36.870038     7.835890     7.257085    12.720381   -20.233264  -117.789083
   37.423823     7.982890     6.981552    12.853983   -32.910080   -97.986388
   37.182218     7.978044     6.880341    12.689168   -26.839077  -108.676310
   37.167873     7.686676     7.192477    13.054683   -26.935618  -109.087124
   37.196896     8.127611     7.276726    12.635492   -25.356568  -106.145981
   37.025284     7.609290     6.940703    13.056782   -27.980873  -129.992107
   37.223855     7.752336     6.903957    13.101269   -43.880740  -116.740625
   37.430690     7.901031     7.197021    13.169814   -48.172902  -111.956551
   37.106356     7.695320     7.193320    13.113195   -32.576920  -131.279485
   37.088635     7.989513     7.199715    12.760522   -36.567894  -100.138752
   37.156581     7.868622     7.250339    12.897408   -27.276782  -117.394003
   36.874378     7.722751     6.897166    12.863317   -39.159964   -94.251627
   37.257492     7.761621     7.129415    12.984665   -19.120531  -121.250327
   37.071345     8.057354     7.309885    12.698795   -34.603831   -98.581093
   36.860120     7.808392     6.957351    12.700903   -24.059711  -113.005252
   37.208089     7.866106     7.247247    12.792613    -9.969988  -115.653702
   37.586461     8.022931     6.954169    12.937687   -27.361557  -123.237302
   36.646979     7.548648     7.053539    12.993415   -46.281609   -86.535123
   37.028878     7.845493     7.067303    12.785291   -27.109972  -106.960721
   36.784210     7.727930     6.872329    12.803370   -38.543237   -94.847701
   37.580352     8.271603     6.929772    12.675130   -30.015688  -119.820095
   37.114471     7.909002     6.939968    12.780522   -30.230031  -115.326449
   36.864251     7.809962     7.021999    12.752436   -29.488593  -113.290741
   37.048018     8.071579     7.022476    12.591498   -32.493767  -103.486822
   37.172348     8.131934     7.012594    12.638334   -39.689522  -101.342987
   37.113488     7.712718     6.988507    12.926934   -20.847897  -117.492511
   37.108543     8.064424     7.008614    12.625843   -32.300215  -104.327506
   37.150439     7.971380     6.825720    12.733108   -34.949295  -112.157247
   37.560327     7.955687     6.698805    12.914131   -32.979425  -113.366132
   37.449855     8.044798     7.212521    12.961289   -32.922979  -125.063062
   37.281899     8.149610     7.052498    12.714393   -34.182068  -124.287835
   37.247792     7.911679     7.295620    12.766521    -2.966486  -128.741717
   37.094393     7.859805     6.914619    12.759556   -26.022496  -104.199943
   37.258044     7.773364     7.284713    12.865265     0.188506  -121.551409
   37.153664     8.103386     7.198395    12.633140   -27.790543  -107.001954
   37.521389     8.136874     6.763910    12.696143   -28.751261  -112.676215
   37.129507     8.023258     6.923767    12.527747   -10.957042  -114.653800
   37.721674     8.236532     6.885328    12.739675   -34.903934   -98.418641
   37.407093     8.054251     6.925570    12.714395   -15.221658  -128.888908
   37.163472     8.013282     6.974982    12.576551   -10.136161  -121.753661
   37.364576     8.056700     6.871963    12.792971   -31.202141  -127.160782
   37.602695     7.872867     7.061359    13.011955   -18.896384  -111.119196
   36.990787     7.713486     6.815087    12.771097   -10.592978  -127.647605
   37.117347     8.023334     7.327467    12.744055   -23.397549  -126.567904
   36.786823     7.924496     6.739389    12.522463   -22.927665  -127.408497
   37.094009     8.074201     7.139860    12.533420   -11.623364  -121.767913
   37.480877     8.105304     7.103605    12.691709    -9.065706  -125.765827
   37.753463     8.144672     6.662375    12.791293   -27.867803  -119.203969
   37.311786     7.979804     7.020366    12.840455   -25.114449  -127.997142
   36.985736     8.007872     6.999193    12.497958    -8.187053  -126.976129
   37.641464     8.127235     7.058711    12.821929   -22.083508  -117.493455
   37.210399     8.094703     6.847105    12.604475   -25.519568  -122.784369
   37.318048     8.097462     7.074681    12.703971   -26.830808  -114.193596
   37.250120     8.100840     6.940917    12.572093   -10.595674  -135.001148
   37.644858     8.177367     7.060445    12.972150   -38.796853  -133.978641
   37.381059     8.087231     7.106680    12.691540   -15.213478  -122.177115
   37.131270     8.120136     7.419858    12.735762   -32.239610  -121.427808
   37.121082     8.092030     7.049713    12.621706   -29.407412  -116.259449
   37.384973     8.157644     6.960189    12.689029   -30.470303  -118.042435
   37.079775     8.115328     7.194870    12.636857   -29.378423  -124.338195
   37.249581     7.967162     7.040514    12.769250   -23.630562  -116.012639
   36.950208     8.156504     7.490719    12.635433   -33.321355  -126.548113
   37.661984     8.086571     6.943415    13.011462   -41.071462  -120.271512
   37.128167     7.909253     7.209891    12.919116   -32.648069  -130.973322
   37.515152     8.055406     7.099190    12.959420   -30.065560  -131.769583
   37.179511     8.095403     7.297680    12.774297   -29.542842  -133.589875
   37.377160     8.025797     7.142708    12.933750   -36.282060  -121.984378
   36.972935     7.934536     6.881026    12.720281   -38.613521  -114.739409
   37.360008     8.206689     7.374046    12.719568   -21.286141  -130.286887
   37.474187     7.965033     7.207101    13.043990   -31.896955  -124.131365
   36.966294     8.013049     7.137153    12.736684   -50.219984   -89.352886
   37.270074     8.010501     7.023734    12.699209   -22.707453  -106.029550
   37.163215     8.058539     7.216401    12.834375   -45.700546  -113.127325
   37.053223     7.828144     7.075599    12.713453   -11.994790  -108.016809
   37.645076     8.256737     7.139116    12.853068   -36.895092  -121.119565
   37.154507     7.892364     6.763498    12.913349   -51.660363  -110.864520
   37.274280     8.062685     6.962178    12.761989   -38.680983  -109.199197
   37.111547     7.957148     7.114820    12.777411   -27.516252  -124.578374
   37.319953     8.121730     6.916072    12.549319   -15.400724  -112.387423
   36.956804     8.015273     7.064028    12.649534   -39.515549   -96.890290
   37.169685     8.056801     7.149495    12.694703   -32.074756  -102.014859
   37.106290     7.981867     6.949424    12.669833   -28.793590  -105.067209
   37.421035     7.907690     6.801428    12.801996   -17.581128  -112.518090
   37.105776     7.825031     6.793849    12.776962   -20.975069  -122.570452
   37.644415     8.147802     6.975128    12.711790   -14.648315  -115.916930
   37.240792     8.104794     7.273893    12.814760   -43.399239  -106.696316
   36.868840     8.026616     7.023830    12.571172   -37.888683   -87.824908
   37.143616     7.899877     7.351157    12.888210   -33.344497   -92.356020
   37.041815     7.801782     7.087848    12.919927   -34.863624  -116.975561
   37.374132     8.171276     6.943607    12.760531   -45.855846  -111.865364
   37.228019     8.007555     7.206997    12.873841   -42.093804  -105.808952
   37.713457     8.098646     7.359174    13.100563   -44.714550   -94.406950
   37.127774     8.155718     7.059957    12.572748   -36.602949   -94.258269
   36.962861     7.975064     7.247188    12.688047   -32.470833   -90.499456
   37.360185     8.098285     7.231878    12.846409   -43.913519   -92.644540
   37.027894     7.899527     6.904501    12.786280   -42.271239   -98.375899
   37.047432     7.919333     7.023695    12.911793   -60.085935   -90.203485
   36.785582     8.040785     7.492649    12.681141   -46.493270   -97.031827
   36.764686     8.020993     7.141004    12.618798   -48.185117  -100.101967
   37.421068     8.075030     6.944527    12.822255   -43.126446   -96.650587
   37.632951     8.166339     7.328155    12.909695   -27.483040  -117.564371
   37.503706     8.028550     7.090208    12.862699   -27.537398  -107.680551
   37.248092     7.911831     7.006277    12.892320   -37.520821  -103.686289
   37.218013     7.842392     6.866014    12.879688   -36.499631   -91.222420
   36.869206     7.792672     7.360715    12.786193   -22.703456  -104.540180
   37.078777     7.878621     7.016720    12.742819   -23.218528  -109.259396
   37.477750     7.807875     6.929631    12.942887   -14.582063  -111.778012
   37.318230     7.941992     6.934508    12.857363   -38.563255   -90.610935
   36.920108     8.003106     6.882525    12.696801   -56.956576   -83.942463
   37.485857     8.021021     7.263152    12.853020   -19.049375  -110.854795
   37.391608     8.075620     7.105613    12.842220   -45.757583   -81.534047
   37.167528     7.802601     6.833072    12.964289   -47.809646   -90.618838
   36.936807     7.745291     7.144674    12.943276   -38.185001  -113.525575
   37.164724     8.078825     7.377026    12.691120   -15.808047  -131.445486
   37.251503     8.173249     7.416189    12.783748   -39.997090  -111.608774
   37.238366     7.883662     6.963636    12.803654   -23.060448  -107.397747
   37.115699     7.935584     6.773095    12.591614   -10.982040  -122.844290
   37.030982     8.045061     7.399487    12.730127   -33.146814  -114.164722
   37.197009     7.906232     6.931633    12.679868   -10.062297  -118.076965
   36.680731     7.883139     7.033492    12.645505   -36.628005  -122.484145
   37.485603     8.284830     7.013229    12.683867   -35.731094  -121.782831
   37.231987     8.250646     7.359441    12.737679   -45.100734  -119.518406
   37.492229     8.240881     6.930421    12.559244   -12.207244  -130.925010
   37.346945     8.148382     7.165550    12.830559   -39.777186  -124.488122
   37.028568     8.112240     7.193127    12.676925   -40.544578  -119.844682
   36.945124     8.116939     7.364481    12.739597   -53.061647  -115.128440
   37.367532     7.988864     6.945779    12.871420   -41.401169   -96.753212
   37.214716     7.984850     6.940226    12.795969   -37.079521  -110.466482
   37.174644     8.095171     6.819882    12.660655   -40.457736  -114.267418
   37.762052     8.323051     7.003247    12.745810   -30.349191  -118.312034
   37.187547     8.039911     7.300113    12.831526   -42.402207   -99.140160
   37.361559     8.025654     7.125209    12.948464   -41.133906  -119.077919
   37.150607     8.052062     6.821585    12.605570   -29.353257  -110.651615
   37.291950     8.128156     7.140557    12.850459   -59.171723   -87.023216
   37.520810     8.069553     6.839503    12.785883   -22.125502  -127.180582
   37.165458     8.192130     7.444139    12.701958   -34.832942  -117.663810
   37.325318     8.214670     7.082297    12.693479   -39.647017  -115.285781
   36.827979     7.850679     7.048160    12.839096   -52.603603  -107.862043
   37.428667     7.846622     6.912420    13.003455   -29.363861  -114.466590
   37.144744     7.927678     6.987560    12.884068   -48.189046   -99.632287
   37.211167     8.132977     6.916743    12.678953   -45.633643  -103.930413
   37.165551     7.998369     7.244600    12.840154   -37.881413  -111.675039
   37.245851     8.016258     6.968951    12.721279   -27.020074  -114.263243
   37.430821     7.990259     6.913120    12.853903   -30.982050  -110.310980
   37.333669     8.078334     6.913520    12.728203   -40.033535   -89.755354
   37.075953     7.892650     6.848515    12.808258   -40.563898  -106.584558
   36.774759     7.787503     6.791750    12.715110   -36.107412  -108.338395
   36.952187     7.952883     7.292689    12.858743   -52.867462  -102.424324
   36.882528     7.721638     7.342108    13.004914   -45.828101   -99.457015
   37.295388     8.124032     7.072399    12.691264   -33.642644  -104.991693
   37.450397     7.802804     6.869699    13.038376   -34.759694   -98.795355
   37.301497     8.087785     6.982429    12.715234   -28.066550  -122.122698
   37.222090     8.048495     7.523057    12.967507   -48.857082  -104.412040
   37.083385     8.040196     7.305953    12.856114   -52.483220  -104.800579
   37.332439     7.996808     7.475029    12.963071   -33.603240  -107.298774
   37.283622     7.916719     6.893503    12.935914   -42.863892  -109.680669
   36.817510     7.871946     6.911092    12.678857   -29.146992  -130.802670
   37.148899     7.870452     6.616636    12.774640   -36.469916  -106.822942
   37.062852     8.061793     7.115433    12.735136   -47.785248  -102.236933
   37.105024     7.832477     7.208342    12.958645   -37.757902  -111.189607
   36.924829     7.983531     7.253281    12.627717   -23.289217  -116.204593
   37.446816     8.141914     7.545921    12.936936   -31.704645  -119.388637
   37.262526     8.004539     7.183428    12.937808   -48.435536  -105.141183
   37.303161     8.227616     7.186480    12.721720   -45.494033  -108.491350
   37.063171     8.104202     7.286791    12.716102   -38.366310  -120.472869
   37.107707     8.067791     7.004758    12.866988   -64.563771  -115.127317
   37.599084     8.104129     6.963422    13.022345   -44.518430  -130.930088
   36.884579     7.868443     7.065618    12.737853   -27.751762  -128.375870
   36.973114     7.833861     7.183409    12.864607   -35.761373  -112.805542
   37.178366     8.008662     7.115676    12.703649   -25.314304  -109.672690
   37.396070     8.014181     6.721074    12.681225   -18.514755  -117.927088
   37.217531     8.171257     7.133021    12.717399   -48.112258  -102.164946
   37.189640     7.961944     6.942202    12.787986   -39.141347   -95.711188
   36.829818     8.007335     7.285713    12.725139   -53.303501   -90.420095
   37.074025     8.071338     7.610224    12.854905   -43.875981  -109.502461
   36.738089     7.888221     7.113361    12.671340   -37.741860  -107.623524
   37.390425     7.978403     7.068283    12.922646   -35.002970  -111.287041
   37.084920     7.952541     7.201657    12.777822   -29.943950  -115.395022
   37.130476     8.032862     7.073243    12.679547   -22.534429  -129.197542
   37.248888     8.127571     7.216587    12.726340   -37.730270  -101.842424
   37.086486     8.127426     7.459450    12.762506   -42.285005  -112.937481
   36.820343     8.066756     7.343408    12.498772   -19.063604  -121.025640
   37.349535     8.040893     6.963106    12.796004   -35.980286  -105.930973
   37.390470     8.137121     7.273934    12.806121   -24.690572  -131.270705
   36.933560     7.858162     7.202539    12.763419   -21.550133  -129.855750
   37.446011     8.061971     7.124046    12.747177   -19.504645  -108.686326
   37.256117     7.996671     7.070892    12.806095   -39.664437   -83.016655
   37.176058     7.895459     7.128573    12.999949   -57.889985   -71.532438
   37.345448     8.002414     7.033604    12.865442   -35.490635  -111.005447
   37.539418     7.813271     7.065115    13.152798   -29.077671  -118.148409
   36.918593     7.781756     6.878512    12.875984   -45.788611  -104.671436
   36.981800     7.837088     7.144648    12.881985   -43.885780   -80.938129
   37.801654     7.844373     6.845040    13.280716   -37.445636  -126.651908
   37.410659     7.867077     6.990132    12.964941   -17.448703  -134.107357
   37.537461     8.176657     7.460539    12.858905   -26.397270  -111.292028
   37.212147     7.812410     6.766991    12.915019   -32.950928  -117.421386
   37.621483     8.106245     7.314901    13.054753   -38.795429  -117.403115
   36.946672     7.689356     6.946951    12.993506   -44.124527  -106.327092
   36.882801     7.676068     7.293236    12.925221   -27.119333  -109.292643
   37.258547     7.964405     6.987467    12.847137   -36.704342  -108.982966
   37.047162     7.852846     6.955096    12.795973   -30.425809  -111.050779
   37.221706     7.678444     6.961778    13.172784   -40.224748  -120.588698
   36.956677     8.010210     7.188168    12.676932   -37.776798  -100.561176
   36.967285     8.138561     7.001975    12.601810   -45.330405  -121.008374
   36.995821     8.070416     7.212251    12.674038   -43.209021   -94.975281
   37.398149     8.073840     7.126571    12.884805   -37.269646  -117.822402
   36.534749     7.793374     7.116981    12.675590   -38.273544  -123.742985
   36.998819     8.061969     7.198030    12.687443   -40.597794  -110.377418
   37.179362     8.159649     7.091113    12.632710   -35.503142  -112.943982
   37.206450     8.150339     7.209361    12.694617   -40.713258   -98.907185
   37.627637     8.126587     7.209903    13.010512   -35.698187  -125.653686
   37.309728     8.034798     7.053043    12.858367   -45.158291   -99.694508
   37.336048     8.203578     7.382142    12.683457   -23.960641  -115.511130
   37.656965     7.985124     7.225978    13.015907   -23.436723  -111.804928
   37.382998     7.997955     6.827337    12.883666   -41.983955  -111.412926
   37.343289     8.012540     7.024906    12.842978   -36.191584  -106.826972
   37.048208     7.971187     7.160197    12.743474   -31.683211  -115.749944
   37.121093     8.079882     7.208241    12.746154   -38.460370  -117.831730
   37.519430     7.827935     6.711177    12.989475   -30.987026  -107.179885
   36.947891     7.771761     7.177441    12.935331   -42.124440   -99.860082
   37.330167     8.019961     7.022480    12.758860   -22.471437  -119.788578
   37.075481     7.994651     7.093911    12.748244   -36.291123  -113.598198
   37.378029     7.895292     6.861544    12.933714   -36.355624  -104.363407
   37.904352     8.145872     7.306416    13.075725   -25.059865  -119.194356
   37.401003     8.021148     6.983355    12.954350   -54.989051   -91.481152
   37.397083     8.032337     6.700226    12.738008   -36.666928   -98.054982
   37.093766     7.895444     7.041951    12.877072   -45.508813   -95.825466
   37.248706     8.084403     6.994553    12.662846   -29.233225  -109.041347
   37.454465     7.987095     7.174641    13.016475   -45.550861   -96.509132
   37.430747     8.037488     7.130587    12.884835   -40.951981   -88.631308
   36.885595     7.880148     7.130493    12.623765   -17.279594  -102.613650
   37.333436     8.072784     6.926954    12.847326   -50.013420  -105.149839
   37.127110     7.943623     6.889156    12.777643   -36.419988  -112.480270
   36.910367     7.950612     6.992034    12.670762   -34.432938  -116.571599
   37.073927     7.939738     7.122452    12.641139   -15.067495  -105.366036
   37.096129     7.995742     7.165067    12.734144   -36.242140   -85.227857
   37.486793     7.817834     6.826856    13.047660   -43.094537   -82.411066
   37.338293     8.002798     7.273232    12.878786   -33.586400   -99.792490
   37.114450     8.000414     7.354382    12.824711   -35.168472  -114.632804
   37.109304     7.978405     7.381718    12.823755   -35.910213   -98.234367
   37.235667     7.694397     6.934910    13.066104   -36.131579   -96.491520
   37.140774     7.840488     7.318794    12.908693   -25.805340  -112.171593
   36.857251     7.859633     6.835355    12.759500   -48.530260   -96.969670
   37.173218     7.891168     7.132858    12.743797   -16.553338   -97.713044
   37.080306     7.796188     7.134006    12.886772   -29.279228  -102.903120
   37.308227     8.233549     7.200666    12.676662   -40.178225  -105.745674
   37.220373     7.949086     7.298531    12.756719   -15.572925  -107.183877
   36.980376     7.838810     6.972439    12.904057   -53.720401   -88.793169
   36.576429     7.858844     7.085563    12.620608   -39.746333   -89.738516
   36.892855     7.925836     7.173804    12.692184   -33.358798   -97.765130
   37.259940     7.807285     7.095259    13.133927   -49.662974  -107.885171
   37.312001     8.173414     6.762315    12.598182   -37.512415  -106.838032
   37.176085     7.952061     6.939310    12.744828   -33.590046   -90.685979
   37.027585     7.737768     6.798874    12.928110   -41.137677  -103.738104
   37.031472     7.980941     6.960049    12.775778   -49.181787  -105.029348
   37.537526     8.002421     7.244297    13.118058   -46.384270  -108.688873
   37.198521     7.993057     6.997294    12.754562   -35.301139  -100.041326
   37.576562     8.197667     6.916836    12.784827   -45.259462   -96.335354
   36.866732     7.926891     7.040296    12.774351   -54.764610   -85.289449
   37.304000     7.978007     6.999843    12.888718   -46.078852   -92.141657
   36.835796     7.892346     7.047055    12.742942   -45.826296   -88.557802
   37.051235     7.926188     6.843876    12.776389   -46.845638   -91.838488
   37.098609     8.028723     7.315168    12.824849   -47.458993   -93.963974
   36.889530     7.799458     7.381015    12.887092   -37.607567   -95.640763
   37.302178     8.027327     7.080386    12.801520   -39.429810   -86.253449
   37.405985     8.103092     7.459905    12.878868   -32.029588  -104.724906
   37.108624     8.027560     7.252029    12.658114   -22.687258  -105.468664
   37.205420     7.915993     7.169686    12.728470   -12.577969  -109.037715
   37.300228     8.004787     6.926284    12.685750   -13.852847  -126.017140
   37.194690     7.685799     6.813644    12.991617   -27.304655  -112.316924
   37.022636     7.817092     7.270665    12.869153   -29.644283  -104.130852
   37.623343     7.887649     7.258497    13.181318   -34.315788  -105.251757
   37.048662     8.013165     7.405864    12.759618   -33.636757  -106.357014
   37.055527     7.965748     7.133147    12.849002   -52.500644   -92.171012
   37.200981     7.820171     7.079812    13.048786   -48.701790   -97.416474
   37.231478     8.096722     7.035487    12.703233   -42.351710   -85.088639
   37.277329     8.024254     7.427942    12.924514   -33.250856  -120.736202
   37.259753     8.130262     7.303743    12.749533   -36.895662  -102.034833
   36.846111     7.980832     7.095407    12.617715   -36.653178   -97.750782
   37.403057     8.201480     6.914462    12.692163   -46.661371   -93.193521
   37.189199     7.999432     7.162018    12.815050   -41.717246   -89.100205
   36.859491     7.496032     7.317536    13.053000   -19.691839  -100.620541
   37.436879     8.125807     6.827590    12.675609   -31.363539  -103.711136
   37.024962     7.774680     6.834162    12.829562   -32.442741   -97.853805
   37.488547     8.189856     7.365699    12.824123   -33.465829  -106.299785
   37.274380     7.849419     6.989319    13.078911   -58.001884   -87.089114
   37.406386     8.175042     7.028656    12.797541   -54.868627   -86.167934
   37.386616     8.083410     7.340417    12.811188   -27.230692  -105.339414
   37.072145     7.900281     7.094669    12.676439   -15.252866  -107.735696
   36.667056     7.806937     6.833641    12.623834   -32.779362   -96.904144
   36.946751     8.021955     7.045781    12.743263   -57.378517   -93.712017
   37.364364     7.862660     6.910058    12.946338   -32.323302  -105.683151
   37.266820     8.004653     7.298976    13.037575   -54.968730  -110.985552
   37.004554     7.801730     7.189247    12.878238   -31.379190  -110.407896
   36.977311     7.747681     6.729594    12.934626   -46.859052  -117.054337
   36.991863     8.034893     6.831825    12.640162   -41.839731  -115.978970
   37.084376     7.988225     7.233885    12.841753   -44.284857  -109.242532
   37.418377     7.744315     6.945438    13.129262   -32.701684  -112.068268
   36.961310     7.792245     7.346445    12.931299   -36.770226  -107.909140
   37.052209     7.936019     7.357173    12.922086   -44.392721  -116.154020
   37.409869     8.002914     6.839356    12.879537   -38.018204  -115.254216
   37.680411     8.089472     6.797910    12.891316   -34.282394  -114.542065
   37.242960     8.051306     6.961577    12.831013   -47.918536  -111.439533
   36.933191     7.798634     7.257240    12.812915   -24.612569  -113.332789
   37.294373     8.158468     7.332012    12.757137   -40.297949   -93.223414
   36.860653     7.763363     6.829149    12.913158   -47.047471  -132.182630
   37.406171     7.938038     6.996812    13.107417   -44.410168  -136.013965
   37.096152     7.706997     7.202104    13.051664   -36.124533  -102.951752
   37.104810     7.683010     7.127719    13.299371   -67.347378  -111.594957
   37.270164     7.670980     7.086262    13.332119   -49.429869  -129.116815
   36.901294     7.855624     7.034212    12.723075   -20.806431  -135.028931
   36.918174     7.927154     7.160966    12.749619   -29.242603  -134.374401
   36.888349     7.846150     7.242551    12.825963   -37.289703  -112.016354
   37.154125     7.942531     6.839330    12.592837   -10.225940  -113.641870
   37.269082     8.077292     6.995674    12.787097   -41.585277  -113.287658
   36.935868     7.771170     7.007003    12.842308   -26.725135  -127.562326
   37.040951     7.996497     7.110068    12.790228   -45.125292  -111.949614
   36.825287     7.729743     6.616733    12.663754   -16.362315  -128.558210
   37.368882     8.142260     6.956788    12.714890   -28.698009  -128.041262
   37.081693     8.073891     7.100401    12.756246   -47.691943  -114.044300
   36.673309     7.671832     6.810332    12.798796   -38.770130  -110.304120
   36.972523     7.805409     6.934764    12.807232   -24.368474  -131.398051
   36.983800     7.925748     6.909518    12.762916   -42.685945  -111.433937
   37.423121     7.908102     7.101565    12.978758   -23.384457  -126.061512
   37.185621     7.760011     6.892994    13.043999   -38.018777  -123.182720
   37.130229     7.847232     7.132541    12.961712   -35.203569  -124.181423
   37.067258     7.972136     7.399932    12.857171   -40.372281  -107.297280
   37.236386     8.097083     7.227310    12.940888   -68.721441   -86.431880
   37.109897     7.938114     7.034946    12.787391   -33.270138  -113.385430
   37.111154     7.870086     7.402498    12.895939   -28.613912  -106.866960
   37.184463     8.007902     7.090836    12.822246   -45.571385   -95.719556
   37.479442     8.013315     7.128779    12.993249   -44.447964  -100.536647
   36.855334     7.770640     6.705070    12.834214   -47.463056  -114.333234
   37.502883     8.007537     6.825846    13.003396   -52.815698  -106.453405
   36.936517     7.922518     7.193122    12.937915   -64.290781  -107.322002
   37.211503     7.921573     6.976820    12.762278   -20.657130  -117.833291
   37.301406     7.980200     7.146080    12.964661   -44.061329  -112.266550
   37.374000     7.893875     7.062622    13.038445   -38.280248  -114.576190
   36.954482     7.740583     6.908362    12.923003   -35.557848  -126.628083
   37.251695     7.755173     7.277574    13.137498   -37.200170  -110.992023
   37.456892     7.815836     6.819621    13.048185   -36.127817  -106.817683
   37.672195     7.744947     6.940635    13.325619   -44.363319  -104.760740
   37.186569     7.692314     6.949182    13.198265   -51.163797  -115.309679
   37.120600     7.831328     7.075424    13.019392   -48.085458  -111.697197
   37.319285     7.718067     6.803440    13.177154   -46.648248  -117.621779
   37.453059     7.915200     6.997203    13.130076   -53.204969  -105.808638
   37.294741     7.845231     6.873823    12.962549   -32.175189  -120.510332
   37.297974     7.851768     7.047758    13.114444   -52.765073  -105.210892
   37.351257     7.781533     6.817961    13.049239   -27.559984  -135.266412
   36.890607     7.809096     7.137920    12.866484   -32.943272  -133.433407
   37.216003     7.838890     7.079566    13.096939   -46.794333  -123.777307
   37.119477     7.834119     6.913073    12.952827   -40.349898  -123.488726
   37.235377     7.988897     7.262263    13.063082   -62.722690  -105.165280
   37.306403     7.860687     7.043033    12.956462   -19.178690  -138.906848
   37.221243     7.789198     7.229849    13.011678   -22.501705  -129.003513
   37.109316     7.814833     6.975826    12.770615   -12.305235  -124.583957
   37.279128     7.816999     7.276849    12.963297   -19.468674  -116.280665
   36.903914     7.782075     7.511762    12.904681   -26.705093  -123.568901
   37.307834     7.711321     7.064566    13.091990   -24.207514  -120.949126
   37.537521     8.238234     7.034106    12.867604   -53.571072  -111.083588
   37.289340     8.001679     6.983118    12.879200   -30.513145  -140.411360
   37.374235     7.926931     7.057765    13.079787   -44.769177  -122.253780
   37.167193     7.891130     7.010460    12.924268   -37.380476  -122.940575
   36.760562     7.675052     6.996598    13.023800   -62.199874  -111.415658
   37.134419     7.842504     7.090060    13.001787   -34.539642  -138.741703
   37.090423     7.675383     7.128957    13.241941   -52.541652  -127.948305
   37.302215     7.849550     7.003530    13.085935   -37.085450  -136.474914
   36.982872     7.823455     7.011900    12.888323   -32.888227  -135.879257
   37.447881     7.988251     7.254047    13.097464   -39.505818  -128.607548
   37.262079     8.048385     7.041703    12.898346   -46.653306  -124.310443
   37.000699     7.844549     6.998987    12.850924   -29.714309  -135.521001
   37.538067     7.873879     6.864928    13.110194   -28.360576  -144.984011
   37.373552     7.717113     7.256339    13.243679   -35.762910  -113.326319
   37.657453     7.938783     6.689590    12.907045   -23.966844  -114.153015
   37.230876     7.927165     7.123231    12.845339   -31.774438  -101.180245
   37.689358     7.965410     6.834783    13.080863   -41.304282  -111.412361
   37.043552     7.866665     7.062519    12.751874   -21.274699  -118.748794
   37.091956     7.958693     7.350936    12.933834   -43.599859  -121.747673
   37.136022     7.898648     7.337215    12.991708   -34.420045  -134.791047
   37.259729     7.823420     6.955093    13.014368   -26.612024  -142.846097
   37.142985     7.596732     6.951762    13.150667   -31.731847  -123.728514
   37.172061     8.006386     7.178145    12.900077   -40.835049  -130.178104
   37.050140     7.870446     7.238777    12.962134   -43.370694  -120.414897
   36.908776     7.760703     6.856192    12.888183   -35.948695  -135.335830
   37.600690     8.037134     7.431120    13.107994   -19.751052  -145.887173
   37.222140     8.045268     7.204646    12.773716   -24.214492  -131.147081
   37.094807     7.919755     7.157708    12.917047   -34.569577  -138.821819
   37.391410     7.962508     7.548734    13.234513   -49.118859  -124.203304
   37.541951     7.988387     7.113204    13.225962   -57.245956  -122.271722
   37.073826     7.883641     6.847478    12.934242   -47.870855  -133.767387
   37.153217     7.857398     7.238638    12.958700   -24.983490  -138.222595
   36.467822     7.548934     7.262237    12.770708   -13.901155  -140.544214
   36.904974     7.840741     7.083642    12.910118   -45.491753  -130.515810
   37.465109     7.888165     7.417051    13.330125   -48.988242  -127.538495
   36.854779     7.859909     7.324401    12.796579   -26.170829  -136.805383
   37.724800     7.992837     6.964688    13.171205   -35.016806  -141.495763
   36.973520     7.731065     7.096427    12.986446   -30.139850  -140.375994
   37.181742     7.970900     6.712768    12.698816   -27.954568  -123.628317
   37.326405     7.811361     7.224688    13.014974   -26.518658  -106.939332
   36.964292     7.986378     7.187549    12.594817   -17.207607  -119.495825
   37.311129     7.821837     6.976216    13.068746   -37.047569  -122.491961
   36.733012     7.862497     7.192763    12.652381   -27.211981  -115.542697
   37.056617     7.749756     7.175377    12.999144   -37.256078  -109.352247
   37.407561     7.898952     7.001270    13.079224   -49.700250  -100.885998
   37.461871     7.896820     7.052371    13.100045   -31.679746  -134.373479
   37.359494     7.841657     7.067388    13.144262   -44.723320  -117.411815
   37.197841     7.825204     7.168881    13.133860   -52.601351  -113.935973
   37.249627     7.945197     7.199527    12.951351   -33.409156  -128.096417
   37.237943     7.696286     7.212749    13.200538   -32.978478  -130.337321
   37.126711     8.000933     7.147272    12.868593   -41.453879  -128.515043
   37.112858     7.810372     6.905002    13.031948   -58.182666   -98.302095
   37.335781     7.908171     7.153975    13.020733   -36.041982  -119.214784
   37.165577     7.935800     7.200395    12.966341   -47.304302  -112.618476
   37.509037     7.901714     6.799537    13.137569   -49.431945  -125.246667
   37.415305     7.980039     7.073286    13.091219   -42.838588  -138.858552
   37.800715     8.162928     7.545890    13.184880   -36.115047  -120.879426
   37.470592     8.083463     7.260881    12.801145   -18.725214  -117.461565
   37.096985     7.933094     7.468701    12.787039   -14.426753  -126.327359
   37.147322     7.840251     6.834464    12.839616   -31.663002  -109.245470
   37.236132     8.020331     7.192513    12.840604   -36.354479  -113.916659
   37.611570     7.969213     6.879895    13.025091   -40.327411  -106.350258
   37.352106     7.928923     7.121661    13.025307   -42.511112  -110.954928
   37.381792     8.012161     7.303240    13.022493   -35.278725  -131.680573
   37.338666     8.142805     7.068132    12.741270   -39.910498  -104.812430
   37.405406     7.859689     6.935673    12.865847   -16.450228  -110.934085
   36.939642     7.855617     7.250410    12.690648   -14.716143  -112.305840
   37.516322     8.072668     7.397339    12.962546   -34.097709  -102.647071
   36.840987     7.773533     6.924655    12.895339   -48.604821  -119.905997
   37.149868     7.846585     7.117576    12.849098   -14.823335  -135.700452
   36.854633     7.696631     7.063308    12.974736   -42.831885  -121.257139
   37.020793     7.876194     7.041808    12.940836   -53.451135  -111.359463
   36.709725     7.699005     7.323473    13.004687   -56.417001  -117.474416
   37.417227     8.064168     6.990669    12.940952   -45.033824  -121.743568
   37.109788     7.914304     6.945819    12.822433   -35.632588  -118.137539
   37.010300     7.742568     7.020503    13.027176   -46.022984  -116.507756
   36.687400     7.823283     7.157256    12.697879   -31.791253  -121.517372
   36.956078     7.987005     7.060089    12.836889   -64.587942   -97.280458
   37.045585     7.870731     6.927085    12.849982   -35.608989  -126.794317
   37.140330     7.677510     6.858193    13.136133   -47.713554  -114.955295
   37.393917     7.999064     6.927418    12.975819   -44.016534  -123.924909
   37.300524     7.912116     7.095204    13.034568   -42.261718  -120.382932
   37.412181     7.939742     7.143831    13.131672   -46.659278  -123.362272
   37.072710     7.690833     7.141527    13.232048   -62.680666  -106.004026
   37.033638     7.829569     7.102266    12.853610   -21.135806  -138.298864
   37.292737     7.734019     6.977097    13.273571   -61.846559  -105.444805
   36.936778     8.073055     7.143841    12.650770   -37.732973  -127.042227
   37.536314     7.948665     6.959941    13.082013   -43.276550  -113.289392
   37.046883     7.647899     6.778670    13.092627   -48.794418  -113.446364
   36.919063     7.798091     6.897308    12.958416   -54.752558  -123.496924
   36.878600     7.810469     6.901025    12.869494   -51.619014  -107.029218
   36.994267     7.894509     6.887019    12.922111   -59.809743  -118.122470
   37.292610     7.928829     6.999577    13.021571   -41.450409  -133.749627
   37.164650     7.923928     7.036256    13.033080   -60.302331  -114.506268
   37.027445     7.733252     6.844093    13.040086   -43.764945  -137.564902
   36.974869     7.864695     6.963347    12.932349   -52.436836  -125.293900
   37.384236     7.698342     7.002288    13.291395   -38.645217  -135.619480
