   38.115444     8.056112     6.921864    12.929424    -2.528535  -112.956492
   38.674965     8.402132     7.089269    13.033362   -15.041052  -100.278889
   38.020486     8.153203     7.086140    12.897953   -18.709281   -91.303416
   37.651781     8.268430     7.234490    12.666744   -19.944855   -97.587178
   38.368972     8.242265     7.197916    13.067904   -12.437254  -109.014392
   38.588089     8.094186     6.810238    13.069433    -1.726182  -106.692232
   38.382153     8.395460     7.242360    12.944855   -15.304673  -106.234272
   38.508199     8.285369     7.030909    12.990920    -1.555764  -117.999168
   38.042584     8.273784     7.270382    12.835581    -4.460529  -117.518501
   38.587420     8.282776     7.232565    12.996775    12.056457  -108.844441
   37.868073     8.030012     6.908828    12.852516   -10.086823  -105.226174
   38.347985     8.212988     7.083854    12.979293    -5.846069  -107.637400
   38.141363     8.058279     6.899506    12.864464     4.219903  -108.372505
   37.775216     8.123516     6.942877    12.689378    -0.608895  -117.054931
   38.005989     8.131802     7.044892    12.820465    -1.011447  -110.705444
   37.962932     8.152531     7.153213    12.911197    -8.313168  -121.058412
   38.402828     8.214275     6.742011    13.001816   -20.115581  -112.309424
   38.374833     8.267801     7.244953    13.047590    -7.443636  -114.425801
   38.089277     8.365162     7.017681    12.644945    -1.576936  -111.799205
   38.097176     8.161903     7.177892    12.943046    -7.118444  -111.262865
   38.330410     8.325396     6.834373    12.959432   -36.376877   -95.731898
   37.843535     8.081479     7.263406    12.871647    -2.519605  -110.683151
   38.296342     8.334817     7.243564    12.858331    -4.693686  -100.667088
   38.275734     8.188469     6.895630    12.944480   -14.345024  -105.415722
   38.406992     8.344461     6.957627    12.845186    -7.080273  -106.243024
   38.145734     8.238677     6.808479    12.839768   -23.960246   -96.232553
   38.490573     8.308732     7.024694    12.985283   -12.330796  -104.898731
   37.864059     8.090385     6.987498    12.859625   -21.452275   -89.291898
   38.077853     7.985622     6.883846    13.194215   -41.799951   -91.128618
   38.184307     8.219910     7.093503    13.103356   -39.159229   -96.635300
   38.450838     7.998177     6.837564    13.247127   -19.244667  -111.547506
   38.424252     8.283703     6.825501    12.893694    -5.356216  -117.587155
   38.065574     8.310894     7.189218    13.038766   -42.513138  -104.740814
   38.087741     8.043756     7.048781    13.288087   -45.531745  -102.037441
   38.258380     8.348226     7.004456    13.075803   -35.201992  -127.345491
   38.900837     8.318716     6.649567    13.308789   -46.776189  -119.875496
   38.478915     8.379564     7.232725    13.305852   -49.479835  -115.201065
   38.117119     8.060181     7.104642    13.282116   -38.863725  -107.758270
   38.001028     7.853474     6.952358    13.392701   -42.121528  -110.045649
   38.362559     8.278215     6.925507    13.166956   -38.323980  -119.534732
   38.139804     8.127307     7.094263    13.298242   -39.001850  -126.395074
   38.456535     8.516692     7.038905    13.089795   -46.385334  -123.804809
   38.107422     8.187281     6.796505    13.130969   -52.179709  -108.953979
   38.102084     8.302614     7.037396    13.086480   -43.353461  -120.880896
   37.925082     8.160408     7.389955    13.091815   -28.446697  -108.489300
   38.242901     8.233248     7.183865    13.307157   -50.028455  -111.613706
   38.205319     8.261157     7.168344    13.170794   -40.601298  -109.881925
   38.292756     8.177303     7.039136    13.243156   -25.037097  -139.137072
   38.127088     8.201604     7.024498    13.021631   -30.820520  -102.909949
   38.292757     8.174159     7.282023    13.174670    -3.446081  -136.905004
   38.179891     7.905364     7.230384    13.412078   -22.912618  -108.988116
   38.042086     8.082748     7.151490    13.186040   -32.993689  -108.050592
   37.747399     7.943368     6.914934    13.106956   -37.408738  -105.535755
   38.235313     8.202523     7.014243    13.079925   -33.177225   -99.112205
   38.305416     8.204472     6.879797    13.099157   -42.637010   -90.175143
   38.185679     8.040529     7.054820    13.235976   -17.730016  -129.035622
   37.813881     7.812988     6.834093    13.190590   -30.504527  -108.316931
   38.453535     8.174130     6.727878    13.178036   -42.360479  -101.853797
   38.155352     7.994472     6.833988    13.227532   -34.961886  -110.626349
   38.393922     8.107562     6.776571    13.227485   -47.954191   -90.810964
   38.006231     8.026157     7.110230    13.311390   -39.604867  -119.032220
   38.036790     8.364322     7.140858    12.905242   -27.354089  -123.879751
   38.597646     8.161441     7.177987    13.445006   -24.600443  -128.128879
   38.455773     8.215401     7.095432    13.313234   -41.478296  -105.093257
   38.060519     8.249025     7.179988    13.178368   -57.327621   -95.595322
   38.191561     7.891708     6.721717    13.189575   -14.969583  -127.289798
   38.363078     8.332029     6.957869    13.094412   -27.822134  -132.426332
   38.530278     8.224318     6.892222    13.237538   -27.907860  -127.072108
   38.233878     8.172920     6.923150    13.213214   -44.689625  -110.373296
   37.858086     8.075271     6.987436    13.071742   -25.941653  -132.084009
   37.781010     8.066562     7.250283    13.201164   -33.890392  -134.614313
   38.320981     8.120077     6.933332    13.208708   -22.116166  -128.065155
   37.865787     7.989347     7.060427    13.291767   -42.808088  -123.166621
   37.707207     7.964884     7.076145    13.190256   -33.010734  -133.273380
   38.451252     8.393082     6.712881    13.007309   -25.900925  -146.394680
   38.296100     8.353269     7.014068    13.088230   -31.532972  -133.674485
   38.249412     8.110833     6.592658    13.146397   -41.667394  -122.897885
   38.057780     8.267584     6.894155    12.970217   -28.808265  -131.115942
   38.311447     8.314326     7.184589    13.161238   -24.591013  -137.129718
   38.182208     8.082953     6.865528    13.297236   -45.581177  -122.651395
   38.479221     8.233016     6.569427    13.145354   -35.688823  -142.741762
   38.377655     8.298447     6.873529    13.046311   -13.158642  -150.839123
   38.606681     8.341360     7.025066    13.253940   -41.561781  -109.049411
   38.471279     8.338086     7.050718    13.217892   -46.006382  -106.395565
   38.237897     8.349430     6.840236    13.006713   -37.083640  -124.544534
   37.762438     8.128785     7.104141    13.014975   -21.894360  -145.324276
   38.107291     8.044380     6.857799    13.182828   -35.450523  -112.833729
   38.464678     8.137557     6.733268    13.251395   -52.414590   -92.265795
   38.142130     7.980229     7.045283    13.322519   -23.067802  -132.434616
   38.315989     8.237056     6.854299    13.126847   -46.931171   -97.471015
   38.224223     8.004916     6.636768    13.138575   -36.423546  -103.170093
   38.669689     8.067169     6.831826    13.414774   -36.410998  -112.271749
   38.307527     8.157565     7.093062    13.380444   -47.158890  -116.827318
   37.949426     8.051733     7.026620    13.303913   -47.073740  -126.680125
   38.234203     7.875706     6.859397    13.394110   -28.692359  -126.048308
   37.791815     7.933459     7.245295    13.292410   -31.817413  -125.470627
   38.005398     7.892418     7.200720    13.340777   -19.152134  -125.082103
   38.219172     8.025848     6.869397    13.248973   -28.958888  -122.992277
   38.325183     8.273795     7.171484    13.314393   -43.268645  -128.809779
   38.442516     8.080116     6.825643    13.319725   -33.971153  -123.034441
   38.582992     8.132742     6.840116    13.369314   -37.263808  -123.840441
   37.589703     8.040312     7.099068    13.057883   -37.827797  -124.603136
   38.789624     8.296994     7.101941    13.515772   -54.342212  -113.604291
   38.213116     8.113732     7.317579    13.490968   -49.909608  -116.985349
   38.124533     8.085693     6.763505    13.180142   -38.709491  -125.369075
   37.997120     7.938261     7.166683    13.489293   -53.865985  -109.531908
   38.838157     8.325477     7.032446    13.421079   -34.577081  -137.055966
   38.299369     8.276946     7.077178    13.029082    -8.187432  -138.139893
   38.085505     8.075779     6.673928    13.149714   -45.140599  -117.799741
   37.903301     8.186870     7.091756    13.136779   -50.980409  -110.798407
   37.876097     8.292695     7.205924    12.981237   -31.731959  -133.718821
   38.195330     8.435288     7.028830    12.881074   -20.003741  -137.731424
   38.426086     8.439900     7.126736    13.098483   -30.362658  -132.538776
   37.837808     8.164910     6.791664    12.983010   -51.912111  -101.572048
   38.405888     8.341223     6.771033    13.052947   -33.433678  -125.671769
   37.697109     8.049699     6.801044    13.019963   -37.231378  -130.806556
   38.421852     8.485647     7.087849    13.028786   -27.348767  -137.133231
   38.084482     8.240164     6.896800    13.066680   -35.267320  -132.751759
   38.233757     8.331004     6.788786    13.017319   -36.753568  -130.435634
   38.400042     8.257802     6.928088    13.254906   -43.256986  -124.188943
   38.323083     8.442319     6.994435    13.033217   -44.886130  -113.436619
   38.250968     8.353382     6.837826    12.958695   -32.174709  -120.218150
   38.343318     8.344729     7.098563    13.241185   -51.255246  -117.790777
   38.269242     8.096775     6.818250    13.236385   -28.890848  -140.003868
   38.254569     8.276663     6.804119    13.040924   -34.939105  -120.239817
   38.148920     8.004006     6.778053    13.128287   -14.998135  -135.770249
   38.193577     8.073236     6.547679    13.071664   -32.085668  -124.939998
   38.197783     8.214084     6.607751    13.025415   -40.241478  -120.999325
   38.411701     8.221362     6.900027    13.239986   -37.367997  -123.275458
   38.558065     8.137431     6.829671    13.202975   -19.370510  -118.604809
   38.236395     8.276401     7.322793    13.185623   -21.269970  -136.655361
   38.292159     8.229498     6.867272    13.171540   -47.188235  -107.575334
   38.218836     8.282528     7.077688    13.083972   -20.137875  -142.099478
   38.179465     7.997999     6.701622    13.183852   -21.248005  -144.424290
   38.371530     8.389232     7.273622    13.177284   -39.852724  -113.969868
   38.090355     8.300685     7.145515    13.142532   -48.329173  -116.658415
   38.090602     8.207140     6.924963    13.173298   -50.128885  -117.619438
   38.005793     8.106135     7.062352    13.293019   -49.824261  -120.262294
   38.015700     8.077801     7.204689    13.305706   -35.003065  -130.017283
   38.148275     8.219538     6.878599    13.193735   -52.258241  -120.200391
   38.389855     8.308646     6.931824    13.234813   -51.019016  -117.954029
   38.295027     8.237709     6.866595    13.128735   -36.385564  -118.458010
   38.202290     8.326196     6.921122    13.101727   -50.520203  -114.272857
   38.334886     8.312730     7.000646    13.158688   -34.403638  -131.398036
   38.303989     8.152082     6.828490    13.149854   -25.816697  -127.757516
   38.219964     7.917894     6.904112    13.300193   -18.054926  -128.672267
   38.744297     8.229786     7.133490    13.506081   -36.636020  -127.715320
   38.495262     8.246795     6.843096    13.170331   -19.054455  -146.908096
   38.127854     8.079922     7.051436    13.377479   -44.314602  -132.940091
   38.002609     7.749345     6.649110    13.392335   -44.789679  -120.299257
   38.356212     8.228763     6.898506    13.126235   -20.721307  -136.326415
   38.074129     8.186925     6.940424    13.139264   -34.316675  -137.614127
   38.075439     8.277565     7.052192    12.995219   -43.118660   -95.120656
   38.145703     8.346419     6.955273    12.949719   -46.641617   -92.681946
   38.152611     8.359921     7.053740    12.912975   -41.012106   -87.872801
   37.898401     8.144970     7.007416    12.928701   -29.330536  -101.571376
   38.520179     8.267275     6.985620    13.063976   -12.722703  -113.425919
   38.335510     8.259339     7.285316    13.044848   -11.505387  -105.008464
   38.242823     7.971615     7.019438    13.127917    -8.290948  -101.045354
   38.347614     8.429883     7.197008    13.156463   -49.242455  -112.623477
   38.256889     8.150646     6.864612    13.249686   -39.842576  -129.238867
   37.908760     8.203130     6.887787    12.844132   -27.040614  -107.875236
   38.162913     8.002465     6.876888    13.259486   -37.039177  -110.488993
   38.247423     8.057710     6.814379    13.128590   -28.952117  -104.089893
   38.098544     8.143708     7.079744    13.021904   -14.649748  -119.983247
   38.378822     8.330388     7.223037    13.133833   -31.013557  -108.169982
   37.975016     8.398571     7.064288    12.882880   -43.104578  -111.081986
   38.679184     8.332687     7.214269    13.404250   -48.262780  -103.425059
   38.017243     8.399134     7.171020    12.898211   -33.655164  -118.977065
   38.033923     8.212316     7.173299    13.025301   -33.157598  -101.201052
   38.259635     8.156406     6.863534    13.269746   -52.337837  -110.402304
   38.242483     8.096544     7.105850    13.375662   -40.929640  -118.794026
   38.343914     8.176628     6.755527    13.155499   -38.824603  -112.922259
   38.039115     7.876906     7.010525    13.380841   -29.323667  -126.971796
   37.965196     8.194643     7.176804    13.051978   -22.864367  -132.304867
   38.217640     8.160233     6.758363    13.104340   -34.658018  -119.249971
   38.228943     8.131067     6.939796    13.276628   -46.729459  -111.291505
   38.245354     7.960875     6.881302    13.309243   -26.722652  -123.201253
   38.597084     8.065057     6.980901    13.428146   -29.058848  -116.579642
   38.058841     8.262529     7.236824    13.221050   -48.891634  -121.578435
   38.498393     8.146313     7.038861    13.450993   -52.196518  -104.761066
   37.583518     7.960206     7.040368    13.240206   -59.833594  -111.532842
   37.646947     8.180119     7.363545    13.119477   -51.296696  -120.103867
   38.116372     8.268939     7.296546    13.186022   -33.908077  -129.886017
   37.527506     8.026778     6.957265    13.062749   -41.307232  -140.003415
   38.339833     8.265703     6.739813    13.119504   -41.692663  -122.008962
   38.382312     8.266534     7.119903    13.394767   -56.420684  -121.318657
   37.985390     8.050270     6.882747    13.234984   -50.641394  -110.601264
   38.371786     8.165340     7.172849    13.326108   -28.834404  -121.909427
   38.121371     8.239658     7.158468    13.074934   -37.637434  -100.224280
   38.189089     8.117964     7.384599    13.414416   -36.214500  -120.807195
   38.280191     8.365145     6.993356    13.041561   -39.584457  -111.793486
   38.308853     8.298035     7.076505    13.222902   -42.656347  -123.586962
   38.228897     8.072137     7.127543    13.193847    -2.011905  -145.208249
   37.998847     8.350010     7.026729    12.995955   -49.514328  -114.355137
   38.182900     8.367348     6.863412    12.870226   -21.074469  -130.851353
   38.572569     8.190928     6.969713    13.426153   -56.319144  -101.368991
   38.131112     8.339154     7.099461    13.157584   -51.015724  -126.069058
   37.867332     8.294039     7.011505    12.899754   -42.053780  -109.826586
   38.135680     8.199090     7.033962    13.134599   -47.606534   -94.624452
   38.292118     8.193393     7.142744    13.242040   -31.914385  -116.669079
   38.353666     8.279718     6.845672    13.131180   -42.343864  -112.595614
   37.827241     8.309058     7.073203    12.911203   -47.593042  -106.184760
   38.581832     8.371737     7.302277    13.343901   -43.469578  -111.725953
   38.280680     8.406368     7.274714    13.187790   -52.041159  -111.214939
   38.403203     8.417574     7.234589    13.130896   -33.708734  -121.003523
   38.645788     8.154703     6.828145    13.329576   -35.090222  -115.303782
   38.330303     8.192713     6.884940    13.241524   -42.141020  -119.645474
   38.133019     8.339471     7.107121    13.069499   -46.290893  -109.908587
   38.002087     8.306733     7.131412    12.989958   -41.842691  -106.839813
   38.319515     8.144737     6.785547    13.072675   -21.335320  -118.136894
   37.846270     8.133977     6.950891    13.083008   -46.469328  -112.839389
   38.929715     8.577235     7.227893    13.281643   -48.481314   -99.451562
   38.363194     8.319147     7.325725    13.333481   -45.084767  -120.693306
   38.201350     8.008065     6.950901    13.412563   -45.146295  -122.713726
   37.992019     8.082636     6.725254    13.077025   -35.095602  -125.950601
   37.837772     8.162692     7.264802    13.270205   -59.920257  -115.634936
   38.116469     7.892424     7.149807    13.484287   -41.494604  -105.856626
   38.047822     8.188968     7.266372    13.216014   -45.478952  -105.551924
   37.755527     7.733876     7.026332    13.352316   -31.057317  -117.035272
   38.167595     8.138421     7.267371    13.265205   -37.007125  -103.706925
   37.642068     7.916090     7.282783    13.139738   -25.998991  -116.309154
   38.171898     8.060006     6.634663    13.108983   -38.498167  -110.078744
   38.244233     8.046501     6.962620    13.285835   -33.291950  -114.566318
   38.138263     7.875817     6.863669    13.294530   -21.654289  -125.201598
   38.244628     7.918790     7.172700    13.575134   -35.851896  -128.031823
   38.376189     8.057100     6.820058    13.278695   -28.931059  -125.403356
   38.434874     8.052579     6.897861    13.361336   -29.028220  -128.872307
   38.039066     8.009778     7.202509    13.266117   -35.305652   -99.264514
   38.255605     8.071598     7.107929    13.253441   -24.774509  -112.159306
   38.605987     7.886811     6.721465    13.414299   -27.480433  -111.723980
   37.992690     8.110456     7.187345    13.349675   -57.629591  -109.998135
   38.159594     8.071504     6.921631    13.255001   -37.082944  -120.528980
   37.868082     7.902346     6.967791    13.243307   -27.418914  -129.395679
   38.614463     7.992920     6.808850    13.429912   -36.327822  -109.290442
   38.320569     8.115891     6.985531    13.317779   -34.996990  -123.794671
   38.530242     8.177660     6.880600    13.304572   -34.863712  -121.918123
   38.121791     8.200581     6.836187    13.071164   -37.577123  -118.420341
   38.024608     7.974472     6.867034    13.140684   -28.524892  -109.485904
   38.192305     8.055907     7.079924    13.236902   -20.745358  -123.393427
   37.855669     7.981627     6.940611    13.197770   -42.586439  -110.393193
   38.068220     8.019478     7.029762    13.254571   -37.702389  -107.494454
   37.636121     7.870650     7.130696    13.157896   -31.397569  -110.220939
   38.404966     8.223396     6.922126    13.377434   -58.537900  -122.123250
   38.067988     8.210367     6.899547    13.169003   -50.429702  -123.874205
   38.045772     8.176265     7.084940    13.247031   -40.853467  -140.638809
   37.948162     8.075527     6.991986    13.297181   -49.171954  -133.342363
   38.344410     8.057506     6.894214    13.397851   -38.042213  -137.222657
   38.115249     7.926880     6.885303    13.394466   -38.298039  -131.835011
   37.859474     7.869050     7.075281    13.394520   -36.581903  -132.236640
   37.918438     8.040839     7.020807    13.288937   -48.131323  -121.971606
   38.164199     8.118398     7.047186    13.333628   -44.421350  -124.659180
   38.360107     8.132823     6.960785    13.374334   -43.134429  -126.621489
   38.346878     8.164159     6.925674    13.345442   -43.040271  -136.026307
   38.238144     8.221094     7.286939    13.346837   -37.185667  -135.477335
   37.761229     8.031331     7.170042    13.243561   -47.089642  -118.277907
   38.050425     8.263760     7.163614    13.142560   -34.988872  -139.205239
   37.827745     8.154484     7.078525    13.158017   -46.768044  -130.081055
   38.034118     8.213226     6.866352    13.158293   -53.716490  -124.629516
   38.186868     8.142295     7.117929    13.402191   -51.031065  -126.807287
   37.877679     8.155161     7.189588    13.203693   -48.934406  -118.390930
   38.122353     8.145256     7.174138    13.338940   -43.651166  -127.262121
   38.075502     8.153981     6.989753    13.187054   -42.360027  -117.045701
   38.148317     8.231109     7.206809    13.215721   -35.469117  -127.561694
   37.907296     8.122850     7.446808    13.276345   -26.238970  -147.178237
   37.890439     7.934367     6.986859    13.221847   -25.873691  -130.063014
   38.306498     8.397861     6.684189    12.967297   -40.314565  -127.328483
   38.061375     7.952052     7.050247    13.353981   -26.323503  -138.480095
   38.264706     8.157674     6.986123    13.178791   -19.468924  -137.577873
   37.986512     7.984530     7.002104    13.231008   -44.935600   -92.709741
   38.444345     8.160928     7.042492    13.416153   -35.798075  -142.281923
   37.962559     8.141581     6.965066    13.169521   -41.621353  -131.063768
   37.927129     8.328833     7.272801    13.070208   -44.647357  -126.757377
   37.991516     8.124585     6.652981    12.956531   -23.993269  -136.663062
   37.920197     8.263865     7.248544    13.123447   -43.271773  -128.156541
   38.144603     8.162619     6.768334    13.121697   -36.622757  -130.610544
   37.999150     8.183869     6.919826    13.029076   -27.841980  -132.201426
   38.184851     8.226169     7.157870    13.298814   -43.184010  -134.236050
   38.348668     8.468808     6.958345    13.105555   -53.720296  -125.647381
   38.487834     8.544536     7.103018    13.165955   -58.590772  -119.682576
   38.085684     8.329577     6.995930    13.084399   -48.265706  -125.715212
   38.393759     8.400874     7.353780    13.250662   -40.022117  -125.540851
   38.371628     8.221290     7.295663    13.426306   -39.764393  -130.412992
   38.385754     8.110807     7.062710    13.398905   -40.552461  -115.065209
   38.547616     8.374320     6.846136    13.144154   -36.839772  -124.632935
   37.873022     8.025375     7.276033    13.327697   -48.550752  -108.493385
   38.154430     8.213300     7.290326    13.252202   -40.851796  -112.099804
   37.782035     7.947168     6.954757    13.195537   -31.716632  -133.205157
   38.442899     8.144007     6.871366    13.200201   -17.563681  -132.751747
   38.217868     7.973313     6.987494    13.371006   -29.091714  -127.758072
   37.905473     8.087252     6.938992    13.157653   -50.071694  -105.844916
   38.251720     8.293473     6.997154    13.177521   -44.754362  -122.401625
   38.001151     7.844821     6.766437    13.303265   -38.057929  -115.544512
   37.901576     8.276526     7.379907    13.007240   -33.407952  -112.755625
   38.330660     8.126516     7.067730    13.313206   -32.238591  -119.453026
   38.289166     8.429622     6.924552    13.024042   -43.705709  -121.819586
   37.773506     7.949103     7.266243    13.280671   -33.388532  -124.298038
   38.452710     8.049870     6.703220    13.326631   -36.971750  -129.270870
   38.008828     7.953681     6.912330    13.273758   -34.043320  -123.360977
   38.086934     7.919257     6.932506    13.354833   -31.698422  -129.114845
   38.394361     8.363442     7.183520    13.236759   -40.794219  -126.524485
   38.452750     8.406711     6.903884    13.099532   -42.583174  -116.119325
   38.343700     8.235397     6.944845    13.355001   -62.599559  -115.702844
   38.456116     8.252404     6.905426    13.268162   -41.248772  -125.680258
   38.140366     8.156526     7.149611    13.265705   -43.543905  -110.927364
   38.478226     8.317967     7.187515    13.348660   -42.735424  -128.068600
   38.455292     8.421206     7.129084    13.164359   -32.701891  -137.073390
   38.412628     8.335058     6.944956    13.195950   -47.200669  -116.505506
   37.829996     8.241264     7.221121    12.966984   -31.470268  -122.192208
   38.390368     8.361686     6.805835    13.101123   -45.321349  -119.335699
   38.319091     8.292997     7.294681    13.164907   -32.205564  -104.989197
   37.975914     8.205696     6.981362    13.051581   -30.203456  -137.332518
   38.116326     8.456992     7.318443    12.973598   -35.400059  -123.279384
   37.825090     8.121549     7.033430    12.954683   -20.384663  -127.304827
   38.319012     8.363841     7.048290    13.151952   -42.178501  -125.399931
   37.828098     8.222697     6.937234    12.970183   -53.778923   -97.416628
   38.511569     8.255536     6.919136    13.354340   -61.566997  -102.646163
   37.830875     8.182569     6.863356    12.978360   -47.518585  -107.646094
   37.938435     8.282508     6.921722    12.967073   -39.283475  -128.249221
   37.982944     8.184396     6.815627    12.951693   -32.400596  -115.094492
   38.349324     8.325095     6.964295    13.031680   -13.816504  -145.068742
   38.059002     8.110656     7.037189    13.229961   -40.564226  -117.884720
   38.230131     8.087645     6.977865    13.231293   -28.204462  -120.514128
   38.354889     8.124411     7.144565    13.428872   -38.459422  -125.596395
   37.781979     8.032210     6.975317    13.129003   -44.254431  -109.118735
   38.070644     8.114048     6.805419    13.106459   -33.320054  -125.064103
   38.163684     8.198189     6.958031    13.121838   -40.582797  -107.356133
   38.068446     8.295622     6.684701    12.939724   -38.970167  -131.219007
   38.152600     8.326730     6.886541    13.077830   -46.903194  -127.502961
   38.081248     8.137960     6.931988    13.270143   -49.784037  -128.575558
   38.030237     8.243699     6.908150    13.138187   -55.071630  -119.912180
   38.270328     8.396218     6.840398    13.070504   -43.144061  -145.340464
   38.295769     8.393668     7.124228    13.064342   -25.005670  -142.034280
   37.745659     8.044219     6.993753    13.175470   -40.424408  -139.552610
   38.252053     8.293675     7.207814    13.146548   -20.903295  -142.024383
   38.398558     8.162465     6.998149    13.338809   -38.213493  -123.281469
   37.981355     8.144722     7.021761    13.120150   -32.215928  -128.366092
   38.263904     8.207291     6.722843    13.188211   -59.996882  -103.130303
   37.884514     7.999331     6.947024    13.228285   -48.350391  -106.866556
   37.804814     8.173983     6.869722    12.882837   -25.436238  -129.609700
   38.017770     8.254468     7.190198    13.072529   -25.694201  -139.057983
   37.946311     8.044564     7.053193    13.305604   -47.727057  -120.632793
   38.060318     8.128100     6.923289    13.150476   -32.252879  -131.245686
   38.203520     7.882909     6.673809    13.294899   -30.177160  -127.891196
   38.388432     8.018057     6.749426    13.271157   -21.763282  -138.435688
   38.502240     8.190099     7.007251    13.329959   -48.298810   -94.989897
   38.344862     8.516259     6.951195    12.945031   -42.898588  -113.656827
   38.131393     8.115868     6.826827    13.224268   -55.591332  -102.841169
   38.183265     8.024009     6.804420    13.120195   -13.386216  -133.952846
   37.819986     8.073445     7.130010    13.068484   -43.449087   -87.090241
   38.288431     8.236159     7.350733    13.199268   -32.026331   -96.593885
   37.549588     7.899246     7.191877    13.228289   -43.120125  -118.948797
   38.240584     8.161792     6.952281    13.272144   -46.834813  -114.682998
   38.348765     8.027557     7.241841    13.474277   -28.512679  -119.454108
   38.013668     8.016811     7.114609    13.174126   -32.974197   -96.037515
   38.079595     8.012899     7.052272    13.153844   -29.709092   -93.895248
   38.174178     8.092339     6.688320    12.970548   -21.092278  -109.931495
   38.249104     8.021504     7.120867    13.436021   -47.190085  -100.961107
   38.046955     7.931658     6.984143    13.139714   -11.668854  -118.493617
   37.999232     8.113436     7.248688    13.293711   -43.095955  -117.920577
   38.021578     8.168348     7.058849    13.152473   -43.290836  -111.265458
   37.899788     8.191661     6.904524    12.809034   -17.108525  -116.496153
   37.866373     8.143313     7.008769    13.061324   -43.876826  -107.260609
   38.241774     8.047058     6.889828    13.169161   -37.351991   -87.423011
   38.034845     7.900411     6.766397    13.101248   -18.653436  -112.094058
   38.525863     8.366421     7.006800    13.151004   -25.193510  -133.649846
   37.773745     7.834155     6.775354    13.023987   -18.949677  -105.382056
   38.334695     8.147769     6.761999    13.166569   -39.206168  -108.990033
   38.194179     7.975753     6.916695    13.209001   -26.985532  -103.899637
   38.214265     8.168536     6.834285    13.148833   -45.234633  -104.482138
   38.266925     8.154867     6.810571    13.155349   -35.658974  -116.891735
   38.118168     8.363846     6.889982    13.020769   -49.850605  -119.972362
   38.195409     8.184501     7.119113    13.254440   -44.863533  -108.397482
   38.465745     8.406509     7.051042    13.169562   -37.299423  -130.648393
   37.987854     7.918210     6.866465    13.020603    -2.914744  -123.704205
   38.306609     8.305858     6.957374    13.134844   -44.446255  -110.889199
   38.199116     8.075872     7.357154    13.485975   -46.626874  -108.568472
   38.477251     8.310616     7.089135    13.238163   -42.546799  -106.272165
   37.988578     7.979169     7.114444    13.225727   -22.098574  -124.026812
   38.493741     7.965999     6.917657    13.397671   -20.283159  -124.389234
   37.936326     8.204395     6.922700    13.024681   -46.241281  -107.378709
   38.226974     8.020937     7.043657    13.292588   -22.915377  -123.471691
   38.614699     7.993800     6.791583    13.283444   -22.887526   -98.020317
   38.399603     8.035173     6.907074    13.332421   -35.355964  -107.681873
   38.319691     8.061058     7.041454    13.326539   -34.834948  -106.926356
   38.172937     8.151521     7.221002    13.324220   -45.414892  -108.900841
   38.225402     7.958778     6.518716    13.119748   -31.515477  -112.313063
   38.113392     8.023543     6.918015    13.020282    -2.230424  -128.382036
   38.113625     8.056677     6.715285    12.942683    -4.147467  -134.024980
   38.227007     8.275170     7.027216    12.993641    -8.580762  -143.884197
   38.151779     7.992774     7.214878    13.287057   -20.961714  -110.956926
   37.815930     8.030953     6.823571    13.017376   -28.584599  -122.390736
   38.291976     8.123784     6.731056    13.058964   -18.054332  -126.198348
   38.474135     8.267725     6.948555    13.133404   -30.722310  -106.386532
   38.427748     8.230532     6.879145    13.000291    -2.103506  -133.167170
   37.704893     7.883531     7.103686    13.011032    -8.671231  -117.780149
   37.385411     7.772864     7.035800    12.878362    -0.412788  -122.489497
   38.228511     8.163624     6.912810    12.952225   -14.022897  -106.942269
   38.095647     8.089095     7.062421    12.966250    -5.344527  -113.816382
   37.821187     7.944084     7.071477    13.015856    -9.835125  -118.359290
   38.261843     8.159106     7.031416    12.964113     0.853805  -121.725151
   38.291707     8.107830     7.062322    13.256098   -26.596144  -117.572368
   37.820538     8.107377     6.841041    12.843286   -12.307653  -130.156185
   37.786281     7.831305     6.854205    12.933313     2.638372  -118.265385
   38.567397     8.004504     6.695207    13.223212   -22.949106  -104.145572
   38.530691     8.235591     6.743595    13.045041   -21.488932  -108.830645
   38.507154     8.338260     7.002333    13.084947   -18.342196  -124.213186
   37.971829     8.029679     7.306514    13.191602   -12.683606  -131.584989
   38.222166     8.284337     7.065733    12.960877   -14.385916  -123.166433
   38.054850     8.075291     7.087116    13.082861   -14.979588  -122.050295
   38.058516     8.020734     7.136572    13.159753   -15.408329  -120.620902
   38.203745     8.078310     6.902422    13.117469   -28.665544  -102.690215
   38.214463     8.090258     6.727649    13.009168    -9.569384  -133.486674
   38.439676     8.097476     7.132397    13.282651    -7.042985  -131.523525
   38.427065     7.924572     6.758566    13.285823   -13.799978  -129.530815
   38.087777     8.224560     7.157167    12.993881   -13.534904  -129.004852
   38.208079     8.219577     6.966667    13.095395   -23.546392  -132.877489
   38.412585     8.242296     6.673142    13.045700   -23.229795  -131.261240
   38.056607     8.437903     7.393706    12.927813   -25.452414  -128.338470
   37.721322     8.055722     6.947005    12.938885   -19.847356  -129.557412
   37.909907     8.094095     6.803631    12.890654   -11.821011  -131.095204
   37.734410     8.194999     6.961814    12.798643   -21.913559  -123.279182
   38.004553     8.258065     7.150577    12.892563   -22.548299  -108.037393
   38.387182     8.258433     7.271032    13.108455    -6.576684  -123.656354
   38.569214     8.030393     6.994064    13.306587    -4.707768  -125.378829
   38.373528     8.221733     7.318617    13.243356   -22.094316  -113.541347
   37.746650     8.089079     7.181139    12.893040   -22.149895   -98.359816
   38.301323     8.235788     7.305647    13.153069   -20.251788  -111.426970
   38.178745     8.035201     7.153480    13.186664    -8.723423  -124.664573
   37.865475     7.974921     6.876128    12.959421    -9.109980  -123.974757
   38.000871     7.817171     6.825399    13.178221   -21.463952  -102.971165
   38.387158     8.296828     7.111242    13.175703   -28.170743  -124.104290
   38.307343     8.307099     7.164693    13.233390   -50.212619  -105.523046
   38.162039     8.119148     7.310366    13.190205   -10.878557  -128.321661
   38.292086     7.829549     6.707234    13.289256   -21.049146  -116.819022
   38.095520     7.931847     6.816124    13.203139   -33.680764  -102.089949
   37.955856     7.996364     7.206407    13.290062   -36.180709  -111.329782
   38.282143     8.240848     6.881990    12.895230    -4.269400  -124.798016
   38.164189     8.184936     6.711403    13.038899   -41.869166  -106.175562
   38.283939     7.989223     7.288580    13.354184    -8.111951  -123.189063
   38.431854     8.215097     7.122946    13.203302   -12.011488  -134.177251
   37.940951     8.124301     7.251674    13.094236   -11.276553  -145.309306
   38.357158     8.023484     6.930529    13.221995    -4.314049  -141.107563
   38.193754     7.958401     7.127402    13.334436   -24.277234  -111.134870
   38.087208     8.106978     6.840091    13.110376   -28.872778  -127.201778
   38.129185     8.130679     7.270728    13.125617   -12.520602  -122.072782
   37.790960     7.988549     6.772896    12.959087   -23.543075  -115.917762
   38.359498     8.042752     7.089457    13.352440   -24.177882  -118.029420
   37.928461     8.149260     6.941178    12.830686    -7.060965  -125.152578
   37.947805     8.028733     7.086193    13.173559   -37.462375  -101.741169
   37.898896     7.878827     7.190144    13.223878   -10.081593  -128.943519
   38.477212     8.398180     7.311340    13.102098   -13.212869  -129.537438
   37.590947     7.893528     7.327253    13.100428    -8.450639  -141.475238
   38.128399     8.322941     6.916501    12.964240   -35.978538  -116.530345
   38.299321     8.108459     7.100354    13.316270   -34.784613  -111.702610
   38.514006     8.240754     7.185750    13.231178    -6.280832  -141.059250
   38.123786     8.105180     7.182472    13.092593    -8.605933  -125.274994
   38.172930     8.236637     7.072906    12.993337   -12.611406  -128.919922
   38.438995     8.208897     7.292368    13.198510    -5.054016  -124.870696
   38.079273     8.009146     7.088080    13.101327    -6.125443  -124.379777
   37.971532     8.198224     7.208059    12.974419   -27.758121  -101.786712
   38.110251     8.169883     7.435445    13.263275   -26.664605  -123.014028
   38.354920     8.232199     7.302280    13.334368   -37.055036  -114.658808
   37.981540     7.961328     6.905543    13.056458    -1.694438  -142.571671
   38.232067     8.310850     7.105818    13.075804   -26.951768  -127.841091
   38.295525     8.094249     7.053100    13.302980   -38.637836  -103.873107
   38.496452     8.044936     6.835159    13.200091    -7.771122  -127.060692
   38.365439     8.232781     6.922430    13.173317   -32.484886  -120.867710
   38.106689     8.050949     7.047774    13.188838   -21.564002  -123.842207
   38.268155     8.080314     7.199710    13.288881   -24.894245  -110.750426
   37.951602     7.865573     7.276458    13.248288    -7.301478  -119.678851
   37.788276     7.959384     7.073029    13.242144   -46.029062  -106.129371
   38.422458     8.095780     7.111647    13.340354   -38.832935   -89.820227
   38.008976     8.152592     7.222249    13.014658   -20.663355  -108.074625
   38.228358     8.277504     7.314642    13.080947   -17.335417  -120.771141
   38.100629     8.228885     7.143032    12.901210    -4.022761  -126.528136
   38.260753     8.379489     7.086625    12.926952   -37.988058   -83.558856
   38.496495     8.281901     6.795033    12.984233   -13.125968  -117.970598
   38.276192     8.270398     7.004938    13.059169   -20.749031  -128.433202
   38.375508     8.156757     6.864512    13.196056   -28.038503  -122.726210
   38.196352     8.416414     7.296953    13.198507   -56.489491  -119.675577
   38.363489     8.024531     6.793604    13.317441   -32.613053  -126.349376
   38.055325     7.975810     6.627272    13.142331   -41.531015  -107.978303
   38.158024     8.041466     6.961041    13.298371   -39.759151  -114.873093
   38.216532     8.108949     7.061909    13.290304   -42.529543  -105.982959
   38.135951     8.213976     7.045690    13.239382   -57.252546  -104.265683
   38.223544     8.038578     7.130542    13.488450   -53.826752  -108.476713
   38.235577     7.881129     6.683843    13.330618   -51.857942   -87.334802
   38.358545     8.285627     7.007769    13.054350    -9.277287  -143.607351
   38.587776     8.231328     6.982635    13.466933   -52.505993  -132.120116
   38.398898     8.099218     7.233239    13.583313   -47.226107  -128.851419
   38.275012     8.231636     7.025885    13.257656   -39.075310  -133.685612
   37.878103     8.157751     7.124217    13.254258   -59.771116  -117.916302
   37.705769     8.020629     6.831967    13.103898   -46.353118  -121.056384
   37.748153     8.218547     7.149271    12.931263   -30.456115  -127.644991
   38.154994     8.313859     7.134209    13.234023   -61.719606  -110.612600
   37.911528     8.189463     6.898830    13.102368   -50.239505  -122.931310
   38.195409     8.310607     7.037791    13.156311   -45.741223  -123.704961
   37.718704     8.082928     6.869273    13.019519   -36.527480  -130.823438
   37.873958     8.135818     7.150939    13.209714   -47.448616  -121.892317
   37.954412     8.191810     7.260206    13.163263   -31.113250  -136.966736
   38.009101     8.291904     7.042998    13.037912   -37.729556  -130.552981
   38.064059     7.861739     6.805014    13.282573   -27.053861  -124.195688
   37.982129     8.199090     7.138760    12.880688    -8.930222  -122.211431
   38.028853     8.096892     7.200365    12.983309    -0.091274  -126.555946
   38.430274     8.130201     7.194604    13.229449    -2.321902  -129.752959
   38.030862     7.960338     7.082478    13.243312   -23.766479  -117.745484
   38.024991     7.935518     6.731911    13.204862   -36.551069  -115.529831
   38.248705     8.295314     7.252749    13.296899   -47.314352  -124.657188
   38.525866     8.407604     7.269417    13.271128   -40.336090  -120.922868
   38.436969     8.123452     6.995664    13.383874   -38.585669  -119.849176
   38.232620     8.108077     7.062494    13.107701   -18.540074  -107.151776
   38.002961     7.909135     6.818393    13.134859   -20.069794  -117.556025
   37.897715     7.978357     6.746215    12.940188   -11.715243  -122.809363
   38.088129     8.169980     7.097673    13.269303   -47.290213  -120.735429
   38.423690     8.261056     7.133397    13.283828   -32.204630  -127.568936
   38.400574     8.213515     6.997169    13.317743   -37.180071  -135.427761
   38.310690     7.964742     6.825785    13.317758   -19.405893  -142.973903
   37.880361     8.087077     7.304446    13.190805   -35.045933  -114.925386
   38.136829     8.316746     6.967312    13.158014   -56.408927  -121.860564
   38.119999     7.953204     7.109184    13.488962   -52.610072  -105.351090
   37.729426     8.004895     6.764989    12.804930   -20.217149   -92.264353
   38.387322     8.127564     6.936456    13.192154   -25.530864  -110.789258
   38.175726     8.304021     7.147201    12.931906   -17.764876  -114.450730
   37.946093     8.176002     7.462724    12.971386    -5.979520  -117.731361
   38.473410     8.060900     6.846644    13.127659   -16.870750   -95.635080
   38.523744     8.310593     7.023904    13.090664   -21.846410  -108.727160
   38.233613     8.147624     7.214267    13.000406    -1.925520  -106.537435
   38.051455     7.966584     6.959109    13.099841   -23.051403   -95.706911
   38.064790     7.976677     6.916051    13.183969   -31.480560  -104.956932
   38.540463     8.333893     6.604539    12.934333   -14.097699  -129.201198
   38.358072     8.202006     6.990730    13.014455    -8.142723  -116.999406
   38.206971     8.077514     6.792334    12.957772   -10.538346  -109.904990
   38.362464     8.091915     6.921325    13.038656    -2.140833  -115.845839
   38.070171     8.068846     7.112530    13.063245    -4.609696  -131.617575
   38.371041     8.091435     7.024267    13.232426   -13.069726  -128.029524
   38.243280     8.054603     6.849947    12.980849     5.523045  -131.679561
   38.557812     8.120293     6.940386    13.250965   -31.641651   -90.060018
   38.069190     8.176010     7.198006    13.172917   -38.231479  -109.498255
   37.874636     7.971735     6.949147    12.932362     4.218873  -136.701697
   38.487505     8.136246     7.002390    13.140942     1.390926  -131.246583
   37.923255     8.138201     6.971043    12.837716   -14.493903  -107.451262
   38.214696     8.101324     6.938173    12.903140    13.276076  -133.389117
   38.492504     8.354399     7.119000    13.037054   -19.859787  -105.417188
   37.918786     7.854099     6.999093    13.222606   -28.297168  -100.663338
   38.244125     8.168604     7.154133    13.151358   -21.820009  -114.524414
   38.171371     7.920481     6.856329    13.259237   -37.178221   -92.767069
   38.037129     7.929722     6.737366    13.130145   -33.366018   -99.374167
   38.470668     8.353789     7.161270    13.095603   -19.918530  -118.640722
   38.084886     8.053429     6.867708    13.132658   -28.593782  -117.559275
   38.260304     7.968199     6.916744    13.277759   -21.126209  -121.763630
   38.352043     8.121383     6.841110    13.195234   -28.314068  -119.580786
   37.930700     8.134534     7.086190    13.082011   -27.690583  -126.850607
   38.110468     8.007676     6.792657    13.322151   -53.848566  -112.643881
   38.283396     8.157320     6.929749    13.284303   -45.670155  -116.082276
   38.214278     8.043771     6.635033    13.245620   -50.161924  -116.243429
   38.545911     8.135943     6.841187    13.183626   -27.158682   -99.054705
   38.147834     7.997615     6.855506    13.003037    -7.746632  -109.188651
   38.688789     8.217651     7.076252    13.154481     4.840614  -121.867757
   38.310894     7.982725     7.109220    13.185933     4.344266  -123.164102
   38.326889     8.156499     6.722895    12.869395     4.930158  -127.433652
   38.191082     8.054290     7.040246    13.012641     9.969355  -135.133696
   38.276302     8.269706     6.960295    12.980368   -20.279395  -114.556185
   38.032641     8.196779     6.912530    12.916087   -11.673885  -136.280207
   38.426280     8.406634     7.091093    12.943824    -8.884381  -128.138191
   38.342657     8.242530     7.060922    13.033194   -11.795746  -119.091012
   38.174591     8.265624     6.955861    12.867099    -8.149336  -124.342696
   38.162256     8.194229     6.832440    12.968828   -15.261000  -131.053559
   38.288889     8.042913     6.696756    13.101200   -22.840074  -114.121981
   37.644576     7.971340     6.960371    12.865815   -12.593198  -115.202726
   37.896074     7.832213     7.098818    13.106864     1.477491  -121.507453
   38.112164     8.012765     7.026774    13.038772     2.141241  -128.379396
   37.937459     7.933704     7.092606    13.079065   -14.448159  -101.639205
   38.022469     8.087170     7.223664    13.191594   -23.799722  -124.205948
   37.644028     8.083214     7.172108    12.841504    -4.765106  -137.943717
   38.137004     8.193405     7.136775    12.941448     1.883470  -134.127308
   38.664661     8.241210     6.830983    13.100905    -6.776573  -124.970865
   38.428157     8.080096     7.172609    13.301018   -11.921532  -118.719639
   38.491669     8.286031     7.267588    13.102865    -0.567505  -125.314949
   37.936982     8.083445     7.227442    13.017712    -9.190451  -124.539116
   38.186098     8.199591     7.105624    13.082678   -15.639770  -130.193489
   38.221267     8.346707     7.194868    12.958282   -10.802643  -133.927536
   38.423430     8.323388     7.220618    13.087746   -18.153995  -113.477357
   38.207213     8.345314     7.296553    13.059007   -32.688607  -108.247768
   38.244438     8.104115     6.959156    13.013581    -5.549757  -117.829719
   38.464102     8.438106     6.912642    13.009483   -38.547218  -105.155555
   38.347533     8.269425     7.169397    12.982747    -2.082235  -121.302360
   38.147826     8.328631     7.316561    12.834094     5.923435  -131.323669
   38.126374     8.395527     7.142280    12.830403   -16.986777  -120.947489
   38.269395     8.445480     6.717300    12.742646   -21.681412  -113.948003
   38.333059     8.199306     6.744090    12.970657   -16.531508  -116.782584
   38.391547     8.181446     7.004394    13.020606     0.233272  -123.671925
   38.233609     8.413170     6.849310    12.855073   -28.804447  -116.035355
   38.415499     8.256129     6.840369    12.974627     2.827545  -150.427479
   38.128693     8.423104     7.093558    12.928425   -32.746404  -125.081095
   38.567061     8.228142     6.870271    13.091102    -2.856898  -136.518293
   38.339259     8.339440     7.029136    13.038393   -22.438128  -126.205765
   37.997001     8.337188     7.070576    12.799963   -14.757666  -127.748845
   37.927524     8.293614     7.112653    12.747567   -17.178337  -104.829204
   38.147946     8.374345     6.923049    12.786422   -15.245230  -122.471420
   38.376567     8.276626     7.466463    13.131759    -5.031462  -117.226240
   37.851584     8.083118     6.792950    12.768239    -3.893226  -122.668708
   38.384884     8.031822     7.041563    13.123709     8.799498  -126.382274
   38.330167     8.336433     7.102903    12.991400   -15.361313  -122.858755
   38.346408     8.237111     6.854439    12.934873    -4.787154  -126.487273
   38.193041     8.107203     7.114547    13.115192   -16.876476  -112.085127
   37.845085     8.095020     7.162945    12.952799   -13.562296  -122.348128
   38.175729     8.265954     6.788813    12.852415   -21.721550  -108.196100
   37.744533     8.282042     6.912956    12.754994   -33.193564  -113.825364
   38.113241     8.179006     7.115646    12.944989   -11.173259  -111.889960
   38.081049     8.095937     6.958773    12.997692   -17.039646  -111.219939
   37.776707     8.310663     7.323404    12.673982    -2.190979  -125.234403
   37.970698     8.015773     7.099663    13.149438   -28.830680  -106.042551
   38.360399     8.157795     6.812970    12.904023     0.329156  -113.693494
   38.523047     8.415218     7.376294    12.969786     5.717682  -122.368167
   37.934594     8.103335     7.130492    12.863678     1.842951  -123.493648
   37.933598     8.092610     7.064942    12.811409     7.858246  -125.688654
   37.622319     7.949833     7.124532    12.828444    -1.638366  -112.000954
   38.064329     8.154317     7.015753    12.975246   -21.886217  -107.521596
   38.158019     8.165661     7.180712    12.967988   -11.583164   -98.588686
   37.996558     8.216935     7.085769    12.855033   -12.989372  -114.763023
   37.918812     8.184143     6.945653    12.907229   -29.099053  -108.438658
   38.230365     7.981221     6.828225    13.092363    -9.182774  -117.259958
   38.034370     8.334067     6.810983    12.774930   -25.585370  -114.406202
   38.144420     8.372958     7.023220    13.065855   -45.907242  -125.984703
   38.644126     8.407020     6.801824    13.037924   -10.864934  -149.944323
   37.989033     8.222953     7.284995    12.966872   -22.236182  -107.839409
   38.180891     8.270859     6.892524    13.119255   -43.215236  -125.151674
   37.983391     8.247812     7.051422    12.958228   -27.578625  -121.488418
   38.101181     8.131427     7.129869    13.156818   -21.201502  -129.499392
   38.131783     8.269795     6.775305    12.991764   -38.894334  -117.797923
   38.441671     8.431603     7.030431    13.122036   -38.217939  -127.824008
   38.413992     8.338851     6.772864    13.107948   -39.264346  -129.008625
   38.783549     8.577069     7.105460    13.122661   -28.315475  -128.920104
   38.556010     8.562460     7.002227    13.053382   -44.124885  -117.944250
   38.272474     8.305603     6.815697    12.970052   -21.546734  -132.505055
   38.512629     8.340076     6.611992    12.988378   -26.582437  -123.780245
   37.863955     8.155319     7.203505    13.003109   -23.679492  -121.947233
   38.069927     8.205622     6.799409    12.969820   -30.973992  -117.665069
   38.531639     8.116993     6.592505    12.949355     9.714361  -137.767009
   38.279604     8.368451     7.085327    12.993759   -22.820377  -125.470086
   38.372144     8.291290     6.874027    13.026114   -14.293585  -138.922510
   38.106620     8.146391     6.757214    12.986103   -27.216481  -114.774469
   38.326816     8.358485     7.285717    13.078159   -29.268033  -106.804708
   38.715877     8.321746     6.877754    13.002111    -0.400563  -116.209282
   38.208765     8.236934     7.014094    12.989826   -19.778379  -114.870101
   38.226271     8.023698     6.905056    13.122079    -9.081462  -125.986355
   38.151753     8.326377     7.250138    12.926914   -16.265777  -115.923865
   37.783698     7.850313     6.879327    12.928915    -1.820712  -109.442358
   38.434331     8.057209     6.849200    13.167249    -7.328562  -128.449009
   38.094496     8.297894     7.022080    12.751881    -9.911439  -105.362042
   38.250490     8.164729     6.907614    12.909926     3.457531  -128.374801
   38.493717     8.282811     7.203371    13.131318   -14.124481  -112.327113
   37.627378     8.106763     7.138118    12.833055   -24.460213  -105.195105
   38.201886     8.072175     6.961996    13.009107    -7.864642  -110.232963
   38.302808     8.418003     7.117401    13.078828   -38.130379  -124.462740
   38.360393     8.071902     6.947743    13.353811   -39.165033  -113.865028
   38.251633     8.198138     7.280920    13.349915   -52.998798   -96.222893
   37.870684     8.026849     7.020817    13.243746   -38.595859  -133.701495
   38.265498     8.493983     6.966916    12.940126   -46.238426  -110.495555
   38.624528     8.176793     6.741318    13.124700    -5.392761  -137.622194
   38.545542     8.409594     7.307983    13.117699   -20.623342  -112.017764
   38.617141     8.438936     7.029148    13.129096   -28.891868  -123.219379
   38.425850     8.605110     7.152530    12.990661   -49.745906  -108.291172
   38.129307     8.386893     7.209542    13.110303   -53.914092  -110.026197
   37.751300     8.005020     7.054161    13.059555   -35.870990  -100.746754
   38.037783     8.226671     7.164658    12.889155    -4.112810  -129.927611
   38.000550     7.980697     6.834640    12.972893   -12.603026  -108.434619
   38.370356     8.116180     7.138044    13.241154    -7.583659  -134.312692
   38.226252     8.127238     7.037775    13.164879   -18.855303  -126.606640
   38.095450     8.484812     6.898660    12.828489   -45.876630  -110.108438
   38.183343     8.298469     6.905668    13.084416   -48.056638  -111.091436
   38.022198     8.128707     6.864339    13.041000   -45.656575   -88.594600
   38.271117     8.261876     6.956770    13.085130   -24.825369  -130.374289
   38.350678     8.183054     7.118021    13.341830   -39.369041  -119.409197
   38.049896     8.156207     7.306095    13.106690   -11.371504  -134.501172
   37.895751     8.056359     6.668591    12.862281   -19.378658  -113.507400
   38.407576     8.432067     7.025154    13.027924   -31.966546  -119.338470
   38.199552     8.271219     6.861455    13.109713   -47.160153  -114.824905
   38.250243     8.255037     6.949744    13.064575   -39.698280   -99.141357
   37.968574     8.167669     6.761421    12.853184   -17.219123  -124.375632
   38.031424     8.492392     7.246474    12.799299   -28.760021  -119.965327
   38.565616     8.525003     7.097583    13.037963   -30.793578  -119.519552
   38.286562     8.125734     6.870622    13.128580   -23.840194  -117.450996
   38.156247     8.285847     6.819670    12.760642    -4.869966  -123.196738
   38.006232     8.161746     6.846018    12.882592   -17.504224  -117.052279
   38.527648     8.268978     7.268327    13.176907   -13.918248  -107.714125
   38.549482     8.429997     7.159883    12.986772   -19.982486   -98.717019
   37.938558     8.296084     7.169837    12.949047   -35.556667  -112.364691
   37.899977     8.203314     7.016779    12.900712   -34.112836   -98.152193
   37.523655     8.124856     7.297122    12.939302   -41.691676  -102.220352
   37.999389     8.120977     6.586551    12.934831   -30.143051  -122.208953
   37.677543     8.195112     7.148722    12.901512   -36.297011  -112.466954
   38.366722     8.431093     6.732987    12.872096   -30.709687  -111.874500
   38.467058     8.381667     6.967633    12.967942   -17.683928  -115.587475
   37.652630     7.932986     6.959762    13.098155   -38.312659  -107.444872
   38.395887     8.073465     6.818956    13.396062   -55.210627  -108.094046
   38.286723     8.177670     6.989544    13.311273   -48.888637  -115.014905
   38.696475     8.487725     7.152141    13.263195   -43.174016  -124.201032
   38.050661     8.381153     6.906360    12.973787   -52.718194  -114.479748
   38.329896     8.335045     6.910108    13.089928   -35.458378  -126.036076
   38.445270     8.185136     6.788003    13.151756   -26.977476  -120.241161
   38.721300     8.477068     7.257260    13.130513   -20.665262  -111.477277
   38.629605     8.304787     7.076134    13.170904   -22.502638  -105.503436
   38.251666     8.345378     6.917232    12.828212   -17.463843  -107.646393
   37.932697     8.329248     6.941469    12.862617   -40.205446  -109.858328
   38.014558     8.109140     6.773505    13.006143   -28.388020  -118.510212
   38.097636     8.308283     6.760046    12.881787   -38.499749  -105.504659
   38.006630     8.309392     7.073633    13.057982   -48.955414  -114.851076
   38.263076     8.514665     6.964517    12.839763   -32.802787  -115.943304
   37.963151     8.219667     6.912355    12.997124   -48.963692   -96.807912
   37.630557     8.155790     7.044787    12.977959   -49.488286  -109.267857
   38.767618     8.634979     7.043878    13.100982   -54.257072   -95.110941
   38.339955     8.213772     6.637154    13.028089   -25.303792  -129.490792
   38.023000     8.357415     7.072773    12.998426   -49.626799  -108.998504
   38.244029     8.212526     6.835672    13.151402   -48.582296  -105.338669
   38.566532     8.228934     6.765425    13.218797   -35.672361  -119.180607
   37.797626     8.273051     7.048740    12.897770   -38.169717  -118.768976
   38.190681     8.322146     6.801872    13.037701   -44.807462  -121.617171
   38.504013     8.421822     7.064215    13.192604   -45.364948  -117.603951
   38.180918     8.057182     6.675979    13.180657   -48.030299  -103.768648
   38.044019     8.197467     6.471178    12.864308   -35.736937  -116.930777
   38.788219     8.283866     6.808138    13.380026   -54.356992  -109.688956
   38.435173     8.235156     7.083937    13.298749   -31.298839  -130.569456
   38.087766     8.261155     7.293311    13.038366   -16.681404  -130.250836
   38.515055     8.362390     7.032302    13.218763   -34.549686  -132.362556
   38.130533     8.134149     6.974419    13.030949   -19.855996  -114.343939
   38.096318     8.172066     6.821166    12.869034   -19.430351  -102.967682
   38.081896     8.232638     6.650294    12.819670   -15.476882  -130.817969
   38.138504     8.351065     7.109685    12.929489   -19.648533  -129.737418
   38.223130     8.339977     7.068718    13.053112   -25.880438  -137.846042
   38.530358     8.551115     7.112709    12.906780   -11.303302  -133.619200
   38.517488     8.292543     6.644876    12.996543   -27.794398  -108.251724
   37.706942     8.157406     6.995409    12.949480   -36.241901  -122.582282
   38.491036     8.189687     6.809937    13.133930   -26.994113  -108.822992
   38.397868     8.372647     6.862962    12.954267   -19.039456  -126.367251
   38.493557     8.507748     7.115928    13.008951   -28.627450  -120.658083
   38.302514     8.136462     7.129392    13.224309   -18.487598  -124.061549
   38.280856     8.353470     7.078605    13.072564   -32.367537  -122.971550
   38.954821     8.485254     6.806812    13.096123   -13.066814  -128.931156
   38.173869     8.044033     6.915375    13.050652   -17.791458  -102.358677
   37.642525     8.094759     7.009982    12.808818   -23.244664  -106.188803
   38.135476     8.098294     7.232249    13.068202    -9.488646  -109.012424
   38.191391     8.360030     7.382606    12.909561    -8.698269  -116.387527
   38.421684     8.304415     7.244989    13.020896    -0.805249  -122.973204
   38.414762     8.257914     6.709723    12.852479    -7.335629  -109.915409
   38.405236     8.293505     7.087523    12.994160     2.207867  -137.628478
   38.579089     8.257293     7.185475    13.132356    -7.551080  -106.966167
   38.538591     8.259341     7.150285    13.128327    -4.359462  -122.885600
   38.279675     8.201609     6.981370    12.941686    -6.295886  -114.848935
   38.144024     8.388821     7.190950    12.826269   -14.294264  -117.016593
   38.031078     8.281419     7.049662    12.779044    -3.000318  -129.335442
   38.400069     8.353343     7.300346    13.117767   -14.724568  -130.980038
   38.458373     8.457590     7.024079    12.982408   -16.962979  -137.070662
   38.201834     8.203256     7.221199    13.123048    -7.164565  -145.200616
   37.728075     8.167211     7.083626    12.844381   -10.320310  -142.961192
   37.588186     8.215952     7.306108    12.660360    -4.540757  -122.211673
   37.993482     8.168021     7.121334    12.961737   -14.512902  -122.667529
   38.135629     8.196861     6.891947    12.868317    -2.553539  -130.608127
   38.368487     8.358947     7.216688    12.964781    -7.300925  -121.924874
   38.447687     8.259875     7.037505    13.026440     5.679506  -143.377862
   37.661778     8.058120     7.122266    12.785054   -11.094404  -102.169496
   38.053727     8.136767     6.983061    12.836969    -6.033958  -104.351215
   38.246065     8.277669     7.024392    12.777624     1.944431  -108.129364
   37.933606     8.264243     7.002824    12.771093   -17.787103  -111.034775
   38.426989     8.236638     6.898303    12.969277    -5.986847  -117.574922
   38.231063     8.301762     7.093545    12.871796   -11.933838  -107.233629
   38.354701     8.335256     6.922219    12.785950     0.617747  -114.750659
   38.424502     8.075039     6.776690    13.013671    -1.938655  -114.231563
   38.075318     8.218308     7.287203    12.805207    12.760640  -122.530764
   38.215188     8.253340     7.218153    12.835134     8.173470  -115.183909
   38.101718     8.029687     7.249629    13.072505     0.104440  -114.282604
   38.286219     8.188335     7.130947    12.966768    -5.309399  -103.087554
   38.474744     8.376966     7.082814    12.918759   -10.609939  -104.678136
   38.051363     8.391250     7.311390    12.708776    -4.795794  -108.050919
   38.313184     8.025048     6.910531    13.196780   -19.191113  -113.238696
   38.178871     8.290986     7.222207    12.929460    -8.197805  -121.990412
   38.245856     8.373376     6.931498    12.748750    -0.762943  -126.622483
   38.079179     8.209147     7.309600    13.004061   -17.274259  -107.261729
   38.382469     8.285442     7.037741    12.835514     8.545710  -116.402691
   38.245294     8.308514     7.103244    12.815355    -4.205746  -106.330887
   38.479572     8.395274     6.918233    12.913257   -21.000608  -101.395419
   38.023314     8.263017     7.339365    12.915779   -12.481970  -114.829649
   38.023597     7.968179     7.100564    13.140791   -21.342542   -98.924855
   38.114881     8.340928     6.856578    12.943938   -35.616864  -124.755000
   37.692164     8.088048     6.789723    12.912528   -30.578336  -127.437661
   38.087031     8.211995     7.236515    13.223721   -36.331062  -128.964396
   38.559774     8.354590     7.259117    13.269503   -24.769047  -131.398924
   37.928493     8.147067     7.026644    13.108855   -38.133432  -120.749790
   38.288986     8.435547     7.010071    12.965456   -27.235791  -132.846605
   38.067223     8.416764     6.827404    12.821188   -33.136887  -127.010762
   37.897097     8.185419     6.840105    12.851911   -15.936858  -134.162881
   37.981287     8.164348     6.788102    12.984978   -33.739257  -118.830068
   38.378975     8.481379     6.987976    12.931909   -15.688697  -150.475550
   38.456369     8.500028     6.850112    12.917973   -27.685530  -123.686503
   38.266522     8.395499     7.206007    13.020515   -29.448740  -117.878352
   38.135974     8.245286     6.750483    12.935916   -28.225530  -120.269147
   38.596921     8.509528     7.183796    13.082109   -33.232600  -110.349797
   38.091744     8.274392     6.905117    13.051549   -41.574826  -122.067614
   38.321731     8.435812     7.039674    13.028114   -37.291318  -121.473675
   38.095303     8.282545     6.897048    12.974147   -37.171644  -112.860101
   38.441256     8.369697     7.085233    13.116694   -25.421343  -128.746837
   38.309437     8.261365     6.944920    12.947538   -11.237574  -119.185044
   38.117336     8.304520     6.972661    12.909428   -17.499444  -132.006306
   37.777943     8.200374     6.905677    12.911794   -35.378028  -124.009725
   38.430274     8.290476     6.742832    12.992327   -17.609025  -127.841138
   38.391725     8.238821     6.688499    12.968012   -10.555306  -135.937063
   38.057073     8.418316     7.281783    12.894912   -29.165315  -116.965472
   37.813597     8.272273     7.213494    12.914926   -26.008386  -131.778442
   38.220444     8.424363     7.170760    13.011967   -31.129648  -130.249095
   38.200672     8.274616     7.244137    13.151923   -30.885033  -121.155087
   38.645766     8.321539     7.145412    13.199263   -13.872687  -123.083854
   38.425372     8.454674     7.075819    13.178208   -53.458720  -118.178312
   37.981719     8.305252     6.998023    12.703517    -4.170866  -125.153585
   38.355302     8.365136     7.031820    12.791298    -1.472114  -109.359917
   38.044423     8.211793     6.846121    12.689183    -0.777551  -108.070011
   38.025322     8.217214     7.153139    12.903484   -16.677433  -109.354110
   38.234569     8.310359     6.865288    12.737436    -4.658765  -108.110737
   38.034006     8.303076     7.085826    12.746951    -5.480821  -118.319745
   38.683193     8.696086     7.145785    12.890364   -28.147938  -106.831986
   38.829267     8.725383     6.958800    12.874394   -27.773072   -99.333680
   38.266802     8.151568     7.195412    13.206931   -27.193058  -105.747683
   37.901693     7.847782     6.984255    13.234968   -16.097786  -131.451118
   38.219876     8.145584     6.804151    13.011138   -13.959139  -128.172541
   37.896894     8.094665     6.949125    12.874010   -11.122687  -118.011650
   37.899534     8.268623     6.925654    12.811045   -33.571543  -100.497428
   37.896305     8.164824     6.990158    13.008132   -42.090961  -101.371031
   38.186953     8.166593     7.045818    13.096042   -14.624403  -132.784260
   38.430345     8.240027     7.040005    13.202213   -23.294898  -126.698790
   37.554944     7.954908     6.971685    13.086499   -40.997305  -117.273221
   38.227776     8.160023     6.662223    13.102818   -43.238539  -112.251144
   38.286592     8.072592     6.856392    13.289316   -42.945533  -110.569589
   38.148076     8.283016     7.019673    12.976298   -43.311081   -83.474880
   38.586921     8.180898     6.836668    13.209501   -32.766826  -100.411622
   38.416842     8.323965     6.805279    12.931930   -31.555343   -88.381256
   38.603005     8.589217     6.844122    12.891032   -44.236280   -84.009518
   38.149512     7.848286     6.842964    13.261858   -20.576099  -113.859991
   38.204247     8.255064     6.876908    13.051217   -30.257363  -126.306015
   38.241075     8.029659     6.882028    13.253909   -30.548649  -117.771943
   38.268347     8.032374     6.718090    13.134655   -30.119256  -106.004598
   38.410973     8.307339     6.863216    13.009346   -32.229837   -98.818878
   38.132490     7.986389     7.148444    13.164904   -10.549864  -111.061702
   38.010303     8.407114     7.144228    12.855594   -35.073973  -110.646356
   38.536225     8.443409     6.983010    12.976136   -29.457500   -99.068176
   38.000190     8.069978     7.206929    13.133248   -10.163675  -138.300895
   38.149367     8.290235     6.941338    13.022554   -31.789150  -126.289518
   38.498199     8.355425     6.839456    13.017107   -24.788752  -115.313486
   38.383859     8.176895     7.047984    13.015704     7.069762  -131.077152
   38.442967     8.238389     7.004486    13.169178   -43.914018   -82.244893
   38.357132     7.883861     6.956839    13.304615    -6.501722  -120.246344
   38.274081     8.116523     7.171199    13.197035   -23.972533  -102.366460
   38.129404     8.031684     7.149316    13.249078   -12.911118  -138.062506
   37.954721     7.921733     7.176279    13.272215   -30.097924  -103.469363
   38.444147     8.296842     6.751930    13.023203   -28.122160  -113.612222
   38.055213     8.098691     6.786038    12.994753   -28.666408  -106.906063
   38.759060     8.184777     7.169072    13.402141    -9.371431  -128.944815
   38.401624     8.291744     7.191236    13.115744   -22.672529  -109.582805
   38.309849     8.129316     7.300500    13.166707   -12.058703  -100.718979
   37.926763     8.112783     6.986728    12.776139     7.608439  -129.104941
   38.185412     7.944649     6.636678    13.186417   -37.873708  -103.632103
   38.081312     8.248158     6.897080    13.078346   -49.689287  -108.273189
   37.964791     8.292759     7.163222    12.847709   -18.990275  -117.237133
   38.501463     8.303887     6.951162    13.212340   -40.138014  -113.094839
   37.924931     8.266848     7.110992    13.031424   -51.763452   -99.674334
   38.031558     8.028707     6.706416    13.040620   -21.593653  -127.724198
   38.029599     8.122975     6.779606    13.045683   -35.932306  -114.189917
   37.722759     8.135135     6.758340    12.946913   -54.785915   -97.368369
   38.264598     8.278809     6.947726    13.084500   -41.402996  -104.275046
   37.987983     7.876930     6.999839    13.112808    -5.589131  -117.191446
   38.524308     8.283955     7.238778    13.240371   -21.740801  -116.481265
   37.952570     8.188609     6.877211    12.977454   -42.198619  -101.889533
   38.147896     8.133897     7.050282    13.048500    -7.398812  -133.082577
   38.374004     8.061051     6.952987    13.223699   -18.620398  -116.229551
   37.837778     7.922034     7.094980    13.089466   -15.898200  -113.604134
   38.205015     8.259642     7.198163    13.002467   -20.187370  -106.853048
   38.185890     8.142419     7.333154    13.399204   -31.972475  -140.869010
   38.436019     7.966053     6.939534    13.508027   -35.425234  -130.158480
   38.121304     7.920006     7.090885    13.361641   -25.174364  -120.493820
   37.789702     8.064488     6.861572    12.962456   -25.989352  -122.335281
   38.453214     8.130288     6.906675    13.355234   -45.180058  -110.710264
   38.252902     8.190614     7.256317    13.340564   -41.715338  -115.482366
   37.757682     7.887873     7.027906    13.228259   -34.461518  -116.467029
   38.057179     7.854149     6.786450    13.333212   -38.569984  -115.499150
   38.565203     7.984694     6.654460    13.429567   -40.682053  -131.371370
   37.842241     8.151036     7.176758    13.124882   -38.814007  -124.254883
   38.232206     8.185102     7.155487    13.398214   -53.146895  -122.152814
   38.376360     8.185757     7.161362    13.387420   -35.471006  -133.136382
   37.814990     7.884967     7.095754    13.420814   -49.362301  -120.922939
   38.292375     8.182101     6.859254    13.200411   -27.606728  -149.060989
   37.772897     8.004595     6.935676    13.252779   -53.401938  -123.005991
   37.914047     8.103984     6.751965    13.058895   -35.398356  -135.321917
   38.054954     8.115469     7.029048    13.250718   -34.731378  -141.484906
   37.969808     8.198440     7.098672    13.180119   -43.544512  -131.121507
   38.382878     8.283329     6.976955    13.333949   -57.637813  -124.311421
   37.909189     8.108446     7.089302    13.253521   -54.836176  -111.525859
   38.192598     8.110859     6.774187    13.171629   -25.930540  -150.727068
   38.595308     8.341078     6.857782    13.244047   -41.396954  -129.922932
   38.709058     8.377832     7.099881    13.444465   -59.295564  -119.546824
   39.138385     8.507744     6.980556    13.379032   -36.467169  -136.711984
   38.143528     8.238120     6.989808    12.898305   -19.641403  -104.728090
   38.422267     8.213533     6.862613    13.080624   -27.136836  -103.781655
   38.461401     8.261053     7.150403    13.103945    -2.800149  -131.953495
   38.399727     8.266388     7.185263    13.229184   -26.497110  -123.593969
   37.949553     8.121987     7.228878    12.948859   -10.895936  -112.124917
   38.071271     7.985878     7.293308    13.253717   -14.258351  -117.981497
   38.148541     8.033018     6.859146    13.167064   -29.573260  -112.922744
   38.000815     8.143492     7.096696    13.090806   -39.504828   -98.351333
   37.785129     8.051430     7.120761    12.942431   -18.160079  -111.740830
   37.777292     8.251415     7.027504    12.784262   -28.917645  -108.130710
   38.233888     8.151589     6.984718    13.082024   -26.346376  -103.768242
   38.228290     8.206349     7.073332    13.085142   -27.770710  -106.948035
   38.315896     8.398353     7.386122    13.045046   -25.879506  -107.579380
   38.191811     8.226728     7.162539    13.222853   -41.772397  -113.580886
   38.097664     8.400329     6.801021    12.811420   -37.916108  -107.271631
   37.863451     8.002858     7.020531    13.180605   -45.616998   -97.632366
   38.302992     8.336761     6.781775    12.917410   -30.167973  -107.595974
   38.173364     8.165195     7.164566    13.112687   -13.628812  -129.158766
   38.509568     8.309134     6.969447    13.121247   -19.033644  -127.974735
   38.275967     8.080997     7.112906    13.239629   -17.356053  -121.906572
   38.266571     8.207767     6.852024    13.207936   -58.017659   -96.973145
   38.007661     8.212471     6.898022    12.888459   -28.177996  -104.852271
   38.169483     7.918141     6.837951    13.162578   -13.139520  -118.474331
   37.924181     7.913930     6.867590    13.138234   -17.077267  -130.189406
   38.294994     8.104061     6.572731    13.007032   -19.259515  -124.171908
   38.403677     8.151398     6.875351    13.129797   -13.322065  -128.964586
   38.131076     8.155847     7.056097    13.051011   -26.491860  -104.199709
   38.155327     8.146267     6.802608    13.045965   -27.605012  -117.853945
   38.010289     7.969788     7.050368    13.042143     8.917522  -144.316042
   37.966556     7.996784     6.950436    13.014178    -9.481172  -122.050956
   38.085095     7.973505     7.084656    13.236107   -18.667089  -121.772648
   37.821589     8.181481     7.130653    12.962829   -39.632143   -97.934694
   38.280412     7.962262     6.821357    13.029788    12.307678  -134.798239
   38.215823     8.186879     7.228977    13.192641   -33.622155  -102.691393
   38.173957     8.232040     7.015587    13.026575   -28.629498  -109.745878
   37.824632     8.097007     6.858725    12.999285   -34.356137  -118.043721
   38.097231     8.133040     7.059667    13.247876   -38.775642  -124.581549
   38.150105     8.124428     7.222250    13.159777   -12.475344  -130.086497
   38.561452     8.328622     7.380900    13.335405   -34.262783  -108.212421
   38.089678     8.047679     7.044743    13.232226   -24.830637  -129.620261
   37.916092     8.049718     7.062575    13.177531   -41.784629  -105.181850
   38.278377     8.136013     6.916953    13.049081   -21.099925  -103.399716
   38.656355     8.207892     6.894810    13.242684   -25.206645  -112.667996
   37.842478     8.313256     7.147587    13.052384   -61.523611  -107.934435
   38.272175     7.956795     6.769277    13.195487   -15.379822  -127.080603
   38.350973     7.942919     6.716123    13.290196   -33.087630  -111.014400
   37.915718     8.221721     7.128687    12.994406   -36.669356  -108.970680
   38.144349     8.062355     7.031834    13.168516   -30.382056  -102.208302
   38.218329     8.141912     6.874829    13.147162   -37.733132  -107.232032
   37.953150     8.137467     6.613376    12.883867   -26.120266  -123.909860
   37.840823     8.044409     7.109038    13.253091   -49.919387  -112.006203
   38.219594     8.018123     7.164875    13.314578   -22.120867  -117.326139
   38.012617     7.896485     7.232083    13.326283   -20.921742  -114.456613
   38.353762     8.167636     7.039852    13.367146   -49.347279  -111.703115
   38.160105     8.163255     6.935182    13.258467   -58.642511  -102.052180
   38.168493     8.314341     7.209264    13.045768   -23.915427  -127.344132
   37.804237     8.002467     6.934093    13.069845   -31.708156  -113.164718
   38.223805     8.270379     7.145405    13.116120   -24.372028  -129.966420
   37.754365     7.895085     7.077238    13.311936   -36.618319  -132.197395
   37.961135     8.149787     6.955548    13.172553   -48.452464  -120.296506
   38.336517     8.016273     7.053715    13.436218   -26.637633  -138.254053
   38.215129     7.986858     6.691851    13.221274   -31.789083  -124.615683
   37.817685     7.769970     7.106362    13.501582   -41.450454  -127.878281
   38.372672     8.040762     6.889309    13.334876   -26.428754  -133.641754
   38.125228     8.127405     6.995809    13.274042   -37.354267  -139.263766
   38.228793     8.017979     6.755810    13.343315   -52.410668  -114.388131
   38.302058     8.175885     7.003303    13.326608   -49.156195  -114.520325
   37.852514     7.983526     7.159303    13.333635   -52.057070  -106.130688
   38.104338     8.048888     7.037866    13.342190   -52.205878  -102.798698
   38.001162     8.119097     7.112581    13.176508   -32.827865  -123.210846
   38.156690     8.220531     6.911894    13.137418   -39.752250  -124.215794
   38.353051     7.938876     7.115086    13.506151   -31.730017  -114.443022
   37.483071     7.913873     7.277443    13.102176   -34.673861  -112.942568
   38.145666     7.970902     6.901833    13.404059   -52.265318  -110.151894
   38.054136     8.134019     6.882475    13.169397   -51.987991  -103.498253
   37.852188     8.189720     7.250861    13.082697   -42.455468  -109.030824
   38.292832     8.185514     7.057297    13.317652   -59.763304   -90.895235
   38.079905     8.266216     7.260565    13.038256   -20.045161  -128.982673
   38.441003     8.065325     6.805019    13.277576   -31.328121  -116.260544
   37.979080     7.995031     6.721730    13.161027   -44.205124  -109.722955
   38.374008     8.007758     6.891969    13.461315   -49.257483  -113.909822
   37.914920     8.127215     7.044808    13.182160   -40.191403  -132.105545
   38.177511     8.373862     7.083438    13.096792   -48.169650  -118.684492
   37.957133     8.144628     6.964652    12.952067   -18.501295  -123.625264
   38.573130     8.203960     6.842084    13.218576   -34.944447  -104.684278
   38.182887     8.141797     7.284281    13.347151   -43.592128  -107.598073
   38.727773     8.314642     6.739028    13.187821   -32.672806  -118.222074
   38.281607     7.840870     6.506469    13.315447   -36.205128  -127.848058
   37.908092     7.893775     7.164956    13.246767   -23.887156  -110.983806
   38.292819     7.923475     6.911907    13.363101   -32.454387  -107.423181
   37.985583     8.046726     6.827591    13.181359   -49.321137  -104.668048
   38.265422     7.932923     6.867878    13.346548   -29.030225  -121.060049
   38.165055     7.965237     7.046481    13.362346   -28.410587  -124.478150
   38.185752     7.990313     6.675419    13.210746   -31.028652  -130.550727
   38.145123     8.075542     7.283763    13.361728   -30.092560  -125.690222
   37.910243     8.167421     6.950667    13.057098   -37.158496  -125.167219
   38.251537     8.084032     6.754974    13.231769   -49.916154  -101.922693
   38.147045     8.167902     6.896206    13.147067   -34.765121  -125.953936
   38.007443     7.980375     6.530033    13.072923   -30.900384  -131.814775
   37.792328     8.246077     6.985200    12.839202   -25.357188  -129.478346
   38.353203     8.089201     6.884547    13.260872   -29.435063  -121.408851
   38.519652     8.272140     7.099249    13.234132   -20.732183  -129.628426
   38.370354     7.967773     6.760990    13.228046   -16.151910  -125.764060
   38.114427     8.207910     7.034493    13.029903   -30.298629  -107.972853
   38.487017     8.308019     6.906642    13.234624   -44.378890  -119.740280
   38.173501     8.502727     7.269997    12.888395   -32.637282  -114.873268
   38.191335     8.082141     6.872866    13.243232   -40.518415  -115.040899
   37.846520     8.240542     7.439848    13.076310   -30.739394  -128.751814
   37.850652     8.194120     7.242752    13.061353   -45.440155   -99.736996
   38.007557     8.097764     7.164083    13.205194   -52.242929   -80.147320
   38.277371     8.101635     6.657791    13.069193   -29.571433  -111.349250
   37.992413     7.902696     7.013782    13.260256   -17.038030  -133.945765
   38.388928     8.064237     6.744439    13.180783   -21.625846  -123.956107
   38.020590     8.027441     7.321698    13.209415   -16.003702  -119.603986
   38.300821     8.125279     7.085969    13.251342   -41.234791   -90.096106
   38.326834     8.316311     7.070037    13.224531   -49.466376  -113.691627
   38.591671     8.556403     7.274415    13.199576   -61.230488   -93.744601
   38.260048     8.079948     6.815010    13.208544   -20.286154  -149.216558
   38.442120     8.202452     7.121696    13.225834   -20.172452  -118.970945
   38.474680     8.213579     7.229394    13.241101   -24.648839  -100.979424
   37.879151     8.274188     7.106597    12.959726   -49.871125   -94.009106
   37.775843     8.112540     7.107167    12.915431   -24.624674  -109.181135
   38.485896     8.411328     7.249210    13.191865   -35.155940  -118.663527
   38.524009     8.289957     6.996397    13.277229   -44.421248  -110.978030
   38.098371     7.977101     6.742314    13.178165   -38.948271  -103.939388
   38.136483     8.253144     7.233190    13.325091   -60.219487  -113.166280
   38.211423     8.332796     7.261887    13.144024   -25.951948  -143.602048
   38.633406     7.976647     6.681758    13.404763   -35.074706  -118.672997
   38.222807     8.187507     7.122728    13.259183   -32.773546  -130.049016
   38.301240     8.111389     7.031083    13.307288   -23.804655  -141.981344
   38.293702     8.314120     6.904805    13.159584   -47.324457  -122.415327
   37.849022     8.043670     7.052975    13.195081   -38.121781  -124.879507
   38.292511     8.149752     6.770459    13.197665   -51.129811   -99.341677
   37.567577     8.041791     6.800871    12.937655   -39.686607  -118.810441
   38.295008     8.287555     6.918103    13.110647   -38.013818  -117.623307
   37.851896     8.166952     6.993483    13.146032   -51.837972  -124.564534
   38.769264     8.377552     7.120531    13.394895   -50.713413  -107.523140
   38.001534     8.161168     7.249732    13.341098   -55.741288  -118.366888
   38.436512     8.401580     7.076895    13.126324   -31.377083  -130.243524
   38.644616     8.460383     7.045829    13.274294   -55.926395  -113.364816
   37.953213     8.213266     6.916363    13.025283   -36.556023  -128.163678
   38.309037     8.173680     6.953229    13.198735   -25.084664  -132.536369
   38.149858     7.949345     6.795022    13.294733   -33.551800  -126.191151
   38.109084     7.957287     6.899836    13.411591   -56.089675  -106.331473
   38.040003     7.724306     6.708208    13.359573   -25.171811  -133.051370
   38.041922     8.127894     6.630146    13.057160   -41.372026  -124.783992
   38.364922     8.261299     7.041911    13.339495   -50.325027  -128.392941
   38.506004     8.082374     6.833183    13.321692   -27.766880  -127.644512
   38.162643     8.223125     6.942400    13.152526   -38.536286  -127.649263
   38.273057     8.435622     7.211085    13.075009   -41.850559  -116.882145
   37.993752     8.142155     7.204153    13.112283   -24.956331  -122.982020
   38.031842     8.151869     6.897190    13.134594   -32.178120  -143.829687
   38.252545     8.060134     6.963775    13.365142   -40.384596  -123.789885
   37.849230     8.004721     6.976243    13.012952   -11.869134  -131.692256
   38.051155     8.116509     7.067990    13.084994   -22.674147  -119.353601
   37.874035     8.052284     6.628145    12.838191   -20.514889  -110.375468
   38.449247     8.143366     7.000679    13.115904    -3.439297  -122.980645
   38.331407     8.298538     6.917368    12.873228   -12.119618  -107.495025
   38.329579     8.252774     6.907747    13.189218   -49.147768  -105.119456
   37.839260     7.976174     7.094832    13.206533   -37.381546  -110.301924
   38.052469     8.040884     7.337076    13.257447   -30.574185   -97.862598
   38.436267     8.426511     7.220885    13.015767   -21.688799  -114.025900
   38.187990     7.964371     6.813956    13.153899   -13.617766  -126.357688
   38.140110     8.070728     7.005396    13.257149   -35.285326  -117.661989
   38.131083     8.007385     6.961702    13.135847   -18.074593  -114.113414
   38.287467     8.183516     7.205810    13.221487   -21.466315  -123.742323
   38.100530     8.109572     7.183321    13.184343   -35.621984   -97.948768
   38.212847     8.144862     7.251780    13.300528   -32.138155  -118.089328
   38.234158     8.060251     6.869468    13.325647   -43.132054  -122.143344
   38.195238     8.197363     6.841468    13.159717   -46.327208  -113.517327
   38.497363     8.253930     6.956860    13.261614   -28.836128  -138.638015
   38.478349     8.281197     6.981817    13.242289   -31.439556  -133.808709
   37.906072     8.155731     7.247949    13.194100   -36.353507  -132.552835
   38.051145     8.101813     7.057956    13.241081   -45.231599  -108.759616
   38.435865     8.085252     7.268830    13.571230   -44.840526  -113.662048
   38.342779     8.215025     7.069332    13.296841   -41.160406  -119.113139
   37.860643     7.744981     7.120659    13.471673   -35.838924  -115.991195
   38.377166     8.273181     7.132743    13.376217   -52.422445  -125.230079
   38.374996     8.469569     7.215599    13.195385   -56.255674  -115.760161
   37.700340     8.176357     6.700119    12.910621   -51.837452  -115.921670
   38.245239     8.164689     7.065871    13.139070   -20.217391  -121.544930
   38.157985     8.356914     7.262448    13.091069   -43.630569  -107.908828
   38.089814     8.327739     7.119859    12.945569   -28.781921  -115.870157
   37.980403     8.281643     7.122363    12.953090   -36.690165  -105.660061
   38.194099     8.005153     7.034949    13.302324   -32.054035  -109.849632
   38.140616     8.169707     7.120627    13.120190   -32.789127  -104.049872
   38.057640     7.871897     6.878308    13.346048   -42.425341  -103.846120
   38.369849     8.067795     6.859398    13.312044   -46.411727   -98.971856
   38.291974     8.078990     6.928204    13.317618   -54.310106   -89.561005
   38.070919     8.258438     6.912728    12.969912   -27.873611  -126.284238
   38.480821     8.385695     7.042354    13.170116   -54.260556   -90.848223
   38.155250     8.054204     7.099204    13.283122   -25.653981  -127.490100
   37.938101     7.932477     6.871647    13.215248   -22.580369  -142.992077
   37.882900     8.256030     7.131683    13.068162   -57.369875   -99.135593
   37.993563     8.092408     6.673846    13.001850   -28.639559  -127.300882
   37.703411     7.853712     6.772854    13.170638   -34.088097  -127.545280
   38.570350     8.310615     6.976732    13.241537   -36.610777  -117.138863
   38.056460     8.057175     6.930272    13.218642   -42.732727  -109.186280
   38.261214     8.132886     6.903622    13.128951   -21.711312  -122.743948
   38.181582     8.286269     6.791241    13.046430   -46.563372  -112.923725
   37.978978     8.228849     7.165905    13.064508   -36.661588  -115.297272
   38.210238     7.999394     6.674287    13.055656    -9.208942  -132.541578
   38.125804     7.988492     7.216487    13.203574    -5.462352  -124.427277
   38.102991     8.108783     6.951240    13.090232   -35.902784   -96.986912
   38.343126     8.456127     7.138497    12.975712   -33.450377  -109.466908
   37.983024     8.074227     6.954775    12.976340   -27.552706   -91.533657
   38.301758     8.423308     7.229584    13.134030   -56.679720   -94.089082
   38.099901     8.310955     7.260643    13.143759   -45.734822  -112.877915
   38.263509     8.083739     7.073310    13.229532   -36.053274   -90.710947
