   39.452635     8.636073     6.739585    13.257424   -26.172458  -136.453536
   39.392387     8.699707     6.868672    13.161363    -9.914321  -138.886391
   38.866145     8.436271     6.852877    13.159865   -14.638894  -146.881790
   38.992134     8.486608     6.876190    13.193197   -19.845771  -134.282936
   39.185788     8.594551     7.161862    13.394378   -40.981945  -122.862164
   38.946105     8.643130     7.050651    13.127165   -36.213290  -110.829911
   39.442810     8.569588     6.896775    13.374732   -28.458242  -128.875411
   39.417959     8.628992     7.098531    13.350982   -12.305063  -148.193097
   39.415621     8.555112     6.960065    13.374515   -18.946519  -140.216806
   39.242583     8.492217     6.620583    13.201400   -21.726227  -134.197489
   39.571201     8.634602     7.015447    13.436311   -26.178349  -140.267290
   38.998261     8.541492     6.832522    13.115672   -11.134381  -153.932318
   39.479448     8.470545     7.017725    13.501023   -16.474575  -149.649836
   39.257001     8.605195     6.965877    13.307628   -26.864009  -147.786615
   39.535753     8.532699     6.869504    13.387030   -14.141451  -143.580354
   39.219475     8.569058     7.163061    13.417172   -39.244098  -118.280445
   39.500862     8.721622     6.789348    13.278152   -36.745404  -135.446727
   39.341693     8.691260     7.017599    13.236664   -31.226518  -101.946172
   38.888350     8.358083     6.553317    13.089227   -25.899535  -113.581777
   39.122110     8.551031     6.793120    13.116538    -7.008870  -145.198645
   39.489304     8.631806     7.131902    13.396657   -12.009624  -145.919998
   38.648442     8.341046     6.775400    13.137926   -28.016420  -125.697331
   38.856743     8.321045     6.678698    13.158564   -24.122519  -117.887907
   39.040823     8.532884     6.821338    13.089960    -5.530410  -142.186977
   39.296253     8.603869     6.987293    13.219183    -5.320004  -138.796918
   39.336864     8.581112     7.029521    13.202663    12.359699  -147.132403
   39.057200     8.360750     6.719232    13.195190   -10.413125  -132.072011
   38.854544     8.328985     7.197596    13.396665   -19.486871  -131.390472
   39.535264     8.391259     6.830160    13.417495    -4.638645  -123.778250
   39.418328     8.443013     6.840819    13.245890    12.117230  -126.886442
   39.424807     8.625128     6.909125    13.246684   -20.065922  -106.301829
   39.168293     8.501057     7.047975    13.165240    14.427704  -142.785833
   39.592107     8.561249     6.760405    13.347556   -20.061379  -130.508851
   39.194034     8.404180     6.651607    13.272858   -27.747028  -124.780932
   39.259686     8.551731     7.126412    13.437896   -43.781741  -107.453648
   39.474382     8.569037     7.298146    13.467135    -4.780068  -124.016732
   39.462785     8.396785     6.835276    13.369273     1.287083  -136.071141
   39.757646     8.516581     6.889919    13.543585   -28.527885  -117.203808
   39.373536     8.372428     6.477529    13.242361   -24.746887  -110.408572
   39.195173     8.380083     6.956191    13.454433   -40.807189  -103.306166
   39.406840     8.509134     7.155842    13.440832   -10.210820  -124.200446
   39.321169     8.405710     7.118661    13.527286   -21.402904  -126.752346
   39.748550     8.621915     6.978673    13.560920   -46.680418  -106.773691
   39.075240     8.395849     7.003506    13.497981   -54.393397  -109.434527
   39.590362     8.511197     6.708844    13.378128   -21.977132  -139.360526
   39.459208     8.508494     6.761523    13.413431   -37.220205  -132.678761
   39.765920     8.393535     6.771428    13.626236   -35.235627  -139.142726
   39.379138     8.475349     7.108924    13.522744   -32.157446  -117.149725
   38.993985     8.201863     6.676549    13.393854   -44.111682  -105.695880
   39.210470     8.248979     6.659350    13.415024   -37.297079  -110.380827
   39.048838     8.217521     6.575071    13.351678   -40.252221  -112.994791
   39.221846     8.532501     6.875983    13.364726   -43.227437  -124.568662
   39.276744     8.475923     7.169784    13.571738   -49.696816  -110.039969
   39.005664     8.650569     6.956774    13.160277   -33.930258  -131.398982
   39.546272     8.240428     6.652733    13.615239   -40.612865  -135.778265
   39.135171     8.365098     6.627824    13.371527   -51.817749  -113.746604
   39.358663     8.643409     7.030752    13.348723   -28.323475  -142.242514
   39.224270     8.611460     6.967694    13.278970   -27.687479  -136.986675
   39.155457     8.453282     6.912431    13.494011   -58.025433  -125.126749
   39.167416     8.112107     6.613308    13.511659   -37.557869  -125.436736
   39.051629     8.326923     7.061557    13.570560   -49.781850  -117.249866
   39.547388     8.602177     6.896337    13.493884   -52.308720  -123.083697
   39.142053     8.556258     7.210339    13.365014   -32.034535  -116.617306
   39.098881     8.352142     6.682284    13.292867   -35.437455  -110.762587
   39.196672     8.151224     7.034437    13.573477   -12.036983  -115.315305
   39.269934     8.376004     7.026348    13.501816   -38.765722   -96.625778
   39.177763     8.310078     7.060663    13.505173   -27.411219  -109.828225
   39.031600     8.546166     7.218992    13.318875   -38.713538  -103.479716
   39.435009     8.166495     6.475692    13.487348   -39.568080  -111.646949
   39.456851     8.229842     6.808846    13.603050   -27.341938  -128.202684
   39.250421     8.207758     6.838544    13.523444   -23.044741  -127.255972
   39.429935     8.357043     6.953679    13.651869   -52.970092  -107.812108
   39.686491     8.348081     6.771635    13.564406   -23.371713  -120.954611
   39.735119     8.485618     6.715306    13.471494   -31.946881  -112.177417
   39.259883     8.298708     6.912588    13.489539   -20.418392  -132.300747
   39.379617     8.331963     6.699364    13.484117   -38.613356  -127.050008
   39.025972     8.399756     6.967298    13.447103   -58.964039   -96.808842
   39.414784     8.600928     6.787303    13.385019   -60.358478   -96.259981
   39.570059     8.505788     6.825841    13.547141   -60.908550   -97.609139
   39.543574     8.609783     6.966313    13.491961   -59.753150   -86.749239
   39.497176     8.622345     7.075144    13.553726   -61.175673  -107.527022
   39.267995     8.598745     6.936879    13.377506   -47.681960  -124.853281
   39.377937     8.619562     7.351869    13.537258   -33.159501  -141.327167
   39.289602     8.566166     7.015731    13.430806   -45.942895  -120.485762
   39.053093     8.649026     7.052936    13.228719   -37.122373  -128.431562
   39.322149     8.829337     6.934229    13.207892   -50.817199  -115.632243
   39.527648     8.468764     6.838981    13.558024   -54.101682  -112.750340
   39.282215     8.436663     6.688259    13.388679   -44.215910  -126.113999
   39.232073     8.393129     7.072197    13.543819   -38.955111  -118.734953
   39.290639     8.670063     7.091006    13.394375   -53.960331  -111.799325
   39.229857     8.690331     6.946598    13.274023   -44.188140  -127.460785
   39.440609     8.529734     6.996486    13.485929   -33.491802  -136.873490
   39.587550     8.443324     6.661662    13.542740   -58.559086  -117.914698
   39.008497     8.564123     7.270809    13.346416   -34.100575  -127.492160
   39.018712     8.699615     7.108686    13.261958   -61.871652  -103.114117
   39.546335     8.445883     6.692086    13.475144   -40.859872  -130.352400
   39.069589     8.547301     6.980112    13.379482   -52.823464  -125.605103
   39.113513     8.498169     6.868228    13.398352   -56.955215  -116.306024
   39.485854     8.672321     6.915445    13.371804   -40.979653  -125.413838
   39.541846     8.689695     7.086822    13.478737   -43.152691  -139.031991
   39.405049     8.647351     7.019059    13.375851   -29.653166  -152.753144
   39.411189     8.531585     7.213281    13.547209   -27.348025  -139.804200
   38.936668     8.283073     6.813709    13.299806   -19.532348  -132.269381
   38.894783     8.243419     6.978655    13.317785    -9.117286  -127.592427
   39.467525     8.717094     7.043785    13.353488   -38.515323  -115.293167
   39.003289     8.233534     7.188109    13.541896   -15.212778  -133.137307
   38.213048     8.237116     6.863563    13.080473   -33.755604  -122.372495
   39.134700     8.206732     6.767153    13.586448   -49.185825  -133.751861
   39.071808     8.396576     6.908983    13.465330   -47.723448  -132.028376
   38.948595     8.268120     6.909191    13.537486   -47.415327  -141.108822
   39.302892     8.206925     7.019492    13.804210   -54.402492  -127.794123
   38.771414     8.282741     6.729807    13.361521   -48.172600  -134.931398
   39.269380     8.230343     6.675822    13.582068   -56.236672  -119.355480
   38.925023     8.349558     6.883410    13.431602   -50.666410  -123.322775
   39.297089     8.207203     6.709360    13.628372   -49.521477  -141.914675
   39.376950     8.374091     7.111796    13.731175   -53.955600  -126.436187
   39.257494     8.304052     6.815938    13.612000   -57.668226  -126.962895
   38.953284     8.170414     6.941052    13.599027   -40.385769  -138.675991
   39.070498     8.379456     6.894047    13.479865   -50.191691  -128.900697
   38.970979     8.313633     7.006199    13.522520   -43.014730  -135.885435
   39.186198     8.467875     6.857318    13.396742   -48.802853  -112.013686
   39.046380     8.246002     7.182143    13.612314   -32.658928  -118.293338
   39.398539     8.501709     6.763512    13.404755   -41.815298  -124.047129
   39.558271     8.487237     6.650897    13.376707   -28.144318  -134.362477
   39.149499     8.189301     6.929575    13.597849   -40.033855  -110.775402
   38.996889     8.060999     6.891542    13.668705   -48.077589  -112.275020
   39.290606     8.405885     6.661615    13.388269   -49.848361  -104.553183
   39.315982     8.537225     6.928004    13.440086   -47.306608  -122.710118
   39.163755     8.267852     7.021105    13.566592   -31.228554  -122.703467
   38.822295     8.386753     7.030721    13.296849   -28.104272  -128.326548
   39.401239     8.545628     7.167768    13.500299   -25.207112  -141.259974
   39.449890     8.364179     7.183589    13.750367   -44.880111  -114.613022
   39.444516     8.266756     6.645806    13.475763   -35.409108  -105.057267
   38.911307     8.401358     6.850858    13.385115   -55.645473  -118.909084
   39.322241     8.411920     7.030728    13.585356   -44.776646  -123.420398
   38.807201     8.332899     6.941000    13.319682   -28.914340  -134.188920
   39.421855     8.382345     6.734759    13.417050   -22.855777  -134.671951
   39.197249     8.245724     6.887953    13.540993   -32.077378  -126.250692
   39.593209     8.162666     6.661537    13.678947   -37.153985  -132.411043
   39.241254     8.170270     6.890004    13.643656   -33.097167  -134.135164
   39.434385     8.168358     6.732911    13.629744   -28.289742  -147.842389
   39.258121     8.266688     7.077875    13.625597   -24.084319  -133.596351
   38.630841     8.148273     6.720640    13.241839   -20.068553  -137.625579
   39.050664     8.492211     6.990322    13.380137   -39.641889  -140.616858
   39.380376     8.481160     6.974470    13.533699   -46.232244  -124.984773
   38.866739     8.692939     7.112901    13.172203   -51.463790  -118.763776
   39.001670     8.462197     6.791330    13.300717   -49.416163  -113.261140
   39.386207     8.393319     6.930607    13.574720   -40.379847  -134.731181
   39.477978     8.708748     6.943895    13.422068   -57.994601  -120.918573
   39.488135     8.696387     6.871822    13.332267   -43.028858  -116.737115
   39.374001     8.342073     6.858475    13.506916   -22.491019  -147.609504
   38.957436     8.285776     6.722776    13.434493   -54.275394  -120.250690
   39.221332     8.463883     6.846107    13.388402   -38.745322  -126.823217
   39.244814     8.543208     7.017860    13.440637   -43.658604  -132.662521
   39.188218     8.492312     6.840753    13.382589   -41.955935  -138.007048
   39.163051     8.441358     7.215207    13.534563   -37.027965  -124.415751
   39.382349     8.498221     7.037447    13.534330   -38.756004  -140.223044
   39.166792     8.471504     7.039638    13.462044   -43.139889  -124.634175
   39.385112     8.436734     6.897921    13.521159   -38.403923  -141.654402
   39.283049     8.494104     6.847812    13.396230   -38.644173  -130.378862
   38.913103     8.292678     6.887973    13.417357   -35.794489  -134.341214
   39.422259     8.235225     6.805191    13.714957   -54.386648  -131.840886
   39.132811     8.326699     6.723824    13.472430   -51.747027  -127.747935
   39.298800     8.323895     6.866564    13.581896   -44.858905  -131.795934
   38.750216     8.158265     6.713454    13.461632   -49.521003  -139.396716
   39.038155     8.482501     6.952673    13.370196   -42.099101  -134.029632
   39.335844     8.341760     6.806777    13.511293   -32.949300  -144.814485
   39.462114     8.420749     6.762834    13.498994   -41.375029  -130.555237
   39.328906     8.397884     6.966833    13.536379   -31.223021  -147.039200
   38.876490     8.473410     7.045507    13.408733   -55.994012  -128.446061
   39.427081     8.219515     6.845453    13.675226   -45.169145  -111.360249
   38.959478     8.411603     7.182831    13.477101   -49.666371  -107.747740
   39.217809     8.574019     7.107972    13.426798   -41.182072  -133.081287
   39.177581     8.524950     6.925180    13.354948   -42.792206  -117.307540
   39.396905     8.637389     7.034630    13.405008   -42.148005  -118.253353
   38.846180     8.339604     7.333786    13.507662   -37.686471  -114.589548
   39.163386     8.506311     6.950766    13.405225   -59.447548   -93.406984
   39.172980     8.260170     7.001979    13.580885   -37.307422  -114.446045
   39.445454     8.390170     6.944675    13.598229   -48.302945  -104.847982
   39.123457     8.298822     7.037914    13.601199   -40.410397  -135.212648
   39.081940     8.443370     6.867171    13.352091   -48.387311  -103.948175
   39.391860     8.351733     6.918209    13.555437   -28.084200  -140.529529
   39.174464     8.414847     7.041507    13.402533   -18.362624  -132.018208
   39.361462     8.375830     7.101387    13.608483   -36.351959  -111.436717
   39.084788     8.255771     6.746856    13.393838   -22.170570  -145.369545
   39.368368     8.285491     6.766439    13.529574   -30.870738  -138.112015
   39.521170     8.453567     7.018987    13.583635   -30.950607  -134.669019
   39.509187     8.263147     7.137480    13.719863    -5.976816  -151.375148
   39.244933     8.315210     7.251460    13.701179   -37.268446  -117.274995
   39.106298     8.331203     7.104435    13.548882   -36.573629  -120.616783
   38.905640     8.126044     6.826697    13.473622   -40.428363  -106.104714
   39.094317     8.258298     6.600426    13.339514   -31.958281  -126.752836
   39.200040     8.118231     6.633999    13.522120   -44.214469  -105.347418
   39.442816     8.456173     6.938924    13.593205   -53.681773  -121.190321
   39.203350     8.058354     6.858866    13.670043   -28.061062  -130.069489
   39.287361     8.240279     6.869862    13.608863   -36.218192  -134.150956
   39.476353     8.406065     6.756743    13.418121   -24.555893  -120.491536
   39.378479     8.287097     6.873601    13.542368   -29.153477  -114.694347
   38.709510     8.302663     7.025037    13.404112   -43.666737  -124.231208
   39.479417     8.489110     6.857466    13.466927   -37.085493  -122.826663
   39.443886     8.366900     6.899703    13.580041   -33.688735  -140.029689
   38.992411     8.216774     6.820532    13.456580   -31.413041  -134.938380
   39.638251     8.439800     6.949174    13.613907   -29.475214  -147.178855
   39.480056     8.284897     7.016503    13.695531   -27.666536  -134.962575
   39.217061     8.179468     7.054158    13.667844   -24.667361  -129.764234
   39.230717     8.393284     7.162582    13.598013   -38.283856  -126.249382
   39.407138     8.566145     7.358062    13.692418   -56.545494  -123.411821
   39.515311     8.516018     6.983513    13.589607   -49.125420  -133.846805
   39.291575     8.369564     7.065562    13.556450   -22.512522  -150.481693
   39.403657     8.580629     7.164034    13.513419   -43.776974  -113.264669
   39.271237     8.331479     6.898279    13.445184   -21.389734  -122.265554
   39.214379     8.275552     6.938135    13.570540   -44.712984  -105.640881
   38.132591     8.056439     7.288810    13.341193   -29.750080  -117.510226
   39.348553     8.608919     6.861219    13.322513   -39.625212  -118.376529
   39.405835     8.606632     6.698684    13.282662   -37.732463  -125.183086
   39.379689     8.459876     6.812505    13.435276   -36.973166  -128.214421
   39.599291     8.627798     6.907908    13.442432   -37.036997  -131.329296
   38.907566     8.410835     6.562885    13.164849   -38.381185  -123.633459
   39.142179     8.531906     6.906240    13.307152   -41.713491  -112.032631
   39.378092     8.269849     6.415116    13.312500   -28.411509  -115.917543
   39.155880     8.518227     6.988478    13.308123   -29.296518  -119.165669
   39.157961     8.475866     7.134391    13.509533   -48.628093  -117.536886
   39.410174     8.422660     6.536053    13.413629   -52.300362  -125.935966
   39.080958     8.172310     6.634780    13.585734   -61.941795  -131.410132
   39.244386     8.456356     6.964730    13.557485   -58.304677  -128.510538
   39.379989     8.352323     7.081556    13.726776   -49.162893  -136.505381
   39.195447     8.183806     6.601513    13.625538   -68.450275  -126.589087
   39.078676     8.290559     6.881061    13.564997   -53.001720  -128.258344
   39.554762     8.323558     6.820110    13.539759   -18.218615  -129.727737
   39.677914     8.548671     6.771145    13.435058   -33.906720  -112.748607
   39.181470     8.429365     7.043352    13.402449   -23.578613  -122.936369
   39.249662     8.215813     6.823386    13.591480   -39.938917  -125.262453
   39.182288     8.332912     6.930199    13.591820   -57.442829  -114.603190
   39.167658     8.364103     6.769356    13.475091   -52.547700  -123.465192
   39.178719     8.193016     6.927277    13.619592   -31.479543  -139.545239
   39.285715     8.311242     6.902690    13.630687   -50.116761  -131.394110
   39.366644     8.474126     6.840595    13.480333   -48.743354  -122.926884
   39.271721     8.604510     7.011516    13.377524   -40.396192  -130.559995
   39.017426     8.319541     6.700286    13.399118   -46.902216  -129.188333
   38.879660     8.429367     6.856429    13.357556   -53.796725  -127.216138
   38.911302     8.289541     6.593851    13.295359   -42.527236  -124.649197
   38.687369     8.176786     6.786186    13.434270   -45.684375  -137.957808
   39.040553     8.249575     6.653517    13.451223   -46.043801  -139.499187
   39.715227     8.261321     6.798186    13.725171   -39.465736  -119.286245
   39.396392     8.459256     6.880488    13.448988   -35.591536  -117.295350
   39.124499     8.387466     6.956909    13.355630   -28.372613  -107.360154
   39.757957     8.429280     6.654310    13.470872   -25.371661  -115.882188
   39.390855     8.452363     6.995357    13.511123   -33.687647  -123.709390
   39.537350     8.359925     6.969983    13.573537   -19.517983  -116.367064
   39.407802     8.546703     6.986487    13.451946   -48.615895   -95.417003
   39.254141     8.457508     7.058388    13.459692   -40.203601  -102.624147
   39.489747     8.491775     6.969863    13.492547   -29.855642  -123.265792
   39.461513     8.331246     6.571430    13.517841   -57.963638  -109.890292
   39.074710     8.152429     6.745274    13.515891   -41.890397  -115.394754
   39.545957     8.636196     6.834608    13.374967   -42.537009  -109.895375
   39.379293     8.183504     6.718269    13.528420   -28.441972  -111.364050
   39.476732     8.527189     7.028002    13.428642   -15.472134  -126.850714
   39.725605     8.397328     6.535865    13.458780   -36.069697  -112.851132
   39.087560     8.154554     6.652554    13.493889   -51.678167  -102.939504
   39.278254     8.136229     6.851681    13.580754   -16.454674  -133.420019
   38.543680     8.240995     7.171200    13.374241   -44.421388  -101.430762
   39.208793     8.222715     6.635986    13.470068   -42.423933  -119.069033
   39.399459     8.256323     6.774742    13.514680   -26.366290  -117.930941
   39.343279     8.133437     6.763165    13.629738   -39.563528  -109.342109
   39.207779     8.204875     6.695953    13.441163   -28.358298  -120.435377
   39.335089     8.339552     6.997855    13.631690   -49.209830  -108.891634
   39.264566     8.242392     6.765746    13.500074   -29.071967  -131.036406
   39.003237     8.255874     6.848248    13.352950   -30.797325  -102.917247
   38.985855     8.199281     6.691555    13.408233   -38.352528  -121.061839
   39.153027     8.632546     6.783328    13.179115   -31.789856  -137.266772
   38.893579     8.071891     6.575118    13.338518   -27.017208  -122.047048
   39.284132     8.214922     6.949134    13.632371   -40.682159  -102.512120
   38.941585     8.295682     6.747166    13.319479   -49.698646   -90.368057
   38.721995     8.437464     6.787443    13.088970   -27.037638  -124.655657
   39.546290     8.590790     6.948386    13.491608   -53.214595   -98.037507
   39.209962     8.373559     7.145777    13.533455   -29.864569  -115.537671
   38.925355     8.080779     6.648851    13.448721   -46.224149  -102.893963
   39.330014     8.381683     6.913507    13.502871   -42.368431  -102.873619
   39.183791     8.204853     6.774738    13.464843   -34.053558  -104.264420
   38.864108     8.134613     7.076183    13.499117   -18.201297  -123.698908
   38.735771     8.160202     6.601226    13.217722   -41.331702   -92.691642
   39.571672     8.510616     6.861868    13.557182   -58.974566  -100.439412
   39.319715     8.165031     6.891069    13.540908   -14.096802  -109.965371
   39.475058     8.110090     6.664907    13.606080   -25.642209  -122.738756
   39.137618     8.251483     7.023028    13.613373   -45.767684  -108.061572
   39.236417     8.259012     6.863088    13.507254   -28.865589  -121.658746
   39.222988     8.008119     6.580372    13.645190   -46.710160  -126.156858
   39.123826     8.095862     6.593110    13.460396   -32.325944  -123.022679
   39.296541     8.233091     6.712172    13.520955   -41.625023  -113.209899
   39.196118     8.229503     6.989553    13.468403    -4.407209  -128.559963
   39.203910     8.307964     6.699866    13.341285   -27.962947  -112.034194
   39.494447     8.226369     6.823021    13.599421   -21.914187  -123.244283
   38.767116     8.193200     6.946001    13.367024   -39.852904   -93.939950
   39.092658     8.047209     6.703042    13.572678   -40.800065  -113.605662
   39.511275     8.272130     6.545668    13.456181   -34.645251  -111.579990
   39.545973     8.370835     6.826132    13.565702   -39.649222  -110.202284
   39.067478     8.192165     6.944710    13.521669   -32.282779  -110.514850
   39.347543     8.343950     6.928426    13.551327   -38.222644  -113.120430
   39.181743     8.317513     6.913268    13.481796   -40.774781  -104.134279
   39.259059     8.322750     6.798173    13.466689   -45.771776   -98.250133
   39.069386     8.260892     7.078809    13.517523   -42.219522   -86.219877
   39.827707     8.319795     6.771115    13.669157   -29.066491  -114.353687
   38.855301     8.186713     6.607412    13.253312   -29.269589  -117.106041
   39.513301     8.268615     6.829942    13.606279   -29.973020  -118.746013
   39.194389     8.456610     6.713594    13.292966   -37.352275  -115.267758
   39.026011     8.412438     7.272801    13.478667   -32.550147  -117.718276
   39.280581     8.222559     6.726666    13.499869   -35.224991  -114.786666
   39.430485     8.425872     7.005584    13.578725   -41.516712  -114.909994
   39.389066     8.437538     6.949096    13.551499   -43.988342  -125.226162
   39.126539     8.391945     6.765871    13.411756   -48.693530  -121.608398
   39.817713     8.370604     6.443405    13.515890   -47.632896  -112.536386
   39.357250     8.155905     6.680566    13.519702   -23.945363  -123.490045
   39.585674     8.585609     6.946667    13.414014   -18.666771  -133.516879
   39.222288     8.156306     6.523335    13.333261   -19.703797  -115.960096
   38.862949     8.222123     6.874030    13.424444   -31.272429  -135.140266
   39.342564     8.231798     7.050722    13.683973   -25.361164  -131.641221
   39.233370     8.157794     6.746521    13.496445   -21.965108  -126.523923
   39.256144     8.515337     6.960587    13.369205   -31.295439  -124.498411
   39.113662     8.430542     6.706393    13.368157   -50.674266  -126.021558
   38.804653     8.289135     6.857242    13.332607   -30.993358  -135.163230
   39.878456     8.365791     6.532116    13.555330   -39.489996  -110.781539
   39.155322     8.158883     6.681411    13.470304   -29.816432  -127.519296
   39.714310     8.352152     6.553094    13.515274   -37.516589  -123.639679
   39.526892     8.271352     7.052004    13.759520   -33.147660  -124.230202
   39.217277     8.259754     6.736422    13.499402   -44.015570  -116.097283
   39.421515     8.230202     6.641163    13.538557   -37.231332  -126.139213
   39.596736     8.441194     6.744866    13.521060   -40.328930  -129.667647
   38.996877     8.369643     6.737057    13.361068   -48.096628  -121.903579
   39.115222     8.257756     7.019624    13.596715   -38.165789  -126.099551
   39.386172     8.311867     6.881658    13.622870   -44.850688  -124.307780
   39.622038     8.238194     6.785549    13.686280   -38.077544  -116.339954
   39.248657     8.350602     6.855791    13.497748   -35.336620  -138.640566
   38.878772     8.113222     6.667241    13.410572   -36.134961  -123.352651
   39.466022     8.174666     6.765775    13.623703   -28.888366  -121.672337
   39.186809     8.256486     6.669279    13.392615   -29.172685  -124.297919
   38.843714     8.412696     7.132077    13.332773   -35.005646  -116.580466
   39.222740     8.295474     7.060032    13.568853   -31.948666  -111.467569
   39.444597     8.601936     6.966024    13.393557   -40.067276  -105.052078
   39.097942     8.303766     6.789458    13.332228   -27.145254  -110.895617
   39.357073     8.527405     6.969615    13.380774   -21.853271  -134.356950
   39.005233     8.321727     6.767782    13.317339   -25.891174  -133.427248
   39.703559     8.394232     6.828473    13.642231   -45.519298  -108.940381
   38.838527     8.168653     6.643818    13.387666   -45.944984  -118.992451
   38.877936     8.168744     6.963084    13.547415   -45.117593  -112.667372
   39.641417     8.615762     6.936581    13.519115   -51.662517  -108.495901
   39.238090     8.351645     6.895883    13.375867   -25.017972   -99.991356
   39.146376     8.356699     6.982904    13.471494   -42.435585  -102.660023
   39.308736     8.370819     6.878432    13.404403   -24.716196  -107.263140
   39.022337     8.475623     7.134088    13.280830   -28.404082  -101.593746
   39.104386     8.122017     6.789417    13.591461   -38.675563  -129.486869
   38.885708     8.062148     6.946587    13.544028   -26.232213  -120.974728
   39.088375     8.439959     6.733351    13.258132   -33.453930  -119.748543
   39.171816     8.245983     6.831512    13.524538   -36.525303  -126.859791
   39.251570     8.263938     6.762442    13.453913   -22.150030  -138.607702
   39.217045     8.462113     7.066472    13.419133   -32.985374  -109.320891
   38.934475     8.352057     7.065319    13.519317   -57.918978  -108.309382
   39.579632     8.459519     6.755508    13.514771   -43.320155  -126.199213
   38.963290     8.404869     6.711275    13.248793   -29.004552  -147.656818
   38.933841     8.252004     6.923498    13.537111   -56.825467  -109.070079
   39.030258     8.484723     7.109345    13.429042   -47.759043  -119.146561
   39.153401     8.210631     6.905343    13.573147   -36.285626  -121.532689
   39.167123     8.206295     6.685734    13.463918   -35.695934  -123.129259
   39.061982     8.424243     6.995224    13.438091   -39.656346  -134.531642
   39.208494     8.783594     7.303864    13.205402   -30.263802  -116.274923
   39.140172     8.766778     6.969014    13.103092   -31.634349  -124.620344
   39.042405     8.473843     7.102485    13.257462    -7.829078  -136.938670
   39.016483     8.579633     7.232066    13.330429   -37.717205  -123.089255
   39.002798     8.411886     6.921693    13.343444   -35.702533  -122.464518
   38.917751     8.548632     6.945733    13.154195   -34.878874  -110.430757
   39.495597     8.593942     7.252599    13.517637   -23.344717  -125.367698
   39.218859     8.686950     7.036599    13.171870   -17.077204  -131.382679
   38.979323     8.644269     7.069533    13.112930   -29.263195  -112.635861
   39.071623     8.199447     7.077196    13.607769   -31.749507  -118.387778
   39.310515     8.264615     6.553601    13.432703   -35.987290  -135.223371
   39.176380     8.381394     7.049557    13.464572   -24.237707  -130.210354
   39.791967     8.364768     6.678305    13.625699   -44.905161  -115.105987
   39.303567     8.231791     6.707619    13.471201   -26.451496  -126.492052
   39.271671     8.392617     6.770704    13.360297   -30.849577  -113.052754
   39.025617     8.089078     6.785771    13.450385   -24.479721  -110.103540
   39.153746     8.330918     6.909919    13.452832   -38.731993  -107.309140
   39.136683     8.319289     7.018455    13.491889   -35.088545  -108.095102
   39.276857     8.306764     6.684886    13.501816   -54.134475  -109.982419
   39.478062     8.399494     7.038266    13.631598   -33.784491  -133.196557
   38.884097     8.235008     6.825705    13.230717    -3.322857  -137.138552
   39.631843     8.171448     6.505405    13.543095   -30.812300  -111.731023
   38.777537     8.218939     7.054272    13.452475   -36.959530  -112.848455
   39.500935     8.560672     7.071927    13.527145   -44.613177  -105.457389
   39.018569     8.130521     6.939643    13.579273   -26.261904  -136.807235
   39.131658     8.320808     6.798684    13.351660   -17.311620  -139.059510
   38.668873     8.143856     7.052743    13.507660   -35.590073  -128.279188
   38.807226     8.343312     6.932558    13.436158   -58.802215  -115.621715
   39.546265     8.335293     6.795506    13.569096   -32.268313  -126.485326
   39.138774     8.254207     6.756211    13.482727   -42.851051  -119.258977
   38.932291     8.314820     6.953874    13.423127   -40.169432  -117.526152
   39.285948     8.327732     7.052591    13.566364   -30.269817  -114.887682
   39.267767     8.430414     7.172034    13.591549   -35.432616  -139.674938
   39.349996     8.480966     6.620033    13.331566   -43.134045  -117.637852
   39.127198     8.322780     6.971573    13.464657   -35.051111  -109.768974
   39.150727     8.505008     6.842867    13.368315   -52.896514  -112.442787
   39.009700     8.491193     6.983617    13.341996   -46.487521  -113.758112
   38.964023     8.338620     7.048268    13.482646   -48.875756  -107.389291
   39.341536     8.523070     7.149212    13.467010   -25.440297  -128.459637
   39.513676     8.436259     7.002948    13.664396   -51.085548  -125.077285
   38.840101     8.405417     6.854947    13.276648   -39.947155  -124.408750
   39.117999     8.596953     6.968767    13.249820   -34.767327  -121.719386
   39.143411     8.578399     7.215124    13.380639   -33.886894  -127.349678
   39.047023     8.428127     7.152947    13.339875   -10.059606  -137.595825
   39.554093     8.729951     6.848807    13.297249   -42.901010  -100.311148
   39.451311     8.533747     7.009015    13.484911   -33.154473  -131.334179
   39.210900     8.633691     6.835354    13.203496   -30.183676  -129.007291
   39.078857     8.366085     6.985938    13.429692   -27.336051  -135.926193
   39.591731     8.589043     7.013319    13.479117   -27.416738  -130.017522
   39.427815     8.338573     6.843674    13.472832   -15.060459  -133.279902
   39.258919     8.464747     6.649258    13.200646   -16.957990  -125.606141
   39.386366     8.601938     7.178209    13.470787   -39.185144  -113.827059
   39.486756     8.321386     6.630031    13.386997   -13.304781  -131.219153
   38.775717     8.214675     6.505111    13.094534   -13.268466  -133.600304
   39.290888     8.286297     6.781350    13.435228   -28.256009  -109.274119
   39.222043     8.225108     6.617126    13.368751   -21.631644  -127.048416
   39.426677     8.265142     6.767328    13.509275   -25.555018  -116.283656
   39.349317     8.341609     6.827219    13.490042   -27.024846  -137.728356
   39.155731     8.223318     6.693556    13.388682   -39.984052   -89.727718
   39.247220     8.518322     7.075791    13.359204   -34.255003   -95.452643
   38.741615     8.280275     6.685485    13.182086   -37.139836  -105.185044
   39.575224     8.699067     6.757565    13.278912   -36.964457  -108.531592
   39.126123     8.375187     6.895170    13.351664   -20.383267  -130.459595
   39.242315     8.659002     7.188599    13.353317   -48.722885   -96.074168
   39.218413     8.492613     6.950170    13.381447   -40.271831  -110.244318
   39.197227     8.322047     7.093289    13.551791   -34.707890  -106.587998
   39.254825     8.354026     7.095443    13.609864   -44.852152  -108.734567
   39.004726     8.464606     7.174775    13.377813   -38.914746  -106.655220
   38.953569     8.477931     6.966717    13.302700   -40.813283  -119.249431
   38.819722     8.486923     7.029386    13.174646   -29.207210  -117.622948
   39.524956     8.267883     6.697777    13.589909   -39.776639  -123.451085
   39.007582     8.498411     7.101061    13.324645   -34.497766  -118.669549
   38.983420     8.048679     6.643387    13.535292   -42.809140  -125.786176
   39.375813     8.423434     6.875412    13.463522   -37.703839  -110.569550
   39.014405     8.289062     6.819689    13.464445   -45.124863  -126.256079
   39.444239     8.440126     6.736670    13.497454   -57.112473  -104.636514
   38.930800     8.322065     6.987074    13.445100   -44.669632  -112.921016
   39.150553     8.177826     6.744861    13.523280   -45.016891  -106.786190
   38.900272     8.297153     6.975756    13.406859   -32.729726  -123.473506
   39.049250     8.447096     6.968132    13.414569   -54.295998  -105.443771
   39.045874     8.217972     6.692392    13.313677   -21.633601  -118.537497
   38.989842     8.258362     6.841868    13.298676   -25.733027   -99.511773
   39.131368     8.370832     7.171006    13.642842   -49.517995  -131.000406
   38.886281     8.452397     6.937927    13.260726   -31.272960  -133.191944
   38.979820     8.234817     6.581580    13.371754   -48.807177  -115.827772
   39.513177     8.559941     7.107250    13.576847   -45.265394  -120.431735
   39.248831     8.462073     6.905917    13.504951   -61.019058  -108.167462
   39.141657     8.491361     7.126841    13.393968   -32.714079  -115.684421
   39.248846     8.505423     6.626757    13.222617   -38.213801  -104.618916
   39.306396     8.455615     7.069885    13.555627   -52.057886  -103.618910
   39.269791     8.316647     6.851665    13.549558   -44.715168  -121.260510
   38.759918     8.265513     6.716413    13.247486   -31.393312  -126.814601
   39.007044     8.306423     6.706724    13.311949   -25.907675  -139.119616
   40.054916     8.845166     6.844056    13.410570   -30.817460  -123.745400
   39.440308     8.280907     6.637872    13.521889   -37.656991  -135.241502
   39.391624     8.355997     6.646197    13.526086   -54.657133  -130.105538
   39.177648     8.254207     6.689714    13.511860   -47.353616  -131.339294
   39.120798     8.435108     7.022333    13.473324   -40.791776  -135.301570
   39.129649     8.495760     6.551221    13.272259   -55.785864  -120.320312
   39.080804     8.403760     6.588829    13.309829   -49.598421  -122.317146
   39.315965     8.556427     6.901470    13.361462   -34.534479  -129.382317
   38.904160     8.462091     6.859334    13.245339   -37.710307  -123.896803
   39.300880     8.515310     6.633134    13.239257   -28.032792  -129.923040
   39.060884     8.415095     6.949626    13.375452   -32.001433  -129.794912
   39.134520     8.400322     7.034646    13.492056   -36.884392  -133.013855
   38.655750     8.410323     6.882840    13.186528   -39.706834  -120.858784
   39.313568     8.634525     6.966856    13.368015   -43.395312  -131.217035
   39.122285     8.227139     6.751281    13.533320   -47.753561  -124.718273
   39.116833     8.399296     6.857878    13.382233   -41.476236  -112.011794
   39.112577     8.412491     6.926581    13.448435   -43.822695  -127.449770
   39.154031     8.702758     6.952886    13.249537   -52.761995  -113.925977
   39.396459     8.776985     6.901385    13.190087   -29.711202  -126.563115
   39.032253     8.475343     6.921785    13.388116   -54.691909  -114.255180
   39.068479     8.486925     6.897887    13.352145   -45.759746  -121.365891
   39.307961     8.533541     6.895218    13.433211   -49.801205  -120.054643
   38.764726     8.453378     6.762630    13.179894   -51.125679  -105.947046
   38.971363     8.582664     6.885407    13.168710   -31.803267  -132.405680
   39.347126     8.581705     6.751641    13.320466   -43.124876  -121.607289
   39.150428     8.394031     7.143769    13.662290   -60.164222  -126.222298
   39.638245     8.406296     6.871799    13.601103   -34.343650  -126.005695
   39.095416     8.302081     6.790424    13.473915   -49.137723  -117.017090
   39.335747     8.581873     7.209085    13.513630   -37.932303  -142.264209
   39.416701     8.657441     6.868428    13.345278   -45.610723  -118.230992
   39.811690     8.826639     7.000455    13.451692   -48.036929  -117.754766
   39.059197     8.424436     6.799611    13.363315   -44.452711  -127.642933
   39.171320     8.446413     6.889931    13.458721   -51.226712  -123.343443
   39.392285     8.663575     7.157532    13.336655   -27.353086  -105.826043
   39.731102     8.732543     7.048094    13.418708   -20.829744  -128.353667
   39.458208     8.534330     7.038280    13.414167   -11.246443  -139.187214
   39.005544     8.282180     6.686229    13.221420   -18.850198  -116.430811
   39.540759     8.423972     6.828692    13.445841   -23.420568  -107.000639
   39.443548     8.716734     7.114827    13.355191   -33.640115  -119.502061
   39.140892     8.465570     7.053358    13.260289   -11.272905  -113.709344
   39.264850     8.605544     6.920569    13.171090    -7.880246  -129.611646
   39.113839     8.306754     6.829235    13.310328   -16.020954  -117.098026
   39.799160     8.657991     7.014155    13.442064    -4.002806  -125.047833
   39.368094     8.676375     6.998205    13.193141    -7.208290  -128.930387
   39.416843     8.722462     7.068499    13.244571   -16.397714  -124.095105
   39.026137     8.442170     6.935203    13.196962    -5.236202  -139.060765
   39.288009     8.649308     7.344808    13.340871   -14.164327  -126.903291
   39.260137     8.378731     6.861235    13.449018   -30.534863  -132.617081
   39.298805     8.170227     7.017552    13.779800   -46.624714  -118.096504
   39.152963     8.533217     7.077579    13.329835   -25.409226  -128.354462
   39.274886     8.465562     6.894541    13.424916   -33.278158  -140.302209
   39.021499     8.090666     6.899267    13.579126   -26.165459  -131.115077
   38.766420     8.263882     6.937935    13.424157   -42.137147  -127.442107
   39.288823     8.264529     6.722764    13.546317   -43.258259  -133.811247
   39.088561     8.308845     6.930864    13.499892   -39.978487  -123.590290
   39.206851     8.173858     6.581816    13.492114   -47.411700  -113.536760
   39.098503     8.584563     7.394125    13.367413   -22.472425  -131.644159
   39.116274     8.617734     7.094110    13.224717   -34.521022  -102.815325
   39.352339     8.630016     7.035140    13.267366   -14.573362  -123.758417
   39.211947     8.593340     6.902902    13.191763   -28.232020  -102.894461
   39.596181     8.706905     6.802769    13.338647   -42.274658  -117.300712
   39.679356     8.306809     6.763652    13.608131   -26.861571  -125.440624
   39.340988     8.361477     6.865390    13.505353   -29.055438  -141.952133
   39.200531     8.327009     6.873716    13.454932   -34.430334  -114.961658
   39.469497     8.505300     7.175365    13.573437   -28.400263  -128.124555
   39.108987     8.106248     6.814283    13.578032   -36.407416  -116.415819
   39.302645     8.514243     6.968665    13.445926   -47.489729  -109.337561
   39.126193     8.562665     6.742593    13.219803   -46.796672  -104.259173
   39.377413     8.487225     6.910453    13.450293   -45.516895  -101.954167
   39.526902     8.744532     6.804895    13.239991   -35.076160  -112.003245
   39.458830     8.366811     6.937940    13.536687   -22.274266  -125.905476
   39.386223     8.317657     6.765070    13.481070   -32.793588  -115.277432
   39.023578     8.492923     6.654230    13.197979   -39.808521  -122.485750
   39.666770     8.697639     6.931024    13.446185   -45.101333  -117.828578
   38.895097     8.268373     6.799263    13.368332   -36.544387  -124.399171
   39.376151     8.229608     6.849271    13.650586   -38.718294  -131.474029
   39.252233     8.346878     6.843403    13.490834   -41.981430  -117.059422
   39.165014     8.403686     6.934640    13.446859   -42.733389  -113.828006
   39.302007     8.571416     7.156801    13.452848   -42.495914  -109.517709
   38.830978     8.225148     6.863056    13.370697   -29.882897  -125.755124
   39.042416     8.300079     6.888895    13.407843   -28.418340  -126.116288
   39.218552     8.245569     6.937766    13.563897   -36.013417  -110.661990
   39.789774     8.559362     6.756483    13.441668   -25.027487  -119.737154
   39.418225     8.253557     6.937680    13.633403   -38.310467   -96.865597
   39.026106     8.478694     7.289100    13.498202   -43.210747  -125.946508
   39.288737     8.378402     6.932965    13.536358   -36.098674  -141.301106
   39.379010     8.176050     6.680732    13.647733   -52.194118  -119.424077
   38.878310     8.452286     7.017422    13.303448   -40.992952  -116.647020
   38.907828     8.377601     6.862215    13.277133   -25.685815  -136.066019
   39.276358     8.215430     6.958113    13.652495   -40.459894  -111.440872
   39.294104     8.338236     7.038864    13.612179   -43.756346  -110.727217
   38.933107     8.482734     6.909762    13.239347   -39.221902  -112.717960
   39.037038     8.592831     7.291596    13.313004   -38.035987  -108.299490
   39.450625     8.578057     6.944885    13.386377   -28.629056  -123.883039
   39.255379     8.183324     6.903088    13.596469   -32.782616  -110.166596
   38.734898     8.157210     6.736912    13.325047   -42.951176  -101.315428
   39.562114     8.796754     6.773002    13.268955   -47.153833  -120.812152
   39.233566     8.463660     7.068952    13.528948   -48.097991  -120.155114
   39.300193     8.118525     6.618577    13.542589   -38.615893  -112.934958
   39.380204     8.360275     6.773868    13.480809   -42.861058  -105.775532
   38.898014     8.256022     6.942014    13.370657   -19.627060  -132.901764
   39.059094     8.181081     6.728128    13.381404   -25.001015  -116.571220
   39.439808     8.690220     6.963804    13.310761   -33.718629  -117.531896
   39.153789     8.339204     7.065769    13.450159   -21.400959  -115.151063
   38.697766     8.247414     6.681051    13.161949   -27.496513  -117.157369
   39.085371     8.193374     6.598778    13.298366   -22.762297  -114.795609
   39.095436     8.491349     7.278365    13.369351   -20.694953  -117.084747
   39.441666     8.374067     6.762264    13.370165    -6.759205  -133.500281
   39.443378     8.587781     7.240210    13.483870   -35.652978   -93.148848
   39.525058     8.699377     7.122163    13.330021    -9.285305  -133.880124
   39.237835     8.381575     6.598433    13.176688    -2.522909  -139.338137
   38.987419     8.145645     6.737032    13.372629   -13.899425  -138.397341
   38.847405     8.335366     6.953674    13.366770   -32.991220  -134.701341
   39.221319     8.607537     7.096220    13.335233   -29.661354  -133.220106
   39.310698     8.495994     6.931649    13.367877   -25.837126  -123.146118
   39.375930     8.416293     6.705164    13.353482   -30.685708  -111.564257
   39.768762     8.779829     7.017369    13.426206   -32.683451  -127.897012
   39.160194     8.670139     7.262383    13.226462   -18.630613  -123.854308
   39.143801     8.536461     6.956561    13.281507   -27.507203  -126.766455
   39.439045     8.756372     7.005887    13.237695   -32.825054  -101.915180
   39.491365     8.753887     6.858682    13.210654   -29.858830  -110.345277
   39.508525     8.381539     6.585623    13.435185   -40.986885  -116.257791
   38.714960     8.384014     7.086039    13.292133   -49.839666   -93.787037
   39.306626     8.539532     6.662857    13.268609   -38.148362  -118.987324
   39.067991     8.609791     6.933194    13.255377   -45.307450  -119.839906
   39.537254     8.266696     6.571384    13.536051   -38.397265  -134.131815
   38.974174     8.090656     6.675715    13.470070   -33.767554  -128.341663
   39.227575     8.251264     6.532702    13.378186   -37.908519  -118.306496
   39.171739     8.297423     7.049013    13.552711   -33.026206  -115.869304
   39.017278     8.131448     6.711746    13.407198   -28.843409  -113.649082
   39.385659     8.278757     6.713461    13.454401   -22.169782  -127.459240
   39.305933     8.160848     6.647430    13.488488   -29.386134  -116.751496
   39.336082     8.197589     6.873544    13.590786   -21.441569  -131.760657
   39.077269     8.038770     6.553006    13.455528   -34.998537  -114.187791
   39.251969     8.379962     6.749750    13.462941   -50.539707  -116.583478
   38.963681     8.475016     6.823214    13.310021   -48.847685  -124.834241
   39.234088     8.552753     6.902024    13.354692   -51.707328  -100.055957
   39.405366     8.543837     6.956940    13.509863   -50.938762  -127.695374
   39.472802     8.473183     6.842969    13.469884   -34.361087  -131.313414
   39.458865     8.471468     7.088684    13.621714   -44.462580  -124.037392
   39.304131     8.349252     6.718036    13.430319   -38.624623  -116.673575
   39.068089     8.594015     6.962502    13.289023   -49.120712  -114.927860
   39.084959     8.480409     7.079755    13.312625   -34.432031   -97.657634
   39.299218     8.424123     6.870974    13.411820   -43.963537   -90.871905
   39.205032     8.335046     6.927528    13.365046   -13.014328  -115.678090
   38.938480     8.225940     6.836485    13.363862   -37.847459   -96.659972
   39.462449     8.309745     6.945589    13.540382   -13.502536  -118.208960
   39.285671     8.430811     6.653016    13.247938   -16.470954  -131.910427
   39.050652     8.123719     6.770514    13.581949   -49.395225  -113.840313
   39.358687     8.206355     6.669006    13.437175   -16.617990  -122.749965
   39.114201     8.446812     6.939498    13.303939   -27.616146  -113.721820
   39.054677     8.308281     6.961019    13.423682   -19.408876  -141.241860
   38.906817     8.274645     6.879351    13.261352   -18.113605  -114.132130
   38.962402     8.575475     7.185553    13.231741   -38.162342  -102.642910
   39.568129     8.651816     7.137165    13.545295   -50.542679  -109.580780
   38.915461     8.366167     7.039503    13.329719   -23.800602  -124.370489
   39.255560     8.322412     6.785512    13.365883   -10.469070  -140.771024
   39.291401     8.596524     6.920886    13.310863   -50.149548   -86.539886
   39.120094     8.412792     6.828257    13.314987   -44.705242   -89.637370
   39.028795     8.576949     6.989890    13.055383    -6.919850  -117.933954
   38.950504     8.408738     6.932550    13.124089    -9.655371  -109.304296
   39.345594     8.371632     6.618003    13.345120   -29.318733  -121.810300
   39.304605     8.368229     6.980447    13.526641   -38.519374  -107.171008
   39.072859     8.304006     7.185556    13.551364   -32.144670  -111.643643
   39.040700     8.248261     6.869610    13.548713   -57.529019  -104.012073
   39.366105     8.431528     6.856465    13.461472   -41.229734  -110.847993
   39.067607     8.375501     7.177529    13.507800   -30.796909  -127.804258
   39.358891     8.549381     6.942293    13.483776   -61.385944  -101.337626
   39.271016     8.689286     7.033980    13.289871   -38.160899  -123.880544
   39.087058     8.458269     7.100413    13.384036   -24.781602  -134.010390
   39.370255     8.574540     6.741622    13.330454   -46.874017  -111.066502
   39.154162     8.677811     7.172156    13.253231   -33.280911  -119.112090
   39.433697     8.551480     7.055214    13.503112   -40.254913  -122.518673
   38.957293     8.339788     6.771664    13.334961   -37.692296  -125.883359
   38.692008     8.533062     7.079120    13.135858   -41.608865  -110.321489
   39.267967     8.556882     6.798756    13.299262   -40.230827  -115.113885
   39.406086     8.680814     6.799799    13.237049   -35.932447  -112.018479
   39.291792     8.666988     6.904384    13.236512   -31.839633  -122.702473
   39.434357     8.773123     6.998988    13.192052   -14.212847  -138.967209
   39.206199     8.522448     7.349642    13.537355   -38.206846  -121.862832
   39.234018     8.678653     7.103567    13.256732   -22.904262  -140.437606
   39.342299     8.401090     6.587297    13.335782   -31.179697  -132.444242
   38.834763     8.530348     6.887879    13.134797   -32.286642  -124.793470
   39.071195     8.361011     6.834857    13.351335   -43.174793   -97.667842
   39.094414     8.132351     6.841124    13.560221   -35.127392  -117.205076
   39.237706     8.402979     7.042206    13.582172   -45.121415  -134.951619
   39.100975     8.287036     6.881921    13.455916   -32.769005  -122.106692
   39.003356     8.237250     6.822476    13.545700   -52.032104  -128.561904
   39.446209     8.535037     6.923043    13.490936   -41.801724  -140.429022
   39.399872     8.526750     6.944163    13.507219   -48.320079  -130.293630
   39.258412     8.469619     6.976677    13.470437   -40.853345  -127.789515
   39.267748     8.528509     6.842825    13.350233   -38.876828  -123.861220
   39.348924     8.405867     6.789242    13.483715   -49.181977  -111.559880
   39.309116     8.254467     6.869679    13.650316   -54.560555  -108.246585
   39.323720     8.459664     7.232779    13.600385   -37.286106  -121.218377
   39.474957     8.368416     7.065822    13.660526   -33.290902  -125.922784
   39.143149     8.350330     7.162692    13.548760   -30.223544  -123.057132
   39.180213     8.455656     6.881339    13.312353   -19.148117  -138.374403
   38.800690     8.178647     6.832837    13.447682   -44.969687  -116.462296
   38.956223     8.710895     7.123903    13.136045   -42.384795  -113.151388
   39.539375     8.629693     6.785559    13.308861   -26.687512  -126.682097
   39.153385     8.688311     7.107647    13.148439   -15.822014  -129.505037
   38.966648     8.323830     6.808204    13.221775    -5.455106  -144.599879
   39.252552     8.486402     7.049525    13.402234   -24.722869  -126.076591
   39.600356     8.540831     6.847061    13.384742   -19.315582  -115.329985
   39.271761     8.493604     6.979225    13.444269   -38.881100  -126.149066
   39.145505     8.537728     6.933249    13.121781    -0.502569  -126.873653
   39.142011     8.546623     7.129764    13.400902   -42.272326  -118.044924
   39.129294     8.439208     6.684083    13.138544    -6.927058  -133.763541
   39.250458     8.553829     7.135099    13.354634   -18.158173  -131.796775
   38.763857     8.592331     6.997708    12.881016     1.442145  -133.276267
   39.049474     8.293414     6.999970    13.383890   -27.135997   -97.871531
   39.113284     8.439229     6.771991    13.188424   -16.742767  -118.475318
   39.386751     8.444040     6.514726    13.191766   -15.085894  -121.928081
   39.031636     8.650871     7.047842    13.128677   -25.263519  -120.967580
   38.955792     8.375847     6.719513    13.202762   -30.737013  -111.460055
   39.469270     8.647445     7.259258    13.417393   -20.719817  -108.899089
   39.459942     8.669408     7.054092    13.252261    -6.445764  -117.295658
   39.254479     8.526336     7.087108    13.279541    -6.707491  -120.516613
   39.085255     8.566430     6.760256    13.157323   -38.712531  -103.282401
   38.994552     8.338856     6.719773    13.194326   -26.710239  -102.137094
   39.143385     8.343846     6.647100    13.306893   -39.852864  -103.272778
   38.862859     8.454895     6.743832    13.054641   -10.664603  -137.050557
   39.141558     8.331393     7.022230    13.315878     4.791641  -129.335221
   39.616899     8.589147     6.942870    13.337415    -1.008397  -117.660930
   39.380640     8.470442     6.739952    13.298255   -26.951928  -104.513557
   39.491092     8.392909     6.441606    13.233775   -13.014041  -126.767170
   39.310459     8.585929     6.752312    13.241062   -23.845509  -145.848501
   39.303777     8.436255     6.849413    13.379605   -31.318718  -112.520025
   39.078676     8.362320     6.733640    13.294284   -25.312431  -131.618250
   39.120097     8.211844     6.611724    13.422319   -46.219767  -107.040393
   39.020772     8.676504     7.035235    13.160261   -36.261613  -121.177833
   39.256915     8.592296     7.014223    13.349017   -43.794779  -105.406751
   39.383275     8.805027     6.937706    13.175019   -32.470214  -119.058371
   39.496986     8.708322     7.162507    13.467760   -49.934379  -109.114849
   39.148199     8.640268     6.928391    13.252907   -45.009686  -115.075368
   39.326947     8.473342     6.895983    13.464407   -44.872755  -119.203928
   39.117111     8.624770     6.930745    13.233597   -47.424421  -102.453256
   39.183054     8.538433     6.795658    13.125155    -8.637037  -124.146434
   38.794728     8.314964     6.674367    13.147406   -25.476849  -119.771245
   39.024391     8.522964     6.912806    13.097600   -15.799169  -108.576965
   38.884881     8.287419     6.893650    13.236918   -21.191574  -105.665189
   38.690411     8.188275     6.585368    13.157418   -25.847387  -120.207178
   39.058940     8.622555     6.967668    13.104954   -17.490762  -123.815538
   39.429158     8.674755     7.041840    13.344115   -29.109709  -126.630245
   39.093567     8.565414     6.891333    13.228704   -32.439237  -123.880284
   39.146685     8.501723     6.898244    13.380665   -49.200434  -116.039662
   39.427672     8.661902     6.838906    13.307430   -40.074119  -117.833861
   38.727189     8.483260     7.069106    13.257092   -47.585240  -115.990806
   39.389538     8.533078     6.973434    13.462362   -37.124732  -133.160078
   39.007082     8.604239     7.127231    13.369611   -61.293359  -111.542001
   39.410996     8.459242     7.143849    13.656492   -50.034762  -119.240140
   39.212630     8.421292     6.514532    13.300194   -45.842801  -125.886788
   39.081241     8.463351     6.963753    13.407423   -40.338102  -137.990964
   39.664448     8.501542     6.794351    13.569034   -53.357311  -117.452309
   39.294250     8.529838     6.857440    13.334814   -27.591966  -138.956336
   39.233477     8.493819     6.620666    13.274158   -37.738470  -132.467731
   38.632409     8.436594     6.973668    13.108641   -20.475435  -138.610348
   38.909101     8.257833     7.090475    13.500026   -37.890097  -111.713615
   39.231593     8.696179     7.110791    13.192772   -14.062238  -137.917056
   39.374551     8.817474     7.117005    13.255213   -38.317565  -121.098537
   38.972022     8.512984     6.940058    13.251430   -27.984098  -145.584922
   39.215771     8.471614     6.926154    13.385735   -26.768362  -147.458612
   39.556916     8.535919     7.099803    13.530837   -20.508995  -139.516900
   39.282185     8.667754     7.156109    13.343275   -28.188895  -145.213443
   39.148098     8.505948     7.096862    13.352002   -17.182997  -148.587090
   39.144534     8.512587     6.956920    13.352396   -34.171099  -134.502980
   38.900549     8.321217     6.868234    13.320226   -22.437120  -143.820133
   39.067703     8.396664     6.872545    13.389234   -36.945038  -131.345253
   39.177505     8.662906     7.054236    13.276658   -36.251963  -130.223953
   39.333708     8.553830     6.803843    13.390841   -50.547291  -119.298223
   39.214150     8.447519     6.695442    13.308765   -35.168204  -124.888000
   39.170937     8.599462     7.017313    13.343407   -54.766776   -98.561298
   39.671998     8.613369     7.122044    13.542593   -23.422280  -140.543920
   39.077459     8.569213     6.689042    13.219218   -52.056953  -111.797575
   39.198722     8.294644     6.999341    13.591883   -39.259733  -124.099345
   39.331345     8.472492     7.123413    13.526159   -34.561292  -120.647911
   39.135919     8.444804     7.063021    13.457693   -39.228809  -122.694160
   39.206248     8.474829     6.968445    13.456056   -52.271706  -107.452201
   39.198307     8.758170     6.889299    13.176463   -49.853046  -108.926578
   39.211984     8.218825     7.044738    13.752703   -55.631373  -114.301826
   39.169448     8.240789     6.717121    13.449819   -41.454912  -107.720083
   38.796210     8.175688     6.880104    13.465500   -55.806413   -93.254571
   39.007877     8.280899     7.005927    13.499384   -38.503977  -116.033210
   38.868256     8.097034     6.749167    13.362852   -20.697153  -122.499281
   38.997683     8.294527     7.123463    13.532120   -43.600301  -102.895046
   39.337337     8.593333     6.883543    13.382880   -46.876093  -123.017436
   39.276384     8.608345     6.942850    13.304490   -28.140532  -142.157987
   39.361240     8.676662     7.056009    13.358738   -39.239990  -124.133252
   39.405241     8.596172     7.099144    13.395914   -16.849399  -149.709899
   39.171768     8.571462     6.816145    13.207562   -29.483772  -120.412434
   39.013844     8.671841     6.984448    13.132451   -28.788070  -134.718403
   39.560711     8.507802     6.672266    13.327578   -18.631856  -131.877181
   39.131846     8.701558     7.190792    13.241279   -29.305266  -136.954685
   39.184124     8.533809     6.763370    13.223425   -24.505919  -135.279509
   39.463759     8.496723     7.013904    13.457269   -13.490295  -150.725203
   39.465826     8.687206     7.003634    13.315484   -25.877967  -122.898567
   39.073753     8.531055     7.156779    13.312778   -18.058759  -143.704810
   39.011175     8.518302     7.152653    13.264668   -15.176100  -138.869508
   39.061608     8.577000     6.838096    13.147325   -19.478923  -142.020853
   39.446169     8.386388     6.652227    13.359801   -21.753938  -123.675622
   39.290691     8.643632     6.923905    13.260615   -26.731910  -137.093560
   38.687152     8.421462     7.344751    13.375155   -36.506551  -129.824094
   38.975124     8.331793     6.798671    13.365970   -35.089869  -135.009379
   39.487104     8.410333     6.687062    13.365208   -13.172260  -142.710203
   39.422704     8.555388     6.834379    13.410069   -42.315126  -125.897203
   39.246025     8.654267     6.994587    13.262348   -27.317007  -138.136220
   39.337270     8.519388     6.872497    13.206824     4.799690  -136.374985
   39.300941     8.616563     7.027769    13.296365   -16.625202  -149.992620
   39.247665     8.567907     6.709737    13.194606   -27.076280  -123.201651
   39.112039     8.475364     7.087273    13.351324   -16.463794  -146.224907
   39.397328     8.650963     7.017120    13.355250   -31.142667  -131.713424
   39.318885     8.521268     6.891574    13.420528   -43.152380  -124.139120
   38.887556     8.400349     6.688555    13.211651   -36.432049  -125.029566
   38.840313     8.384080     7.053849    13.308457   -21.896904  -140.175377
   39.212256     8.567871     6.914979    13.321470   -37.230412  -127.064069
   39.575350     8.722185     6.929984    13.298124   -19.533112  -138.942352
   39.340482     8.365022     6.830413    13.420995   -14.285492  -147.525565
   39.176536     8.509025     6.912703    13.416639   -49.519205  -127.149408
   39.051436     8.440645     7.166600    13.442554   -32.462141  -128.579281
   39.632132     8.790495     7.269428    13.413327   -17.768024  -146.850926
   39.397208     8.547797     6.973799    13.395412   -25.764536  -129.501592
   39.031859     8.740921     6.944874    13.107908   -35.739017  -136.614870
   39.506053     8.454355     6.794417    13.484857   -34.228677  -140.691018
   39.495650     8.624466     6.871155    13.390608   -37.642335  -134.132813
   39.630145     8.733193     6.798623    13.303663   -30.659172  -141.128753
   39.454300     8.548321     6.997143    13.391933   -12.472132  -145.387768
   39.350489     8.599593     6.919805    13.274917   -14.985458  -143.741138
   39.343607     8.694255     7.158123    13.164531     2.953051  -123.270293
   39.309500     8.374520     6.848307    13.363721   -23.190686  -101.117634
   39.484264     8.415641     6.774427    13.318821     2.436883  -129.722534
   39.464535     8.515685     6.707955    13.264954   -21.279359  -105.934003
   39.156415     8.379452     6.896772    13.257287    -1.769025  -129.199499
   39.288394     8.223607     6.867557    13.427704    -0.659403  -125.760142
   38.866498     8.575970     6.779891    12.935179    -8.182720  -128.421630
   39.055441     8.410760     6.839702    13.188262   -11.515251  -121.317243
   39.201514     8.502547     6.738295    13.178501   -23.355423  -108.085822
   39.045040     8.638786     7.113425    13.202918   -35.452607  -111.748311
   39.326592     8.576118     6.943451    13.374447   -43.360926  -109.722173
   39.393793     8.720592     7.221673    13.326587   -19.265086  -137.560759
   39.083320     8.592901     7.377799    13.328043   -27.806657  -113.308577
   39.342069     8.625570     7.069883    13.269053   -15.148418  -116.668644
   39.047743     8.560863     6.825433    13.098883   -20.668028  -115.791182
   39.318630     8.598249     6.946531    13.135823    -0.210156  -111.222190
   39.159089     8.731878     6.843080    12.946348    -4.815405  -121.224372
   39.527978     8.775394     7.204161    13.299006   -15.664917  -113.897117
   38.722777     8.394735     6.746613    12.954946   -14.518054  -105.187581
   39.236211     8.764567     6.940028    12.954277    -2.204313  -111.503823
   39.354407     8.495544     6.809939    13.158546    16.876172  -144.984659
   39.602947     8.730958     6.947545    13.218971     0.317988  -127.414567
   39.432615     8.733914     7.045366    13.169712    -4.185158  -120.487274
   39.171885     8.541164     6.649781    13.142833   -29.902776  -110.479256
   39.152307     8.454974     6.843879    13.131000    -3.720722  -110.904861
   39.644658     8.576641     6.766408    13.240504     8.426866  -123.805727
   39.319979     8.719261     6.937211    13.046921    -5.780816  -106.055573
   39.576632     8.824841     7.059210    13.135054     5.156072  -116.991619
   39.609259     8.456932     6.845128    13.370393     6.659147  -126.098407
   39.354736     8.414607     6.743525    13.409649   -34.374508  -125.382438
   39.422812     8.877099     6.967482    13.048228    -7.452952  -134.876186
   39.319211     8.581379     6.870079    13.321495   -32.793589  -129.748891
   39.803879     8.862639     7.125668    13.416475   -31.290777  -120.303103
   39.254657     8.634391     7.115063    13.288450   -25.724871  -119.353721
   38.891188     8.475019     6.909807    13.290250   -53.349761  -106.014853
   39.287214     8.744858     7.074279    13.244774   -39.214902  -111.634904
   39.264337     8.707004     6.765842    13.154357   -34.978527  -121.624993
   39.375543     8.713292     6.871638    13.193823   -26.366355  -120.005830
   39.101511     8.628098     7.007962    13.242949   -38.566975  -118.982607
   39.065344     8.358987     6.680468    13.244804   -23.493305  -126.620937
   39.075993     8.586696     6.684980    13.102269   -25.983519  -130.097430
   39.358238     8.595762     6.628891    13.209900   -32.183580  -121.852984
   39.367268     8.482243     6.858625    13.446971   -46.257219  -110.410195
   39.480650     8.381877     7.042700    13.619913   -33.244427  -113.333034
   39.194690     8.271940     7.114393    13.646058   -38.882478  -113.402070
   39.196756     8.138117     6.795948    13.495142   -14.371932  -132.009143
   39.457824     8.424312     7.197213    13.627289   -27.307754  -114.426964
   39.362488     8.353553     6.677469    13.385544   -26.423991  -124.798224
   39.058786     8.436277     7.197094    13.447357   -39.159850  -107.126107
   39.403340     8.153442     6.962235    13.674190   -17.789624  -119.311645
   39.043384     8.138301     6.803014    13.475139   -23.630877  -129.222784
   39.305737     8.173976     6.880755    13.724370   -52.943352  -113.399084
   39.226954     8.173493     6.784104    13.536827   -31.088143  -120.018153
   39.411442     8.358200     7.061508    13.594867   -24.189879  -124.778022
   39.113237     8.324806     7.064663    13.566127   -40.973375  -122.580166
   39.353064     8.178542     6.593219    13.559729   -44.442094  -125.568612
   39.557503     8.354909     6.875253    13.642645   -47.498077  -108.124249
   39.010701     8.242997     6.716490    13.418254   -45.495870  -113.031330
   38.967532     8.258329     7.144333    13.526956   -40.850006   -97.036684
   39.240552     8.231028     6.991011    13.601364   -36.058581  -104.372500
   38.950360     8.259363     7.183770    13.507969   -23.818390  -121.016708
   39.306605     8.494536     7.160882    13.560030   -52.591497  -101.031592
   39.154884     8.435773     7.223363    13.357509    -3.416525  -124.486173
   39.022365     8.758649     6.911393    12.992868   -29.773097  -112.431244
   39.483085     8.581719     6.646961    13.248910   -33.498629  -102.191459
   39.263804     8.578795     6.953980    13.273173   -39.911683   -87.773792
   39.547228     8.363651     6.581851    13.399683   -33.959484   -99.389232
   39.306679     8.288330     6.944224    13.635456   -51.053019  -104.830179
   39.134823     8.310043     6.830935    13.345928   -38.535363   -81.240314
   39.047852     8.557400     6.988963    13.167564   -27.267206  -105.189701
   38.834635     8.276884     6.891410    13.311842   -47.785900   -82.417411
   39.143705     8.421214     6.693483    13.221057   -27.949971  -109.318648
   39.711931     8.574543     6.570250    13.346420   -36.115159  -114.433860
   39.522227     8.672167     7.013955    13.370664   -35.665426  -102.322285
   38.943198     8.324542     6.685723    13.273408   -38.674675  -113.146225
   39.444782     8.475228     6.638214    13.319686   -27.865232  -124.936895
   39.284008     8.446160     6.708679    13.349981   -45.929848  -101.662069
   38.923016     8.386155     6.819700    13.255680   -33.148728  -117.378131
   39.451325     8.490753     7.180811    13.615869   -32.968988  -142.389656
   39.122861     8.563730     6.893258    13.312890   -47.799176  -117.643621
   39.188812     8.421034     6.654065    13.371778   -56.626437  -105.966728
   39.085130     8.377814     6.686083    13.355006   -46.501533  -120.319066
   39.080300     8.577706     6.894386    13.233607   -40.289433  -114.211523
   39.127525     8.315697     6.793907    13.443487   -44.316273  -113.699117
   39.234796     8.309627     6.894912    13.605542   -50.066208  -129.917183
   38.916829     8.490263     6.997747    13.345495   -45.745721  -133.154392
   39.130106     8.411769     6.713683    13.334832   -41.534913  -120.919165
   39.435793     8.499346     6.939464    13.525563   -46.810128  -123.186740
   39.306976     8.183881     6.838196    13.622915   -34.891069  -124.653091
   39.079428     8.294814     7.046961    13.574582   -36.418435  -138.148657
   39.384412     8.278242     6.784329    13.640965   -59.769754  -107.219821
   38.946280     8.137780     6.894920    13.508937   -37.235833  -108.926904
   39.116373     8.390774     7.109212    13.427521   -21.555816  -124.195914
   39.603824     8.379085     6.343576    13.248642   -19.616602  -111.815068
   39.573913     8.412073     6.811860    13.505939   -35.062242  -102.762306
   39.559058     8.482394     6.663409    13.386788   -39.791223   -99.801167
   39.406559     8.407988     6.680388    13.363012   -38.268978   -94.476816
   38.836881     8.409661     7.059933    13.217573   -20.887039  -117.990521
   38.934491     8.126615     6.696461    13.381941   -29.186028  -118.405680
   38.663393     8.391077     7.030581    13.084886   -29.155719   -92.170645
   39.635692     8.512297     6.804612    13.425895   -31.476753   -95.410468
   39.389389     8.463435     6.889607    13.419163   -25.164847  -129.753765
   39.245431     8.587368     7.078781    13.345751   -39.138720  -104.017956
   39.536237     8.470355     6.881504    13.463360   -43.950370   -75.907138
   39.726515     8.412483     6.557099    13.426916   -38.216820   -84.350152
   39.013126     8.140354     6.677190    13.328844   -18.983162  -116.920612
   39.397086     8.433487     6.780818    13.320329   -23.363342   -97.277749
   39.236766     8.275756     6.975426    13.414379     2.710587  -133.435139
   39.093295     8.500829     6.914405    13.198508   -24.638089  -105.861994
   39.260712     8.402981     6.991499    13.467589   -42.417449   -93.637870
   39.572189     8.474445     6.704112    13.345141   -21.227075  -105.559261
   39.232623     8.510875     7.053356    13.304187   -24.350783   -99.020007
   38.997301     8.467825     6.984345    13.118746    -0.889462  -126.143035
   39.469175     8.670471     7.091636    13.329576   -21.864807  -109.561249
   38.096377     8.044259     7.267615    13.177564   -22.485218   -96.211318
   39.061119     8.430549     6.776569    13.411046   -63.536675  -108.982970
   38.977603     8.491693     6.955529    13.295198   -49.000192  -101.638334
   39.021729     8.325891     6.796738    13.375694   -29.725697  -144.387778
   38.936890     8.307154     6.787493    13.312988   -26.875744  -132.790397
   39.333768     8.506149     6.772141    13.359996   -35.964576  -129.856508
   39.346667     8.537302     7.224092    13.517001   -26.901232  -143.450972
   39.321875     8.444248     6.883213    13.464758   -37.038649  -132.894644
   39.348550     8.303485     6.750243    13.453733   -23.447479  -132.367686
   38.792448     8.242125     6.876082    13.288611   -12.649086  -146.628776
   39.180836     8.347552     6.754711    13.439201   -47.367228  -113.998569
   39.212004     8.372001     6.964758    13.460612   -23.395904  -140.111839
   39.497380     8.241224     7.081229    13.786671   -29.059288  -136.970626
   39.113581     8.172701     6.792124    13.521729   -35.827611  -121.221514
   39.355685     8.244859     6.882510    13.550940   -13.461360  -148.651884
   39.131828     8.300117     6.962653    13.463760   -19.960014  -137.878749
   39.329674     8.382418     7.026778    13.518931   -22.348120  -132.041393
   39.151343     8.211518     6.934000    13.602251   -38.053445  -124.148391
   38.954849     8.312217     7.101882    13.503768   -49.943460   -97.321578
   38.992690     8.266877     6.875385    13.478054   -36.947230  -137.175076
   38.990815     8.111987     6.875540    13.637911   -45.246725  -129.385326
   39.184184     8.086399     6.787500    13.612303   -25.707223  -146.300465
   39.333220     8.204256     6.968934    13.693234   -32.260599  -133.532826
   39.064801     8.265203     6.961356    13.516572   -34.854172  -124.497773
   39.069091     8.347602     7.139557    13.509046   -22.576372  -148.268679
   39.169147     8.066818     6.805738    13.596828   -27.733231  -121.843661
   39.459296     8.117275     6.726282    13.670624   -35.099227  -120.420024
   39.354732     8.278425     6.824741    13.589506   -46.477847  -110.604618
   39.003612     8.381858     6.816062    13.331502   -44.431900  -107.367841
   38.933777     8.434514     7.139161    13.387301   -33.246902  -130.514497
   38.712786     8.229637     6.909805    13.361567   -29.305009  -136.838100
   39.314586     8.249242     6.809496    13.576973   -38.800822  -124.832390
   39.492484     8.451845     6.821170    13.405652   -14.042781  -141.326273
   39.410180     8.188842     6.759641    13.600204   -36.383317  -110.924465
   39.379290     8.438125     6.877166    13.417641   -37.804961   -93.388164
   39.436000     8.175905     6.755406    13.464217     3.731244  -128.534002
   39.145785     8.120310     6.929939    13.498569   -13.673111  -107.081041
   39.508740     8.767507     7.073179    13.323987   -39.285585  -102.076411
   39.168191     8.203355     6.750874    13.488397   -38.147864  -111.940228
   39.212768     8.537126     6.964949    13.355817   -51.911344   -89.185892
   39.410633     8.408765     7.061398    13.562588   -30.498307  -115.221555
   38.895090     8.536035     7.229869    13.263548   -25.640527  -133.771820
   39.390062     8.568464     6.797594    13.280590   -18.757916  -142.078707
   39.306323     8.484826     7.078188    13.419013   -16.924544  -133.939664
   39.420124     8.211383     6.851589    13.607740   -28.734578  -113.347819
   39.386422     8.221811     6.806628    13.483917   -12.907254  -114.675425
   39.279795     8.196276     6.594666    13.367624   -27.906724   -96.760172
   39.282010     8.318004     7.048180    13.592346   -35.875829  -111.897760
   39.229168     8.364265     7.119569    13.579291   -46.973055   -95.702185
   39.196254     8.348168     7.216361    13.551856   -18.009142  -128.790656
   39.218219     8.262123     6.819875    13.468850   -33.330519  -109.625723
   39.837580     8.453762     6.968506    13.691359   -34.926370  -104.015399
   39.504049     8.650310     6.880512    13.340042   -34.749768  -116.278111
   38.848911     8.135113     6.979461    13.499151   -30.778416  -117.441409
   39.135178     8.282393     6.957607    13.478019   -23.135432  -129.195194
   39.537138     8.584954     7.007101    13.483349   -44.518510   -99.920357
   39.394704     8.249443     6.822567    13.572184   -29.936337  -123.570328
   39.287786     8.544911     6.981386    13.344239   -37.569544   -99.373441
   39.497909     8.509426     6.602132    13.283816   -26.119213  -119.884680
   39.282392     8.591033     6.964196    13.378068   -44.358008  -120.970527
   39.197133     8.652975     6.848012    13.190393   -36.737285  -114.033104
   39.392768     8.409116     6.898688    13.566939   -49.822558  -117.462086
   39.147637     8.516076     6.874411    13.302926   -43.844607  -104.791194
   39.107823     8.423758     6.689141    13.291645   -38.542760  -121.833610
   39.233827     8.504771     6.863768    13.296693   -40.475161   -92.402636
   39.244115     8.509873     6.714720    13.277439   -33.521478  -126.378490
   39.442740     8.214474     6.641375    13.466393   -23.440929  -111.297484
   39.073853     8.496408     7.045904    13.312703   -31.069640  -116.462477
   39.165716     8.322331     7.060338    13.542568   -33.086805  -119.774634
   39.110670     8.124349     6.691810    13.487349   -29.615547  -129.455075
   39.296227     8.394989     6.733049    13.370504   -33.206484  -116.100476
   38.928074     8.334466     6.600536    13.188600   -35.642608  -108.330219
   38.975548     8.389683     7.169918    13.370879   -19.138625  -125.511326
   39.137591     8.424447     7.218928    13.637722   -63.150171  -105.994634
   38.999764     8.320153     6.674861    13.325003   -43.697513  -113.088614
   39.830716     8.598517     6.608531    13.291410    -6.233391  -125.698640
   39.086497     8.468430     7.197787    13.341848   -18.746180  -117.188514
   39.021396     8.357705     7.027684    13.324796   -20.236439  -110.915714
   39.064536     8.380924     6.812118    13.305064   -32.268727  -113.798458
   39.243506     8.480332     6.861872    13.368952   -50.465620   -90.366743
   39.029738     8.305834     7.087096    13.513043   -35.909826  -116.200981
   39.158220     8.150478     6.784268    13.498501   -29.368048  -113.050215
   39.115585     8.376295     6.986122    13.415415   -33.564057  -111.377680
   39.266110     8.346278     6.760763    13.473733   -54.602774   -95.578529
   39.184761     8.665264     7.187987    13.373925   -48.390730  -121.562386
   39.091484     8.346177     6.816277    13.319473   -28.525497  -111.843926
   39.178401     8.313339     6.685450    13.282171   -17.189488  -121.375246
   39.393271     8.450175     6.964905    13.551571   -49.058345  -111.845660
   39.036900     8.358900     6.626928    13.302427   -42.843343  -120.304265
   38.909547     8.367635     7.215588    13.505491   -47.346188  -110.750921
   39.183088     8.246172     6.928917    13.447435   -12.936036  -123.077629
   39.389205     8.349887     6.878731    13.545131   -36.536781  -120.826686
   39.424755     8.400173     6.523485    13.282738   -27.603014  -110.820306
   39.304704     8.342664     6.927066    13.499326   -44.919061   -84.846256
   39.377711     8.317375     6.502542    13.317535   -19.482658  -137.969020
   39.630224     8.383826     6.948321    13.572393   -17.986288  -108.192292
   38.901901     8.497035     7.323035    13.263117   -25.648790  -106.506711
   38.710398     8.247033     7.111112    13.354283   -28.615076  -110.433764
   39.256180     8.670520     6.933099    13.157365   -20.915784  -116.463761
   38.967856     8.249142     7.211391    13.504289   -16.282144  -124.235470
   39.043356     8.355145     6.729983    13.224041   -26.121081  -107.770539
   39.421248     8.451539     7.057322    13.541549   -26.281609  -137.078309
   39.139613     8.384126     6.926850    13.463758   -48.088462  -108.261666
   39.161492     8.436162     6.764810    13.298408   -30.958465  -122.295767
   39.185992     8.639087     6.942649    13.271647   -50.366031  -101.033551
   39.160487     8.680220     6.963669    13.158644   -31.839445  -112.104556
   39.455839     8.392489     6.674903    13.393060   -28.751990  -117.495037
   39.153170     8.291846     6.660379    13.313959   -22.912102  -124.619773
   38.993925     8.160412     6.942490    13.510721   -37.105531  -100.310101
   39.158648     8.473320     7.026926    13.408172   -55.430743   -81.572708
   39.071577     8.075008     6.634436    13.361150   -16.652758  -113.979102
   39.318255     8.591156     7.261620    13.371990   -11.154974  -129.365750
   39.317801     8.312918     6.901311    13.423901   -10.617514  -118.615739
   39.095429     8.345475     7.153493    13.426284   -20.321095  -106.959062
   39.353838     8.688782     7.100235    13.264049   -22.770682  -114.360580
   39.110777     8.393849     7.005516    13.379548   -37.126227   -95.011148
   39.665196     8.710133     7.113386    13.390342   -10.108871  -122.743361
   38.975839     8.464742     7.152091    13.211527   -19.590263  -100.082308
   39.141516     8.182126     6.671502    13.369480   -24.801121  -110.009850
   39.918694     8.803609     7.060341    13.499983   -32.262762  -135.816907
   39.340785     8.634616     6.735230    13.339465   -60.034251  -114.096649
   39.617539     8.819769     7.018425    13.395176   -52.109392  -120.170767
   39.264981     8.506248     6.600085    13.265489   -42.073430  -117.458309
   38.843797     8.429680     7.060341    13.357002   -53.398078  -102.527750
   39.129489     8.605952     7.142763    13.303287   -33.867154  -120.398041
   38.996819     8.591344     6.685590    13.103978   -35.584106  -124.114194
   39.836387     8.525429     6.739726    13.613217   -61.523568  -105.221031
   39.159154     8.599345     7.168837    13.364076   -40.208697  -117.947192
   39.192522     8.284409     6.635137    13.393289   -41.351877  -111.046550
   38.931957     8.660624     6.846152    13.074934   -33.951015  -129.137236
   38.894412     8.256388     7.067631    13.334826   -14.686022  -111.595569
   39.382204     8.280568     6.636301    13.368034   -16.484184  -119.704871
   39.540133     8.486121     7.177931    13.609285   -25.536243  -122.533512
   39.095758     8.156819     6.738015    13.389320   -25.915305  -102.504143
   38.741177     8.354876     6.761231    13.218852   -48.821090  -101.348806
   39.329754     8.639750     7.057949    13.347590   -30.730681  -131.854278
   39.152463     8.362660     6.621065    13.355867   -53.388580  -101.334411
   39.131728     8.498018     6.854423    13.310633   -33.278544  -133.937187
   39.383280     8.510414     6.554029    13.284036   -46.663050  -103.355364
   39.053903     8.485831     6.910171    13.436473   -65.456284  -112.043663
   39.309761     8.560294     6.896039    13.354342   -46.971447   -99.223079
   38.815414     8.539181     7.193857    13.205076   -36.721038  -110.908113
   38.681796     8.100322     6.753104    13.369512   -39.600068  -111.559534
   39.264990     8.501209     7.018798    13.411182   -39.538328  -105.175592
   39.481186     8.493966     6.812496    13.422409   -36.365155  -113.210617
   39.411486     8.605489     7.141666    13.481779   -49.023415   -98.757880
   39.393538     8.462034     6.763198    13.462863   -51.477073  -114.139207
   38.952492     8.480800     7.137071    13.378171   -51.172124  -101.947090
   39.428074     8.291617     6.837796    13.536089   -18.188527  -143.987585
   39.057902     8.538545     6.760354    13.154164   -23.736745  -132.693735
   38.937397     8.165506     6.742533    13.432611   -38.597664  -117.442191
   39.361771     8.524628     6.849874    13.290581   -21.693660  -113.106626
   39.055062     8.337888     6.651707    13.269393   -32.508537  -116.747585
   39.517267     8.591468     6.817558    13.374325   -36.239391  -118.677804
   39.370451     8.577922     6.754389    13.257979   -37.162277   -98.804245
   39.154783     8.569163     7.215118    13.384896   -38.097723  -112.656069
   39.127521     8.452215     7.234292    13.481365   -35.464905  -113.576773
   39.386614     8.740925     7.041484    13.318203   -45.775760  -110.741464
   38.981783     8.448439     7.257583    13.430501   -32.328750  -125.627964
   39.167999     8.258976     6.588207    13.257382   -21.675631  -107.133042
   39.050429     8.295886     7.020861    13.382331   -20.804640  -106.433875
   38.793772     8.268304     6.689999    13.125541   -12.160004  -127.631798
   39.171120     8.208559     6.911528    13.499868   -21.064257  -119.723870
   39.546304     8.330808     6.814750    13.480636    -9.721130  -121.081436
   39.372467     8.389823     6.636541    13.323767   -28.753365  -109.160761
   39.414750     8.378176     6.843333    13.481783   -36.420583  -103.638309
   39.284050     8.281406     6.841235    13.485462   -23.126782  -129.832488
   39.276035     8.536636     6.883338    13.259941   -30.512673   -97.145221
   39.176516     8.405498     7.015884    13.453716   -45.497454   -94.542959
   39.412714     8.770521     7.012986    13.234967   -33.305241  -110.715921
   38.948600     8.596300     7.304202    13.218732   -35.517106   -99.032604
   39.406704     8.672439     7.098242    13.326414   -28.008650  -111.059726
   38.941325     8.575415     6.899442    13.193194   -46.996669  -108.217137
   38.964044     8.463009     6.851278    13.269667   -52.689499   -93.779635
   39.402384     8.395357     6.569587    13.293941   -23.659363  -118.402353
   38.793408     8.585674     6.827726    13.084670   -37.368794  -128.777393
   39.264159     8.847955     7.027449    13.129051   -37.640778  -116.391838
   39.120376     8.522516     6.592946    13.115161   -36.516279   -98.879910
   38.939301     8.649305     6.984949    13.057759   -29.474761  -111.004121
   39.054262     8.549233     6.745215    13.078679   -21.427795  -113.204994
   39.422671     8.651560     6.568872    13.082390   -18.741752  -109.810663
   39.090887     8.600874     6.937399    13.232724   -45.988829  -101.588530
   39.104670     8.549282     6.629019    13.069634   -19.330050  -122.897237
   39.642621     8.630402     6.845603    13.384927   -33.804985  -107.202477
   39.236744     8.495611     6.720481    13.138240    -2.873310  -132.250539
   39.631678     8.725347     6.653980    13.211423   -27.799703  -117.259968
   38.715741     8.170517     6.814132    13.350182   -35.116113  -118.086885
   39.250564     8.535453     6.618523    13.121210   -12.336954  -132.339041
   39.397087     8.684289     6.993371    13.342126   -35.883827  -134.147044
   39.128358     8.614199     6.922387    13.192896   -33.168380  -112.706623
   39.158881     8.488757     6.905955    13.328195   -44.358917   -98.115600
   39.325112     8.718981     6.894137    13.170682   -22.710259  -128.667744
   39.303251     8.521986     6.824878    13.226992    -5.168239  -143.655827
   39.069838     8.591127     7.142342    13.293029   -34.199587  -122.701878
   39.248218     8.461048     6.731420    13.227303   -15.117435  -126.370662
   39.354171     8.334327     6.762719    13.350409    -6.127878  -130.084660
   39.029493     8.312577     6.799028    13.327980   -25.751804  -124.512178
   39.416914     8.746188     7.198600    13.401155   -50.727482  -104.055056
   39.244423     8.552550     6.840246    13.252814   -30.250027  -113.292806
   38.742762     8.446767     6.926845    13.176292   -52.892693   -85.396259
   38.963725     8.430502     6.970085    13.302867   -47.909566   -89.682849
   39.140767     8.229477     6.827414    13.502686   -47.187764   -95.095984
   39.488613     8.407044     6.681005    13.376560   -22.105369  -122.278027
   39.444155     8.640622     7.074749    13.474907   -48.220059  -121.395389
   39.250216     8.522711     7.067802    13.438116   -41.487954  -114.548321
   39.304164     8.240458     6.787398    13.517706   -32.624188  -115.662585
   39.533833     8.351915     6.841192    13.635566   -50.895512  -110.188746
   39.249707     8.700960     7.214362    13.339395   -44.600517  -110.007033
   39.238824     8.780597     6.965492    13.116398   -41.338813   -92.638069
   39.545085     8.193985     6.630228    13.540543   -27.071858  -111.177284
