   39.927358     8.436416     6.619497    13.552365   -29.788170  -137.025243
   40.073481     8.694378     7.094398    13.695156   -35.902385  -129.412033
   40.447166     8.595682     6.960556    13.836376   -15.905281  -136.272584
   40.627313     8.290980     6.638027    13.978506   -22.484925  -138.671330
   40.360490     8.511665     6.906134    13.836164   -23.127149  -139.792453
   39.999848     8.516086     6.590520    13.548664   -44.863969  -114.382966
   40.382348     8.752632     7.208062    13.863991   -34.656349  -134.823423
   40.163119     8.486556     7.021994    13.894669   -44.392112  -117.588309
   40.385729     8.581795     6.922074    13.817143   -30.490109  -138.359407
   40.000301     8.638839     6.968649    13.674161   -47.773157  -124.090626
   40.294958     8.720452     6.992245    13.748718   -46.671012  -134.777807
   40.103786     8.890778     6.924585    13.423606   -25.453419  -131.932584
   39.981060     8.795930     6.862125    13.444576   -38.773490  -108.576697
   40.332193     8.460733     6.372589    13.526683   -18.343094  -120.683892
   40.572522     8.698266     6.477159    13.512741   -21.550345  -133.370008
   40.364727     8.624345     6.649775    13.618008   -32.003533  -108.543290
   40.438616     8.507974     6.482789    13.668391   -42.033647  -113.480225
   40.290730     8.812857     6.902530    13.671114   -61.591058  -102.704140
   40.062548     8.878791     7.068118    13.527615   -37.352865  -116.668098
   39.886573     8.756161     6.982612    13.540975   -53.911947   -99.444673
   40.002909     8.333443     6.515235    13.571171   -21.320444  -130.899534
   40.174816     8.562895     6.978156    13.762553   -28.158703  -133.530631
   40.718252     8.420861     6.524288    13.826661   -19.640637  -142.225434
   40.189459     8.579692     6.867779    13.701799   -33.325835  -138.956052
   40.040029     8.478011     6.804770    13.615400   -10.811473  -137.409318
   40.412027     8.784675     7.138079    13.785023   -16.792218  -126.100762
   40.324557     8.657085     6.902019    13.730254   -33.948391  -122.605783
   40.171987     8.912548     6.932493    13.386947    -3.064855  -118.355895
   40.530921     8.627789     6.942205    13.844501   -21.904045  -141.271293
   40.451584     8.679440     7.001638    13.808288   -26.851415  -141.824852
   40.125298     8.542756     6.710370    13.537793    -7.924524  -143.181662
   40.512267     8.693841     6.835981    13.704609   -13.492649  -134.086015
   39.957219     8.705649     6.720505    13.321196    -2.473064  -138.456787
   40.839740     8.770976     6.524964    13.581553    -7.185332  -135.143490
   40.442755     8.775503     6.719319    13.469344    13.137723  -142.847922
   40.234372     8.845540     6.956819    13.435952    19.423626  -141.590979
   40.108068     8.686478     6.713444    13.390123     4.030976  -126.719877
   39.887469     8.713318     6.728034    13.310240   -13.096463  -116.738772
   40.168383     8.819062     6.724851    13.454842   -45.713627   -93.750995
   40.487278     8.920443     7.064813    13.657161   -19.759246  -138.125251
   40.621186     8.858724     6.634523    13.489726   -11.999576  -129.367041
   40.608290     8.943636     6.685350    13.519608   -39.391945  -110.169722
   40.040652     8.734034     7.015017    13.522667    -6.618706  -119.311544
   40.233528     8.749163     6.764082    13.431551     6.002464  -132.045325
   39.999010     8.845156     6.948578    13.349217    -0.357196  -132.489640
   40.245014     8.742379     6.852889    13.500836     6.509171  -130.507864
   40.596088     8.794991     6.697718    13.562537     1.414123  -119.127397
   40.235973     8.367121     6.649899    13.810582   -48.499885  -113.561189
   40.271039     8.454845     6.619600    13.726626   -44.925295  -119.344437
   40.379699     8.445510     6.740722    13.804818   -27.898724  -139.795667
   40.822473     8.833920     6.978869    13.900464   -32.612853  -117.823483
   40.322657     8.576607     6.821094    13.763675   -41.823169  -124.762031
   39.862340     8.746529     7.016119    13.537418   -48.121908  -104.791380
   39.902189     8.542456     6.833772    13.644264   -48.743419  -130.385471
   40.417332     8.743808     6.788526    13.684618   -52.121829  -121.008950
   40.192168     8.600394     6.737979    13.623100   -36.891599  -143.232159
   40.162284     8.555866     6.931635    13.769377   -40.342936  -124.949373
   40.082610     8.300122     6.499109    13.686727   -40.068617  -133.520473
   40.548619     8.920493     6.908681    13.687138   -55.467649  -115.663218
   40.532312     8.699708     6.652662    13.692091   -53.975106  -121.994968
   40.616236     8.738426     6.933112    13.814719   -24.642414  -125.951319
   40.843040     8.948890     6.982206    13.816202   -36.370389  -122.389088
   40.245892     8.946123     6.977495    13.490226   -31.341408  -136.017110
   39.829707     8.569519     6.666768    13.466776   -39.939089  -121.363081
   40.172530     8.553636     6.904384    13.753952   -38.437829  -121.654469
   40.738899     8.869603     6.859188    13.730556   -35.017755  -129.480716
   40.376605     8.912563     7.036267    13.691791   -56.358704  -115.272133
   40.098049     8.484680     6.793138    13.722644   -43.700117  -110.894116
   40.064169     8.664681     6.792397    13.530779   -32.322324  -123.264943
   40.371682     8.853091     6.967654    13.620593   -30.168297  -132.018150
   40.351759     8.802356     6.886682    13.632972   -41.248450  -129.579349
   40.577961     8.791111     6.937099    13.793573   -46.485763  -127.026498
   40.740007     8.872259     6.672154    13.689094   -61.941068  -101.617080
   40.029112     8.766651     6.806474    13.455486   -34.241610  -136.876686
   40.179958     8.721055     6.743703    13.526535   -36.619136  -131.265053
   39.951826     8.493122     7.049970    13.793342   -42.383735  -110.830803
   40.271522     8.727695     6.851243    13.648186   -45.114987  -126.065323
   39.932771     8.875025     6.896615    13.442166   -54.369843  -118.047658
   40.341831     8.751807     6.683136    13.565201   -45.792083  -129.692767
   39.684590     8.806426     6.827932    13.307521   -37.502767  -138.652741
   40.324047     8.671901     6.930251    13.807341   -59.097127  -113.373065
   40.549361     8.804111     6.952432    13.786937   -44.840780  -112.918455
   39.994427     8.439494     6.796999    13.745670   -51.622064  -116.176716
   40.240717     8.639235     6.761344    13.557363   -13.569353  -145.287637
   40.181626     8.497747     6.570098    13.613335   -40.602820  -122.243730
   39.900028     8.472676     6.844061    13.698659   -49.459344  -118.512437
   40.399612     8.670755     6.986200    13.807329   -34.419942  -128.788094
   40.829500     8.962987     7.030087    13.793896   -31.745157  -140.810226
   40.411858     8.936907     7.270178    13.768139   -38.753764  -136.931953
   40.249502     8.778880     6.880032    13.657155   -58.228175  -122.991436
   40.253248     8.856536     6.754138    13.458361   -36.707021  -134.166473
   40.719466     8.676083     6.668596    13.772573   -46.878095  -135.888534
   40.808046     9.005740     6.874246    13.679565   -45.417571  -130.712259
   40.425814     8.666713     6.492046    13.548665   -42.938997  -113.606137
   40.518604     8.899027     6.910453    13.637699   -39.375966  -134.331635
   39.949701     8.474999     6.887518    13.645256   -18.261038  -145.044114
   40.192905     8.833196     7.067699    13.567218   -17.889569  -145.938681
   40.091103     8.713929     6.932815    13.597193   -36.219490  -130.154158
   40.683823     8.804934     6.848975    13.781411   -47.881709  -124.218640
   40.438203     8.592843     6.576019    13.627487   -33.900188  -137.143483
   39.720549     8.680103     7.069513    13.495399   -29.155759  -124.088915
   40.183958     8.796228     6.925680    13.634965   -56.624468  -130.755240
   40.084611     8.491291     6.923599    13.832739   -56.817246  -110.708024
   40.169505     8.813314     6.843794    13.545955   -48.953861  -135.342907
   39.658582     8.624445     6.899610    13.475784   -42.304025  -119.462256
   40.742136     9.088428     7.029255    13.700511   -52.291282  -126.624256
   40.276298     8.721511     6.741292    13.629747   -56.256357  -125.383852
   40.732277     8.942191     6.924819    13.701473   -27.496867  -128.219177
   40.077747     8.377831     6.499489    13.608661   -36.091403  -126.672285
   40.264001     8.349749     6.498850    13.692349   -31.105204  -137.509445
   40.327306     8.568145     6.727571    13.677216   -28.767902  -131.496747
   40.101349     8.757569     6.873238    13.506988   -27.872981  -142.088284
   40.312056     8.458989     6.621933    13.727465   -40.248066  -129.982806
   40.093953     8.766568     6.861038    13.522838   -38.112089  -124.715867
   40.101037     8.621738     6.774682    13.598847   -39.998289  -131.006200
   40.170915     8.515483     6.796974    13.742667   -45.881625  -120.671417
   40.218624     8.626383     6.645837    13.546038   -32.363634  -124.129369
   40.073621     8.180817     6.441248    13.684738   -23.356670  -137.977356
   40.078162     8.405201     6.620299    13.680465   -43.420356  -122.919845
   40.366025     8.610959     6.687737    13.697861   -48.608698  -107.497362
   40.028136     8.639271     6.903199    13.665423   -51.528360  -128.613429
   39.703528     8.205648     6.625674    13.683442   -41.857683  -126.999496
   40.419403     8.833168     6.867709    13.617460   -39.338467  -137.989716
   39.985018     8.550818     6.784437    13.615833   -40.655500  -134.795975
   40.120031     8.243431     6.529682    13.785215   -47.193146  -122.710785
   39.828460     8.449022     6.720837    13.630998   -50.874079  -122.519643
   40.484063     8.571450     6.707908    13.775577   -45.452416  -138.440374
   40.289529     8.625136     6.669560    13.629403   -44.413311  -135.712999
   39.913088     8.399418     6.639288    13.681200   -56.420774  -122.830053
   39.912272     8.601918     6.726686    13.572641   -58.924248  -109.603043
   40.075211     8.430775     6.938042    13.830482   -38.283792  -128.363614
   40.226827     8.605483     6.987764    13.802799   -43.828871  -127.173730
   40.007573     8.387907     6.726643    13.734243   -43.684290  -139.634603
   40.297154     8.598779     6.685110    13.691479   -53.298887  -128.974189
   39.829019     8.287222     6.828360    13.781162   -41.868439  -119.124022
   40.177516     8.615830     6.849055    13.645590   -30.005091  -144.355410
   40.167265     8.470029     6.857969    13.766214   -30.178611  -140.944306
   40.376947     8.467485     6.887261    13.895549   -34.919390  -141.174063
   40.195629     8.352429     6.815769    13.891353   -43.327424  -132.203306
   40.210263     8.574352     6.932328    13.845291   -61.820761  -119.836726
   40.291491     8.349618     6.628593    13.811535   -40.712673  -140.278429
   40.292529     8.325121     6.669593    13.871377   -45.165288  -134.515876
   40.314477     8.628178     6.935438    13.793971   -44.932148  -134.515333
   40.369946     8.508904     7.027315    14.003058   -53.333287  -123.906862
   40.243596     8.368112     6.888063    13.994347   -59.007829  -124.496878
   40.052364     8.539475     6.833387    13.715249   -51.026173  -130.190384
   40.440548     8.586387     6.786593    13.791078   -43.938021  -132.292303
   40.208534     8.441181     6.435538    13.637796   -54.088048  -114.879064
   40.695762     8.679961     6.755753    13.792182   -38.246891  -138.558911
   40.151956     8.286261     6.406244    13.626173   -26.452615  -139.811609
   39.765348     8.477051     7.038066    13.744118   -48.582887  -123.768913
   39.951023     8.558493     6.901985    13.605422   -24.371078  -145.276810
   40.291947     8.630697     6.586468    13.553348   -36.361574  -133.428357
   41.428929     8.831107     6.581043    13.888106   -28.737741  -141.934473
   39.740244     8.556217     7.199550    13.685664   -30.628012  -127.557760
   40.612692     8.678399     6.775774    13.776385   -35.127626  -122.422484
   40.538818     8.803253     6.654077    13.548662   -32.510459  -134.614755
   40.363342     8.764101     6.951968    13.715132   -43.604612  -128.362992
   40.424033     8.484236     6.609951    13.728809   -34.339703  -138.311600
   40.107300     8.391341     6.705368    13.762702   -47.944016  -106.605993
   40.207472     8.775922     7.015183    13.723107   -60.468857  -108.843705
   40.275372     8.784326     6.860800    13.568319   -32.494323  -141.853383
   40.112891     8.606038     6.904646    13.669084   -33.586409  -137.091922
   40.770697     8.662648     6.671784    13.730358   -16.574538  -151.341502
   40.406224     8.680712     6.976113    13.802725   -32.541349  -112.687564
   40.433993     8.527553     6.752206    13.794789   -32.538693  -116.421739
   40.159628     8.732109     7.153599    13.762112   -43.122777  -122.344082
   40.192600     8.571321     6.854320    13.736067   -44.037045  -130.753528
   40.342212     8.738509     7.016761    13.759082   -38.662227  -116.343047
   40.080327     8.612112     6.812898    13.565016   -23.196432  -143.416638
   39.923361     8.516819     6.499104    13.507859   -50.761042  -131.552465
   40.307315     8.372436     6.710049    13.852235   -41.598769  -138.062414
   40.232952     8.635762     6.770749    13.646613   -41.876770  -141.697057
   40.006534     8.417804     6.783883    13.733275   -40.781614  -144.776961
   39.950607     8.458879     6.728589    13.648766   -41.013936  -143.365260
   39.926356     8.435056     6.751243    13.706238   -51.571937  -132.452692
   39.996053     8.537319     6.909460    13.736668   -51.439520  -128.284096
   39.986092     8.584673     6.814437    13.624596   -45.251181  -139.533900
   40.248502     8.320581     6.669881    13.847773   -42.420603  -140.421727
   39.715807     8.517415     6.877859    13.564137   -34.917660  -141.615210
   40.266720     8.628875     6.921885    13.775528   -48.343476  -130.082704
   39.960171     8.592412     7.028265    13.706620   -40.768633  -143.841944
   39.930528     8.400551     6.688887    13.648344   -35.972531  -150.837158
   40.280031     8.606932     6.981090    13.874480   -60.675084  -118.001700
   40.433465     8.427613     6.721043    13.910066   -54.488212  -125.316120
   39.754786     8.550140     6.856765    13.643912   -61.040652  -132.535844
   40.403319     8.574145     6.610180    13.678552   -43.949212  -136.024159
   39.769274     8.316418     6.595760    13.615928   -43.306790  -128.587608
   40.056779     8.573636     6.831313    13.689489   -51.137211  -130.834623
   40.431523     8.467275     6.557867    13.740454   -43.004211  -135.592075
   39.986389     8.530237     6.774905    13.619582   -38.551624  -135.002837
   40.251084     8.645881     6.747541    13.686707   -57.586650  -133.519075
   40.256506     8.451369     6.937043    13.925357   -48.696275  -141.656052
   40.254071     8.533307     6.716034    13.723922   -47.674054  -131.222445
   40.297623     8.509496     6.946286    13.900120   -47.995034  -133.846756
   40.810133     8.596744     6.598898    13.863351   -58.064463  -132.941575
   40.173521     8.530894     6.736938    13.701560   -47.482322  -118.765576
   40.652885     8.872280     6.903704    13.671841   -24.358737  -147.775920
   39.821603     8.411349     6.935701    13.748983   -43.043996  -128.564139
   40.028902     8.380464     6.907501    13.758043   -12.590598  -142.127002
   40.024219     8.487194     6.615341    13.530150   -24.919053  -129.562382
   40.860814     8.752354     6.957304    13.914401   -24.024046  -148.248577
   39.991825     8.626470     6.971838    13.673231   -44.171333  -139.368740
   40.169579     8.769482     6.873714    13.526374   -27.506095  -142.217896
   40.276125     8.639080     6.953214    13.778035   -44.256534  -129.590480
   39.767622     8.600687     7.088776    13.629388   -39.795739  -117.935366
   40.353807     8.786589     6.922416    13.655767   -35.689679  -125.203683
   40.147311     8.596359     6.652861    13.565690   -39.960238  -116.370303
   40.446865     8.841263     7.043498    13.710903   -28.677713  -133.521518
   39.942582     8.605819     6.752380    13.500599   -29.893693  -137.342536
   40.088011     8.462203     7.014929    13.831727   -29.976847  -137.554251
   40.356930     8.614545     6.757882    13.700698   -39.315446  -132.808220
   40.311692     8.360162     6.818140    13.904398   -30.743981  -133.676098
   40.414643     8.682905     7.146481    13.866599   -22.171955  -144.380443
   40.151030     8.425738     6.881273    13.818980   -33.069034  -137.120082
   39.688394     8.661010     7.188406    13.563655   -31.338900  -126.644595
   40.586830     8.634429     6.655037    13.683585   -20.712572  -131.307714
   40.230174     8.666632     6.631196    13.506615   -30.278201  -138.008922
   40.077915     8.560270     6.729756    13.569425   -26.702845  -142.097885
   40.067915     8.619402     6.621606    13.529450   -47.235917  -122.843386
   40.230547     8.645492     6.747553    13.694779   -62.401594  -119.611973
   40.128316     8.698740     6.930501    13.659100   -46.821014  -133.037555
   40.486941     8.700486     6.678970    13.701879   -56.933832  -104.755165
   40.293306     8.457008     6.757022    13.733484   -13.137784  -137.352094
   40.376922     8.629471     6.552400    13.531861   -22.058329  -121.450124
   40.384684     8.811833     7.072288    13.757031   -37.836166   -98.919179
   40.452492     8.604813     6.583391    13.628498   -32.582016  -126.128257
   40.239878     8.383599     6.749674    13.763127   -13.618259  -139.502020
   40.308104     8.418115     6.375694    13.599782   -35.450149  -129.323722
   40.097550     8.225952     6.477642    13.754601   -44.697551  -134.215465
   40.355296     8.365446     6.564106    13.762688   -32.470620  -135.302423
   40.433475     8.732981     6.545087    13.551171   -49.082231  -103.167288
   40.020509     8.541001     6.757003    13.590379   -35.052784  -107.116956
   40.166955     8.688511     6.934486    13.617624   -24.897340  -141.733015
   40.373558     8.919859     6.994737    13.559128   -18.241370  -130.486918
   40.203615     8.331684     6.465858    13.659258   -30.309119  -135.348078
   40.140645     8.682201     6.812103    13.587146   -40.834705  -108.920016
   40.254786     8.709459     6.668326    13.570738   -51.489288  -106.044370
   40.490375     8.594671     6.888915    13.893067   -46.020065  -105.577552
   40.212540     8.704719     6.687418    13.579158   -55.836353   -98.615628
   40.346655     8.721288     6.484666    13.510798   -54.782465  -108.298104
   39.957611     8.561625     6.669023    13.534771   -44.013579  -113.718683
   40.571954     8.838850     7.011750    13.821470   -50.294958  -110.825743
   40.176445     8.837985     6.795020    13.458253   -35.532553  -116.994361
   39.836160     8.657177     6.804394    13.482521   -42.911766  -119.896204
   40.035429     8.586792     6.808404    13.642874   -49.260859  -113.433869
   40.148574     8.926546     6.974344    13.498505   -43.330891  -121.970493
   40.110552     8.802781     7.085540    13.614648   -33.685474  -117.290337
   40.410349     8.895800     6.802519    13.552570   -45.361359  -114.486483
   40.220204     8.629941     6.583777    13.557787   -46.604857  -122.775237
   39.781984     8.524360     6.830051    13.522398   -25.425387  -139.115997
   40.770694     8.942843     6.820544    13.691368   -46.544294  -121.172543
   40.666555     8.856778     7.028936    13.874894   -52.951372  -107.640342
   40.232965     8.579849     6.609018    13.642761   -55.351856  -113.337698
   40.541564     8.603049     6.874634    13.889483   -49.637908  -139.042468
   40.169076     8.765132     6.918209    13.644084   -55.323108  -113.254990
   40.388013     8.825464     6.968568    13.733652   -58.284495  -114.202690
   40.250461     8.735958     6.751972    13.610312   -55.173109  -121.545843
   40.486437     8.760967     6.740097    13.612894   -35.100929  -144.100630
   39.968758     8.417549     6.573500    13.599798   -43.216866  -122.097793
   40.237619     8.743630     6.858032    13.604748   -38.938178  -131.768474
   40.405442     8.535639     6.838698    13.835713   -38.360454  -129.876788
   40.319280     8.587288     6.869950    13.779708   -41.975075  -139.302445
   40.223042     8.699601     6.371405    13.402393   -47.972074  -122.402875
   39.985394     8.588985     6.918189    13.679326   -46.247637  -137.655029
   40.361316     8.590150     6.665699    13.732886   -59.353151  -107.803804
   39.941516     8.441830     6.961132    13.788890   -47.331750  -100.266313
   40.136237     8.815417     6.839345    13.515852   -46.160842  -112.689343
   40.186778     8.580574     6.736497    13.746996   -70.702521  -104.646501
   40.507798     8.680741     6.587183    13.632113   -43.912769  -111.011535
   40.193836     8.412730     6.569853    13.621335   -19.744614  -136.020870
   40.018668     8.373957     6.689815    13.743272   -51.674992  -110.147102
   40.574906     8.467064     6.587636    13.768700   -20.534124  -135.036119
   40.282402     8.308213     6.560439    13.748567   -20.941091  -121.330401
   40.139322     8.339514     6.417484    13.646264   -46.263979  -111.729748
   40.309290     8.779847     6.571777    13.446955   -39.482237  -100.663019
   39.599860     8.725624     6.957452    13.436217   -54.047730  -111.206036
   40.245857     8.630883     6.738171    13.646775   -45.290008  -105.572179
   39.955197     8.646785     6.823688    13.539300   -43.701565  -100.246452
   40.467298     8.754602     6.856710    13.695462   -33.334446  -118.101128
   39.921988     8.760385     6.851076    13.482600   -50.001221  -109.818601
   40.234682     8.993335     7.027418    13.521242   -45.479972  -111.878647
   40.397880     8.658195     6.665932    13.646793   -44.405545  -123.298810
   40.501190     8.728813     6.770630    13.667239   -34.302319  -133.996146
   40.792758     8.783841     6.780363    13.768546   -35.585460  -134.380491
   40.296036     8.689000     7.127984    13.854968   -42.636464  -107.644101
   40.234922     8.754806     6.969544    13.613087   -21.622029  -134.122689
   40.157467     8.637664     6.690305    13.537920   -32.117848  -138.677735
   40.497008     8.800677     6.830945    13.632553   -28.455196  -133.465341
   39.872418     8.579005     6.768674    13.503157   -35.700875  -111.394590
   40.379905     8.760487     6.828307    13.664866   -47.182904  -118.783863
   40.514463     8.397145     6.491723    13.808309   -47.873373  -126.145971
   40.446070     8.783321     6.945212    13.738240   -43.625703  -122.644876
   39.872702     8.675583     7.026201    13.551569   -28.102332  -131.545294
   40.139655     8.742006     7.110428    13.694507   -34.253176  -124.776339
   40.518047     8.875752     6.691417    13.526726   -39.220226  -128.557690
   40.343095     8.823448     7.087728    13.687174   -28.874282  -147.086695
   40.683089     8.624050     6.662749    13.800560   -42.554834  -117.210875
   40.138521     8.731051     7.003497    13.664641   -42.359680  -116.777064
   40.511395     8.640627     6.807751    13.740744   -21.170507  -134.145007
   40.129112     8.737281     6.984937    13.602155   -27.293078  -120.665856
   40.238454     8.448851     6.770174    13.716045   -11.373426  -140.022143
   40.059425     8.466525     6.762107    13.663000   -31.447464  -113.666743
   40.468456     8.673056     6.541153    13.581534   -40.186333  -115.606754
   40.449494     8.608925     6.722231    13.686995   -21.257874  -126.045095
   40.099669     8.491929     6.608910    13.595318   -38.836240  -112.141479
   40.507368     8.767797     6.749715    13.647886   -40.236017  -123.200572
   40.003492     8.506784     7.004962    13.744890   -30.853419  -107.019902
   40.314430     8.835894     6.858039    13.537441   -29.132790  -133.352708
   40.230440     8.800800     6.947223    13.623967   -43.517525  -115.234406
   39.860991     8.242729     6.810379    13.793217   -34.401776  -117.346996
   40.550154     8.562758     6.837094    13.853740   -24.248111  -131.596440
   40.264022     8.673489     6.925437    13.651140   -16.431446  -140.289980
   40.192039     8.560509     6.662931    13.633781   -44.321189  -120.502544
   40.140133     8.312373     6.517562    13.719911   -43.148369  -127.837088
   40.397899     8.568875     6.797793    13.835443   -56.132267  -109.328869
   40.635881     8.574805     6.611716    13.730936   -25.565856  -137.341944
   40.464624     8.588761     6.846017    13.813304   -32.940744  -128.670341
   40.150744     8.440857     6.813384    13.830388   -53.660325  -120.803698
   40.024347     8.433685     6.614513    13.688410   -57.949791  -120.435209
   39.963025     8.450995     6.732531    13.708895   -60.541948   -98.942528
   40.058757     8.413371     6.728373    13.721557   -45.451889   -94.630865
   40.374145     8.502544     7.036604    13.970740   -34.257582  -123.128100
   40.246883     8.466849     6.561306    13.581053   -12.504707  -128.599904
   40.996099     8.822293     6.685859    13.803862   -54.045364  -134.821500
   40.073309     8.454022     6.801396    13.762374   -47.895797  -129.805931
   40.420770     8.548957     6.789726    13.850629   -54.821708  -119.538471
   40.354910     8.569665     6.719135    13.741876   -48.741865  -131.085504
   40.071250     8.752807     6.866423    13.522107   -36.362565  -133.924398
   40.142514     8.462613     6.637741    13.691646   -49.064520  -120.557919
   40.364504     8.534959     6.676444    13.703676   -34.973619  -142.222322
   40.705213     8.523075     6.521339    13.758027   -22.442044  -123.064248
   40.515977     8.761119     6.996617    13.817636   -35.358748  -106.343956
   40.758895     8.685920     6.800300    13.928362   -59.472848  -102.570047
   40.067377     8.502598     7.059425    13.815812   -30.091965  -116.329118
   40.003244     8.361978     6.693605    13.730086   -45.709247  -116.704774
   40.431996     8.504633     6.860793    13.861286   -26.364747  -131.921850
   40.037929     8.472841     6.777726    13.593540    -8.287489  -148.234984
   40.643450     8.730920     6.988266    13.916111   -50.421178  -127.760388
   40.240419     8.634100     6.738640    13.615238   -36.333809  -114.828550
   40.492690     8.557086     6.848757    13.843813   -29.572101  -134.288109
   39.958967     8.335957     6.654874    13.705606   -45.453073  -112.504542
   40.278028     8.517475     6.805277    13.747341   -30.827191  -138.105512
   40.588602     8.693623     6.506686    13.520573   -15.817176  -144.844943
   40.572936     8.863648     7.023822    13.817152   -53.789505  -110.606261
   40.222653     8.632256     6.952287    13.746015   -38.981859  -114.810912
   40.578747     8.655702     7.038368    13.961694   -41.095458  -125.844495
   40.169670     8.521216     6.986083    13.849884   -45.475959  -125.287949
   40.662178     8.538987     6.792491    13.940548   -37.320358  -115.710730
   39.920926     8.296838     6.642422    13.689791   -40.075787  -108.749830
   40.394447     8.511733     6.669392    13.702054   -18.688136  -123.413986
   40.438879     8.522707     6.869737    13.904627   -42.147718  -105.624956
   40.216120     8.466013     6.750070    13.702270   -18.923911  -122.165701
   39.996498     8.241992     6.605265    13.712710   -28.880602  -116.579267
   40.350874     8.587221     6.810621    13.733176   -31.387007  -127.568550
   40.466626     8.677647     6.665834    13.650930   -39.922878  -116.845374
   40.017221     8.499830     6.888802    13.691936   -31.040119  -120.069647
   40.736013     8.597642     6.436416    13.663330   -23.924615  -115.917741
   40.416548     8.643997     6.765450    13.742794   -47.933696   -88.853297
   40.470403     8.766874     6.770873    13.678459   -49.453806   -96.983847
   40.548916     8.603806     6.651138    13.773773   -48.957876   -86.959993
   40.416094     8.826829     6.870836    13.594053   -23.993459  -127.085879
   40.126386     8.708865     6.638358    13.440751   -31.644769  -129.816370
   40.739587     8.694746     6.425598    13.639803   -51.781097  -119.513227
   40.259402     8.496658     6.703652    13.722886   -39.831573  -112.634139
   40.215002     8.628772     6.488265    13.456002   -32.679670  -116.226034
   39.967574     8.340809     6.734109    13.730665   -36.543738  -132.738749
   40.007473     8.822177     7.021575    13.522632   -37.142488  -133.333145
   40.554208     8.922237     7.125008    13.747335   -30.583665  -139.231100
   40.720385     8.615519     6.688544    13.804300   -33.445262  -136.819467
   40.227295     8.577288     6.987353    13.840167   -48.613476  -127.358038
   40.433850     8.652772     6.830376    13.775772   -48.543204  -129.506080
   40.668438     8.715542     6.749353    13.745355   -36.875790  -136.132092
   39.742507     8.654610     7.054283    13.599283   -48.626156  -131.320457
   40.419526     8.709783     6.670146    13.599236   -38.471367  -129.133097
   40.254933     8.848594     6.802067    13.518340   -44.930039  -126.924934
   39.762217     8.760750     7.115838    13.539487   -47.833370  -122.183077
   40.083577     8.628060     6.935805    13.689522   -43.877354  -132.027558
   40.471884     8.800939     6.375321    13.402327   -42.897328  -122.186157
   40.359465     8.561344     6.467646    13.597184   -45.783811  -129.253904
   39.639326     8.868419     7.046292    13.326256   -42.016286  -113.918306
   40.372164     8.848761     6.812948    13.547168   -35.402608  -125.569154
   40.326133     8.686817     6.765082    13.680663   -53.414776  -122.868315
   40.242932     8.740819     6.489983    13.384364   -32.691085  -110.077284
   40.836347     8.761337     6.695880    13.820383   -53.778173  -104.609438
   39.997103     8.679774     6.566390    13.324868   -19.601088  -117.793162
   40.282794     8.475923     6.488055    13.558514   -17.495711  -125.582649
   40.290819     8.538377     6.704578    13.685883   -33.774173  -123.137488
   39.956093     8.388682     6.450643    13.513323   -34.014903  -120.444964
   40.259336     8.888079     6.520950    13.279138   -25.629107  -123.896237
   40.063798     8.781685     6.885238    13.551985   -53.944482   -96.435796
   40.385224     8.693365     6.945214    13.768305   -37.065570  -118.142769
   40.293027     8.668313     6.948221    13.688367   -16.348589  -135.558509
   40.085997     8.660875     6.969640    13.610491   -20.102868  -138.686537
   40.514931     8.795364     6.850218    13.702566   -40.895085  -111.536103
   40.157648     8.277898     6.558289    13.654411    -1.356439  -149.216896
   39.960642     8.833277     7.145887    13.523365   -27.000064  -121.717625
   40.931686     8.940305     6.867679    13.780386   -28.170459  -122.036379
   40.568300     8.577981     6.794385    13.915228   -62.598734  -125.434324
   40.168741     8.625188     6.819427    13.715072   -60.064667  -112.344045
   40.360876     8.865228     7.025300    13.668099   -43.565694  -139.833539
   40.176332     8.786007     6.961729    13.622529   -45.712710  -137.258468
   40.343645     9.012083     7.054097    13.523658   -29.210393  -133.351105
   40.315933     8.865545     7.017113    13.593964   -25.616245  -141.877267
   40.348090     8.743088     6.525882    13.434024   -28.625084  -126.405700
   40.697443     8.774458     6.868342    13.780442   -30.981113  -134.923889
   40.117279     8.576687     6.546647    13.448735   -19.687048  -136.538343
   40.455086     8.867941     7.123783    13.734640   -24.893879  -135.014648
   40.465808     8.699166     6.697666    13.670570   -45.437430  -110.345745
   40.254877     8.877004     6.973077    13.510649   -17.217436  -138.960219
   39.844532     8.846539     7.186458    13.487593   -34.085563  -114.293516
   39.614729     8.682903     7.232471    13.489589   -21.894459  -126.612189
   40.400912     8.592032     6.573576    13.545119    -7.332956  -138.280506
   40.480008     8.953064     7.123690    13.687107   -27.457233  -129.937409
   40.382606     8.761627     7.010447    13.749810   -38.750989  -128.453732
   40.141053     8.742877     7.020304    13.666626   -42.831770  -128.887668
   39.959063     8.356455     6.764840    13.665810   -16.513619  -125.043057
   40.277747     8.741788     6.871020    13.628892   -37.753652  -128.239559
   40.031902     8.569258     6.772014    13.559038   -24.700839  -137.646328
   40.491767     9.066292     6.975337    13.511230   -32.315014  -134.068743
   40.311192     8.790774     6.927284    13.643131   -38.544260  -123.257139
   40.395940     8.804583     6.743809    13.585129   -47.216467  -128.344836
   40.073114     8.809243     6.795400    13.421241   -30.249357  -137.459577
   39.851458     8.961915     7.129025    13.384363   -37.631639  -131.337234
   40.447232     8.837957     6.679917    13.479499   -27.488936  -145.834452
   40.095802     8.863946     6.904558    13.487454   -43.474963  -119.164056
   40.200120     8.620210     6.795465    13.723895   -61.487665  -112.593148
   39.865553     8.696695     6.729527    13.411076   -35.800418  -135.697419
   40.332481     8.822155     7.065353    13.739411   -48.546125  -117.707229
   39.820882     8.599192     6.855317    13.551913   -40.393763  -142.752026
   40.364555     8.775337     6.855371    13.614183   -33.180186  -139.938630
   40.260711     8.777917     6.952871    13.658302   -43.437653  -123.237383
   40.623039     8.665251     6.588820    13.702557   -49.251580  -127.040384
   40.525208     8.899786     6.820707    13.629445   -54.364152  -128.513050
   40.010237     8.718271     6.708505    13.466869   -44.235770  -123.472090
   40.081762     8.836124     6.965734    13.574613   -54.710246  -126.887202
   40.391634     9.003353     6.739250    13.415149   -43.188932  -124.226628
   40.345346     8.622816     6.846337    13.713937   -27.932926  -131.488307
   40.035752     8.721994     6.727200    13.443858   -32.413904  -131.732284
   39.983161     8.624834     6.673043    13.447618   -26.670974  -133.055140
   40.050731     8.531452     6.851292    13.682790   -37.382400  -131.461422
   40.273031     8.709381     6.891366    13.695210   -48.189682  -131.056666
   40.195639     8.485436     6.846490    13.728551   -17.085655  -133.761993
   40.764868     8.900803     6.586358    13.476772   -13.188826  -144.661295
   40.337856     8.473990     6.747214    13.777521   -31.275735  -132.533035
   40.035748     8.446026     6.659068    13.594609   -28.102633  -106.937461
   39.863679     8.386733     6.923994    13.724414   -29.925824  -112.074344
   40.639100     8.679966     6.788396    13.795607   -39.622522  -132.860772
   40.422432     8.553743     6.946603    13.931485   -50.616052  -125.761197
   40.178161     8.615151     6.558737    13.579874   -57.845170  -120.447792
   40.059765     8.643075     6.896946    13.685193   -55.971221  -119.149310
   40.531499     8.573784     6.985273    14.004039   -53.502370  -118.372305
   40.513365     8.580765     6.681451    13.824839   -62.845203  -114.065049
   40.628665     8.839156     7.107025    13.895043   -42.470707  -113.987425
   40.386613     8.712295     7.038513    13.834964   -45.201182  -108.925045
   40.454702     8.816243     6.667266    13.535485   -40.505971  -130.612805
   40.005581     8.875718     6.907532    13.421658   -37.948406  -124.647098
   40.208788     8.697595     6.502618    13.410314   -32.197816  -121.007453
   40.669128     8.837885     6.953547    13.785043   -37.220398  -132.893962
   40.348185     8.804323     7.080110    13.718445   -30.899641  -133.413508
   40.276273     8.807631     7.146040    13.735392   -36.678738  -128.509319
   40.413563     8.802476     6.696136    13.545222   -39.430276  -121.449136
   40.058350     8.766999     6.803058    13.505106   -47.668576  -112.692183
   40.684135     9.040172     6.979703    13.608127   -21.458848  -136.951947
   40.152214     8.398206     6.888837    13.857246   -36.033864  -119.141360
   40.299390     8.754593     6.908834    13.683478   -47.803319  -113.800519
   40.680996     8.692189     6.818203    13.846966   -45.251581  -123.646782
   39.689541     8.742595     7.020447    13.391430   -25.044265  -128.505461
   40.190672     8.796299     6.955450    13.553694   -25.565780  -144.402894
   40.400422     8.608318     6.704135    13.694246   -39.388366  -126.473112
   40.327683     8.790495     6.793930    13.567801   -38.680755  -137.121074
   40.623319     8.512822     6.830889    13.939027   -29.245445  -130.665426
   40.297135     8.639169     7.030395    13.830778   -43.890511  -135.638130
   40.606835     8.707024     6.646393    13.684324   -45.045857  -130.428550
   40.427735     8.548747     6.733372    13.798965   -49.271707  -132.225134
   40.129359     8.668274     6.998914    13.706599   -42.218978  -138.963342
   40.331827     8.682397     6.996762    13.782096   -39.462393  -130.115198
   40.680533     8.774891     7.075627    13.910803   -35.764663  -141.310535
   40.171593     8.743521     6.943914    13.648958   -46.681583  -131.298389
   39.999731     8.679521     6.721707    13.490233   -40.661174  -134.957926
   40.177057     8.716350     6.711102    13.548215   -48.441032  -114.417413
   40.401388     8.630094     6.580715    13.595403   -35.313876  -114.702231
   40.049474     8.765822     7.056162    13.642264   -48.612243  -116.185514
   40.026342     8.787787     7.013175    13.583319   -45.901295  -124.044082
   40.063967     8.660899     6.937161    13.692813   -55.295053  -120.765350
   39.965001     8.873835     7.058269    13.511325   -46.775230  -128.058773
   40.094333     8.480698     7.051221    13.897124   -48.475127  -123.617992
   40.718165     8.861737     6.821793    13.694468   -36.949697  -138.299033
   40.374557     8.846316     7.008368    13.747603   -62.998855  -113.206517
   40.249427     8.830852     6.646423    13.489251   -57.370297  -122.190006
   40.841012     8.993012     7.009406    13.750511   -35.250652  -150.863110
   40.156486     8.600950     7.142489    13.892872   -53.066509  -117.524012
   39.760502     8.702019     7.108979    13.598266   -50.894529  -124.268389
   40.376179     8.806895     7.130400    13.785127   -41.831184  -134.566477
   40.008437     8.614559     6.908522    13.622910   -35.281132  -131.294487
   39.874483     8.470288     6.989938    13.758441   -45.775185  -120.204552
   40.184473     8.743601     6.880180    13.604895   -42.223599  -125.837967
   40.129414     8.560690     6.725844    13.696740   -60.056783  -111.915059
   40.337711     8.643020     6.549634    13.560988   -42.290336  -130.312803
   40.955999     8.936519     6.637014    13.709108   -61.990783  -104.489082
   40.537907     8.689162     6.916693    13.827457   -39.478716  -128.354767
   40.024091     8.564960     6.749606    13.616545   -46.766401  -118.835418
   40.396373     8.640907     6.493430    13.453733    -8.693287  -146.619929
   40.033054     8.626750     7.017010    13.644222   -21.143042  -134.688753
   40.533105     8.731837     6.668236    13.610236   -34.208247  -144.249950
   40.118892     8.367379     6.412093    13.537326   -21.909045  -128.971473
   39.905183     8.637986     6.727217    13.456666   -32.199474  -137.010895
   40.326740     8.788477     6.866711    13.681163   -60.284789  -122.430456
   40.562819     8.888369     6.924240    13.749871   -60.616433  -101.248623
   40.590116     8.943338     6.844297    13.636575   -48.635272  -106.089165
   40.298468     8.542017     6.347114    13.472012   -30.746544  -122.647965
   40.153648     8.750712     6.721654    13.477628   -35.962051  -123.488043
   40.082039     8.519767     6.669505    13.628511   -44.457447  -131.139776
   40.221275     8.418611     6.575654    13.675557   -34.698421  -115.426232
   40.050909     8.481555     6.882217    13.739764   -36.794745  -132.979407
   40.301146     8.792569     6.755251    13.565858   -48.364861  -129.578477
   40.204045     8.277460     6.560391    13.752858   -27.941945  -121.906507
   40.318424     8.751541     7.211008    13.841612   -33.168057  -116.259799
   39.890559     8.287036     6.553243    13.596431   -26.935527  -125.613637
   40.247969     8.669799     6.605909    13.552182   -48.043219  -107.998151
   40.205173     8.349226     6.686688    13.791708   -34.585206  -127.949669
   39.836665     8.293925     6.513948    13.602671   -42.757194  -118.891330
   40.443813     8.385224     6.742158    13.904341   -32.551821  -129.294645
   40.452068     8.535953     6.820390    13.889074   -51.717626  -111.826633
   40.460253     8.474115     6.708472    13.780995   -23.760168  -150.799620
   40.033101     8.301105     6.615603    13.724842   -38.638390  -125.869846
   39.828151     8.522232     7.023770    13.694446   -40.721807  -120.766660
   40.095810     8.712456     6.817727    13.599195   -54.960533  -117.312049
   40.550425     8.463405     6.636749    13.850100   -41.923326  -117.857811
   40.592774     8.553943     6.854311    13.885189   -21.359203  -136.199869
   40.316539     8.691660     6.649801    13.593028   -49.037012  -114.888316
   40.229197     8.695525     6.985005    13.729891   -43.991532  -124.847905
   39.873954     8.709465     7.117150    13.598570   -39.570146  -107.990834
   40.430500     8.936896     7.058107    13.637056   -33.251200  -138.282801
   40.052026     8.866797     6.947563    13.447223   -30.648496  -125.844664
   40.136392     8.795401     7.149861    13.661066   -32.131366  -135.119271
   40.256325     8.774339     6.958361    13.643064   -35.492085  -114.580338
   40.204987     9.029307     6.903130    13.418379   -49.519175   -99.454656
   40.505814     8.909365     7.066842    13.769250   -50.546284   -97.447547
   40.346897     8.815885     6.637128    13.428229   -25.317842  -137.976044
   40.440122     8.833527     6.675039    13.549451   -48.741384  -114.527930
   39.612735     8.611233     7.035147    13.561729   -52.134703  -110.552803
   40.487548     8.988833     7.003268    13.623247   -39.639706  -114.861118
   40.048773     8.797799     7.086458    13.622783   -46.918682  -105.649027
   40.323017     8.934508     7.088034    13.652008   -46.859641   -94.972291
   40.074241     8.809008     7.043065    13.504373   -11.028111  -131.770378
   40.638895     8.961818     6.750168    13.556253   -37.329625  -110.123060
   40.162833     8.718428     7.049451    13.679001   -29.791218  -123.804080
   40.301747     8.896812     6.793232    13.519243   -52.190476  -109.041452
   40.313902     8.974453     6.913590    13.503310   -43.230522  -118.111757
   40.399608     8.916628     6.802947    13.499675   -34.208629  -118.579128
   40.360381     8.709757     6.608847    13.537241   -37.091699  -113.731089
   40.054992     8.434331     6.701526    13.634146   -26.094638  -109.384551
   40.890540     8.505098     6.652941    13.981406   -25.530907  -112.611807
   40.470642     8.431326     6.549696    13.806723   -48.053091   -93.340776
   40.088677     8.476151     6.717515    13.566553    -1.913346  -135.670115
   40.443578     8.417351     6.847172    13.935275   -22.533027  -119.063179
   40.316454     8.541279     6.869723    13.835080   -46.105113  -111.411130
   40.045362     8.710702     6.640212    13.402558   -30.257687  -128.082950
   39.530853     8.373518     6.919007    13.639491   -41.799889  -125.625657
   40.728132     8.544646     6.740617    13.948426   -49.234278  -124.253696
   40.324764     8.514823     6.795092    13.832377   -52.718950  -118.998015
   40.272305     8.422502     6.536213    13.722194   -50.096674  -126.181122
   40.009586     8.360746     6.716389    13.753204   -48.182545  -111.589405
   40.011629     8.514259     6.976212    13.738090   -33.179440  -129.598459
   40.456095     8.616079     6.692624    13.734996   -48.966231  -121.331039
   40.458464     8.650141     6.616224    13.606863   -30.243383  -131.338981
   40.485974     8.710185     7.031548    13.875932   -44.307780  -119.998997
   40.381244     8.548541     6.624766    13.692482   -41.234179  -118.843670
   40.247638     8.410040     6.694631    13.761162   -32.689960  -124.572525
   40.235745     8.703809     6.945600    13.750257   -59.139649  -127.627215
   40.282223     8.556381     6.823271    13.794039   -51.792695  -118.364737
   40.379557     8.579370     6.604982    13.703736   -56.340539  -115.769462
   40.243543     8.394097     6.813891    13.854833   -36.267033  -137.396872
   39.786815     8.579802     6.753964    13.512399   -44.788621  -128.880212
   40.504482     8.638849     6.883773    13.881077   -57.461567  -120.923231
   40.068146     8.642852     6.941404    13.682211   -46.761126  -123.244661
   40.403626     8.741521     7.019736    13.774177   -35.729613  -130.200527
   40.226264     8.730157     6.985549    13.715401   -48.703788  -121.779093
   40.271740     8.739775     6.785111    13.571751   -36.012522  -132.225908
   40.410213     8.623379     6.770986    13.753340   -47.918465  -122.325453
   39.766964     8.544507     7.027992    13.662290   -42.933991  -125.903943
   40.211342     8.627413     6.547883    13.493736   -33.555783  -131.229640
   41.087138     9.153637     6.846432    13.643241   -29.823379  -133.951116
   40.126048     8.551990     6.553026    13.471326   -19.203203  -127.366354
   40.467220     8.492748     6.419294    13.679647   -50.380930  -116.335927
   39.721398     8.706440     6.937035    13.419460   -34.537901  -114.410203
   40.462436     8.731847     6.891766    13.700519   -21.578938  -131.173309
   40.112410     8.918009     7.328102    13.590577   -10.883212  -116.989545
   40.093362     8.992225     6.794707    13.337072   -46.751510  -109.408687
   40.515940     8.611756     6.871496    13.840408   -26.720032  -111.355120
   40.430011     8.632045     6.755197    13.715209   -37.207348  -124.612162
   40.463115     8.901055     7.090962    13.742216   -39.405133  -100.444998
   40.295021     8.628689     6.906346    13.733136   -28.586224  -113.141990
   40.419001     8.728830     6.820791    13.688101   -39.695128  -107.261220
   40.426248     8.437775     6.867157    13.917870   -24.486747  -129.344819
   40.057140     8.514967     6.971626    13.752209   -31.965474  -119.786382
   40.392083     8.779910     6.818853    13.506332     5.807600  -150.908150
   40.011628     8.323768     6.659892    13.757869   -49.862542  -113.342822
   40.712170     8.866711     6.892152    13.780824   -41.835731  -104.321299
   40.053056     8.460087     6.742724    13.681846   -39.852136  -118.176712
   40.712955     8.579594     6.740899    13.903013   -43.549884  -121.314312
   40.572763     8.650802     6.940939    13.887486   -36.442021  -127.537309
   39.687523     8.413102     6.746840    13.542351   -32.405032  -126.818243
   40.180431     8.524150     6.489882    13.491933   -22.584855  -135.793102
   39.975235     8.312913     6.708127    13.705816   -28.561817  -112.988823
   40.243323     8.683646     6.987250    13.767083   -50.317577  -102.656164
   40.416978     8.585659     6.635124    13.653709   -28.053086  -115.454026
   40.413455     8.407301     6.730704    13.840610   -23.414096  -133.950278
   39.941834     8.497622     6.647247    13.607461   -56.847044  -103.319596
   40.168782     8.692298     6.828267    13.663545   -60.512223   -98.167874
   40.294703     8.688725     6.836371    13.634394   -30.126860  -135.300019
   40.243598     8.337645     6.586309    13.766104   -37.692545  -118.841217
   39.688767     8.390811     6.879642    13.646416   -36.872738  -122.235165
   40.090584     8.545774     6.733350    13.625013   -42.052394   -97.759754
   40.540934     8.797936     6.755850    13.601425   -26.118087  -134.521530
   40.079848     8.702801     7.070907    13.695697   -41.702588  -122.211697
   40.472467     8.746820     6.521159    13.490028   -33.058062  -134.199280
   40.196933     8.818072     6.932675    13.570979   -38.902074  -126.572121
   40.039505     8.609480     7.095020    13.758348   -39.116671  -118.227131
   40.499982     8.525452     6.522406    13.643629   -20.912756  -134.602832
   40.406599     8.694384     6.859668    13.764031   -52.311459  -116.270362
   39.935184     8.548499     7.003827    13.731970   -47.219167  -116.150526
   40.148063     8.748378     6.789035    13.545153   -45.047964  -127.398554
   40.209760     8.598553     6.921580    13.739676   -36.449916  -124.494663
   40.620368     8.736035     6.914817    13.829453   -42.135575  -132.692593
   39.697929     8.427497     6.698327    13.449943   -15.946805  -132.867866
   40.296440     8.537291     6.767145    13.673246    -9.621369  -130.968492
   40.060391     8.983067     7.108146    13.427601   -26.324827  -122.696120
   40.076851     8.693537     6.720524    13.468213   -31.814285  -109.540861
   40.593697     8.790988     6.647594    13.582928   -29.344055  -118.409114
   40.271004     8.584169     6.821858    13.705229   -31.274473  -124.340407
   40.281031     8.496801     6.603743    13.671140   -39.402602  -116.568276
   40.021160     8.687914     6.949703    13.611234   -41.935555  -117.175297
   40.407533     8.706175     6.990653    13.854050   -57.609762   -96.183779
   39.890202     8.680240     6.790950    13.492178   -45.466887  -121.537644
   39.995332     8.701742     7.149756    13.726870   -51.707945  -110.414308
   40.129468     8.389545     6.610232    13.658674   -29.235435  -103.648562
   40.191416     8.476503     6.677177    13.720139   -49.398500  -103.020969
   40.248583     8.601021     6.755432    13.675652   -43.233926  -105.293902
   40.471097     8.617178     6.846140    13.794641   -28.603509  -116.395683
   40.412937     8.501632     6.404076    13.572516   -26.796065  -118.119464
   40.152096     8.527288     6.900318    13.799582   -50.243278  -115.699000
   40.601862     8.409555     6.868332    14.043887   -29.957422  -129.353404
   40.479637     8.695946     6.949965    13.849100   -50.312687  -115.593337
   40.080485     8.449718     6.793963    13.750543   -46.214216  -107.726156
   40.438148     8.772602     6.940152    13.771012   -53.193415  -108.283775
   40.310482     8.546902     6.919363    13.780958   -12.375069  -125.399162
   39.987429     8.234616     6.769751    13.784743   -16.530063  -131.766948
   40.052685     8.374817     6.898463    13.818213   -30.851861  -112.982755
   40.237071     8.667607     6.978738    13.739546   -38.578275  -116.018206
   40.202747     8.479687     6.584050    13.698530   -58.243832  -100.713384
   40.110769     8.348704     6.895139    13.925412   -50.952888  -107.567773
   40.488570     8.397132     6.666198    13.832117   -15.242179  -131.093617
   40.220622     8.536167     6.986130    13.779569   -14.276954  -137.280241
   40.251326     8.439804     6.839480    13.818073   -26.321662  -115.456583
   40.349177     8.463504     6.486196    13.704394   -54.242674  -104.991184
   40.519271     8.523506     6.862157    13.882758   -23.235295  -134.694174
   40.169244     8.462675     6.994643    13.914467   -49.687770  -102.832294
   40.387573     8.686683     6.848119    13.736873   -44.583452   -98.722251
   40.498263     8.503011     6.863533    13.946708   -40.546301  -101.294357
   40.114711     8.442257     6.647299    13.651986   -35.381085  -112.690651
   40.309711     8.548805     6.793539    13.723561   -23.066487  -109.187913
   40.202891     8.634652     6.540399    13.532176   -50.529232  -105.233362
   40.615527     8.730945     6.771949    13.749251   -46.193413  -131.874353
   40.258922     8.496668     6.805096    13.754916   -28.336266  -120.835275
   40.107227     8.439990     6.792746    13.753559   -40.405872  -114.976830
   40.143805     8.335630     6.707594    13.777099   -31.441396  -105.734604
   40.408253     8.933711     7.048532    13.662478   -41.925213  -111.898398
   40.277999     8.780410     6.934271    13.679734   -55.448228   -79.165538
   40.121974     8.522095     6.668733    13.556012   -17.872344  -117.751856
   40.102219     8.474377     6.778375    13.646755   -15.144642  -116.568558
   40.368940     8.539369     6.665459    13.612641     0.445452  -144.323316
   40.214267     8.536737     6.686546    13.634228   -30.946983  -110.492828
   40.240560     8.691973     7.195548    13.826847   -28.011779  -118.396391
   40.273957     8.295098     6.535221    13.756468   -27.989789  -119.455150
   39.903367     8.364081     6.500344    13.544111   -38.285716  -109.666554
   40.110959     8.387585     6.480681    13.552327   -20.690528  -118.584352
   40.194606     8.734215     6.987836    13.633368   -24.399060  -121.315096
   39.989792     8.694177     7.048617    13.629628   -37.551433  -110.455685
   40.079663     8.456231     6.657561    13.637603   -39.262917   -98.332939
   39.753822     8.432475     6.861046    13.595194   -26.648665  -126.295445
   40.234689     8.404972     6.801496    13.850100   -41.274056  -127.933526
   40.018597     8.666931     7.015427    13.638602   -33.212252  -132.224754
   40.159839     8.475598     6.588925    13.584883   -25.189974  -142.269510
   40.268797     8.547032     6.746969    13.676105   -25.672554  -118.377708
   40.620168     8.579376     6.847644    13.909785   -34.856614  -123.736978
   40.264221     8.549044     6.586846    13.593964   -32.999030  -110.709016
   40.412049     8.425473     6.552705    13.756390   -37.495950  -100.061463
   40.452466     8.611176     6.555069    13.625494   -36.913795  -104.610921
   40.229349     8.287416     6.696728    13.854405   -31.587321  -107.989598
   40.553942     8.457262     6.545663    13.748731   -25.871035  -136.457453
   40.349693     8.467620     6.509249    13.671687   -40.602491  -123.711140
   40.380514     8.656775     7.018522    13.865029   -45.438143  -110.043577
   40.430501     8.517086     6.650452    13.743892   -36.211128  -116.651084
   40.434324     8.455153     6.768617    13.821950   -13.965051  -131.243853
   40.440552     8.581918     6.647698    13.685853   -31.533070  -111.831054
   40.027512     8.355215     6.538416    13.590990   -25.622533  -126.409150
   40.452404     8.700073     6.931970    13.765581   -33.315459  -136.721424
   40.078933     8.656974     6.883973    13.619315   -39.061368  -132.274717
   40.135815     8.546649     6.733225    13.670275   -46.846861  -123.147372
   40.322055     8.861726     7.131641    13.732120   -46.308521  -123.738156
   40.066487     8.702823     6.594860    13.429326   -41.867395  -114.710382
   40.600764     8.880608     6.544112    13.503576   -48.030204  -108.891466
   40.300325     8.490177     6.657164    13.695601   -32.699040  -132.437577
   40.189839     8.722298     6.851554    13.474576     2.622913  -155.024898
   40.835366     8.791748     6.902068    13.854376   -33.046428  -140.655545
   40.535655     8.836589     6.932872    13.750062   -48.644599  -111.956052
   40.208656     8.736819     6.808729    13.551580   -33.103369  -129.642625
   40.598965     8.700614     6.847759    13.743366   -18.112783  -145.060535
   40.328409     9.023786     7.042514    13.516703   -35.475722  -131.236535
   40.418770     8.523047     6.635644    13.733382   -40.401779  -121.019387
   40.382836     8.778103     6.874956    13.680148   -47.635157  -122.807317
   40.733713     8.814967     6.686813    13.686783   -46.657142  -124.877520
   40.097377     8.743699     6.683857    13.433420   -33.988792  -125.148351
   40.362874     8.514941     6.915452    13.912784   -47.157245  -107.049171
   40.380213     8.574786     7.067476    13.950090   -39.072349  -107.146906
   40.459358     8.944494     7.013299    13.640143   -32.720027  -105.682794
   40.566945     8.596718     6.794647    13.851887   -38.089281  -106.778678
   40.018657     8.528904     6.968931    13.726794   -35.749547  -106.273086
   39.745532     8.334306     6.743402    13.624456   -36.293983  -109.300800
   40.218291     8.720965     6.694255    13.485669   -27.348752  -122.767337
   40.528980     8.413303     6.733510    13.903102   -24.862072  -128.724822
   40.519029     8.590634     7.092057    14.029810   -43.333567  -119.406582
   40.558504     8.627403     7.084786    13.963627   -25.762488  -138.557375
   39.947030     8.687873     6.553414    13.358544   -36.782231  -121.277993
   40.330083     8.747128     6.860897    13.682740   -50.495413  -115.482677
   40.131125     8.546896     6.765756    13.581004   -11.801827  -140.535024
   40.500824     8.361775     6.593618    13.865136   -35.105322  -121.170494
   40.673629     8.863535     7.009901    13.865224   -56.682698  -111.284232
   40.538093     8.741612     6.841736    13.794894   -59.338029  -115.842477
   40.275878     8.690485     6.711299    13.534074   -24.302757  -137.048313
   40.410885     8.679125     6.685442    13.655507   -47.384441  -128.588661
   40.264699     8.679497     6.818172    13.636091   -36.542635  -135.464775
   40.228497     8.723110     6.752191    13.538227   -32.924025  -124.958331
   40.351577     8.709553     6.503489    13.458820   -32.164779  -131.297811
   40.558534     8.812247     6.710925    13.538662   -15.321499  -143.481973
   40.399548     8.841386     6.910727    13.631017   -38.055506  -127.222963
   40.474929     8.733679     6.847667    13.711488   -38.739560  -132.873811
   40.457900     8.891272     6.704408    13.444883   -21.921556  -139.370283
   40.378476     8.909009     6.755563    13.428156   -22.686393  -139.195841
   39.679145     8.872988     7.106918    13.345663   -31.933211  -136.166046
   40.082669     8.568232     7.017985    13.769523   -39.698944  -111.183684
   40.442995     8.862496     6.972896    13.680609   -37.884577  -116.552744
   40.626926     8.722851     6.778399    13.758624   -37.239279  -116.641825
   40.569944     8.773185     6.809848    13.755007   -54.127162  -107.640632
   39.985230     8.818511     6.916600    13.500823   -51.585653  -105.100056
   40.315829     8.640643     6.932858    13.796346   -47.487439  -114.154435
   40.701883     8.904424     6.826732    13.663513   -35.683313  -128.889749
   40.250306     8.413121     6.583603    13.710891   -39.079786  -115.622854
   40.275775     8.649391     6.909745    13.734692   -41.672372  -133.832980
   40.278601     8.533922     6.679061    13.692652   -41.823139  -128.193646
   40.215261     8.397731     6.753358    13.791878   -32.996801  -139.269671
   40.622203     8.468033     6.594451    13.825958   -32.346670  -126.398415
   40.173515     8.506699     6.561456    13.573143   -32.428207  -131.832501
   40.308608     8.344896     6.452473    13.750656   -51.308989  -111.686580
   39.955321     8.426620     6.964825    13.746114   -22.578962  -130.701368
   40.534542     8.370858     6.649443    13.890421   -27.855998  -129.023873
   40.061654     8.615679     6.960027    13.706092   -45.257007  -121.400522
   39.615470     8.438957     6.583928    13.453792   -43.148083  -122.468255
   40.041371     8.378395     6.871076    13.834009   -44.266526  -115.659501
   39.779292     8.457426     7.113400    13.825139   -52.796801  -124.349609
   40.301312     8.471444     6.817679    13.843696   -44.365188  -132.277332
   40.352895     8.816016     6.838911    13.638894   -54.773356  -114.084504
   40.263511     8.593016     6.988672    13.833345   -43.278516  -108.385189
   40.167217     8.765857     6.986108    13.597167   -28.930146  -138.736113
   40.264266     8.851612     6.932739    13.580387   -40.692800  -126.598879
   40.140575     8.571665     6.818929    13.660953   -34.646308  -121.254515
   40.248796     8.298600     6.489469    13.724169   -32.200163  -134.606492
   40.440712     8.602386     6.843694    13.802862   -39.966098  -132.898932
   40.401590     8.645113     6.734382    13.671176   -34.510218  -125.473458
   40.591196     8.697157     6.883812    13.867097   -49.036544  -100.508585
   40.379744     8.596318     6.954850    13.843922   -39.155970  -138.876368
   40.703084     8.612536     6.923756    14.006086   -48.666618  -120.049175
   40.120575     8.453313     6.702679    13.661041   -28.637833  -131.487623
   40.452677     8.461371     6.807115    13.916643   -43.996431  -124.852481
   40.027339     8.493767     7.124326    13.868604   -39.063106  -132.262019
   40.189399     8.521163     6.863323    13.745843   -32.373991  -126.413324
   39.943758     8.679354     6.829925    13.566655   -56.132080  -108.544435
   40.002034     8.400348     6.647882    13.642383   -35.753197  -126.705069
   40.069053     8.644029     6.733838    13.548309   -40.772190  -127.721122
   40.398529     8.547184     6.627711    13.670452   -32.520948  -148.571407
   40.362196     8.783291     6.842768    13.669282   -53.940193  -108.514578
   40.579179     8.555711     6.433002    13.629471   -30.165158  -120.644378
   40.165252     8.600466     6.770881    13.634472   -39.306149  -112.332937
   40.130067     8.677096     7.101895    13.762407   -42.765579  -121.046521
   40.212857     8.596798     6.817763    13.666833   -32.807568  -142.201317
   39.984120     8.723031     7.176879    13.711673   -49.786444  -110.711633
   40.458770     8.721122     7.097487    13.882388   -40.068743  -124.306498
   40.152047     8.555002     7.034758    13.833078   -42.234948  -110.336684
   40.075222     8.427579     6.594108    13.635715   -41.746202  -111.337673
   40.432734     8.553049     6.767046    13.862579   -61.400958   -97.373294
   40.076419     8.529170     6.968661    13.750477   -33.822772  -104.535034
   40.220496     8.538445     6.580771    13.542639   -20.649813  -143.449424
   40.446760     8.593732     6.884192    13.833591   -37.183493  -130.336918
   40.035357     8.358941     7.008724    13.904652   -34.734165  -122.487531
   40.711583     8.794961     6.999491    13.907967   -48.377510  -121.265622
   40.079701     8.609320     6.932584    13.676506   -36.477045  -129.704066
   40.592373     8.584720     6.759026    13.800541   -29.256379  -143.576248
   40.453765     8.349190     6.695627    13.893062   -27.614128  -136.793995
   40.102757     8.505062     6.651437    13.642597   -46.095347  -127.518337
   40.281457     8.506745     6.660862    13.680165   -34.021639  -133.747622
   40.322757     8.493032     6.741218    13.753082   -33.690517  -149.157160
   40.473313     8.419477     6.624111    13.893356   -60.469315  -120.881338
   40.108949     8.419652     6.728050    13.704368   -30.549640  -133.765378
   40.253346     8.422864     6.669211    13.750420   -37.178015  -122.863298
   40.658703     8.505867     6.816250    13.991957   -49.563354  -131.894375
   40.509339     8.556619     6.790354    13.870213   -47.905600  -113.222439
   40.369033     8.377046     6.602236    13.786860   -31.467192  -118.097180
   40.196427     8.447655     6.943491    13.853847   -30.061642  -131.441687
   40.509366     8.796483     6.842698    13.649067   -31.828140  -142.594847
   40.352177     8.319587     6.735929    13.938804   -43.353879  -131.251185
   40.145605     8.335732     6.565316    13.699774   -33.736350  -126.614612
   40.459569     8.599337     6.762601    13.798951   -50.934107  -120.403096
   40.196401     8.470865     6.681905    13.684108   -34.049390  -120.599699
   39.787635     8.492585     6.831342    13.623239   -44.135201  -137.554493
   40.323797     8.493214     6.979579    13.968884   -54.744016  -123.343621
   40.617158     8.643025     6.881828    13.863607   -29.373384  -128.518627
   40.404852     8.775749     6.930741    13.704484   -41.804815  -133.129708
   39.871588     8.415234     6.659646    13.614898   -45.929330  -116.140613
   40.169187     8.502436     6.940690    13.802232   -33.707302  -133.105565
   40.498936     8.693811     6.805369    13.729998   -34.727615  -117.505696
   40.191237     8.511766     6.695345    13.721123   -53.975432  -112.110339
   40.218558     8.768860     7.149442    13.736200   -33.921734  -121.716822
   39.620799     8.311902     6.710625    13.624466   -48.790445  -110.627786
   40.012904     8.278112     6.633681    13.726618   -37.075501  -100.213638
   40.114784     8.664234     6.565807    13.371807   -13.061532  -138.204151
   39.726113     8.663371     6.974239    13.509206   -42.761488  -116.019400
   40.212733     8.907583     6.911396    13.493417   -38.089403  -117.108714
   40.429566     8.816115     7.103516    13.769728   -31.134686  -129.270466
   40.394365     8.684586     6.795834    13.646198   -25.732721  -137.719651
   40.137010     8.740935     6.726472    13.496970   -42.065508  -109.832410
   40.020036     8.937475     7.047184    13.485048   -49.775086  -111.425328
   40.197792     8.406523     6.727925    13.703095    -6.845759  -120.321294
   40.177798     8.635681     6.951735    13.672276   -21.486662   -97.408775
   40.072766     8.424699     6.968567    13.764262    -3.995057  -131.632933
   40.164292     8.551802     6.635161    13.500366    -6.069846  -138.999678
   40.441928     8.814525     6.794867    13.571031   -20.267217  -109.329077
   39.998188     8.874251     6.640368    13.280780   -40.978673   -97.613379
   40.163351     8.773263     6.957635    13.567544   -25.649129  -102.627505
   40.324619     8.292850     6.447930    13.714801   -22.152019  -105.868158
   40.270572     8.676704     6.832598    13.634706   -30.051849   -90.572831
   40.193072     8.595226     6.983949    13.743365   -25.408462   -96.190944
   40.323611     8.545806     6.998076    13.828310    -4.868136  -120.394718
   40.332505     8.687061     7.074538    13.771091    -8.865537  -120.888193
   40.321690     8.583082     7.130006    13.892465   -18.725209  -137.257795
   40.186652     8.429345     6.851443    13.801695   -28.070871  -129.469227
   40.089193     8.491654     6.808786    13.748497   -53.209084   -97.443787
   40.056338     8.516668     6.645904    13.623968   -49.098810  -127.286778
   40.117162     8.529144     6.761984    13.724693   -55.564995  -124.604517
   40.106619     8.741685     6.925923    13.607922   -45.883686  -116.467543
   40.470533     8.594246     6.816277    13.812389   -39.957328  -122.539676
   40.357829     8.624806     6.776449    13.705070   -38.115478  -119.304775
   39.679800     8.480910     6.851259    13.526296   -32.039668  -115.854681
   40.036174     8.463636     6.763214    13.670412   -34.455442  -132.044243
   40.412174     8.478876     6.792740    13.855672   -39.680583  -139.278693
   40.289396     8.551255     6.858310    13.817115   -50.278417  -125.841549
   40.491885     8.580550     6.753962    13.798433   -42.039576  -122.938283
   40.348097     8.524206     6.551739    13.698730   -55.247102  -108.822169
   39.966169     8.580386     6.756435    13.616697   -56.847987  -108.598008
   40.303470     8.484076     6.804183    13.800488   -37.098719  -148.538848
   40.247487     8.780681     6.806422    13.581899   -48.437181  -119.629066
   40.068037     8.458170     6.944472    13.807345   -38.939848  -112.183972
   40.000621     8.599703     6.676605    13.457146   -21.977181  -128.325629
   40.469239     8.435122     6.560794    13.750165   -27.558806  -122.141988
   40.180036     8.838580     7.097587    13.631180   -34.929838  -120.452837
   40.140481     8.608142     6.875093    13.669030   -35.908307  -118.894697
   40.274816     8.922366     7.051051    13.554715   -21.896631  -112.253770
   40.459938     8.503179     6.650288    13.796343   -46.048375  -111.750768
   40.494545     8.514738     6.730062    13.801584   -29.602756  -134.693289
   40.354126     8.685252     6.700798    13.615170   -40.730787  -130.584972
   40.507862     8.733813     7.209380    13.949302   -38.213146  -139.196953
   40.149012     8.624937     6.590588    13.531122   -45.004145  -120.760557
   40.368057     8.717151     6.901588    13.726157   -44.810428  -132.230529
   40.117401     8.567958     6.881449    13.742806   -49.873579  -135.793794
   40.385673     8.697770     6.816667    13.729335   -54.082079  -123.087853
   40.347080     8.495795     6.450483    13.636769   -47.208885  -123.911579
   40.220371     8.581696     6.737908    13.706675   -54.481717  -119.295378
   40.138618     8.240639     6.520177    13.783492   -46.010593  -117.452620
   40.444304     8.642461     6.715704    13.723870   -50.633311  -135.675937
   40.118497     8.375221     6.414192    13.596709   -39.987308  -135.106468
   40.608492     8.519400     6.601767    13.802975   -42.393423  -127.809552
   40.031013     8.660637     6.971625    13.618182   -31.193507  -126.367276
   40.514052     8.534272     6.606261    13.774836   -48.504880  -112.894406
   40.227892     8.594368     6.761870    13.673102   -42.245059  -127.570328
   40.383745     8.541029     6.840531    13.893726   -61.689396  -113.973937
   40.181864     8.425141     6.521911    13.681037   -52.017782  -118.222916
   39.643258     8.582357     7.056326    13.619858   -51.118875  -122.233981
   40.194571     8.700661     6.783929    13.622662   -52.644434  -116.784295
   40.133184     8.726986     6.822075    13.577170   -46.195961  -126.792566
   39.984115     8.464135     6.791728    13.752922   -60.106354  -117.827687
   40.451694     8.551717     6.812499    13.843652   -46.395196  -140.668771
   40.129519     8.597604     6.802704    13.677744   -49.187934  -133.861105
   40.252698     8.746847     6.785775    13.607542   -51.207533  -114.957188
   40.231196     8.548944     6.950740    13.830069   -43.441913  -109.038793
   40.415651     8.571433     6.688657    13.755946   -50.285765  -114.638042
   39.921323     8.654678     6.955384    13.607351   -44.249653  -125.456828
   40.439612     8.709487     6.755953    13.689159   -48.470306  -126.377867
   40.570039     8.770723     6.779115    13.688698   -42.776358  -137.889780
   40.308630     8.655518     6.743454    13.598194   -25.121862  -133.959638
   40.219761     8.593608     7.010306    13.789517   -29.438507  -110.566267
   40.162259     8.500929     6.787720    13.699359   -31.074926  -125.203586
   40.171153     8.627946     7.023028    13.732983   -27.441444  -131.918736
   40.128940     8.793109     6.681308    13.477102   -54.142014  -116.548751
   40.062965     8.593715     6.627682    13.571334   -52.674617  -124.361557
   40.427682     8.611966     6.709964    13.733282   -47.691166  -118.968165
   40.221644     8.733862     6.572966    13.434236   -34.078772  -134.182400
   40.122615     8.648172     6.579657    13.442572   -28.803175  -126.076803
   40.197241     8.791737     6.991501    13.623757   -39.899051  -141.770451
   39.999632     8.682464     6.914927    13.664110   -64.011813  -111.134452
   40.293511     8.631193     6.794691    13.702848   -45.778662  -125.849409
   40.035858     8.671185     6.643019    13.481320   -44.758609  -124.462709
   40.051077     8.573169     6.428106    13.478843   -53.760794  -115.488802
   40.049529     8.633909     6.896883    13.661519   -48.414650  -121.265056
   39.876025     8.629764     6.610039    13.414688   -38.335000  -131.923127
   40.159826     8.549144     6.927093    13.802990   -50.650029  -118.507014
   40.330694     8.697739     6.885707    13.665744   -27.897093  -139.713183
   40.252080     8.617975     6.804325    13.662285   -33.397029  -132.508949
   40.225430     8.798697     6.953242    13.625840   -43.176255  -113.857431
   39.872542     8.518544     7.021091    13.708110   -38.300907  -120.362381
   39.994489     8.767400     6.866223    13.448456   -27.547045  -144.459120
   40.381954     8.483091     6.750423    13.787894   -30.066686  -136.237000
   40.249984     8.502316     6.874548    13.794756   -32.310583  -135.582916
   40.421946     8.362208     6.518801    13.786727   -38.809375  -127.162698
   40.405074     8.674938     6.933764    13.774579   -36.276457  -132.717474
   40.269359     8.938058     6.939335    13.508622   -36.666902  -113.603790
   40.322722     8.726514     7.153515    13.805885   -24.384530  -127.710161
   40.329201     8.415004     6.644838    13.739276   -22.420204  -126.206053
   40.155552     8.428202     6.766215    13.719281   -21.512963  -119.967731
   39.935971     8.357240     6.704170    13.645947   -27.364529  -115.732324
   40.242842     8.625699     6.743817    13.590545   -24.578465  -135.178825
   40.167916     8.215564     6.473669    13.750224   -33.993521  -125.305939
   40.120251     8.492888     6.969718    13.764075   -17.856600  -132.299415
   40.329829     8.684299     6.843685    13.701800   -44.930587  -131.314255
   40.140854     8.811395     6.847050    13.506487   -39.784569  -125.555308
   40.074898     8.329682     6.853335    13.781459    -8.882903  -139.127511
   40.116000     8.523683     6.922874    13.756091   -36.063880  -134.228952
   40.351745     8.593103     6.688221    13.644764   -29.004404  -131.693836
   39.945397     8.446773     6.643632    13.587081   -37.732401  -124.996801
   40.427263     8.677552     6.582229    13.517918   -18.565697  -140.191863
   39.960576     8.312568     6.660181    13.669996   -27.195945  -122.995605
   39.788058     8.356524     6.856532    13.680017   -25.098286  -152.488023
   40.265665     8.885161     7.235622    13.726890   -42.583994  -134.764500
   40.497533     8.553246     6.670627    13.670528    -4.333475  -149.564389
   40.107879     8.443533     6.877247    13.720113   -10.248580  -141.118957
   40.226395     8.124105     6.771753    14.016883   -24.964005  -139.946448
   39.918228     8.561248     7.035966    13.727701   -47.453976  -108.862662
   40.528821     8.501178     6.736613    13.883579   -46.611770  -119.618652
   40.383712     8.464814     6.672305    13.809979   -48.115070  -118.494564
   40.219335     8.555338     6.883108    13.783623   -45.785406  -119.496598
   40.210938     8.686301     6.712591    13.552319   -38.621744  -108.168362
   40.564126     8.581114     6.551014    13.671395   -29.127785  -123.980979
   40.039674     8.452451     6.983865    13.815752   -35.854115  -127.425135
   40.089188     8.567471     6.684045    13.587065   -39.971362  -133.099418
   40.513384     8.945709     6.828941    13.598525   -53.812280  -114.131178
   40.336721     8.846074     6.862620    13.611356   -51.468219  -116.466225
   40.376673     8.615452     6.610660    13.591281   -29.284532  -136.671340
   40.435624     8.645040     6.650434    13.617067   -30.186922  -142.289571
   40.365504     8.563863     6.665455    13.700994   -42.884841  -129.161117
   40.343011     8.705877     6.935698    13.766461   -51.021797  -121.040077
   40.294160     8.685342     6.692899    13.557276   -31.785430  -137.232816
   40.085777     8.616951     7.058994    13.742227   -35.156154  -133.894661
   40.010862     8.519069     6.672723    13.571841   -35.973599  -132.215122
   40.685373     8.634916     6.668854    13.760067   -37.267628  -145.934860
   40.780445     8.386437     6.369190    13.795321   -25.163557  -140.188364
   40.405599     8.852838     6.842952    13.622634   -50.819597  -118.728084
   40.450397     8.463060     6.676495    13.740572   -13.873507  -154.015151
   40.626976     8.589009     6.820781    13.903060   -44.307429  -126.262283
   40.164717     8.602991     6.772755    13.686295   -53.903567  -125.591183
   40.331562     8.728755     6.959602    13.764280   -52.795260  -112.852596
   40.397031     8.711521     6.794368    13.683339   -45.161018  -123.563209
   40.103167     8.275676     6.686281    13.777093   -24.880155  -130.075751
   40.631670     8.778593     6.615528    13.671800   -60.231084  -111.187967
   40.431499     8.818149     7.075393    13.771687   -43.013575  -135.590998
   40.331793     8.727897     6.798799    13.593200   -27.088125  -127.606989
   40.193813     8.648928     7.098364    13.814215   -42.563775  -124.307321
   40.703468     8.694655     6.831944    13.900758   -57.518916  -114.225400
   40.263839     8.442717     6.799344    13.840150   -44.307470  -124.558537
   39.855731     8.692721     7.038606    13.630510   -57.053849  -112.972731
   39.986948     8.700044     7.199468    13.715024   -39.157529  -126.620346
   40.463567     8.343305     6.582189    13.879749   -46.305618  -131.922823
   40.506499     8.603722     6.880846    13.799428   -21.100751  -150.816881
   40.553455     8.775768     7.006919    13.832465   -43.921021  -128.041597
   40.514734     8.690254     6.812925    13.722084   -28.368348  -130.063951
   40.286553     8.528314     6.744270    13.691935   -27.288465  -150.045144
   40.120049     8.559222     6.757099    13.592500   -23.380109  -152.036834
   40.009212     8.603965     7.011845    13.676839   -31.020109  -128.780923
   40.571098     8.664789     6.975738    13.897618   -39.355475  -133.483971
   40.247546     8.547668     6.765823    13.739875   -48.008409  -137.770849
   39.937068     8.605828     6.839733    13.550214   -30.997736  -142.572318
   40.695095     8.856485     6.763641    13.682449   -47.924987  -131.793640
   39.983899     8.370419     6.673898    13.763553   -60.941507  -116.770255
   40.092894     8.349354     6.791778    13.842038   -46.264348  -122.188338
   40.737728     8.521121     6.621352    13.905102   -52.900020  -120.328227
   40.295481     8.754417     6.774132    13.597881   -46.549032  -127.674728
   40.853756     8.979900     6.892381    13.729340   -41.478207  -129.859338
   40.220532     8.759552     7.043462    13.681981   -34.147404  -124.203916
   40.412994     8.883092     6.854818    13.631156   -58.090283  -115.230588
   40.082857     8.433057     6.815584    13.772396   -43.173174  -121.252513
   40.552835     8.423630     6.684833    13.940224   -50.327556  -110.821550
   40.082687     8.536036     6.931689    13.805184   -57.945848  -113.571355
   40.205420     8.720993     6.810500    13.563682   -33.114995  -126.890881
   40.562802     8.507801     6.405760    13.694646   -48.073492  -110.303741
   39.894059     8.568284     6.833248    13.606366   -44.803886  -132.663373
   40.592750     8.969682     6.786481    13.556000   -44.863365  -129.080537
   40.273952     8.546911     6.749675    13.735780   -46.231789  -140.008706
   40.294302     8.514030     6.613327    13.717857   -54.435424  -116.287144
   40.089213     8.686375     6.769758    13.513943   -31.579498  -138.527685
   40.439195     8.717647     6.768529    13.678160   -45.007388  -130.984167
   40.143152     8.725778     6.775288    13.558926   -47.248492  -119.381936
   40.447884     8.542545     6.720687    13.799361   -45.729077  -118.859626
   39.659275     8.717889     7.146277    13.577121   -61.867548  -103.079553
   40.264457     8.679163     6.607544    13.426274    -3.678867  -133.440703
   40.072704     8.621274     6.662963    13.539401   -46.076988  -108.936502
   40.437185     8.572523     6.763307    13.762023   -27.300122  -104.980512
   40.309119     8.550600     6.666420    13.638468   -24.202153  -119.835908
   40.456963     8.526130     6.690683    13.779070   -40.580775  -130.561209
   39.994912     8.533711     6.688809    13.625547   -55.856946  -110.203966
   40.700294     8.625328     6.928970    13.984992   -41.104728  -118.913876
   40.143844     8.843946     7.044015    13.577927   -36.062236  -131.818618
   40.059777     8.798206     7.015742    13.506378   -19.544633  -145.764445
   40.737812     8.838618     6.782545    13.717616   -37.598599  -121.913484
   40.191384     8.551069     6.810868    13.700912   -36.026117  -116.475562
   40.061849     8.696303     7.141375    13.681287   -24.436694  -134.105046
   39.959632     8.417381     7.015391    13.887646   -54.646059  -118.679691
   40.769480     8.519429     6.876158    14.039039   -30.394364  -133.983730
   40.042474     8.434710     6.853268    13.757591   -37.700527  -122.418198
   40.234472     8.602738     6.981985    13.763213   -28.021621  -128.732947
   40.205759     8.481752     6.860830    13.723515    -3.811781  -126.886648
   40.184478     8.588100     6.913862    13.748988   -44.007292   -92.279305
   40.320075     8.958110     6.867001    13.469450   -35.211595  -119.758080
   39.922382     8.325279     6.709044    13.700142   -38.782967  -105.562655
   40.212079     8.406476     6.540098    13.665365   -36.290884  -122.103783
   40.300245     8.561882     6.776440    13.707097   -30.997147  -127.591374
   40.396262     8.584191     6.551124    13.578163   -23.643338  -124.858139
   39.964016     8.682899     6.651147    13.427260   -38.395161  -128.602585
   40.341831     8.765736     6.627757    13.466907   -26.279758  -113.331265
   40.424140     8.660528     6.960832    13.806414   -28.816725  -121.547088
   39.990944     8.613621     6.532151    13.387535   -28.130222  -124.467990
   40.312541     8.452871     6.802493    13.862730   -46.352193  -120.363495
   40.179940     8.279100     6.779148    13.847189   -14.654462  -127.268345
   39.784214     8.297149     6.738150    13.614185   -14.766536  -138.897973
   40.051990     8.355790     6.779934    13.740414   -23.664648  -115.411678
   40.532391     8.906066     6.896997    13.651046   -47.124605  -132.381375
   40.345224     8.639369     6.981937    13.857126   -53.141414  -115.407933
   40.087359     8.450825     6.515973    13.524829   -23.158020  -133.511803
   40.005051     8.713565     6.828056    13.525603   -45.589515  -108.283634
   40.310565     8.744103     7.004727    13.780155   -57.222271  -119.380934
   40.635005     9.072861     6.958343    13.582863   -42.935919  -139.197160
   40.116814     8.567329     6.651201    13.559160   -34.398029  -128.763203
   40.063371     8.742305     6.681987    13.470893   -49.709597  -112.061109
   40.091956     8.412253     6.535300    13.616737   -38.639647  -125.171076
   40.025906     8.704561     6.847151    13.558944   -44.985927  -126.486866
   40.353407     8.659702     6.834527    13.745314   -51.462133  -134.662378
   40.084892     8.614769     6.928013    13.678504   -38.545198  -130.147818
   40.245746     8.738827     6.790784    13.621234   -53.307104  -122.811925
   40.423895     8.746964     6.617224    13.584495   -51.799912  -123.559190
   40.262788     8.679112     6.563077    13.490477   -35.740976  -129.015803
   39.852195     8.375499     6.727304    13.638718   -31.764843  -141.685622
   40.093972     8.665463     6.876215    13.632688   -44.276043  -133.222241
   40.652286     8.809431     7.000251    13.836257   -43.355615  -138.620284
   40.296675     8.664532     6.587823    13.576589   -50.215268  -126.576637
   39.927080     8.530957     6.768879    13.552408   -26.444152  -148.081647
   40.323457     8.737552     6.724144    13.635147   -58.925304  -110.131164
   40.161228     8.601047     7.010817    13.784374   -42.094244  -107.199105
   40.461444     8.316299     6.495075    13.860099   -49.044676  -111.870609
   39.903468     8.649942     7.009966    13.621762   -41.028220  -128.384018
   40.161214     8.885128     6.835595    13.474562   -46.790344  -121.649151
   40.274568     8.680867     6.987327    13.748654   -40.013552  -137.272070
   40.092197     8.761288     6.760658    13.513580   -49.247810  -129.937253
   40.570415     8.883472     6.954351    13.732703   -51.123953  -131.419815
   40.006335     8.544736     6.577002    13.595295   -62.620193  -116.770666
   40.946368     8.917404     6.987243    13.927914   -48.282579  -116.203538
   40.809786     8.940856     7.209313    13.996170   -57.746838  -120.081945
   40.285348     9.000355     7.131550    13.604124   -47.786089  -119.734602
   40.307435     8.969798     7.004377    13.527094   -31.628781  -115.385007
   40.368144     8.704364     6.899880    13.736713   -41.834575  -109.635282
   40.384910     8.792265     7.149581    13.867832   -58.316630  -111.159744
   40.167876     8.505602     6.658085    13.557188    -6.494368  -130.894649
   39.992232     8.326577     6.805451    13.694054    -1.876163  -138.651245
   40.297464     8.736455     6.916570    13.711725   -51.165845  -110.645069
   40.073779     8.773004     7.125077    13.649797   -36.768911  -112.211709
   40.337873     8.475453     6.809576    13.794491   -21.932609  -133.786805
   40.325913     8.767862     6.908020    13.679910   -45.608429  -106.931929
   40.176686     8.551458     6.981804    13.811320   -40.587279  -105.609289
   40.216264     8.625503     6.939232    13.743883   -40.793897   -97.779476
   39.964355     8.461514     6.920770    13.782888   -54.898552   -95.243494
   40.006938     8.558426     6.810804    13.664616   -55.112581   -96.656166
   40.139666     9.040465     7.272182    13.530702   -34.308069  -123.429760
   39.907756     8.562666     7.015561    13.741139   -55.233963  -112.320918
   40.242796     8.799567     6.850810    13.540662   -32.102994  -122.342359
   39.833378     8.556570     6.629925    13.479250   -57.854624   -76.860593
   40.319336     8.433461     6.378310    13.574553   -29.010483  -119.643214
   40.145792     8.623165     6.918257    13.725541   -50.042243  -101.787146
   40.631393     8.742310     6.882269    13.787205   -17.960300  -114.710975
   39.837821     8.441556     6.621388    13.407667    -4.405537  -115.327971
   40.002475     8.638930     7.063348    13.633602   -20.181063  -101.480698
   40.268501     8.751849     7.118194    13.786958   -45.198850   -96.448170
   39.896204     8.390071     6.806624    13.630030   -19.946610  -103.680609
   39.880758     8.642290     6.831519    13.591543   -64.998228   -94.942444
   40.222161     8.695145     6.977976    13.720702   -42.753802  -115.133979
   40.198659     8.411470     6.758444    13.750615   -22.280710  -124.933932
   40.359287     8.611646     6.631151    13.611661   -33.381188  -131.921355
   40.139885     8.661424     6.955859    13.647505   -26.085521  -125.811629
   40.314287     8.761905     7.011973    13.671752   -15.669905  -122.306459
   40.046067     8.385137     6.933445    13.855663   -39.928843  -117.935073
   40.339532     8.388365     6.402878    13.667973   -40.952902  -107.912401
   40.161453     8.532205     7.041757    13.823265   -27.418883  -118.901808
