   41.214512     8.935835     6.571245    13.711805   -47.191161  -138.570246
   41.163709     8.949870     6.790147    13.830084   -41.835171  -134.818771
   41.433466     8.773428     6.654859    14.058473   -57.813086  -126.999709
   41.510855     8.804533     6.517193    13.959984   -50.839035  -125.557668
   41.481586     9.067716     6.877828    13.982970   -48.691091  -130.790612
   41.087388     8.904146     6.832708    13.861565   -44.403642  -136.937897
   41.179841     8.976487     6.912554    13.911458   -36.205437  -130.296805
   41.384445     8.870508     6.742558    13.953268   -35.131203  -145.812438
   41.249566     8.694520     6.790911    14.125961   -41.453103  -121.353477
   41.175915     8.547021     6.529381    14.005757   -38.715414  -127.093344
   41.209157     8.723533     6.491400    13.872660   -44.495424  -111.775051
   41.435424     9.108373     6.807846    13.872469   -35.850317  -122.089628
   41.585696     8.716126     6.402554    13.909725   -14.081677  -150.129672
   41.224359     8.808985     6.558999    13.821831   -33.681418  -123.879891
   40.883349     8.661175     6.587876    13.767535   -28.112322  -136.423643
   41.471823     9.164900     6.922273    13.931546   -39.943114  -125.708938
   41.287118     8.780604     6.525885    13.842520   -31.963555  -129.409498
   41.449191     8.767000     6.511659    13.982174   -32.729904  -104.720989
   41.387335     8.764344     6.698787    14.058996   -32.919259  -124.941234
   41.386737     8.759010     6.458035    13.900979   -34.227243  -111.731747
   41.215895     8.717135     6.848708    14.084941   -31.529707  -139.478720
   41.013744     8.765497     6.754851    13.901972   -40.932364  -124.642915
   41.001176     9.015563     7.016548    13.887510   -42.542260  -116.523345
   41.189020     8.840604     6.936908    14.080263   -37.942297  -116.103791
   41.277658     8.746216     6.528657    13.905373   -42.516735  -117.052600
   41.341182     8.882615     6.920473    14.124405   -44.710964  -117.363732
   41.270440     8.636493     6.399636    13.840586   -23.119615  -139.090309
   41.360439     8.854365     6.783280    13.991321   -29.484762  -141.014420
   41.107127     8.732074     6.760670    13.975054   -40.834026  -129.943972
   40.829461     8.499676     6.722691    14.000961   -39.866020  -129.606232
   41.179185     8.685023     6.738839    14.076213   -40.237394  -108.348327
   41.003588     8.673801     6.687263    13.933643   -45.709274  -124.014460
   41.112478     8.560801     6.597859    14.002938   -40.890550  -132.784914
   41.032300     8.767140     6.817416    14.010413   -60.154755  -106.678023
   41.045730     8.741165     6.397395    13.720408   -49.303095  -109.226528
   41.336069     8.761867     6.745643    14.064676   -33.220192  -126.647081
   41.083873     8.630289     6.742539    14.041395   -38.990262  -126.465947
   41.000877     8.576891     6.686104    13.993416   -27.180300  -122.588621
   41.369400     8.797872     6.896485    14.207952   -59.460998  -118.058882
   41.238537     8.842169     6.858578    14.037009   -46.811140  -126.877574
   41.489655     8.782024     6.614149    14.064534   -43.914897  -115.211933
   41.100406     8.910178     6.974812    13.975692   -37.099730  -128.416696
   41.310353     8.896277     6.873965    14.015804   -37.028819  -135.102205
   40.992748     8.730583     6.898518    14.003038   -39.445645  -136.100001
   41.425866     8.917771     6.850839    14.037438   -23.437343  -133.071117
   41.496938     8.698980     6.557955    14.061501   -33.092390  -128.453175
   41.141908     8.671376     6.694333    14.002480   -40.985010  -127.263752
   41.063622     8.763239     6.522329    13.720215    -2.759427  -119.212566
   41.036784     8.847246     6.588312    13.690466    -7.676603  -117.842024
   41.430201     9.047046     6.574488    13.747285   -22.402050  -108.973101
   41.183431     9.013443     6.612653    13.632321   -15.616350  -128.325364
   41.366040     8.837167     6.468218    13.726999     5.780860  -140.020801
   41.050214     9.063736     6.739887    13.637663   -13.813279  -111.409921
   40.686755     8.825302     6.679821    13.620268   -19.968333   -96.952032
   41.140343     8.843100     6.849747    13.928687    -0.350849  -122.237267
   41.262928     9.273639     6.930586    13.713684   -12.754842  -113.402207
   41.447262     9.167499     6.864675    13.862731   -17.446457  -117.033577
   41.371328     9.072855     6.751095    13.776483   -35.626095  -144.848864
   41.471402     8.924641     6.876672    14.049288   -35.790198  -151.709369
   41.404884     8.958182     6.920208    14.053448   -38.149051  -134.659868
   41.147638     8.757723     6.801873    13.980979   -40.294158  -142.684917
   41.308512     8.581590     6.515687    14.051803   -37.491391  -118.609492
   41.284691     8.827987     6.604816    13.924428   -56.725023  -109.290094
   41.527557     8.651332     6.493141    13.993865   -12.197844  -156.222753
   41.108991     8.908719     7.011176    14.017690   -40.877055  -125.599779
   41.528301     8.931934     6.505486    13.816040   -37.737689  -132.785161
   41.174935     8.956530     7.109540    14.074575   -46.995944  -135.460465
   41.380377     8.736948     6.260505    13.729450   -31.865816  -131.645215
   41.034356     8.682844     6.758489    13.920975   -20.500663  -147.483330
   41.706440     9.085553     6.939503    14.119198   -35.087447  -140.837356
   40.969195     8.372657     6.443264    13.938818   -13.952272  -137.558799
   41.263404     8.546967     6.489906    14.011773   -18.966150  -120.999557
   41.097634     8.937610     6.739269    13.766160   -21.913070  -124.420345
   41.294743     8.767139     6.643121    13.930446   -18.957621  -133.269100
   41.406750     8.709049     6.702893    14.164203   -40.427777  -105.084227
   41.562714     8.661795     6.423734    14.082268   -41.575499  -105.759004
   41.365016     8.840102     6.782411    14.000842   -32.903093  -144.678707
   41.090949     8.773601     6.663219    13.851349   -36.401108  -130.633827
   41.225361     8.590287     6.531271    13.962402   -24.749554  -136.495937
   41.313045     8.825929     6.639066    13.893563   -32.262603  -134.615512
   41.154483     8.839430     6.617559    13.791776   -40.360260  -134.463316
   40.759386     8.982383     6.920792    13.676249   -33.021609  -135.977428
   41.189644     8.568795     6.744099    14.112936   -27.394388  -141.608814
   41.055660     8.740764     6.505023    13.777231   -37.206486  -112.059172
   41.056770     8.629757     6.582757    13.890325   -30.621820  -131.797066
   41.107658     8.635907     6.744816    14.025909   -26.901611  -133.120817
   41.153444     8.748841     6.665984    13.908060   -43.300625  -135.305673
   41.137852     8.752654     6.805478    14.015943   -42.123033  -126.157712
   41.199925     8.856215     6.827359    13.931100   -33.440941  -144.323516
   41.237970     8.667371     6.371526    13.806056   -26.738976  -123.907644
   41.454910     8.851019     6.863353    14.152349   -46.004222  -128.256788
   41.311273     8.661081     6.591284    14.049026   -42.059171  -116.470840
   41.438089     8.881527     6.697949    13.980504   -35.575031  -127.327896
   41.433861     8.726953     6.525913    14.001077   -39.003462  -118.620832
   41.069572     8.665372     6.579873    13.887121   -43.249357  -128.097566
   41.586027     8.857867     6.509351    13.879421   -26.350291  -147.954359
   41.452463     9.059203     6.819124    13.873339   -25.872853  -146.837308
   41.454995     9.034350     6.789469    13.920320   -36.384937  -129.199663
   41.380143     8.801884     6.693941    13.967514   -33.821903  -148.779688
   41.031830     8.770623     6.826364    13.906386   -30.819438  -147.132519
   41.109994     8.731549     6.793215    13.978462   -40.161732  -141.999610
   41.522565     8.827441     6.955353    14.202735   -21.844951  -155.237188
   41.515591     9.011004     6.705649    13.904201   -40.639541  -131.470404
   41.158067     8.806215     6.856825    13.991267   -43.443519  -141.533107
   41.463627     8.783632     6.792945    14.135545   -35.868235  -136.523808
   41.337076     8.694836     6.608806    13.979430   -35.168920  -147.231420
   41.214774     8.795202     6.763332    13.948471   -33.891863  -142.331986
   41.336990     8.706693     6.708471    14.072916   -29.200140  -130.482765
   41.229609     8.757314     6.767799    14.049338   -37.811354  -116.156377
   41.161539     9.044251     6.736038    13.714865   -40.698145  -129.650230
   41.058844     8.702931     6.397720    13.696856   -34.788190  -138.110285
   40.809304     8.861168     6.640235    13.627435   -38.256547  -131.796586
   40.843224     8.896308     6.902396    13.776162    -9.433191  -116.544583
   41.013398     8.593951     6.478865    13.827631    -5.443327  -104.321496
   41.241145     8.855351     6.566795    13.799906   -11.441243  -104.706901
   41.491244     8.757047     6.492185    13.968775   -48.424769  -126.905078
   41.280316     8.885409     6.648728    13.847335   -45.719112  -133.211217
   41.008564     8.976745     7.014441    13.875616   -42.295733  -144.107497
   40.970308     8.806621     6.776925    13.880734   -55.193310  -125.999720
   41.400233     8.790743     6.481903    13.865740   -45.918334  -134.524113
   41.306272     8.877256     6.893342    14.003828   -30.672339  -152.009762
   41.481858     8.824373     6.580367    13.962042   -51.670713  -133.099218
   41.213564     8.637197     6.743327    14.107370   -58.083294  -141.423213
   41.306029     8.664594     6.377825    13.855386   -46.640241  -136.704952
   41.476018     8.998744     6.965495    14.068728   -38.047261  -147.049480
   41.353119     8.630343     6.517874    14.017864   -43.869591  -130.577170
   41.094404     8.630747     6.803049    14.107875   -45.443843  -121.123404
   41.600997     8.647429     6.561608    14.156384   -39.661255  -138.244289
   41.251234     8.621401     6.765036    14.113763   -34.723127  -147.529477
   41.387980     8.571696     6.601764    14.189155   -55.240848  -118.747067
   41.287491     8.851146     7.069874    14.224497   -48.564565  -122.893302
   41.082155     8.562243     6.810917    14.133081   -41.995578  -137.916865
   41.517635     8.919188     6.882937    14.095651   -31.514320  -144.980480
   40.875938     8.819566     7.030757    13.966254   -33.966792  -127.262421
   40.930816     8.671170     6.827424    13.979683   -40.814180  -131.419129
   41.092854     9.013732     6.995058    13.940483   -51.705160  -113.481942
   41.868400     9.032519     6.774506    14.130781   -26.579474  -134.310980
   41.021258     8.623475     6.588268    13.895467   -36.622982  -127.922844
   41.644977     8.952567     6.915726    14.176421   -32.385459  -141.107107
   41.311178     8.848337     6.933015    14.131106   -50.016308  -127.371256
   41.585930     8.989270     6.843310    14.093450   -39.970334  -125.070718
   41.204018     8.796201     6.576309    13.788935   -22.406707  -141.885708
   41.286493     9.021155     6.696912    13.788100   -53.646225  -128.251761
   41.530449     9.128136     6.750085    13.847965   -39.786684  -128.810037
   40.825459     8.660636     6.689971    13.828327   -35.910725  -132.552402
   41.291578     8.800475     6.953755    14.200592   -46.864267  -112.790912
   41.356572     8.924513     6.689768    13.827703   -13.770256  -146.001583
   41.263746     9.071162     6.825112    13.834558   -44.506095  -120.395826
   41.106328     8.686729     6.479591    13.775648   -28.698149  -140.133576
   40.952937     8.735918     6.978377    14.053369   -40.776579  -125.687912
   41.576029     8.635258     6.507500    14.180893   -52.907376  -110.808488
   40.783947     8.527370     6.720867    13.952386   -29.427284  -117.021306
   41.125360     8.649445     6.680087    13.975526   -23.528243  -131.570725
   40.240049     8.556112     6.969560    13.825170   -38.076589  -117.872760
   41.370068     8.772740     6.506617    13.853822   -31.661221  -142.490490
   41.176171     9.023973     7.021973    13.961334   -45.779919  -130.009189
   41.249620     8.900474     6.951684    14.056922   -44.337032  -128.843242
   41.145815     8.668527     6.842960    14.104693   -31.769130  -128.546186
   41.304679     8.789091     6.793971    14.017357   -27.939320  -144.217744
   41.373473     8.893618     6.861967    14.010495   -29.891351  -148.036669
   41.189076     8.752872     6.860659    14.092390   -44.909623  -123.874456
   41.583158     8.957909     6.282324    13.626321   -17.921960  -133.052155
   41.471678     8.950000     6.583046    13.800180   -27.888056  -143.957342
   41.127924     8.489341     6.485190    13.952809   -20.028955  -140.697708
   41.492574     8.964489     6.529811    13.758552   -29.605710  -143.878627
   41.539721     8.970328     6.736683    13.970281   -38.991104  -135.717557
   41.413898     8.989831     6.813468    13.915167   -25.840760  -143.918906
   41.171324     8.567235     6.534277    13.979311   -35.369030  -130.236421
   40.684042     8.996398     6.875544    13.618521   -36.320828  -123.858454
   41.353100     8.985841     6.760330    13.858041   -35.728190  -140.698796
   40.985431     8.864651     6.678358    13.757170   -49.865382  -128.724693
   41.435267     8.774573     6.437027    13.800094   -17.101671  -152.867936
   41.540400     8.739397     6.645933    14.058383   -17.442638  -149.371100
   40.828691     8.858135     6.936740    13.863424   -50.124174  -130.641305
   40.530461     8.476364     6.752431    13.917791   -50.665170  -134.008022
   41.615862     8.720323     6.235154    13.872613   -43.089661  -125.040087
   41.648458     9.132748     6.788024    13.901648   -35.636933  -147.416098
   40.830761     8.572602     6.601584    13.870966   -46.304393  -127.512884
   41.033347     8.504651     6.474942    13.941847   -43.148138  -123.007173
   41.353840     8.802075     6.440946    13.744444   -15.495760  -146.373168
   41.158440     8.688330     6.841692    14.094723   -31.354115  -127.927029
   41.384951     8.875507     6.750002    13.943817   -15.659459  -142.790526
   41.212580     8.736180     6.671029    13.915588   -27.352486  -145.935481
   41.513842     8.815962     6.457724    13.861756   -30.729381  -137.497425
   41.067908     8.902242     6.574314    13.680845   -44.693655  -130.063631
   41.528233     8.784156     6.361287    13.804741   -15.895932  -139.448664
   41.149840     8.982062     6.710423    13.713165   -22.235758  -134.426444
   41.016769     8.932467     6.953001    13.864888   -19.409433  -134.055813
   40.968824     8.467649     6.646957    14.047987   -30.985295  -121.220375
   41.439377     8.607401     6.313399    13.921474   -37.692819  -132.979552
   41.275998     8.619460     6.710981    14.108709   -18.742708  -127.501897
   41.328825     9.099176     6.976914    13.942466   -40.703371  -130.045642
   41.118905     8.751549     6.823129    13.985450   -35.382363  -140.069019
   41.551005     8.718071     6.418654    13.909903   -27.038997  -154.507063
   41.070020     8.649048     6.587608    13.859542   -18.111374  -137.698004
   40.365074     8.541877     6.703180    13.749829   -45.534309  -123.459664
   41.605604     8.758215     6.663675    14.131159   -41.763645  -142.443484
   41.459779     8.643757     6.254645    13.856052   -40.375716  -135.531607
   41.499280     8.901634     6.681718    13.960710   -34.256095  -136.296132
   40.931257     8.721112     6.845020    13.965410   -52.143718  -133.592443
   41.293999     8.750226     6.847213    14.122213   -52.634424  -139.213361
   41.586066     8.585627     6.495476    14.168460   -46.001769  -134.088308
   41.288820     8.577498     6.594340    14.067211   -47.293877  -146.137506
   40.955686     8.655595     6.625726    13.902838   -61.284356  -133.355246
   40.940675     8.784307     6.766378    13.817872   -38.563081  -148.102916
   41.146972     8.633592     6.459399    13.853094   -47.169892  -147.298577
   41.227157     8.560748     6.465201    13.990575   -54.497931  -131.317259
   41.330616     8.667803     6.586025    13.986552   -40.381769  -149.701359
   41.399077     8.431570     6.636245    14.313787   -51.575411  -134.728895
   41.284164     8.760154     6.823125    14.068520   -42.380372  -144.137897
   40.939667     8.600699     6.662262    13.961679   -53.110596  -121.874644
   41.277156     8.795619     6.379575    13.738484   -52.187791  -139.667799
   41.164641     8.668712     6.510897    13.861614   -38.975595  -137.640194
   41.555717     8.853667     6.582737    13.950865   -43.501339  -143.035833
   41.284227     8.755507     6.807946    14.064448   -39.758411  -140.880772
   41.063765     8.597434     6.444129    13.862284   -53.072808  -132.488540
   41.149695     8.623557     6.638963    14.011472   -51.551237  -133.531371
   41.060978     8.610698     6.605746    13.940190   -47.852140  -139.892139
   40.869500     8.838044     6.886165    13.879312   -53.345566  -124.906280
   40.978818     9.104403     6.888130    13.661984   -31.155703  -133.868508
   40.987845     8.767128     6.504803    13.667715   -22.764024  -133.234503
   41.501025     8.654109     6.468820    14.026825   -34.018538  -132.529963
   41.000394     8.667812     6.408965    13.688782   -25.957620  -139.792811
   41.359187     8.932090     6.613603    13.799945   -34.217475  -136.981850
   41.700286     8.987288     6.610881    13.939753   -35.084966  -135.227117
   41.090499     8.692845     6.563165    13.866250   -44.678356  -126.659767
   41.482529     8.649836     6.413677    13.952131   -30.078745  -143.948577
   41.359706     8.876714     6.814989    14.026988   -46.800916  -133.311843
   41.368369     8.766368     6.655273    13.956489   -16.014440  -143.369960
   41.261560     8.640864     6.458062    13.866874   -18.580658  -140.890261
   41.367759     8.802772     6.467522    13.818831   -33.369799  -130.888181
   41.290273     8.663333     6.497470    13.905492   -32.942121  -142.217881
   41.598603     9.057569     6.831574    13.962336   -20.409549  -147.642780
   41.652679     8.996868     6.817354    14.058579   -31.778974  -142.469051
   41.281879     8.777395     6.481740    13.829394   -34.205801  -119.985860
   41.123366     8.593618     6.436745    13.821022   -18.504555  -140.647764
   41.359774     8.767765     6.821265    14.084857   -30.807154  -147.045433
   41.456790     8.729732     6.446811    13.911171   -36.234095  -135.608165
   40.803865     8.571603     6.689784    13.863911   -26.346375  -142.449021
   41.629917     8.597916     6.311752    14.014831   -31.575272  -139.716587
   41.459667     8.900755     6.734458    14.028860   -46.481295  -119.306290
   41.151087     9.001852     6.641291    13.694001   -47.529177  -125.257884
   41.202599     9.011744     6.958568    13.950829   -42.464484  -122.102832
   41.151829     9.089105     6.993781    13.886468   -53.941929  -126.914359
   41.574430     8.969204     6.435181    13.741255   -28.845930  -133.232923
   41.129863     8.778882     6.860069    13.979740   -24.576011  -142.184738
   41.103928     8.908063     6.614864    13.715782   -40.483087  -128.607558
   41.540100     9.061707     6.484875    13.701374   -43.881374  -130.173072
   41.146891     8.650443     6.854907    14.137658   -41.014047  -129.588070
   41.236847     9.043272     6.761330    13.765451   -37.811036  -132.029978
   40.950147     9.024494     7.073382    13.878068   -51.586827  -133.602674
   41.224914     8.939239     6.813628    13.943564   -56.514153  -114.912280
   41.543071     8.991129     6.659693    13.871543   -27.429026  -140.041181
   41.231583     9.124594     6.808133    13.750383   -44.025700  -123.752289
   41.126840     9.007017     6.675312    13.705306   -41.400569  -117.849016
   41.331213     8.705280     6.696569    14.095532   -50.636450  -123.552585
   41.145612     8.957606     6.559325    13.642993   -33.972887  -129.320984
   41.313577     8.724627     6.557815    13.947508   -44.018339  -127.446928
   41.155602     8.796860     6.677779    13.897604   -46.805789  -125.582035
   41.376069     9.012820     6.619635    13.744253   -36.006406  -136.744816
   41.426366     9.254667     6.857470    13.782971   -49.564413  -125.134169
   41.650915     8.970678     6.423184    13.797563   -47.116127  -128.912834
   40.872280     8.689096     6.785500    13.890863   -39.417148  -139.356005
   41.024830     8.746231     6.571988    13.782293   -46.463933  -139.947152
   41.311475     9.007793     6.729711    13.852403   -53.855503  -119.640614
   41.212554     8.813668     6.576781    13.833228   -45.653891  -126.804675
   41.450145     8.699031     6.599104    14.023471   -21.828152  -143.847730
   41.398073     8.935269     6.602105    13.868805   -57.781202  -118.759104
   40.761528     8.948573     6.713869    13.617807   -53.437699  -134.722184
   41.574742     8.865355     6.758018    14.110203   -42.732881  -134.072600
   41.240259     8.927206     6.723473    13.844808   -49.316842  -137.571391
   41.089258     8.714982     6.473517    13.748701   -35.436597  -141.317059
   41.369965     9.016911     6.856745    13.925700   -34.707421  -135.873958
   41.413357     8.863195     6.827993    14.055203   -33.431482  -139.511474
   41.165798     8.961940     7.028538    13.951596   -26.767377  -150.989249
   41.074230     8.802876     6.873052    13.923624   -22.574429  -148.230644
   41.630084     9.054143     6.823554    14.005693   -40.415758  -142.259892
   40.875462     8.871338     6.965598    13.880837   -42.455772  -132.019801
   41.293915     8.995282     6.751028    13.794596   -26.317696  -143.993523
   41.020703     8.867112     6.788626    13.888763   -60.138731  -113.673566
   41.194838     8.647566     6.436657    13.838114   -27.348459  -130.589536
   41.265876     8.833015     6.702414    13.936503   -46.509633  -128.526235
   41.447132     9.002448     6.689268    13.837409   -30.331343  -138.583243
   41.154852     8.784299     6.539438    13.743357   -25.426035  -146.575780
   41.269447     9.012860     6.948467    13.898848   -17.914513  -149.804234
   41.377132     8.750520     6.692139    14.025144   -24.498282  -137.551881
   41.150856     8.974185     6.808264    13.840572   -38.602016  -120.096261
   41.144989     8.979695     6.646610    13.687205   -33.135418  -128.805630
   41.031647     8.674584     6.554856    13.804264   -34.097824  -145.151882
   41.171423     9.012088     6.877260    13.824724   -34.474386  -141.487415
   41.196381     8.752112     6.385018    13.769974   -45.008505  -108.032718
   41.412602     8.921891     6.690261    13.947648   -57.136546  -123.141218
   41.632849     8.857812     6.382963    13.859245   -52.093699  -134.417781
   41.481952     9.145444     6.628895    13.753148   -48.634327  -110.401361
   41.293919     8.932278     6.590076    13.751410   -30.090898  -132.740358
   41.336119     8.831564     6.924020    14.113721   -37.797899  -140.856721
   41.251415     8.836762     6.785260    13.978324   -42.164821  -131.776714
   41.624294     9.107791     6.813767    13.981914   -40.753595  -125.922968
   41.397850     8.830370     6.870480    14.151444   -52.478471  -126.851154
   41.287050     8.922388     6.803000    13.924355   -42.332061  -137.596496
   41.314380     8.893057     6.724760    13.910825   -40.435612  -133.409240
   41.536040     8.942339     6.823287    14.051212   -32.872068  -139.660497
   41.012903     8.802361     6.845491    13.921759   -38.223938  -130.887175
   41.376534     9.207599     6.774263    13.721817   -50.589876  -131.741123
   40.754292     8.622010     7.048130    14.063874   -28.841050  -131.277474
   41.656173     8.909177     6.659236    14.026521   -43.157721  -138.456652
   41.162220     8.892529     6.921444    14.001978   -55.382166  -130.625357
   41.180699     8.935371     6.677292    13.838023   -56.897724  -105.208179
   41.353302     8.811444     6.479282    13.819892   -37.676317  -129.343505
   41.325496     8.753452     6.852687    14.147999   -37.738057  -127.931129
   41.379437     9.037971     6.994310    14.021461   -32.437042  -134.903084
   40.974736     8.807213     6.736261    13.804505   -34.114006  -135.533636
   41.064281     8.729147     6.650665    13.873511   -45.319290  -134.622678
   41.195490     8.758738     6.629828    13.865034   -32.355840  -144.144059
   41.440867     8.730155     6.543550    14.009166   -50.308099  -126.276075
   41.020691     9.043920     6.830383    13.716862   -38.704120  -126.082680
   41.648703     8.853652     6.675910    14.130402   -37.513387  -118.014855
   41.052039     8.595901     6.532593    13.893011   -35.873932  -128.718270
   41.092767     8.729069     6.684203    13.910367   -44.172220  -134.396043
   41.236293     8.827766     6.793746    14.014061   -53.672940  -122.756517
   40.753758     8.687516     6.809064    13.888453   -52.290931  -129.850237
   41.233028     8.902182     6.841148    13.938379   -40.993745  -138.803198
   41.087168     8.659307     6.671850    13.931597   -38.106588  -146.523424
   41.391600     8.788337     6.701584    14.045691   -55.930441  -132.757096
   41.336013     8.708310     6.441428    13.887184   -45.201686  -127.922527
   40.968523     8.749669     6.858770    13.949221   -45.248247  -139.278571
   41.165546     8.756111     6.765422    14.027410   -45.838608  -112.319775
   41.213614     8.825418     6.794406    13.989673   -52.500327  -129.934799
   41.280332     8.822511     6.816938    14.006750   -38.075834  -141.750532
   41.704387     9.125019     6.976640    14.170361   -46.273187  -119.423158
   40.851856     8.722371     6.789105    13.921409   -62.553636  -123.639039
   41.501185     8.880350     6.698673    14.066283   -67.413603  -115.399184
   41.657956     8.873318     6.781986    14.203885   -61.990680  -125.724020
   41.245071     8.805581     6.593590    13.857734   -47.109762  -135.019460
   41.354951     8.730043     6.648311    14.040195   -54.237656  -130.171398
   41.031641     8.753518     6.661614    13.830621   -40.690774  -138.874393
   41.290776     8.956327     6.742500    13.899369   -61.679499  -123.773336
   41.180200     8.865506     6.521239    13.726166   -41.656801  -126.917722
   41.204303     8.923758     6.985800    14.029808   -47.544128  -134.210538
   41.158974     8.688316     6.726134    13.976453   -36.106725  -148.524354
   41.094730     8.859176     6.613195    13.786596   -52.477084  -118.258979
   41.516032     8.872850     6.791751    14.117859   -50.070707  -126.772497
   41.074243     8.802140     6.720891    13.869453   -43.309040  -130.718544
   41.252510     8.805093     6.569127    13.852729   -52.702541  -135.623475
   40.947962     9.013235     7.093631    13.897593   -41.624058  -126.639026
   41.463317     9.040804     6.801417    13.985796   -59.191292  -110.824618
   41.347622     9.096467     6.762232    13.762801   -41.949116  -143.471930
   40.689226     8.751659     7.082709    13.941212   -33.065319  -137.003644
   41.491114     8.928099     6.695719    13.938824   -42.033533  -141.291408
   41.391587     8.864740     6.554809    13.832952   -33.015834  -135.790686
   41.043460     8.852865     6.626088    13.768231   -46.355822  -117.089031
   41.084243     8.730158     6.605673    13.804497   -31.442912  -151.785933
   41.373764     8.775014     6.568918    13.923724   -45.036095  -138.418040
   41.029439     9.014306     6.749745    13.646634   -30.412416  -144.595683
   41.353450     8.815145     6.863799    14.062125   -33.499788  -153.673591
   41.265634     9.062844     6.879542    13.820388   -31.004437  -146.204089
   40.945689     8.696173     6.715518    13.832684   -19.600559  -146.105294
   40.835690     8.899633     6.782672    13.693562   -41.915776  -146.847832
   41.239150     8.922064     7.043104    14.077714   -41.030512  -138.902710
   41.261442     8.940494     6.652161    13.801499   -49.273910  -130.794428
   41.261842     8.988480     6.760417    13.882131   -57.018030  -113.643111
   41.368741     8.949999     6.865350    14.030716   -44.797686  -121.520854
   41.341813     9.062287     6.819699    13.883741   -48.611025  -120.775156
   41.504385     9.221073     6.812727    13.816529   -44.068288  -123.638384
   41.266354     9.036334     6.901553    13.938643   -61.153204  -123.252845
   41.416483     9.065983     6.807969    13.907982   -49.271751  -123.019467
   41.230539     8.998600     6.752620    13.780066   -38.044728  -140.110531
   41.207420     9.074092     6.654538    13.617387   -31.403105  -143.616570
   41.623840     9.189203     6.886146    13.993527   -53.744022  -119.058591
   41.261110     8.794686     6.403888    13.774968   -54.612043  -119.653256
   41.480260     8.800509     6.482903    13.937172   -46.138117  -115.603061
   41.630316     9.198509     6.790849    13.900321   -57.194604  -123.592559
   41.696003     8.642444     6.403656    14.056367   -30.035833  -153.169282
   41.579205     8.702051     6.682327    14.206430   -44.976555  -131.946688
   41.196483     8.967235     6.819484    13.863353   -42.005053  -130.193738
   41.263842     8.974880     6.692596    13.821154   -56.779376  -126.447816
   41.341495     8.934789     6.679971    13.840609   -44.071256  -143.207804
   41.199709     8.690289     6.785793    14.105035   -50.231129  -122.455392
   40.944608     8.580625     6.469508    13.810041   -41.417522  -136.304337
   41.193283     9.014543     6.784187    13.796320   -43.725777  -129.816496
   40.924996     8.707247     6.758991    13.913924   -44.036918  -123.755238
   41.330883     8.812808     6.513572    13.852131   -39.651534  -120.757010
   41.352378     8.990349     6.926778    13.973237   -32.282142  -144.761612
   41.223900     8.783906     6.576474    13.868704   -39.570359  -121.081811
   41.327135     8.789468     6.674122    13.926445   -23.191788  -147.183568
   41.045403     8.814113     6.683236    13.802429   -43.378120  -141.504760
   41.304889     8.842069     6.834931    14.012950   -42.657958  -146.512147
   41.143464     8.746995     6.727914    13.897914   -22.247263  -150.155161
   41.166905     8.919242     6.853063    13.930432   -43.010875  -122.910169
   41.551875     8.802847     6.732308    14.118771   -44.986678  -141.452717
   40.825798     8.435205     6.634110    13.986037   -34.774633  -128.354541
   41.538394     8.865221     6.860191    14.170680   -40.258115  -133.172117
   41.391089     8.733862     6.778045    14.060813   -11.936980  -156.168384
   41.081987     8.623598     6.913849    14.124963   -30.195415  -145.985441
   41.158267     8.855345     6.566976    13.748986   -42.620410  -133.341661
   41.280223     8.736866     6.669446    14.051126   -65.128014  -115.383613
   41.180226     8.965373     6.745762    13.777980   -42.451942  -144.566983
   40.048705     8.642620     7.088003    13.740058   -41.680687  -129.641799
   40.795899     8.988298     7.017972    13.776006   -38.516396  -128.915100
   40.686953     8.884400     6.927421    13.745524   -33.827790  -122.552740
   41.055115     9.120018     6.849895    13.680765   -38.589145  -127.672733
   41.165700     9.064608     6.883655    13.785268   -31.008722  -137.259979
   40.811314     8.801706     6.907682    13.887965   -54.029323  -132.255954
   41.400077     8.791737     6.442017    13.834667   -39.509479  -129.994611
   41.206332     8.668584     6.459670    13.860177   -41.085428  -130.384419
   41.012120     8.611232     6.487175    13.835797   -37.985962  -125.040676
   41.245708     8.713499     6.636467    13.950734   -38.675909  -140.341134
   41.237164     8.931900     6.764808    13.879834   -45.221659  -128.949117
   41.749396     9.013977     6.777831    14.119731   -57.684276  -126.932043
   41.544134     8.993498     6.542153    13.792555   -44.761485  -140.605450
   40.932401     8.748747     6.882947    13.972199   -45.449598  -124.363996
   41.185136     8.840122     6.596620    13.796650   -41.546591  -132.060670
   41.447939     8.973665     6.789260    13.955011   -37.001365  -136.399625
   41.100082     8.970705     7.063136    13.981358   -43.304263  -135.842353
   41.556438     9.135668     6.660400    13.812104   -43.392477  -115.823671
   41.008355     8.638315     6.525616    13.804130   -17.913225  -129.921749
   41.448989     8.788678     6.477845    13.914408   -49.991061  -123.363835
   41.259108     8.906961     6.672331    13.813125   -38.624448  -140.994785
   41.048277     8.663618     6.770190    14.016575   -37.833926  -123.971336
   40.959879     8.958660     6.868709    13.767386   -40.961553  -139.872038
   41.277291     9.022296     6.926993    13.896273   -35.286731  -150.008058
   41.170914     8.781676     6.681620    13.967951   -63.879190  -112.248647
   41.483680     8.624299     6.359587    13.940222   -27.201978  -139.494002
   41.404942     8.902305     6.665318    13.865019   -36.234205  -153.613922
   41.181856     8.835317     6.702603    13.865081   -45.831097  -143.940800
   41.104242     8.638464     6.495015    13.857057   -39.742963  -131.406218
   41.623748     9.149157     6.669414    13.849598   -51.628861  -116.314445
   41.055492     8.856663     6.922597    13.953489   -45.437295  -136.473366
   41.336961     8.881307     6.869872    14.032607   -30.058910  -136.228984
   41.286104     8.731638     6.410330    13.793269   -36.202908  -136.029254
   41.002071     8.930953     6.603191    13.653233   -39.531423  -118.036495
   41.076778     8.901358     6.587824    13.714737   -47.641037  -119.256012
   40.915826     8.674957     6.592522    13.777539   -30.851777  -137.829709
   41.254934     9.151142     6.704473    13.635709   -36.330742  -132.398287
   40.739246     8.853031     6.923557    13.788976   -41.593096  -137.977153
   41.048624     8.753698     6.750648    13.930304   -38.273380  -121.363469
   41.105183     8.862139     6.924134    13.993952   -48.704621  -128.997869
   40.871696     8.930896     6.874869    13.790526   -50.005701  -123.821450
   41.497036     8.913284     6.630754    13.955223   -53.724046  -120.775868
   41.198522     9.001915     6.852243    13.851493   -43.364592  -135.067754
   41.418108     9.044999     6.669297    13.777332   -34.406672  -135.409655
   41.400215     8.779749     6.788710    14.099147   -45.145173  -140.604404
   40.843058     8.604700     6.526944    13.795000   -43.115572  -125.928608
   40.785500     8.934904     6.957074    13.766545   -42.550161  -138.984595
   41.290063     9.085315     6.940754    13.877489   -42.451157  -144.741077
   40.816926     8.806782     6.803753    13.812534   -48.921032  -126.679516
   41.108128     8.831907     6.517803    13.700380   -38.914845  -136.832305
   41.123297     8.855755     6.682924    13.826686   -43.136917  -126.861531
   41.255161     8.925264     6.696346    13.779163   -20.758371  -148.351214
   41.077385     8.739737     6.639923    13.862562   -37.360775  -127.890481
   41.019837     8.868615     6.941503    13.974472   -53.043165  -121.345405
   40.853989     8.799449     6.863155    13.877749   -50.357372  -128.437949
   41.523912     8.857584     6.478489    13.803939    -5.609088  -145.300838
   41.300591     8.986822     6.890388    14.009039   -56.450926  -111.538010
   40.930371     8.634027     6.651334    13.881614   -33.745878  -127.261747
   41.644984     8.886501     6.641598    14.056190   -58.719846  -130.239230
   41.129861     8.755615     6.653180    13.890871   -48.944241  -134.585536
   41.140018     9.093417     6.884531    13.772457   -38.044773  -128.145180
   41.455551     9.012692     6.687799    13.818229   -32.309510  -146.391412
   41.157165     8.819112     6.541335    13.762847   -40.216882  -129.689733
   40.863087     8.924625     6.882888    13.737997   -25.360929  -137.073739
   41.396166     9.000173     6.795685    13.925708   -50.167897  -133.192001
   41.210108     9.030455     6.818255    13.830086   -49.525758  -126.594735
   41.072939     8.845044     6.813198    13.930465   -47.757210  -116.596679
   40.927120     8.794360     6.869306    13.968618   -60.738248  -107.798714
   41.323505     9.072014     6.792546    13.816170   -40.741939  -130.647923
   40.817864     8.800562     6.791747    13.798164   -40.885899  -124.363525
   40.985396     8.677655     6.481940    13.778700   -37.414539  -112.375638
   41.113849     8.886826     6.861777    13.896046   -29.745916  -136.266827
   41.015191     9.073529     6.858130    13.694987   -43.974706  -140.758060
   41.365050     8.845131     6.468967    13.812692   -42.219332  -118.926223
   40.780331     8.986539     7.087094    13.782769   -30.113989  -141.918232
   41.035651     8.900255     6.719330    13.698733   -14.732727  -147.096730
   40.935174     9.030670     6.997716    13.813978   -44.013312  -124.877156
   41.659848     9.216659     6.728551    13.853831   -56.784042  -120.542857
   41.179562     8.975135     6.830312    13.832908   -39.778464  -141.068158
   40.905832     8.993217     6.842526    13.722238   -44.859397  -124.829375
   41.365487     8.957299     6.690056    13.865818   -39.059316  -127.176419
   41.476117     9.227243     7.027578    13.973153   -45.311550  -124.121309
   41.302530     9.163070     6.902819    13.834461   -49.883566  -123.951696
   40.885639     8.706170     6.446722    13.638065   -30.793848  -140.946991
   41.056930     8.696993     6.606019    13.856197   -32.282702  -128.770780
   41.153674     8.891959     6.591179    13.696114   -19.310362  -136.687502
   41.371478     9.172524     6.664710    13.654111   -31.780982  -124.650100
   41.313795     9.140608     6.649614    13.675306   -49.301947  -117.299344
   41.430995     9.246589     6.985539    13.886399   -48.251850  -129.714039
   41.291362     8.833143     6.682023    13.888395   -37.888983  -148.650786
   41.157159     8.977126     6.773176    13.784995   -40.643364  -137.170012
   41.296109     9.006190     6.895042    13.951908   -56.973796  -133.550729
   41.663337     9.009468     6.800211    14.072170   -47.327960  -132.540747
   41.438469     8.900718     6.568092    13.892973   -61.814065  -122.496758
   41.440742     8.836065     6.394570    13.809352   -56.491595  -127.301619
   41.749025     9.199813     6.721552    13.881087   -48.053368  -132.502540
   41.125467     8.931419     6.775132    13.851288   -39.125387  -113.482302
   41.659773     8.995078     6.406015    13.773294   -44.937304  -123.861868
   41.356440     8.815994     6.502131    13.832541   -40.350148  -132.191982
   41.357445     8.871462     6.883255    14.121948   -55.929593  -118.776521
   41.483442     8.592133     6.558110    14.199858   -50.619788  -112.360745
   41.142180     8.784457     6.863488    14.064749   -49.878829  -113.732581
   41.393187     8.727808     6.755243    14.132808   -41.394437  -130.597515
   41.553833     8.699341     6.784098    14.265222   -35.435128  -130.574773
   41.637367     9.164352     6.868286    13.942760   -34.096556  -142.561413
   40.831257     8.724672     6.930040    13.964259   -44.158527  -128.536245
   40.884456     8.701196     6.711305    13.883267   -52.669735  -121.550752
   41.425899     8.878052     6.797106    14.004360   -37.332334  -151.333931
   41.039991     8.712736     6.738291    13.911517   -31.762231  -139.218362
   41.331734     8.891301     6.641763    13.827228   -24.387570  -140.665649
   41.222405     8.895116     6.530948    13.721838   -41.160894  -130.430587
   41.182338     9.077320     6.761836    13.697437   -32.243209  -134.215829
   41.330704     9.063194     6.630512    13.714772   -51.311869  -132.627230
   41.436088     9.063470     6.671474    13.831801   -57.763659  -117.112459
   41.371544     9.131402     6.908010    13.877577   -31.153203  -129.048026
   41.263501     8.822999     6.581461    13.794764   -16.770221  -141.941008
   41.074512     8.772942     6.473957    13.765632   -46.159354  -101.223026
   40.982199     8.930767     6.822905    13.748473   -29.449090  -141.846843
   40.892586     8.719402     6.570904    13.684172   -24.359029  -154.611405
   41.262614     8.593042     6.326246    13.833150   -26.769016  -135.388297
   41.558504     9.259213     6.948060    13.924879   -39.624042  -123.248100
   41.357071     8.974127     6.742998    13.855894   -25.962337  -137.328427
   41.130946     8.800469     6.465255    13.719277   -40.710226  -125.642077
   41.305490     8.652665     6.653317    14.035118   -18.281455  -137.315308
   40.976280     8.945132     6.662203    13.701477   -54.031786  -114.014758
   41.295258     9.221614     6.932951    13.762139   -33.705097  -136.253429
   40.896119     8.914897     6.684118    13.641372   -34.032455  -133.965247
   41.034484     8.922109     6.786315    13.822351   -44.736589  -115.269166
   41.575217     9.103202     6.670093    13.833422   -46.326756  -129.126341
   41.134378     8.976764     6.588877    13.662591   -37.878075  -120.204855
   41.348125     9.240725     6.968666    13.821041   -40.749594  -130.921318
   41.190208     8.791590     6.538220    13.769600   -27.635533  -138.490785
   40.807305     8.971181     6.968052    13.754424   -23.312202  -119.137922
   40.726381     8.652263     6.722596    13.829794   -37.915957  -117.921927
   41.620051     8.782103     6.347913    13.856042   -28.765017  -141.594363
   41.328836     8.746495     6.517163    13.939059   -45.593925  -111.013186
   41.130572     8.791828     6.641428    13.898505   -60.545237  -116.087126
   41.279440     8.994784     6.656409    13.741358   -35.709163  -135.125349
   41.704482     9.133005     6.671675    13.852870   -33.000036  -136.876352
   41.329633     8.838253     6.536211    13.807642   -25.871839  -133.342803
   41.197885     8.882531     6.939555    14.051778   -46.844978  -121.114712
   41.307394     8.979206     6.751142    13.884551   -57.167281  -125.865905
   41.141485     9.024137     6.716326    13.727221   -45.601451  -121.935776
   40.813132     8.832109     6.688724    13.658819   -32.196211  -144.106033
   40.979799     8.931299     6.763363    13.792078   -59.171618  -115.963702
   41.177238     8.989655     6.759908    13.780489   -45.128682  -137.585673
   41.237758     8.859658     6.717884    13.933494   -54.600565  -120.973951
   41.383519     8.734511     6.660223    14.046660   -22.799719  -122.173478
   41.372765     8.641190     6.518789    14.046555   -47.434431  -118.695721
   40.672100     8.694955     6.795162    13.787274   -28.143400  -128.380152
   41.142212     8.658521     6.493765    13.812170   -14.115354  -139.504668
   41.244936     8.940467     6.878236    13.966456   -47.133641  -128.620700
   41.038654     9.111948     6.931062    13.694562   -26.949704  -144.014969
   41.315748     9.021726     6.969460    13.980598   -30.349742  -133.514674
   41.278884     8.715333     6.509901    13.852524   -24.733622  -142.139275
   41.045054     8.780030     6.836600    13.926721   -18.840381  -133.561561
   41.114134     8.950091     6.856783    13.866944   -28.991053  -121.050971
   41.262069     9.284927     6.957016    13.719928   -29.696683  -127.455672
   41.049842     8.661660     6.631704    13.896138   -32.348619  -132.181289
   41.052229     8.641595     6.703143    13.951094   -20.389249  -134.244797
   41.320462     9.043465     6.719437    13.798586   -36.714031  -120.864190
   40.963784     8.870393     6.938451    13.880860   -27.950574  -137.266052
   41.123578     8.812418     6.760961    13.898140   -30.572307  -132.740516
   40.966522     8.764187     6.838787    13.925650   -32.178725  -126.416186
   41.299086     8.866894     6.619971    13.848318   -36.763064  -129.752883
   40.988595     9.008833     6.752981    13.677721   -44.100748  -130.102680
   41.572030     9.186365     6.716214    13.767200   -24.264951  -133.548081
   41.569302     9.205338     6.792438    13.849240   -42.214404  -123.424021
   41.355636     9.090208     6.793934    13.790982   -15.985977  -133.226742
   41.224534     8.959779     6.596554    13.767446   -53.227858  -108.991985
   40.950721     8.988443     6.640815    13.617538   -45.847898  -118.899526
   40.932013     8.696628     6.701645    13.897072   -43.629472  -115.549805
   41.522591     8.619571     6.462865    14.053668   -33.859969  -138.796546
   41.219072     8.827414     6.631792    13.847135   -41.883354  -134.471427
   41.212804     9.146433     6.839532    13.739638   -41.843512  -125.645086
   41.427549     9.167699     6.902758    13.883958   -31.737727  -124.187517
   41.283172     8.626857     6.528022    13.967898   -20.174309  -129.364441
   41.270172     8.845429     6.645365    13.881956   -35.257419  -124.618178
   41.396456     8.676461     6.483350    13.937073   -26.033737  -139.669848
   41.385783     8.919939     6.784587    14.027705   -41.196421  -108.065972
   41.481357     8.645615     6.326821    13.949100   -29.649587  -112.324696
   41.119435     8.830402     6.762859    13.936884   -40.182120  -107.432324
   41.016301     8.822810     6.521435    13.713399   -40.272189  -104.503440
   41.053785     9.004164     6.828850    13.812951   -52.446798  -109.170232
   41.471384     9.178404     6.904544    13.918441   -41.586812  -119.941807
   40.886950     8.605351     6.588260    13.841387   -32.738038  -124.472704
   40.208959     8.615812     6.890252    13.665079   -19.897883  -125.257585
   41.553012     9.253560     6.715094    13.726008   -39.792976  -125.203060
   41.379793     9.187880     6.873577    13.777588   -23.465754  -138.226210
   41.458361     8.934124     6.432852    13.709612   -29.250445  -134.459785
   41.344665     9.233171     6.923373    13.775614   -24.726694  -130.075197
   41.340333     9.074955     6.477501    13.614035   -48.270746  -118.857950
   41.559674     9.244312     6.863570    13.842770   -34.832864  -132.802910
   41.724596     9.274359     6.649878    13.757886   -51.414745  -124.761290
   41.300735     8.958636     6.727004    13.836742   -37.565725  -137.146287
   41.580161     8.842561     6.527313    13.946516   -41.794345  -133.534700
   41.431877     9.014532     6.537518    13.717336   -33.126747  -129.807868
   40.968899     8.868361     6.666201    13.739834   -43.883418  -119.376234
   41.093648     8.903736     6.740871    13.787968   -34.745153  -134.890856
   41.028075     8.996301     6.686565    13.690003   -45.464442  -110.718497
   40.926204     8.959439     6.815280    13.711427   -34.466271  -133.605236
   41.202316     8.992636     6.739734    13.819854   -37.442266  -107.942446
   41.510447     9.082717     6.590556    13.721981   -18.669502  -131.839526
   41.355212     9.113683     6.546132    13.573960   -18.795278  -133.829298
   41.424399     9.106685     6.885790    13.938006   -52.009625  -124.741415
   41.763887     9.068171     6.861233    14.149151   -46.434020  -124.626477
   41.448889     8.857178     6.663599    14.014253   -46.091879  -115.148014
   41.071986     8.958199     6.892960    13.840826   -32.551119  -134.673061
   41.565916     8.954240     6.650867    13.906436   -27.988169  -142.401034
   41.182373     9.005832     6.998729    13.970133   -38.600929  -122.555003
   41.101469     8.776249     6.652743    13.848723   -44.029407  -135.974244
   41.364890     8.899808     6.570416    13.805584   -32.543026  -132.435937
   40.777236     8.964834     6.911817    13.666575   -26.811885  -147.214683
   41.069418     8.944437     6.619953    13.695779   -42.803964  -115.290217
   41.449341     8.961511     6.304312    13.600834   -37.450056  -134.176952
   41.423418     9.147450     6.943542    13.923203   -35.158320  -129.974846
   41.007875     8.799894     6.813617    13.920048   -42.433316  -121.342264
   41.591247     9.282439     6.981422    13.986573   -52.274289  -112.087530
   40.929211     8.956807     6.746258    13.633727   -24.429799  -144.782949
   40.877859     8.638319     6.265761    13.608913   -31.936694  -107.474429
   41.016663     8.736140     6.885477    13.999761   -27.490713  -129.713913
   40.950504     8.769510     6.758020    13.850903   -39.341207  -133.532051
   40.872852     8.731514     6.805977    13.889539   -43.062878  -129.729777
   41.222853     8.579579     6.495444    13.943253   -25.928663  -137.525718
   41.428704     8.898867     6.698350    14.048143   -52.789048   -89.248674
   41.224941     8.651525     6.746389    14.115145   -38.544038  -120.133151
   40.698919     8.882135     7.000919    13.841913   -48.861043  -110.934071
   41.112523     8.916474     6.568701    13.733116   -49.066484  -102.008858
   41.282935     8.672008     6.618861    14.071297   -56.265193  -110.029910
   41.377031     8.707857     6.359437    13.861647   -33.318128  -113.343037
   41.557628     8.875788     6.556285    13.939383   -39.995958  -127.029173
   41.665054     9.044618     6.817636    14.029689   -48.431514  -146.367668
   41.424942     9.057485     6.860793    13.954518   -41.840361  -124.556351
   41.269806     8.597245     6.637053    14.110436   -50.528083  -124.717077
   41.150606     8.697897     6.620285    13.954316   -54.883556  -123.287164
   41.229923     8.674379     6.570393    13.974149   -41.827674  -117.313440
   41.116510     9.005052     7.102669    13.996225   -43.421640  -132.754066
   41.389857     8.610120     6.492007    14.002228   -26.061277  -138.781740
   41.755092     8.845967     6.840310    14.267149   -30.921312  -143.701650
   41.087508     8.889019     6.888960    13.926937   -45.053176  -131.189620
   41.112312     8.767500     6.880894    14.081270   -45.713669  -106.418922
   41.293277     8.715862     6.891229    14.206607   -50.613575  -126.372054
   41.350336     8.683489     6.834065    14.179167   -25.937002  -136.027065
   40.875599     8.799116     6.721681    13.793503   -46.678898  -121.251874
   41.127913     8.650790     6.636407    13.967588   -26.147204  -119.334678
   41.278578     8.931441     6.714254    13.854355   -33.771482  -128.336499
   41.235879     8.669659     6.730432    14.056307   -22.771619  -131.349675
   41.270702     8.983429     6.927387    13.960189   -36.089332  -133.826368
   41.361868     8.710127     6.791285    14.226594   -65.951100  -108.020476
   40.882805     8.562685     6.636796    13.943794   -52.751314  -125.424687
   40.817254     8.851980     6.733824    13.749225   -55.849596  -121.526396
   41.002862     8.653468     6.633530    13.914796   -38.021584  -115.309099
   40.569746     8.460228     6.647901    13.863703   -41.965365  -126.279771
   40.966089     8.872902     6.825534    13.859611   -53.268060  -121.903514
   41.208336     8.816049     6.901529    14.073925   -54.295112  -132.019368
   41.158024     8.979521     6.977906    13.962851   -58.413758  -135.847034
   41.243171     8.826827     6.618963    13.840948   -39.851345  -138.508381
   41.076893     8.507941     6.568714    14.008373   -47.850005  -142.927416
   41.580270     8.750191     6.566448    14.080935   -53.582242  -130.478034
   41.388131     8.980315     6.920900    14.035432   -34.562379  -128.547976
   41.302034     8.794221     6.612264    13.951130   -63.221222  -124.360162
   41.524550     8.830101     6.750824    14.092478   -40.595653  -139.940843
   41.219654     8.806657     6.739508    13.942570   -45.905147  -139.610224
   40.785488     8.935409     6.800680    13.694729   -49.986207  -124.447880
   41.253735     8.769445     6.913143    14.102216   -40.250545  -147.725919
   40.780253     8.761389     6.734552    13.783716   -53.618013  -142.357765
   41.446811     8.860016     6.654047    14.001873   -61.859013  -121.354234
   41.237587     9.068195     6.904983    13.862838   -54.353036  -139.291594
   40.896256     8.654569     6.780191    13.911675   -30.605001  -141.261718
   41.383890     8.954954     6.787755    13.992632   -56.079798  -116.439977
   41.420373     9.048016     6.896211    13.961489   -38.055167  -135.655016
   40.986754     8.753659     6.956006    14.033324   -38.901673  -128.919773
   41.250437     8.520273     6.555014    14.075843   -24.526429  -125.374377
   41.238092     8.636538     6.419491    13.906345   -43.777844  -114.578275
   41.766165     9.196996     6.997486    14.191714   -56.311780  -110.182429
   41.475405     9.127514     6.847111    13.907464   -39.246647  -124.475107
   41.169842     8.911978     7.091164    14.084419   -42.028106  -138.565521
   41.630472     9.128879     6.733172    13.888571   -42.740539  -130.173890
   41.344168     8.850394     6.790216    14.054838   -55.283337  -121.332474
   41.279650     8.772786     6.592573    13.862198   -23.200274  -142.421276
   41.275191     9.026337     6.834904    13.866205   -41.529109  -129.772088
   41.154636     8.979453     6.875071    13.851595   -31.552964  -135.283330
   41.309831     8.837455     6.656421    13.877652   -27.861487  -140.924719
   41.091825     9.022312     6.893383    13.782395   -32.663393  -142.125689
   41.065066     8.852474     6.632235    13.757654   -33.839129  -122.756170
   41.371503     8.964682     6.538574    13.708967   -24.978865  -137.319627
   41.441334     9.093728     6.803004    13.833300   -32.035925  -144.731919
   41.283553     9.087056     6.728461    13.663647    -9.970312  -149.094638
   41.189509     9.044879     6.928589    13.793291   -18.836706  -159.331395
   40.750790     8.666026     6.837354    13.830330   -21.337888  -157.299844
   41.449216     9.061956     6.886091    13.917970   -13.612524  -143.694251
   41.121000     9.049159     7.001865    13.849164   -24.621819  -141.114407
   40.875121     9.025588     7.033870    13.790505   -46.227497  -141.472735
   40.709979     8.971799     6.921977    13.670705   -37.553349  -135.499570
   41.304382     9.146442     6.872637    13.759055   -26.936649  -146.146664
   41.468289     8.861506     6.594379    13.845594    -7.196511  -154.801087
   41.167091     8.871549     6.735720    13.823935   -28.953217  -145.443262
   40.736579     8.795371     6.745093    13.705530   -33.423090  -133.015207
   41.631689     8.963181     6.701741    13.943764   -22.498817  -156.923095
   41.323050     8.878060     6.508745    13.734127   -32.176568  -145.628095
   41.394655     9.008617     6.551447    13.697661   -25.783377  -134.587488
   41.154548     8.510814     6.613632    14.032752   -18.602303  -144.927205
   40.872890     8.746108     6.672397    13.734569   -30.101045  -151.126800
   41.257251     8.992330     6.824478    13.838868   -37.437146  -148.388878
   41.188537     8.760593     6.816613    14.036937   -42.259892  -130.491398
   41.126785     8.772813     6.463279    13.748879   -46.834199  -126.600839
   41.215124     8.776363     6.916768    14.118879   -44.386598  -128.548747
   41.499711     8.692564     6.506299    14.029930   -45.641061  -132.848439
   40.842571     8.796158     6.358014    13.510555   -32.934679  -125.258811
   41.337982     8.835688     6.889276    14.108911   -28.726983  -124.811435
   41.625340     8.964956     6.924336    14.253110   -53.670518  -106.651397
   41.241734     8.959234     6.776688    13.877087   -32.017983  -118.496292
   41.322641     8.754679     6.622175    13.979996   -47.087331  -126.382755
   41.208631     8.601625     6.725705    14.149261   -44.551683  -114.926349
   41.106944     9.032564     7.071308    13.918330   -35.791028  -141.688388
   41.249929     9.051328     6.803624    13.757207   -26.023187  -146.614718
   41.017370     9.028635     6.907575    13.758830   -32.020895  -135.875477
   41.697470     8.875995     6.566008    14.040691   -51.261381  -124.242345
   41.354384     8.906147     6.551036    13.822034   -46.474029  -117.808645
   40.778983     8.801004     6.998181    13.910935   -45.409548  -136.792883
   41.295469     8.877743     6.770503    13.965008   -56.147834  -134.930326
   41.436990     9.036992     6.809533    13.922558   -57.600641  -141.201031
   41.337380     8.861052     6.626895    13.903358   -47.578139  -122.933309
   41.546664     9.047358     6.533093    13.729180   -36.141097  -139.830156
   41.230777     9.039260     6.783620    13.772781   -33.621556  -134.946426
   41.368269     8.933492     6.529765    13.728110   -25.170925  -137.561216
   41.279579     9.079169     6.809647    13.869915   -55.956719  -102.296433
   41.464334     8.733316     6.556163    13.974453   -24.349600  -141.410763
   40.755958     9.087283     6.934981    13.649285   -47.908887  -115.941711
   41.302151     9.125774     6.773262    13.768484   -42.968226  -118.420197
   41.027765     8.949917     6.965155    13.934662   -47.116315  -111.384677
   41.326786     9.088586     6.740011    13.785825   -44.571838  -120.476633
   41.345766     9.103648     6.860506    13.873588   -37.076125  -120.089559
   41.254228     8.888510     6.618005    13.815304   -46.510846  -129.832505
   41.346133     9.156424     6.776609    13.758209   -53.973222  -130.898377
   41.251910     8.884020     6.511507    13.691938   -15.704447  -135.458198
   41.375141     8.663044     6.258055    13.823505   -41.750511  -120.479178
   40.993490     9.026221     6.817840    13.764289   -60.956353  -113.058748
   41.346346     9.125796     6.754165    13.749403   -38.496284  -130.115945
   41.292205     9.103356     6.723041    13.717975   -34.169134  -126.897122
   40.976907     9.028544     6.943063    13.800941   -36.154632  -117.034113
   41.626396     8.833088     6.465599    13.970442   -53.214913  -119.692772
   41.402598     8.935330     6.490891    13.718383   -28.261138  -137.181054
   41.082404     8.986806     6.653645    13.658803   -27.791188  -122.546571
   41.111360     8.909591     6.603947    13.754125   -48.085485  -107.815931
   41.283018     8.906599     6.534198    13.732202   -31.564563  -130.164221
   40.754481     8.928547     6.843156    13.714645   -44.234911  -113.454539
   41.175107     8.811856     6.483648    13.745506   -39.764241  -123.562146
   41.335847     8.802583     6.452854    13.781544   -30.653770  -134.547882
   41.364008     9.012378     6.673870    13.829678   -51.635703  -119.656299
   41.251126     9.033839     6.740790    13.782265   -40.735823  -124.885766
   40.987181     8.800622     6.682787    13.773677   -16.009748  -126.758334
   41.041195     8.838844     6.953369    13.993665   -34.013654  -123.350804
   41.218550     9.031024     6.604621    13.687298   -39.563940  -110.927772
   41.161563     8.767143     6.558446    13.861716   -52.114629  -116.228695
   40.930836     8.689128     6.666118    13.867907   -52.488771  -135.543676
   40.719253     8.566694     6.805978    13.927130   -32.401951  -133.719599
   41.181503     8.873866     6.877534    13.979369   -42.219604  -131.047684
   41.519202     8.820277     6.512339    13.940940   -50.180858  -127.852318
   40.997790     8.746496     6.833250    13.953171   -46.156378  -137.247669
   41.487386     8.921781     6.458147    13.770502   -33.766307  -128.827060
   41.347405     9.044764     6.824937    13.896358   -51.020099  -126.875829
   41.156057     8.715044     6.792987    14.055585   -52.034149  -128.918343
   40.845613     8.688855     6.705805    13.823601   -31.531183  -129.328237
   40.854802     8.755143     6.501459    13.598063   -20.613717  -141.826270
   41.440888     8.688433     6.373782    13.913844   -42.579137  -124.139316
   40.973388     8.780237     6.755660    13.870492   -44.245434  -126.465529
   41.208555     8.634623     6.776186    14.116877   -46.323638  -138.846177
   41.295358     8.668561     6.717508    14.126865   -57.408928  -126.103821
   41.123757     8.535583     6.426321    13.889874   -30.163618  -134.675212
   41.577583     8.693365     6.711703    14.210112   -26.954090  -135.196970
   41.238852     8.910751     6.668176    13.845265   -49.671420  -121.123876
   41.132714     8.754291     6.565507    13.817029   -18.057426  -119.629212
   41.395602     8.974035     6.907132    14.059528   -36.489131  -117.112827
   40.818542     8.888101     7.065526    13.911747   -31.965690  -117.685374
   40.736844     8.816850     7.022919    13.894277   -34.049284  -122.156983
   41.322018     8.902664     6.661553    13.845244   -31.636213  -135.234277
   41.120572     8.809507     6.803822    13.941303   -22.592500  -123.649848
   41.265054     9.058196     6.813698    13.838315   -40.408247  -118.265474
   40.998847     8.678393     6.546835    13.776661   -27.231385  -138.769699
   41.371333     9.066232     7.083102    14.076426   -44.032620  -132.763114
   41.044045     8.889001     6.895754    13.905636   -31.359612  -124.655415
   41.276370     8.876924     6.709973    13.832130   -14.869466  -151.217835
   41.113710     8.948351     6.492498    13.574500   -30.275097  -135.867725
   41.271047     8.972296     6.742904    13.839839   -31.510235  -125.868286
   41.417278     8.976777     6.612360    13.838396   -50.261983  -120.192922
   41.499112     8.790822     6.445023    13.879074   -31.785428  -132.002472
   41.110896     8.811474     6.744118    13.906048   -39.153090  -123.615339
   41.493168     8.704695     6.462658    13.999129   -50.431038  -126.212513
   40.965121     8.496582     6.661658    14.024238   -31.901637  -126.889462
   41.447239     8.805236     6.393828    13.808523   -37.314777  -129.756496
   41.335050     8.863988     6.653249    13.940781   -60.749505  -119.764521
   41.035526     9.108464     6.893386    13.780712   -62.036691  -105.885421
   41.581620     9.085181     6.962792    14.139054   -48.255088  -111.027532
   41.369600     8.924803     6.537411    13.803877   -55.020449  -123.157878
   41.188956     8.724188     6.682985    14.018826   -58.925871  -113.846261
   41.242670     8.759402     6.690173    13.967161   -41.961363  -132.598838
   41.309599     8.647749     6.545856    13.966354   -31.510484  -141.039954
   41.347117     8.751341     6.640535    14.019963   -49.591439  -122.963634
   41.491323     9.145876     6.887418    13.901524   -20.812472  -131.761557
   41.397087     9.078083     6.928484    13.968573   -45.496007  -128.647602
   41.135657     8.986515     6.800204    13.830945   -45.654103  -115.661191
   40.837499     8.947763     6.918203    13.789334   -46.276837  -119.092499
   41.012369     8.787064     6.725124    13.887253   -48.212147  -114.594680
   40.990983     9.056248     6.856124    13.714709   -34.224127  -119.412934
   40.710627     8.862659     6.948789    13.765189   -25.872780  -132.157129
   41.146266     8.946890     6.800520    13.854167   -45.664464  -124.993774
   41.276130     8.899224     6.619280    13.803398   -40.933457  -134.056819
   41.181296     8.962123     6.776704    13.865584   -55.226381  -118.012632
   41.111339     8.969878     6.747337    13.724962   -20.004540  -136.638983
   41.244019     8.786240     6.493465    13.755466   -18.023264  -139.828242
   41.138419     9.060429     6.760664    13.744617   -47.434826  -113.133830
   41.476938     8.898951     6.892042    14.122060   -24.667018  -129.638399
   41.483664     8.963456     6.932608    14.117804   -38.380756  -128.668830
   41.219270     8.871818     6.739234    13.908046   -42.941027  -125.545563
   41.361394     8.881984     6.763382    14.003460   -41.912826  -122.238843
   40.987008     8.868055     6.588550    13.681565   -36.667932  -119.814823
   41.085871     8.857525     6.671328    13.831253   -46.527171  -109.437401
   41.186429     8.851512     6.600274    13.781717   -27.892777  -128.000856
   41.213863     8.732359     6.742653    14.074858   -49.687947  -104.644791
   41.198835     8.761028     6.827414    14.077889   -42.645609  -116.251783
   41.466403     9.119400     6.823530    13.898725   -48.504459  -123.655414
   41.427403     8.940204     6.627497    13.871090   -35.971386  -123.669238
   41.092373     9.029072     6.775313    13.735500   -49.998799  -130.525441
   41.168088     8.891763     6.602752    13.756604   -40.616953  -126.139210
   40.884231     9.107521     6.788497    13.552785   -38.798845  -137.533432
   40.917091     8.845950     6.485448    13.633173   -52.235261  -116.405947
   41.159439     8.682199     6.572049    13.946253   -52.477678  -115.741460
   41.428568     9.130626     6.911708    13.939128   -45.982690  -122.924210
   40.970148     8.697850     6.732042    13.890014   -26.055035  -131.716794
   41.568426     9.090741     6.701042    13.854795   -30.360538  -129.308772
   40.720425     8.804596     6.781328    13.789726   -55.592532  -103.706945
   41.101989     8.976132     6.815590    13.797797   -10.592355  -109.960475
   41.463949     9.005473     6.657754    13.812832   -10.107156  -132.183269
   41.619483     8.770119     6.280493    13.800386   -10.780817  -138.214137
   40.831847     8.865740     6.877035    13.810576   -26.366213  -106.430758
   41.266319     8.851547     6.641558    13.889678   -34.342417  -115.036941
   41.480892     9.089751     6.721623    13.841519   -23.760569  -118.319629
   41.177632     8.970698     7.026314    14.040923   -59.181077  -122.316956
   41.626663     8.825331     6.455091    13.994732   -61.797698  -111.897902
   41.648429     9.032525     6.855578    14.154486   -54.265126  -106.059325
   41.501769     8.720931     6.658360    14.149090   -47.225045  -122.057759
   41.599082     8.960860     6.666304    13.975022   -47.704583  -128.981154
   41.013602     8.933659     6.666841    13.725164   -57.120266  -124.133886
   41.477444     8.982270     6.899343    14.069086   -52.363303  -134.704977
   41.193547     8.977224     6.727734    13.808539   -49.792737  -121.602248
   41.381710     9.164247     6.893725    13.844013   -39.098566  -131.559975
   41.130290     8.851841     6.710292    13.909846   -57.831830  -105.381605
   41.047456     9.266515     7.001893    13.666953   -37.604858  -124.140989
   41.133918     8.920178     6.823134    13.930559   -55.278250  -107.149081
   41.052688     8.917698     6.919207    13.906579   -42.777118  -129.390652
   41.269749     9.219628     7.169681    14.002769   -53.314050  -110.931906
   41.227291     9.091869     6.986303    13.912573   -51.323968  -128.743914
   40.727423     8.882281     6.868255    13.748119   -45.007173  -122.280013
   41.597011     8.826554     6.790574    14.184303   -39.447793  -132.871829
   41.130682     8.837117     6.737431    13.864160   -47.197796  -145.227558
   41.041949     8.866994     6.937859    13.907702   -26.391898  -145.673507
   40.887416     8.644408     6.796610    14.023217   -59.768011  -106.350683
   41.470780     8.893875     6.617088    13.963838   -45.168673  -111.000475
   41.256217     9.094933     6.834476    13.829398   -42.736792  -112.969344
   41.214710     8.812465     6.483142    13.777950   -44.108527  -118.918680
   41.147750     9.068990     7.075586    13.962946   -41.439192  -118.756969
   40.877553     8.760667     6.628814    13.755223   -45.165494  -124.778910
   41.245314     8.849745     6.518819    13.814073   -55.149189  -111.886115
   41.186468     8.898333     6.689002    13.848877   -50.132336  -119.320500
   40.778976     8.779749     6.842177    13.867236   -55.438266  -116.831758
   41.650356     8.867472     6.568319    14.055907   -45.880395  -109.568653
   41.097100     8.834727     6.920020    14.052238   -58.496730  -111.626496
   41.286195     8.875180     6.495742    13.749172   -46.596711  -133.064395
   41.469616     8.736838     6.606226    14.032555   -38.903158  -138.609956
   41.469694     8.922888     6.790586    14.049431   -47.585648  -124.118609
   41.178106     9.063461     6.934798    13.891356   -55.515471  -120.597195
   41.318167     8.854662     6.810101    14.025541   -52.305822  -133.238979
   41.191840     8.829700     6.810411    13.952681   -39.019100  -139.432770
   40.939238     8.910058     6.722174    13.741494   -53.875237  -124.464413
   40.987317     8.966742     6.812684    13.729550   -33.619043  -135.645534
   41.647014     8.929668     6.443274    13.877437   -44.942234  -114.731348
   41.237434     8.791368     6.756903    13.991458   -44.334784  -131.580645
   41.323429     8.999825     6.716075    13.827722   -25.239025  -120.842966
   40.964194     8.873974     6.969818    13.922637   -29.901357  -126.583352
   41.094740     8.644514     6.489833    13.804173   -13.909527  -135.224023
   41.272884     8.967104     6.649034    13.818249   -44.949058  -108.074596
   40.683217     8.753112     6.722070    13.737224   -41.730167  -112.497623
   41.212484     8.841574     6.636843    13.887813   -47.926267  -109.715995
   41.383658     8.914645     6.405245    13.709295   -38.911436  -118.193568
   41.557021     8.919927     6.775108    14.086886   -42.883881  -124.495993
   41.186562     8.749935     6.741157    14.051948   -53.432435  -101.809257
   41.092762     8.809042     6.799129    13.980885   -46.104805  -102.617750
   41.223366     9.016950     6.708625    13.753613   -30.140258  -121.581551
   41.251895     8.832513     6.600498    13.905433   -50.488284  -102.236449
   40.967303     8.744260     6.512103    13.733657   -29.995412  -103.752876
   40.884252     8.830986     6.946146    13.935716   -39.205540  -107.263233
   40.984284     8.883874     7.011393    14.015623   -48.795809   -99.693119
   40.896018     8.502551     6.629701    13.973542   -33.461274  -118.323228
   41.362936     9.013636     6.940955    13.994967   -17.065474  -124.979063
   41.382323     8.539895     6.436416    14.068606   -29.063779  -114.136983
   41.255123     8.804068     6.530596    13.826472   -32.443055  -120.367878
   41.267443     8.739193     6.769983    14.020306   -17.811501  -140.354403
   40.993567     9.059800     6.852277    13.654499   -15.507546  -138.138338
   41.423030     8.818212     6.852089    14.103245   -18.224817  -139.357637
   40.704633     8.659795     6.675826    13.775686   -37.219377  -121.169728
   41.722982     9.053383     6.869985    14.161679   -42.771275  -115.948744
   41.559453     8.978498     6.770804    14.059591   -50.801232  -114.291441
   41.762587     9.054930     6.479266    13.883732   -61.563392  -107.308604
   41.237189     8.683960     6.371567    13.799162   -35.365974  -125.319728
   40.897302     9.001645     6.794698    13.708337   -49.330981  -106.764640
   41.338400     8.813935     6.607246    13.930749   -36.266891  -119.100368
   41.452481     8.968175     6.713739    13.915053   -36.073231  -130.113659
   41.159347     8.607064     6.563776    13.996800   -51.596187  -120.715182
   41.272818     9.041844     7.047485    14.032209   -48.642683  -125.268160
   41.402062     9.066721     7.038084    14.057936   -37.052959  -130.232276
   41.362324     8.693629     6.848382    14.191509   -30.069071  -136.545275
   41.433270     8.926171     6.923935    14.091768   -32.843235  -136.745791
   41.195386     8.904980     6.852881    13.968635   -46.759650  -119.519982
   41.481242     9.164672     6.799165    13.889536   -57.445064  -107.128321
   41.231332     8.750544     6.688870    13.994431   -56.461502  -127.896734
   41.203506     8.858341     6.756872    13.878912   -31.499976  -142.635696
   41.293817     8.955763     6.697178    13.839303   -39.529150  -124.831184
   41.072043     8.790967     6.922434    14.008330   -37.205082  -136.385388
   41.245546     8.896594     6.718786    13.885891   -51.053911  -129.557391
   41.350053     8.856851     6.592085    13.862338   -46.628387  -135.787861
   41.201372     9.089022     6.874630    13.805589   -45.449353  -130.527215
   41.234620     8.798638     6.672124    13.882970   -32.191849  -143.492708
   41.184595     8.763597     6.684917    13.961200   -48.097994  -118.957599
   41.232513     8.983726     6.699391    13.817455   -55.374722  -116.548440
   41.073644     9.073532     6.804067    13.730874   -54.141106  -120.726195
   41.131793     9.031980     6.653593    13.615303   -30.315963  -142.937454
   41.025521     9.045724     6.859816    13.722951   -37.838273  -135.073253
   41.463901     9.034599     6.642764    13.828939   -50.994083  -123.679638
   41.400078     9.025491     6.642485    13.794941   -50.853348  -128.666869
   41.089207     8.847498     6.837479    13.923135   -42.130902  -130.526062
   41.364257     8.920549     6.606120    13.799942   -29.208805  -138.154266
   41.503515     9.035793     6.536009    13.732952   -30.556753  -129.261499
   41.122057     8.939702     6.950771    13.925802   -36.831810  -137.725218
   41.276070     8.811406     6.761586    13.953984   -31.282251  -147.250724
   41.191911     9.002721     6.809705    13.829846   -45.097644  -128.199683
   41.137420     8.925810     6.695780    13.753378   -38.257674  -140.694604
   41.485494     8.899944     6.574698    13.839405   -26.391304  -146.941506
   41.157362     8.723865     6.668476    13.946719   -44.956586  -129.117270
   41.416387     8.725211     6.768654    14.162910   -41.696024  -128.681770
   41.727369     8.941088     6.494926    13.929793   -50.154053  -127.012354
   41.307842     8.712217     6.815315    14.133599   -42.587209  -136.127390
   41.066504     8.925855     6.622039    13.667341   -31.312373  -132.843322
   41.295541     8.916801     6.686492    13.896931   -48.419213  -113.903271
   41.248959     8.649793     6.865709    14.212545   -38.926578  -123.043517
   40.694660     8.716340     6.730137    13.782497   -44.031318  -113.187280
   40.728269     8.809091     6.839185    13.713214   -16.974406  -143.236946
   40.790355     8.953301     7.031973    13.855680   -56.903522  -120.233867
   41.314808     8.910508     6.844974    14.006497   -50.822881  -129.860730
   41.159491     9.128002     6.925300    13.794146   -37.972338  -122.653054
   41.314410     9.058926     6.898432    13.943195   -46.482676  -115.372822
   40.800003     8.651615     6.500187    13.671402   -22.226695  -132.081914
   41.145909     8.917951     6.838665    13.847184   -32.116409  -148.894140
   41.121895     8.906407     6.836974    13.861868   -31.456633  -138.494149
   41.394485     9.122662     7.094397    14.059889   -51.507566  -131.557001
   41.414512     8.857542     6.895596    14.122847   -37.009651  -136.533100
   41.434296     8.979062     6.494629    13.690202   -27.891365  -141.880407
   41.144773     8.617346     6.664711    14.017759   -39.971452  -132.950787
   41.452331     8.664632     6.345483    13.856642   -23.108931  -147.849182
   40.601124     8.517541     6.843671    13.969577   -44.951266  -123.178299
   41.333008     8.813768     6.611246    13.913867   -51.836012  -135.534548
   41.271972     8.805272     6.842454    14.059825   -45.219809  -133.855712
   41.034731     8.589660     6.509838    13.882343   -41.587838  -128.611403
   41.212001     8.924319     6.933090    13.986844   -44.863489  -136.246163
   40.812230     8.801380     6.716932    13.754412   -51.049432  -133.542379
   41.600282     8.742779     6.482055    14.035301   -46.385730  -125.976847
   41.092363     8.546189     6.542550    13.928797   -21.717233  -139.807408
   41.584517     8.682624     6.532450    14.114362   -53.564702  -133.443615
   41.179616     8.727883     6.720731    13.985377   -44.693912  -133.644050
   41.600225     8.999736     6.867087    14.022497   -13.088886  -153.835025
   41.245267     8.809947     6.863202    14.035534   -10.767410  -125.081368
   41.028379     8.602189     6.793766    14.053762   -21.563046  -125.444552
   41.288398     8.702934     6.573414    13.916645   -21.769828  -140.815358
   41.358803     8.708568     6.457460    13.901543   -36.290261  -127.547429
   41.199684     8.694777     6.827010    14.098931   -34.832425  -131.199015
   41.295422     8.579942     6.648861    14.144630   -33.996690  -116.798020
   41.207438     8.672570     6.645901    14.014703   -40.740954  -119.866469
   41.069421     8.614518     6.667615    14.026249   -50.695204  -115.148406
   41.164288     8.799658     6.644515    13.896381   -41.231434  -110.081837
   41.605586     8.967854     6.479488    13.829835   -33.314300  -118.961588
   41.537779     9.030495     6.818301    14.052259   -39.741377  -103.190814
   41.264336     8.624998     6.687113    14.110255   -41.419471  -124.867977
   41.244786     8.755892     6.798354    14.103439   -54.775010  -113.730983
   41.293725     8.587363     6.504999    13.998385   -26.539888  -129.292323
   41.149217     8.829717     6.405361    13.637091   -31.579647  -132.719033
   41.051755     8.768509     6.659758    13.814066   -31.526349  -137.820243
   41.337930     8.953216     6.614501    13.755528   -34.378470  -146.480209
   41.179451     8.527314     6.628877    14.112789   -52.166565  -128.965737
   41.363264     9.044251     6.656965    13.794601   -46.498699  -113.597543
   41.156638     9.035439     6.776358    13.771145   -38.289750  -116.674931
   41.123532     9.091724     6.879982    13.788012   -51.377973  -122.935930
   41.450727     8.705977     6.493934    14.034236   -47.309687  -107.807072
   41.255971     9.164711     6.815470    13.717525   -40.887588  -130.720739
   41.034230     8.725047     6.755930    13.959082   -49.871824  -125.369018
   40.846839     8.898227     6.658016    13.644758   -45.695269  -129.057059
   41.148542     8.879954     6.449249    13.635275   -33.534871  -127.084614
   41.441490     9.062485     6.806849    13.897631   -43.822778  -133.406862
   40.967630     8.934255     6.623345    13.622415   -33.030632  -128.755868
   41.350516     8.939270     6.620007    13.785893   -36.074663  -142.868823
   41.147631     8.974751     7.022509    14.000621   -52.192660  -127.305357
   41.131384     8.909589     6.578772    13.702645   -38.527067  -126.193655
   41.602764     9.003464     6.781872    14.027246   -37.294262  -129.757997
   41.134204     8.706375     6.543919    13.878335   -44.358695  -116.904850
   41.056723     8.827288     6.558244    13.727451   -43.236396  -127.845965
   40.951703     8.798591     6.923419    13.966681   -48.165081  -128.319513
   41.581827     8.853877     6.593401    13.975566   -43.483039  -141.838192
   41.564457     8.741876     6.560148    14.074761   -39.559856  -125.493372
   41.881412     8.956125     6.476659    14.017202   -48.203060  -114.836371
   41.161147     8.709122     6.524080    13.848966   -45.678524  -134.766178
   40.671905     8.953961     6.820695    13.618991   -41.391244  -126.785587
   41.557439     8.888945     6.692009    14.050800   -34.347451  -120.705458
   41.182890     8.830423     6.944636    14.032010   -23.994188  -139.851734
   41.361249     9.240107     7.077915    13.879622   -24.789653  -141.371798
   41.451136     9.167806     6.915878    13.917511   -45.348180  -124.966899
   41.398318     8.940448     6.967813    14.095052   -34.209135  -136.353793
   41.213556     8.803819     6.738754    13.958078   -39.537272  -127.165340
   41.352096     8.941994     6.537296    13.665949    -1.925881  -152.194145
   41.228636     9.037798     6.965432    13.910480   -23.209336  -131.764291
   41.403334     9.136448     6.809022    13.761811   -12.847046  -144.160128
   40.877743     8.920980     6.847580    13.710748   -16.549382  -138.244338
   41.434282     9.037849     6.742089    13.792042    -9.894501  -153.078165
   41.360715     8.788513     6.728783    13.971494     0.072668  -142.430204
   41.147520     9.063378     6.899146    13.849722   -41.829840  -110.519454
   41.272423     9.113678     6.940570    13.852857   -33.173161  -134.564935
   41.217507     8.785934     6.667031    13.864181    -9.248481  -140.753291
   41.417352     9.092338     6.586960    13.656193   -18.855843  -134.162817
   41.502145     8.969131     6.772340    13.955033   -16.305751  -138.035070
   41.439472     8.871909     6.774076    13.992248   -31.504370  -151.892290
   41.200837     8.974196     6.854419    13.870301   -42.066238  -138.591770
   41.109956     8.544106     6.432257    13.896711   -33.965225  -127.027310
   41.204068     9.009447     6.857338    13.873301   -47.106781  -125.954018
   41.153965     9.028761     7.038919    13.945812   -40.290012  -132.979181
   41.254664     9.049011     6.919327    13.887646   -42.753835  -137.023329
   41.513458     8.675699     6.687203    14.221249   -48.283159  -121.227153
   40.954606     8.884126     6.756048    13.791246   -44.347181  -114.854796
   41.172111     8.911443     6.745270    13.853741   -38.409369  -122.693095
   41.344769     8.917586     6.796820    13.914763   -27.729428  -150.777162
   41.508100     9.149091     7.025493    13.994592   -28.671506  -147.685591
   41.343587     8.807705     6.942472    14.137314   -30.845167  -144.901311
   41.416238     8.834479     6.909190    14.126689   -23.951555  -143.429075
   41.175969     8.764377     6.769756    13.976940   -44.064913  -139.445829
   41.383818     8.929539     6.884442    14.001753   -35.268052  -151.009252
   41.328218     8.962957     6.663810    13.819697   -48.056439  -132.350009
   40.843975     8.766541     6.599228    13.697587   -39.749476  -130.510892
   41.416042     9.031165     6.791671    13.902021   -44.401606  -132.303049
   40.964611     8.723938     6.735967    13.845741   -30.141024  -147.359202
   41.547936     8.877611     6.843737    14.163938   -54.610516  -133.004913
   41.198389     8.726177     6.706128    13.956390   -35.634599  -143.907850
   40.965523     8.920414     6.946906    13.849409   -37.295649  -141.571513
   41.539789     9.118289     6.823421    13.882056   -33.476501  -146.146881
   40.928561     8.971117     7.157871    13.983572   -53.201927  -126.789225
   41.278743     8.810259     6.679175    13.942241   -47.264444  -130.747190
   41.325342     8.997758     6.747694    13.879541   -60.403118  -125.824804
   41.756580     8.678518     6.516177    14.224925   -50.093085  -122.963252
   41.247774     8.717946     6.449601    13.859946   -48.206590  -118.383444
   41.337396     8.754125     6.733120    14.083397   -48.859842  -122.926111
   41.146664     8.591975     6.407771    13.910166   -53.407018  -110.807056
   41.355369     8.847808     6.572807    13.894122   -61.649966  -127.553994
   41.206765     8.900946     6.672763    13.835090   -49.606952  -124.346950
   41.661839     9.091385     6.751318    13.969627   -54.020110  -127.773780
   40.928570     8.733928     6.751586    13.882604   -48.472446  -132.656743
   41.027989     8.725911     6.440031    13.703211   -33.229080  -126.232110
   41.181002     8.672589     6.628289    13.963543   -41.512530  -132.786566
   41.172756     8.611672     6.473076    13.869264   -31.180619  -143.208661
   40.556648     8.865126     7.116966    13.890783   -62.181753   -98.821265
   41.175632     8.828224     6.550260    13.773215   -44.107810  -131.802167
   41.302382     8.721290     6.812882    14.131479   -42.138295  -130.629288
   41.047410     8.921886     6.900253    13.883918   -44.810628  -132.169751
   41.195288     8.748814     6.642814    13.946695   -54.682534  -124.422114
   41.034331     8.574614     6.599964    14.015979   -59.737290  -109.814045
   41.397128     8.766559     6.539053    13.982332   -63.521360  -117.006297
   41.296858     8.575533     6.545204    14.090644   -45.373077  -113.671435
   41.415557     9.203237     6.757529    13.777038   -57.404561  -111.415124
   40.866670     8.825056     7.005817    13.978686   -53.993969  -120.388421
   41.047769     8.787482     6.868251    13.960815   -27.640476  -129.877486
   41.307483     8.784353     6.651325    13.988060   -51.231522  -118.295342
   41.436767     8.992775     6.919566    14.112182   -52.271890  -106.230544
   42.250953     9.118093     6.583503    14.119488   -37.274455  -136.986052
   41.446441     9.145411     6.895170    13.847539   -16.705201  -146.189421
   41.350231     8.896625     6.751909    13.910060   -20.688770  -143.585705
   41.588629     9.189207     6.869430    13.857069   -10.833203  -149.091756
   41.112341     9.111389     6.835500    13.734742   -50.216518  -120.627964
   41.326691     9.121280     7.022747    13.870822    -7.866823  -156.289679
   41.742559     8.832367     6.580547    14.042484    -7.146827  -138.427376
   40.799452     8.537693     6.440431    13.733522   -23.489704  -128.210097
   41.186127     9.041581     6.655430    13.575672     3.739989  -152.094656
   41.673376     8.985301     6.619603    13.878499    -8.732249  -149.541322
   41.432891     8.774642     6.402089    13.818055   -25.078717  -132.053109
   41.243210     8.992176     6.623711    13.653000   -10.470669  -145.382467
   41.544786     9.070897     6.797276    13.916512   -23.203704  -137.223787
   41.374569     8.912028     6.781398    13.898383    -5.735555  -152.605382
   41.381636     8.806702     6.698942    13.972337   -17.149646  -139.250665
   41.199669     8.935858     6.837887    13.824124    -5.369198  -152.560675
   40.992790     8.934214     6.793615    13.726809   -30.209978  -144.454679
   41.019183     9.206985     7.052213    13.747512   -35.537480  -117.773430
   41.027137     8.910287     7.043473    13.926252   -21.091328  -149.325230
   41.300756     9.232296     7.014872    13.819721   -23.674118  -131.721940
   41.379735     8.724878     6.369393    13.789406   -15.127910  -137.427646
   41.104095     9.110198     7.031067    13.870730   -38.637961  -116.061588
   41.005112     8.958248     6.932943    13.794736   -13.285109  -144.072093
   41.239163     9.005213     6.806170    13.797000   -16.573820  -140.595900
   41.231451     8.925699     6.594006    13.726094   -20.711442  -128.835076
   41.344137     9.027206     6.706775    13.790290   -32.538261  -131.305016
   40.974445     8.638768     6.248270    13.524141     6.077031  -155.062771
   40.840016     9.029654     7.142117    13.815744   -21.369764  -135.720386
   41.490271     9.144270     6.692018    13.751014   -43.309763  -137.842590
   41.248207     9.123302     6.717065    13.639184   -24.697693  -139.349116
   41.206823     8.864066     6.683179    13.812938   -15.712160  -138.458973
   41.135877     9.104417     6.891845    13.792362   -44.195946  -117.694339
   41.099423     8.996573     6.695303    13.665653   -13.543386  -127.752018
   41.364039     8.742916     6.381202    13.719279    -0.655761  -159.800695
