   42.529590     8.902847     6.342898    14.349984   -64.066648  -132.142685
   42.406561     9.055371     6.305400    14.041838   -51.915307  -141.922096
   42.291748     9.153585     6.746420    14.280984   -42.059296  -130.354141
   42.139248     8.984077     6.353420    14.007304   -58.161707  -133.280486
   42.260833     8.990986     6.366560    14.106420   -70.102148  -133.347896
   42.433181     9.225836     6.548383    14.109321   -49.511298  -140.962975
   41.991767     9.021779     6.542791    14.061024   -58.914667  -124.001080
   42.454892     9.035425     6.546529    14.387175   -76.239456  -119.487954
   42.350468     9.204990     6.451651    14.006374   -59.007906  -134.504687
   42.416370     9.096462     6.351974    14.058911   -39.257051  -122.823256
   42.263320     9.411519     6.692877    13.965286   -40.829171  -131.997663
   42.014807     9.112762     6.680781    14.084299   -48.190160  -133.016120
   42.439114     9.005913     6.406059    14.262880   -52.121276  -109.724292
   42.246364     9.320401     6.835859    14.206186   -39.681636  -116.982089
   42.480991     9.045215     6.545834    14.339677   -42.083423  -117.920060
   41.933430     9.230977     6.958496    14.194159   -46.712859  -123.984082
   42.338546     8.926411     6.300985    14.143535   -36.286355  -119.704906
   42.557686     8.999857     6.548413    14.417086   -44.770652  -129.664027
   41.659567     8.990447     6.656239    13.982186   -50.851007  -126.049611
   41.882345     9.079744     6.637098    14.020667   -55.627266  -123.688696
   42.279831     8.950301     6.249918    14.072625   -48.028535  -111.604752
   42.120395     9.313838     6.719994    14.023809   -36.961072  -116.906913
   42.122013     8.936262     6.643110    14.230721   -23.088361  -144.589617
   42.469327     9.146669     6.372706    14.041248   -44.021049  -136.645685
   42.003876     8.764724     6.532946    14.264275   -33.593304  -133.745146
   42.288204     9.164352     6.643298    14.169376   -33.511001  -126.865983
   42.355340     8.954514     6.374690    14.176631   -34.717960  -124.983654
   42.086021     9.141195     6.500539    13.939551   -30.232243  -124.554186
   42.141931     8.984340     6.612344    14.266460   -47.434544  -114.890696
   42.261724     8.852694     6.577391    14.361014   -25.748344  -129.108624
   42.814597     8.989366     6.102709    14.170760   -26.635530  -116.143779
   41.910994     9.052143     6.570799    14.016698   -43.884686  -116.938825
   42.547175     8.797133     6.152470    14.265280   -37.243825  -125.201197
   41.749115     8.760190     6.485526    14.054849   -28.993392  -143.941425
   42.237104     9.204306     6.705533    14.175786   -45.502216  -125.521018
   42.418008     8.830427     6.300740    14.242508   -31.822518  -142.046198
   42.000535     9.087686     6.813532    14.197389   -41.767776  -140.775209
   42.209573     9.283064     6.786941    14.175247   -50.839903  -121.791892
   42.045248     8.971967     6.199110    13.814941   -30.954425  -127.677553
   42.560693     9.253383     6.573246    14.193134   -41.906160  -130.059736
   42.654364     9.273665     6.529240    14.182142   -38.503001  -130.331475
   41.951002     9.287340     6.784338    14.013868   -54.823238  -118.577627
   42.279515     8.939455     6.572946    14.346523   -42.421303  -115.721575
   42.748394     8.954227     6.232611    14.260799   -27.865501  -131.895906
   42.159460     8.981415     6.666860    14.237393   -31.712535  -150.317920
   42.198661     9.045539     6.583771    14.168084   -30.030551  -127.201349
   42.094320     8.959433     6.650879    14.253323   -31.922013  -123.508246
   42.296546     9.135424     6.505278    14.051925   -33.687260  -137.690862
   42.218052     8.939949     6.479543    14.181631   -45.353859  -141.976362
   43.328992     9.187679     6.277862    14.459525   -41.497274  -141.975107
   41.922363     9.134434     6.508066    13.806832   -30.760690  -152.988708
   42.535850     8.878356     6.112567    14.120150   -35.360359  -136.080881
   42.055386     8.918682     6.336751    13.962988   -25.299958  -138.022584
   42.031014     9.053614     6.551798    14.040441   -44.263950  -128.842995
   42.319559     9.200189     6.674292    14.154195   -37.069883  -146.671117
   42.346963     8.815068     6.076062    14.075045   -46.755495  -126.209719
   41.881204     9.076065     6.717232    14.026614   -25.273514  -144.520801
   42.133744     9.135404     6.532642    13.940762     0.700185  -130.516864
   41.906506     9.291127     6.620476    13.762772   -17.968383  -136.887782
   41.953765     9.293518     6.588139    13.830314   -34.087597  -111.723823
   42.238382     9.254936     6.448695    13.826515   -20.061005  -140.363348
   42.104407     8.985146     6.267358    13.853570    -6.264226  -130.731985
   42.088867     9.069831     6.524269    13.999614   -11.934333  -127.051285
   41.992818     9.078760     6.399707    13.862349   -31.538853  -122.550878
   42.257069     9.238250     6.418627    13.934492   -43.966726  -103.840906
   42.331366     9.339617     6.688404    13.984967    -3.968064  -149.429089
   42.097879     9.284971     6.633908    13.933669   -34.189712  -125.240090
   42.467127     9.362680     6.460492    13.834056    -0.191220  -139.959158
   41.964840     9.330832     6.657087    13.798410   -19.974993  -134.934558
   41.889086     9.196759     6.493160    13.728497    -4.091184  -128.652301
   42.286703     9.553370     6.654430    13.817239   -25.188300  -117.930342
   42.186955     9.224252     6.567919    13.938586   -15.617845  -135.565078
   42.308812     9.285533     6.429422    13.787468    -0.585742  -142.540340
   42.324311     9.352534     6.494521    13.827949   -22.583073  -141.064578
   42.224611     8.927843     6.152243    13.912089   -11.532123  -118.364466
   42.463581     9.220092     6.453509    13.991636   -12.758802  -135.741279
   42.165798     9.257558     6.562614    13.919948   -14.257039  -119.647612
   42.483770     9.504203     6.681480    14.021371   -41.152720  -124.426280
   42.092836     8.983106     6.267930    13.893266   -15.706991  -116.419795
   42.137702     9.029586     6.402564    13.897186     2.080810  -149.837470
   42.498150     9.086219     6.416519    14.059948     5.571198  -139.964629
   42.163219     8.960992     6.301394    13.971004   -20.624376  -125.729376
   41.743201     9.191385     6.807773    13.898387     5.184857  -132.324074
   42.086545     9.061816     6.461322    13.887916     5.538413  -145.860459
   42.203688     9.339397     6.457865    13.756371   -24.045187  -130.601266
   42.165040     9.205438     6.458380    13.921547   -38.382079  -112.487493
   42.559705     9.574943     6.708058    13.992712   -25.389232  -130.287096
   42.170850     9.384251     6.703316    13.931916   -23.922740  -128.133586
   42.548989     9.371777     6.549664    14.031741   -35.246367  -132.772305
   42.336143     9.440468     6.663578    13.960302   -36.538767  -126.544744
   42.343759     9.456876     6.927609    14.167465   -33.115667  -150.504958
   41.864635     9.179696     6.704243    13.896944   -27.428930  -152.622864
   42.303354     9.268604     6.282683    13.732978   -36.702381  -133.884486
   42.334533     9.037894     6.399206    14.052525   -16.371086  -135.540305
   42.326587     9.322339     6.458277    13.841318   -18.022140  -127.831526
   42.031149     9.043641     6.458626    13.907462   -20.164452  -147.942791
   42.269802     9.375328     6.615133    13.885721   -17.188217  -138.619902
   42.060389     9.319193     6.748191    13.947659   -19.317897  -135.247016
   42.203829     9.201568     6.265422    13.718286   -20.205422  -127.615988
   42.320737     9.387192     6.377374    13.750921   -28.111084  -109.961056
   42.522280     9.401380     6.464821    13.926765   -25.855221  -112.954530
   42.161898     9.043749     6.216512    13.804877   -14.959423  -126.642682
   42.388099     9.188608     6.337793    13.831360    -4.453527  -158.867878
   42.004324     9.047018     6.474763    13.937362    -9.771118  -122.237802
   41.892548     9.108566     6.544741    13.857966    -9.137418  -131.806849
   41.987873     9.313711     6.605252    13.816283   -24.087701  -120.300081
   42.491326     9.320470     6.519827    13.998899    -9.489618  -117.846596
   42.245359     9.227555     6.721970    14.117317   -19.386500  -135.097618
   42.336530     9.102707     6.385237    13.939443     0.034269  -140.842565
   42.116350     9.041384     6.697916    14.225748   -19.231558  -112.700687
   41.899911     8.963705     6.276721    13.779419    -8.804377  -128.548304
   42.321730     9.255943     6.434197    13.886693   -19.523219  -125.873082
   42.368905     9.409720     6.713758    14.061444   -49.240319  -135.062630
   42.092792     8.894226     6.501778    14.127232   -21.357583  -147.322637
   42.077021     9.010803     6.535203    14.087499   -50.079307  -135.157709
   42.437568     9.035704     6.399118    14.065318     3.203044  -139.480135
   41.837410     9.240151     6.746660    13.921316    -7.943508  -108.927098
   42.280251     9.436459     6.737438    14.016067   -26.284849  -112.846885
   42.170467     9.476033     6.804627    13.987938   -33.570030  -113.059556
   41.883915     9.121620     6.660009    13.924972    -8.058281  -138.822839
   42.234585     9.302735     6.451587    13.862467   -25.651089  -105.522670
   42.085602     9.132034     6.459314    13.862906    -2.594722  -129.299032
   41.990366     9.165351     6.720066    14.014158   -11.137156  -132.423045
   42.143606     9.070367     6.487227    13.950056     4.516119  -136.133031
   42.302377     9.269173     6.634048    14.088725   -21.504687  -107.483384
   42.335208     9.076857     6.700062    14.273203   -14.093775  -133.186168
   42.373528     9.266596     6.624714    14.071649   -16.153342  -129.310117
   42.028524     9.468247     6.750487    13.820290   -20.493041  -122.882617
   42.498277     9.284173     6.448591    13.998155   -24.240335  -118.065100
   41.855540     9.265119     6.729675    13.961288   -39.525767   -99.458333
   42.335049     9.151225     6.315990    13.881498   -12.446575  -124.398038
   42.274906     9.202908     6.584468    14.002934    -2.433985  -133.444472
   41.869644     9.281965     6.968868    14.045947    -7.175748  -133.203921
   41.966013     9.262379     6.850900    14.097175   -30.762454  -112.537095
   42.039766     9.249480     6.632162    13.955483   -25.533666  -110.488101
   41.947247     9.232085     6.721509    13.919199   -17.258169  -142.851076
   42.328315     9.410388     6.718854    14.006358   -14.153497  -124.359553
   42.758385     9.176442     6.391269    14.134268    -6.780555  -133.486784
   42.017206     9.079184     6.712767    14.102897    -8.036883  -126.734888
   42.060196     9.302084     6.563907    13.858406   -19.454521  -105.306372
   42.653476     9.431742     6.828188    14.334844   -41.247274  -130.069932
   41.906632     8.898373     6.520406    14.049732   -27.729659  -140.904835
   41.677840     8.873469     6.310656    13.820580   -42.980591  -123.533932
   42.173215     9.152828     6.626194    14.105406   -40.441132  -125.314041
   42.294747     9.029283     6.243673    13.977535   -57.686138  -123.915063
   42.280097     9.122378     6.364532    13.930928   -39.926691  -139.698841
   42.290316     8.950062     6.250847    14.049259   -53.989978  -129.104614
   41.977764     9.076127     6.532893    13.956806   -38.847707  -132.696165
   42.183480     9.002466     6.226431    13.910943   -50.625024  -126.035937
   41.808999     9.174658     6.919261    14.130508   -54.516106  -127.191608
   42.304551     8.988909     6.403252    14.112441   -34.110823  -137.046791
   42.225564     9.090206     6.400002    13.990630   -44.025944  -126.131627
   42.136064     8.893629     6.694864    14.337780   -30.015704  -140.592318
   42.510199     9.371617     6.664873    14.127183   -44.225443  -140.889047
   42.474715     8.971388     6.046914    13.922099   -37.266435  -145.078645
   42.603876     9.270365     6.369349    14.019944   -52.762871  -132.597601
   42.216444     9.232737     6.458683    13.883275   -43.459304  -133.349418
   41.787588     8.619310     6.278910    14.068118   -37.346486  -138.703558
   42.214530     9.025790     6.515326    14.093654   -26.082032  -146.608491
   42.483495     8.929786     6.519798    14.401387   -47.528336  -144.029744
   42.246602     9.109570     6.648104    14.211434   -47.218515  -129.609351
   42.139073     9.250008     6.587443    13.958711   -55.786177  -129.515544
   42.146037     9.081849     6.665246    14.146703   -43.804141  -152.876618
   42.604699     9.006614     6.374029    14.269943   -43.578990  -140.258019
   42.228820     9.039925     6.503200    14.144484   -36.036990  -119.725633
   42.092811     9.340003     6.836498    14.046378   -31.709634  -135.125565
   42.194066     8.902668     6.391087    14.124089   -39.401146  -139.023266
   42.295049     9.287476     6.569154    13.980331   -42.487342  -133.922928
   42.644342     9.253886     6.516328    14.242050   -56.287573  -115.817050
   42.492107     9.159960     6.494854    14.144941   -31.471465  -132.105191
   42.270433     9.137814     6.693687    14.231096   -46.229735  -134.689640
   42.289892     9.357958     6.751749    14.116131   -54.286804  -126.937942
   42.103329     9.116722     6.565577    14.074855   -55.363720  -116.051096
   42.122616     9.079948     6.478387    14.036203   -62.306604  -121.389554
   42.862650     8.984189     6.359864    14.485277   -53.369672  -123.644084
   42.365672     9.020750     6.388092    14.100874   -39.572804  -145.101362
   41.841139     8.847476     6.493190    14.070953   -33.805188  -128.299463
   42.344326     9.028340     6.537037    14.208276   -34.519337  -143.504457
   42.205669     9.099304     6.687082    14.231381   -46.304427  -129.017534
   42.327224     9.283239     6.781397    14.182462   -36.457897  -147.008569
   42.391114     8.891759     6.368431    14.232098   -39.877048  -145.265127
   42.169497     9.061800     6.336238    13.935907   -39.402595  -121.097328
   41.998703     9.197741     6.719398    14.067250   -44.313393  -116.005689
   42.481242     9.334163     6.470566    13.933352   -33.292766  -140.788271
   42.255620     8.912537     6.364692    14.062248   -14.672397  -162.569806
   42.322154     9.009722     6.344305    14.064111   -49.697694  -142.561510
   42.475375     9.046919     6.390868    14.158595   -38.522844  -134.672056
   42.274054     8.967120     6.378454    14.143363   -53.890668  -123.764626
   42.090037     9.047893     6.659914    14.188772   -40.385156  -124.140099
   41.997673     9.296831     6.598074    13.850063   -43.706796  -119.608399
   42.009269     8.846245     6.254526    13.963154   -39.010216  -133.863025
   41.727712     9.061517     6.705038    13.939593   -33.194932  -147.614321
   42.194631     9.345612     6.664665    13.983650   -40.069621  -119.383579
   41.968649     9.350462     6.815045    13.990594   -43.837589  -117.206669
   42.314809     9.091311     6.357698    14.004384   -42.006658  -125.662006
   42.016600     9.044312     6.616411    14.129566   -63.558346  -121.576458
   42.391629     9.171787     6.316565    13.962953   -52.165791  -116.644215
   42.068748     9.064911     6.565316    13.985684   -13.595880  -152.762700
   42.045324     8.960331     6.425146    14.033765   -41.281048  -125.778092
   42.130027     9.123934     6.534896    14.040557   -58.237311  -123.296167
   42.711256     9.182410     6.584847    14.411721   -61.353246  -131.336320
   42.333760     8.929577     6.394837    14.184175   -35.040082  -137.162447
   42.346218     9.138052     6.452129    14.031496   -35.533390  -138.404540
   42.526653     9.004007     6.342667    14.202024   -40.375430  -129.954773
   42.184475     9.187803     6.449655    13.852121   -28.329667  -156.240025
   42.400826     9.012327     6.419034    14.144284   -34.746472  -153.032974
   42.200785     9.201665     6.522905    13.953932   -44.239822  -139.436640
   42.104684     8.968899     6.304399    13.960399   -45.934160  -125.418479
   42.042762     8.971682     6.608991    14.158556   -50.019492  -141.506353
   42.072871     9.263407     6.731489    14.012621   -40.781773  -136.388523
   42.298809     9.183739     6.570611    14.049188   -32.135876  -148.570524
   42.090201     9.181805     6.904118    14.220315   -31.259631  -150.185817
   42.248850     8.982510     6.569338    14.274830   -51.143108  -126.606379
   42.046473     9.010390     6.445029    13.984418   -43.414237  -134.609992
   42.051852     9.068281     6.459858    13.926974   -38.851059  -141.847220
   42.238299     9.060441     6.509698    14.057233   -24.879133  -154.663109
   41.925781     8.975950     6.508989    14.002997   -47.678686  -135.807557
   42.398772     9.088100     6.619950    14.265850   -35.662722  -140.855962
   42.099045     9.382598     6.912139    14.083366   -35.020067  -136.788380
   42.189846     9.121855     6.714451    14.233963   -49.070555  -126.250827
   42.215874     8.895235     6.348744    14.079809   -30.523468  -150.763845
   42.049808     9.062413     6.376790    13.934376   -58.140828  -113.786728
   42.425917     9.259982     6.813081    14.311531   -41.392505  -143.015301
   42.170025     9.235911     6.788401    14.171953   -50.459935  -132.301349
   42.237856     9.122771     6.516969    14.005452   -23.725072  -151.247610
   42.409450     9.267300     6.800713    14.278187   -37.606026  -141.077349
   42.454204     9.025829     6.431818    14.206905   -44.834902  -140.168328
   42.131283     9.102533     6.704371    14.209504   -45.021283  -122.988435
   41.958343     9.295988     6.836754    13.972917   -26.557877  -148.061210
   42.146854     9.032791     6.389020    14.004474   -50.070911  -122.635358
   42.058277     9.235105     6.656122    13.972639   -43.503222  -131.008050
   42.116509     9.237671     6.652561    14.066875   -62.405879  -110.443278
   41.862614     9.038704     6.852595    14.181100   -36.897327  -142.642639
   42.476507     8.999168     6.523346    14.279693   -26.418665  -154.240390
   42.356045     9.084500     6.424783    14.065104   -39.341385  -143.094774
   42.238468     9.001489     6.578078    14.191946   -26.054446  -143.245057
   42.143709     9.237602     6.711728    14.063964   -30.205103  -130.383581
   42.020114     9.104354     6.725845    14.133724   -42.315358  -132.499184
   42.008387     9.149176     6.716920    14.088391   -48.399159  -128.780656
   42.356316     9.129385     6.590772    14.193977   -49.650836  -140.425525
   42.314369     9.239514     6.714818    14.135980   -30.727489  -152.008703
   42.523027     8.848912     6.236964    14.282949   -44.261022  -124.945532
   41.764145     8.718175     6.530096    14.163476   -33.189327  -134.126421
   42.220141     9.091604     6.439043    14.005686   -40.078117  -131.749665
   42.228437     8.955011     6.615382    14.262488   -23.544796  -138.833734
   42.375581     8.819672     6.493562    14.344453   -18.697372  -153.060383
   42.471868     9.002189     6.830215    14.590331   -44.864224  -139.779884
   41.953205     8.826295     6.657453    14.255889   -31.597077  -144.349407
   42.159845     8.897553     6.462798    14.137390   -33.114344  -156.048568
   42.258102     8.933685     6.670952    14.399769   -46.531387  -130.965204
   42.150577     8.919870     6.275499    13.938088   -15.801113  -146.700240
   41.905713     9.008341     6.780320    14.152442   -32.184226  -151.115652
   42.194022     9.036570     6.450504    14.052096   -48.302346  -138.626930
   42.177493     8.928205     6.487732    14.158063   -34.965655  -144.207922
   42.206639     8.923319     6.350579    14.093030   -37.591806  -128.863115
   42.542118     8.950103     6.265505    14.203790   -51.183512  -143.719463
   42.340413     8.867408     6.464219    14.311792   -44.855208  -148.007180
   42.140270     9.073827     6.896170    14.346988   -28.076260  -139.870234
   42.337521     9.200900     6.686425    14.223939   -46.374254  -126.591749
   42.380513     8.849372     6.226820    14.162033   -43.540617  -138.856694
   42.130922     9.098793     6.483672    14.077751   -59.637406  -101.459255
   42.090961     9.114492     6.630322    14.050327   -35.674014  -144.873383
   41.951095     9.067927     6.432461    13.821569   -26.981862  -149.553506
   42.232132     9.157374     6.660667    14.168619   -55.940887  -133.853955
   42.288727     9.318860     6.644000    14.004169   -46.426973  -149.160343
   42.658321     9.414946     6.690107    14.248150   -58.756663  -133.867330
   42.647158     9.082987     6.404832    14.296732   -62.257458  -131.596543
   42.266621     9.182636     6.531475    14.017036   -51.118758  -161.478199
   42.265847     9.150008     6.615687    14.136567   -48.072942  -139.600256
   42.162279     8.959401     6.293650    14.021744   -64.898233  -123.109307
   42.221609     9.098302     6.436596    14.077577   -60.833444  -106.738688
   42.313569     9.197354     6.580816    14.077880   -32.210934  -134.312263
   42.619038     9.233062     6.591839    14.321304   -65.542032  -125.327874
   42.410737     9.116451     6.150722    13.831907   -31.427021  -128.484754
   42.438133     9.402895     6.475125    13.919181   -40.951699  -107.890583
   42.358201     8.897046     6.332942    14.196540   -44.332883  -134.779970
   42.197542     8.937379     6.523994    14.196725   -23.952281  -132.243981
   42.258970     8.895877     6.417115    14.271739   -56.301268  -111.701130
   42.267118     9.011006     6.437372    14.157523   -43.005698  -114.548656
   41.999316     8.900522     6.455086    14.127951   -42.477110  -111.387418
   41.931832     9.056903     6.857985    14.243214   -44.440869  -131.222712
   42.121413     8.954476     6.432636    14.107469   -38.554931  -118.465845
   42.572389     9.002504     6.397920    14.255837   -30.805971  -133.840978
   41.882172     9.011578     6.715396    14.194826   -65.911469  -110.250137
   42.115050     9.081748     6.794592    14.285022   -35.525201  -122.128394
   42.255234     9.476267     6.922990    14.111805   -30.647510  -131.939720
   42.413639     9.085236     6.452390    14.096817   -27.505914  -152.812743
   42.208109     8.936024     6.740836    14.366004   -32.285524  -155.353883
   41.972200     8.892051     6.512021    14.057517   -17.632674  -149.761993
   42.152492     9.101510     6.900613    14.380151   -48.214015  -132.721479
   42.068156     8.918323     6.748831    14.315853   -30.146315  -143.179208
   42.531261     9.132498     6.590972    14.282372   -39.036146  -145.627363
   42.388146     8.885007     6.219099    14.137582   -36.741685  -123.561792
   41.699972     9.085420     6.725940    13.956870   -38.004672  -131.481206
   42.023419     9.017256     6.582423    14.135804   -54.657284  -116.866605
   42.329697     9.083453     6.326685    14.001368   -52.380618  -128.064297
   42.234367     9.224015     6.791208    14.240746   -59.035909  -130.757554
   41.925063     9.063475     6.656752    14.073544   -60.307302  -128.097755
   42.232973     9.228534     6.733394    14.167375   -55.986952  -135.999839
   42.047731     9.271674     6.844898    14.109638   -49.741434  -133.405572
   41.901376     9.118635     6.560639    13.907023   -30.716137  -125.313847
   42.467926     9.369085     6.510397    13.946055   -36.726947  -133.113500
   42.103670     9.309269     6.758467    13.998063   -39.456444  -145.364976
   41.670389     9.143324     6.793170    13.989069   -55.958179  -116.882814
   42.033563     9.101011     6.574445    14.078842   -69.432371  -110.606019
   41.969303     9.203723     6.645903    13.918863   -35.730901  -137.745293
   42.281528     9.307308     6.432772    13.834153   -45.729127  -130.558652
   42.340621     9.234423     6.554729    14.049887   -39.680208  -130.443764
   42.261282     9.404101     6.807837    14.043489   -28.563330  -146.562066
   42.581199     9.361612     6.466980    13.985884   -37.229983  -130.402854
   42.129567     8.942764     6.254178    13.955663   -35.783434  -122.324777
   42.640966     9.509163     6.677155    14.078073   -29.596495  -132.654306
   42.153395     8.940776     6.379776    14.087831   -51.118260  -125.940033
   42.117957     9.186621     6.666550    14.045242   -31.716597  -135.522425
   41.912309     8.868757     6.647412    14.183276   -25.153775  -140.882452
   42.358777     9.122890     6.435874    14.015156   -23.133724  -142.764188
   42.087894     9.001960     6.632183    14.161536   -28.419644  -138.205370
   42.378887     8.760411     6.402450    14.389697   -40.262984  -140.422528
   42.259976     8.812254     6.553591    14.359776   -30.976271  -150.157417
   42.363382     8.999274     6.291997    14.005319   -23.681557  -150.583952
   41.766174     8.968911     6.634723    13.991416   -40.948945  -150.292081
   41.626626     8.940341     6.288294    13.700249   -35.671239  -127.050870
   42.211576     9.051879     6.462822    14.050796   -39.759523  -137.488275
   42.518286     9.197494     6.758936    14.355205   -34.650658  -151.249826
   42.465937     9.163045     6.671398    14.291315   -38.792706  -140.787071
   41.963211     8.760261     6.427374    14.154785   -36.396707  -137.344626
   41.947793     8.888828     6.434343    13.969073   -16.423286  -157.006188
   42.444618     8.746750     6.260571    14.276114   -22.730673  -157.874239
   42.177112     9.077506     6.738991    14.236021   -30.358711  -140.832224
   42.344126     9.111454     6.510887    14.104633   -35.241111  -142.693943
   42.436479     9.048675     6.559049    14.283799   -38.240715  -135.925147
   42.610523     9.039884     6.625094    14.386124   -15.576963  -148.968463
   41.751124     9.087396     6.814838    14.066443   -39.685349  -130.291100
   42.253047     9.181640     6.704768    14.159478   -31.105220  -139.971881
   42.075082     8.866110     6.500496    14.160127   -33.833523  -147.188754
   42.188898     9.019845     6.623522    14.222971   -35.618140  -130.491008
   42.160524     9.139512     6.352646    13.857328   -38.276886  -124.942890
   42.083420     9.143631     6.690745    14.100045   -49.199951  -137.241277
   42.613006     9.192438     6.457770    14.177033   -51.325974  -147.090490
   42.391167     9.286876     6.641960    14.178928   -58.885496  -112.657196
   42.021685     8.928666     6.617141    14.215067   -53.857842  -132.234452
   42.195156     8.977826     6.221209    13.930749   -45.824492  -127.127856
   42.280550     9.094105     6.480735    14.071020   -39.109797  -135.338449
   42.001269     9.251842     6.599026    13.884218   -55.327011  -129.616536
   42.532963     9.156769     6.206811    13.914599   -43.363761  -142.869663
   42.254191     9.228964     6.395109    13.871768   -47.288727  -124.684477
   42.287254     9.109793     6.336790    13.885619   -20.780253  -148.595168
   42.364698     9.162065     6.382511    13.982087   -50.280244  -133.715619
   42.277917     9.015044     6.479870    14.160901   -53.347735  -138.435335
   42.407132     9.242635     6.517236    14.023149   -24.713917  -132.188063
   42.173551     8.987232     6.483050    14.173360   -58.530262  -116.876285
   42.363334     9.033911     6.407198    14.152076   -49.181093  -123.783096
   42.449405     9.176058     6.458824    14.095165   -52.106673  -134.601224
   42.284168     9.374216     6.811831    14.131095   -38.666733  -130.241704
   42.038969     8.919250     6.360470    14.049775   -51.395441  -114.785292
   41.871092     8.988361     6.307530    13.799249   -30.569033  -124.196040
   42.497698     9.407293     6.718631    14.121863   -33.963912  -140.697674
   42.122028     9.022475     6.306290    13.938784   -41.547788  -114.876380
   42.496413     9.210443     6.665501    14.253474   -32.941009  -138.069547
   42.466482     9.015943     6.228082    14.036989   -42.777261  -142.096703
   42.070434     9.144654     6.634415    14.024829   -32.496074  -136.743456
   42.249640     9.019744     6.449698    14.062412   -25.792299  -146.454714
   42.213960     9.134317     6.730677    14.211743   -37.706375  -140.028777
   42.089087     9.016098     6.575200    14.103848   -29.446762  -136.261231
   42.129691     9.061432     6.770289    14.273054   -43.019491  -137.128420
   42.554068     8.911736     6.261032    14.205745   -28.131321  -138.631991
   42.128651     9.005893     6.634822    14.165444   -27.179767  -147.671831
   42.392967     9.007054     6.489232    14.201860   -20.768234  -135.947992
   42.201884     8.843205     6.502506    14.248706   -29.699523  -152.107608
   42.563366     9.159821     6.564201    14.240267   -35.790517  -153.062545
   42.703250     9.089048     6.174510    14.067539   -43.666237  -139.491455
   42.738748     9.081858     6.397914    14.262781   -29.627695  -148.815446
   41.884370     8.792189     6.318653    13.929097   -10.786319  -153.476122
   42.558265     8.899191     6.373483    14.300489   -27.537938  -157.474433
   42.388180     8.753508     6.191726    14.233489   -36.720403  -133.295097
   42.340135     9.293123     6.734984    14.165887   -37.295502  -130.132767
   42.071213     9.154123     6.717300    14.079667   -28.106315  -140.541147
   42.194223     8.928102     6.546803    14.157494    -7.779740  -154.071169
   42.278293     9.058701     6.433666    14.078627   -46.616493  -131.031498
   42.729720     9.202871     6.399252    14.180130   -44.442869  -135.123781
   42.261174     9.111331     6.377093    13.990503   -40.578532  -116.150422
   42.337122     8.936936     6.298575    14.088459   -37.410147  -143.798285
   42.232186     9.003910     6.430438    14.108071   -36.876660  -123.944513
   42.029217     9.140846     6.740456    14.141642   -51.040211  -125.096040
   42.222402     9.211487     6.661854    14.088328   -43.448210  -139.120383
   42.396366     9.227036     6.554988    14.054086   -31.096016  -147.425379
   42.294101     9.355599     6.700021    14.054603   -48.962293  -131.720798
   42.468310     9.329079     6.680190    14.127529   -33.929959  -149.637306
   42.275189     9.211628     6.617738    14.140709   -46.033638  -112.453654
   42.408103     9.197559     6.490203    14.065027   -46.244309  -136.481006
   42.078329     9.009045     6.416809    13.984147   -46.564836  -134.211627
   41.931882     8.749644     6.394488    14.176449   -55.893078  -119.227820
   41.973300     9.231502     6.796401    14.065683   -46.348572  -126.793633
   42.706140     9.241105     6.430867    14.159401   -45.814237  -135.573049
   42.634723     9.085515     6.348327    14.203478   -42.383918  -124.087703
   42.028588     9.158829     6.642629    14.025717   -54.108870  -129.596895
   42.640656     9.065922     6.247170    14.144219   -45.220049  -121.689637
   42.182251     8.923496     6.446379    14.175378   -57.435914  -132.859557
   42.338075     8.908483     6.276366    14.087401   -29.419728  -143.297412
   42.025799     9.097074     6.696481    14.178264   -49.121035  -109.472146
   42.338274     9.382208     6.664171    14.034065   -56.278243  -130.367590
   42.023976     9.226423     6.860941    14.125225   -36.052668  -139.417967
   42.270613     8.973545     6.492481    14.251684   -54.555106  -117.938667
   42.095665     8.955432     6.768180    14.415869   -62.218661  -113.829325
   42.548923     8.953851     6.192707    14.136621   -34.993313  -123.230910
   42.065316     8.941494     6.265822    13.948936   -45.233811  -117.828757
   42.341520     8.989353     6.615535    14.349823   -50.568097  -136.713162
   42.330249     9.069985     6.534535    14.183370   -39.299149  -132.486824
   42.291086     9.165985     6.663154    14.210846   -56.403015  -129.351206
   42.398800     9.298160     6.494016    13.963840   -45.891488  -136.340227
   42.093342     9.296587     6.635098    13.931203   -40.020824  -123.000236
   41.993709     9.147396     6.605312    13.949197   -43.766008  -142.354250
   42.311945     9.195258     6.651191    14.173881   -53.385772  -133.424251
   42.491254     9.225502     6.508398    14.118901   -48.359498  -131.988457
   42.411722     8.969540     6.273900    14.090399   -27.605543  -127.069352
   42.171084     8.902716     6.621765    14.308028   -41.168650  -140.803614
   42.109349     9.059122     6.729102    14.227392   -37.492578  -133.310874
   42.276489     9.350412     6.581468    13.937203   -52.276948  -131.001206
   42.316437     8.958527     6.202012    14.000621   -43.391197  -129.064438
   42.381437     9.063183     6.391211    14.132383   -56.804492  -121.604616
   42.555831     9.271745     6.554353    14.128467   -37.191702  -142.244258
   42.114315     9.167844     6.628144    14.070353   -49.767948  -122.366638
   42.105319     9.292294     6.756560    14.033476   -41.672251  -134.981221
   42.595871     9.184548     6.401795    14.118046   -49.208789  -141.102781
   41.834740     9.208103     6.804777    13.982205   -46.203353  -139.534765
   42.350593     9.070855     6.433495    14.110202   -52.276830  -136.993834
   42.257383     9.086498     6.404839    13.955371   -26.802363  -152.601895
   42.123884     9.033932     6.426764    14.009294   -47.660421  -127.746352
   42.233256     8.877858     6.329805    14.104471   -34.429185  -145.517676
   42.429615     9.365438     6.688012    14.124438   -47.973543  -130.032412
   42.822411     9.126925     6.590532    14.469951   -37.532880  -144.819139
   42.383107     9.057269     6.432446    14.114037   -39.227897  -145.436160
   42.275427     8.844899     6.354294    14.250291   -61.187055  -128.177862
   42.300487     8.910576     6.295169    14.077124   -35.112915  -152.475193
   42.238019     8.918124     6.350975    14.127601   -47.925058  -129.907191
   42.311295     9.145210     6.409977    13.997682   -55.597904  -134.022420
   42.737241     9.023604     6.220253    14.155010   -26.087562  -145.785777
   42.246110     8.964420     6.598111    14.240462   -26.793132  -149.446232
   42.430468     9.011894     6.311305    14.094050   -40.788626  -137.363299
   42.380251     9.001793     6.467197    14.262323   -54.812541  -121.846699
   42.348604     9.022149     6.506917    14.209988   -44.786245  -140.361259
   42.305685     8.863809     6.191815    14.052520   -31.747639  -138.640401
   42.241244     9.180121     6.858779    14.240629   -12.411579  -149.319395
   42.476489     9.142037     6.492682    14.122719   -30.541705  -153.938746
   42.440597     9.058983     6.358828    14.051262   -24.411015  -151.421651
   42.561366     9.173255     6.481034    14.201606   -44.646853  -122.115585
   42.346289     9.004371     6.357506    14.068344   -37.251603  -151.719894
   42.100213     9.116567     6.659047    14.123479   -45.655567  -128.100389
   42.395677     8.954819     6.291850    14.127464   -45.604758  -133.709140
   42.424449     9.106135     6.416262    14.075627   -35.680268  -140.986381
   42.516125     9.236881     6.552066    14.163596   -51.850934  -139.547438
   41.990637     9.122130     6.552225    13.904625   -26.523358  -143.850698
   42.512812     9.283186     6.559951    14.095908   -40.237685  -147.335299
   42.644845     9.450214     6.715827    14.232508   -54.722811  -126.955698
   42.218070     8.999104     6.558137    14.214510   -44.822623  -130.160439
   41.855307     9.036301     6.199711    13.694767   -49.947199  -117.509162
   42.361420     9.258079     6.449132    13.962802   -57.634803  -130.007362
   42.252466     8.890932     6.313951    14.114276   -41.456287  -135.622557
   42.454597     9.106593     6.382519    14.068864   -35.374230  -136.364101
   41.939680     9.070181     6.528931    13.914027   -33.925488  -142.131854
   42.161611     8.796200     6.100776    13.980621   -38.684819  -132.935601
   42.078345     9.105293     6.582524    14.023208   -44.002433  -140.712710
   41.771068     9.036087     6.663138    13.968939   -42.740546  -143.318860
   42.150191     9.266493     6.748187    14.074203   -36.061531  -134.063760
   42.520112     9.269423     6.444916    13.977077   -26.057237  -147.239198
   42.349956     8.911240     6.309317    14.139992   -31.938382  -133.267523
   42.862318     8.891926     6.108267    14.327562   -44.319615  -134.389170
   42.247203     9.156083     6.631861    14.142520   -49.108932  -135.076874
   41.995223     9.100067     6.647620    14.061773   -46.431622  -128.951458
   42.217745     9.319194     6.780110    14.128616   -42.681037  -123.156093
   42.370369     9.166158     6.616135    14.231225   -50.336094  -119.730857
   42.298802     9.214744     6.530485    14.005959   -42.363040  -140.278209
   42.705707     9.367539     6.595053    14.175715   -36.020982  -138.552376
   42.146365     9.208297     6.644642    14.053385   -55.222635  -130.773703
   42.239736     8.916238     6.249191    14.003009   -38.000241  -148.593659
   42.091437     8.951440     6.478831    14.071731   -29.619281  -142.207814
   42.345414     9.264549     6.543892    14.006874   -39.585091  -133.529411
   42.576730     9.078129     6.411154    14.208490   -38.986529  -135.294033
   41.959935     9.004969     6.483534    13.985123   -40.529580  -127.524957
   42.489118     9.122421     6.537137    14.227676   -34.972186  -131.007775
   41.574377     8.935254     6.622443    13.906407   -40.439931  -148.238082
   42.928214     9.046024     6.326540    14.377013   -36.655628  -154.298872
   42.018865     9.084996     6.621214    14.035101   -37.936869  -140.899212
   42.155828     8.965641     6.237900    13.932753   -54.085657  -134.709063
   42.470682     9.138765     6.364258    14.089587   -60.753662  -123.155966
   42.638568     9.130578     6.569386    14.346518   -41.135451  -136.411786
   42.073130     9.093509     6.760217    14.177126   -34.929900  -143.865067
   42.067018     9.089038     6.747318    14.175758   -37.774582  -140.396513
   42.355629     9.045775     6.452688    14.163814   -53.161937  -133.063157
   42.280903     8.948484     6.573146    14.288114   -46.815104  -150.687735
   42.456409     9.227897     6.545449    14.103456   -44.115178  -149.736666
   42.524491     8.930970     6.405993    14.312873   -40.961269  -145.480495
   42.279819     9.178246     6.511958    13.994480   -37.660598  -150.065290
   42.487562     9.178004     6.411406    14.056424   -45.889091  -140.328569
   42.159509     8.973783     6.352767    14.000393   -41.753722  -138.809636
   42.523173     8.997138     6.540634    14.332203   -28.543207  -151.589223
   42.661573     9.098456     6.235292    14.043170   -27.301223  -153.827992
   42.457619     9.239720     6.655402    14.184114   -35.392228  -148.395752
   42.197063     9.262657     6.614886    13.981493   -44.425442  -138.113198
   41.991186     8.776606     6.533691    14.218296   -29.794035  -146.170802
   42.225970     8.834984     6.522758    14.289946   -34.500628  -158.841330
   42.562094     9.238271     6.692427    14.334980   -53.870039  -140.153937
   42.173408     9.123103     6.601896    14.084373   -43.244432  -139.669163
   42.205786     9.197025     6.592869    14.028178   -49.461136  -142.936329
   42.346912     9.164536     6.404843    13.983170   -52.537755  -142.094011
   42.616255     9.128728     6.304039    14.087701   -45.215766  -143.719658
   42.118103     9.205825     6.664876    14.031926   -53.261255  -145.929241
   42.541981     9.083188     6.536362    14.280316   -38.570529  -153.291713
   42.524746     8.966454     6.288638    14.170299   -40.571064  -149.069250
   42.025024     9.007944     6.672510    14.154768   -46.839954  -148.225184
   42.582311     9.062963     6.461957    14.267177   -42.198892  -154.005086
   42.316318     9.089155     6.408425    14.021851   -39.736733  -142.508414
   42.166641     9.158341     6.708141    14.144970   -44.674514  -140.835963
   42.167683     8.979607     6.427396    14.043799   -36.223602  -148.432370
   42.200445     8.899285     6.405663    14.146196   -50.088609  -148.205882
   42.299860     8.942793     6.427858    14.174028   -44.025467  -151.020724
   42.466057     9.290685     6.633286    14.159538   -51.884581  -137.801611
   41.735318     8.827782     6.690355    14.135438   -33.957369  -154.332930
   42.552623     9.226307     6.647842    14.283768   -44.569165  -135.480032
   42.380767     8.861460     6.327514    14.221865   -42.949547  -150.648372
   42.163489     9.071719     6.660245    14.158253   -36.407841  -148.941802
   42.194167     8.975844     6.421217    14.102252   -47.024826  -129.648256
   42.085324     8.779022     6.414797    14.189754   -21.936789  -130.510436
   41.843633     9.015298     6.817738    14.189758   -29.983198  -125.157634
   42.086619     9.057788     6.678510    14.196846   -49.549974  -126.219774
   42.250210     9.159537     6.831338    14.325110   -42.916128  -131.283918
   42.612898     9.222004     6.663953    14.350570   -39.907905  -121.877460
   41.822397     8.938418     6.821158    14.231417   -27.150003  -130.759476
   42.466037     9.003569     6.667361    14.445564   -38.553993  -130.041725
   41.628477     8.794523     6.574369    14.116088   -41.790923  -107.282027
   42.379867     9.071053     6.457496    14.235667   -66.525147  -105.413656
   42.598878     9.173865     6.381204    14.111329   -33.968033  -121.803083
   42.231488     8.990588     6.521626    14.204749   -47.716004  -128.611983
   42.013359     9.105078     6.610395    14.045931   -46.136388  -123.928217
   42.392235     9.098161     6.699621    14.368569   -50.857019  -129.289226
   42.732536     8.975033     6.391998    14.401598   -42.683977  -135.439101
   42.102013     8.790290     6.786692    14.522646   -41.055085  -125.633943
   41.988297     8.917955     6.512884    14.069502   -12.322274  -130.192137
   42.525348     8.921233     6.256609    14.179534   -24.363924  -129.876108
   42.470920     9.220910     6.412813    14.046901   -51.575444  -118.993233
   42.294767     8.822012     6.257228    14.169432   -41.242698  -132.125546
   41.955019     8.854365     6.311371    14.046787   -55.106185  -106.663547
   41.849638     8.981982     6.541931    14.061747   -49.514200  -102.879643
   42.378717     8.923309     6.342063    14.206709   -39.818880  -122.342325
   42.513500     9.026451     6.555611    14.328964   -26.723932  -131.518839
   42.531002     8.919054     6.432106    14.382399   -47.073809  -129.757124
   42.489204     9.038826     6.607827    14.385295   -41.244328  -128.364184
   41.983629     8.861120     6.422693    14.106686   -34.281012  -117.074533
   42.323970     9.055108     6.774253    14.449338   -60.713344  -127.305262
   42.213224     8.895930     6.567097    14.389703   -66.216769  -109.112465
   42.553973     8.856753     6.183420    14.267081   -55.236846  -126.075112
   42.464165     9.160489     6.359210    13.981814   -32.289316  -146.563773
   42.143588     9.079122     6.736902    14.229725   -44.640684  -141.530760
   42.448572     9.210592     6.583454    14.192405   -47.946255  -124.894334
   42.035644     8.978237     6.537075    14.123834   -42.929522  -120.810881
   42.169965     9.237692     6.692264    14.123215   -49.769403  -112.796521
   42.361230     9.215500     6.428636    13.915466   -17.429814  -139.412586
   42.232852     9.176813     6.767668    14.284065   -56.160486  -118.432366
   42.295693     9.361112     6.765676    14.174603   -49.225263  -104.562089
   42.338973     9.032613     6.419461    14.110551   -22.951275  -124.222742
   41.962825     8.955565     6.327531    13.953755   -48.673170  -108.514662
   42.244951     8.955179     6.447569    14.208879   -48.355284  -117.159391
   42.324071     9.293510     6.484603    13.919934   -40.481397  -127.976319
   41.904191     8.730280     6.360350    14.166282   -54.066754  -111.995511
   42.111123     8.823660     6.517800    14.261712   -37.638796  -136.306063
   41.991943     8.731695     6.223385    14.049558   -30.250417  -125.425726
   42.063633     8.874460     6.456185    14.208678   -58.318562  -110.840972
   42.149805     8.998785     6.492185    14.105917   -40.190212  -130.887429
   41.741984     8.993090     6.601120    13.941158   -20.831173  -134.065838
   42.027930     9.130409     6.337391    13.766248   -37.848476  -130.919384
   42.556680     9.261195     6.560786    14.206927   -42.424295  -111.957856
   42.018388     9.075124     6.657547    14.099445   -39.281427  -131.207271
   41.994927     8.699043     6.655228    14.422050   -38.369785  -132.801857
   41.794403     9.201676     6.571620    13.792364   -47.912465  -124.326277
   41.937403     9.089030     6.582946    13.967692   -46.062497  -133.964418
   41.940650     9.032876     6.748231    14.171949   -45.217025  -133.200345
   42.297612     9.199416     6.485821    13.967321   -35.036907  -141.285898
   41.874969     9.205957     6.855957    14.055483   -39.413884  -136.398413
   41.891474     9.085800     6.822135    14.159789   -48.740047  -133.205148
   42.345761     9.124454     6.627108    14.234902   -49.362342  -134.524707
   42.072134     9.028880     6.728446    14.282243   -58.163018  -119.564068
   41.871546     9.074538     6.603337    13.957643   -54.409271  -140.753651
   42.522762     8.980214     6.269738    14.160609   -47.117992  -137.244327
   42.532745     9.250460     6.439263    14.040320   -46.759380  -141.798322
   42.084663     9.165952     6.715472    14.136892   -62.301601  -125.923835
   42.114795     9.025322     6.458351    14.085944   -61.800549  -113.675172
   42.066438     9.154127     6.713209    14.110646   -48.665106  -131.715013
   42.077273     9.030292     6.460692    13.993317   -43.145766  -136.471578
   42.443623     9.109586     6.380663    14.085085   -52.928489  -136.291930
   42.311413     9.178024     6.240285    13.793994   -43.420875  -138.268400
   42.423167     9.057250     6.587302    14.341389   -55.387906  -124.131220
   42.118075     9.069987     6.580006    14.092288   -49.415383  -136.687259
   42.792229     9.157009     6.509364    14.389702   -51.010540  -135.283820
   42.202179     9.200135     6.685836    14.140482   -58.666633  -130.647787
   42.139115     8.989743     6.532631    14.168767   -64.238785  -130.693248
   41.875891     8.973401     6.595534    14.097946   -58.436897  -117.979285
   42.668536     9.236339     6.563307    14.281425   -50.879349  -135.303278
   42.733515     8.943561     6.194337    14.361726   -66.906645  -103.328762
   42.061002     8.999656     6.391590    13.978379   -46.951651  -125.855868
   42.003380     9.197418     6.620818    13.945810   -48.592096  -131.306047
   42.076691     9.007496     6.514942    14.073716   -48.526482  -133.752506
   41.925198     8.935130     6.465206    14.023529   -60.204743  -133.081116
   42.556744     9.180084     6.456718    14.184591   -52.022798  -120.124888
   42.605526     9.269207     6.498533    14.136259   -50.996743  -142.351178
   42.294722     9.343061     6.691097    14.088869   -58.575031  -121.538767
   41.925414     9.139468     6.561307    13.941367   -44.934830  -113.340895
   42.129803     9.336786     6.695594    13.967705   -40.044702  -125.388985
   42.324141     9.142367     6.810478    14.350703   -34.902238  -132.598182
   42.135213     8.860996     6.471570    14.280082   -55.624784  -109.632242
   42.516892     9.349464     6.776755    14.283361   -37.655192  -118.843339
   42.515648     9.358611     6.649802    14.112051   -27.683866  -131.902641
   42.479497     9.403446     6.536490    13.972207   -43.214414  -123.605899
   42.462649     9.340959     6.336541    13.822384   -32.508746  -119.498374
   42.173426     9.226756     6.775461    14.176510   -39.926487  -124.124372
   42.556993     9.219171     6.705674    14.373784   -44.899134  -118.498271
   42.015496     9.207271     6.637857    14.006463   -55.179943  -113.337870
   42.158986     9.031391     6.423744    14.040402   -44.892030  -122.527273
   42.204449     9.148406     6.527366    14.061275   -44.068126  -116.528309
   42.171546     9.139875     6.682034    14.132623   -22.592144  -130.294357
   42.198643     9.457662     6.550449    13.821367   -47.931464  -100.876577
   42.126841     9.414450     6.716851    13.898936   -38.890940  -131.778420
   42.552618     9.405591     6.391423    13.909538   -60.855814  -117.424219
   42.242145     9.355278     6.838400    14.180938   -60.406849  -125.855049
   42.142950     9.247141     6.779030    14.172759   -47.100601  -114.016880
   42.404579     8.978421     6.298984    14.175533   -64.223070  -115.399560
   42.418365     8.953302     6.496131    14.368133   -56.950254  -119.867356
   42.082820     8.980309     6.665916    14.234155   -38.272414  -131.452042
   42.723629     9.262914     6.611490    14.376874   -55.931517  -115.834563
   42.039632     8.891645     6.276430    14.022194   -41.839400  -104.858533
   42.523546     9.341178     6.586611    14.074293   -34.211765  -136.919438
   42.402763     9.157577     6.279691    13.948690   -51.768622  -117.282556
   42.170863     9.104680     6.730787    14.237148   -46.597617  -132.458528
   42.079745     9.304213     6.863227    14.143611   -57.060033  -124.259602
   42.147160     9.053847     6.408936    13.960562   -32.536124  -133.881006
   41.940284     9.107254     6.674023    14.106394   -66.725351  -109.245062
   42.437925     9.139739     6.386270    14.093483   -45.822636  -112.104249
   42.459342     9.255194     6.556882    14.160898   -55.943582  -115.197773
   42.401542     9.187314     6.465533    14.116747   -48.124114  -105.891842
   42.054117     8.974394     6.583574    14.153803   -18.586882  -114.030116
   42.198685     9.048849     6.706252    14.273531   -28.220545  -122.846604
   42.262701     9.104154     6.666081    14.256861   -30.138012  -108.726314
   42.125250     8.881039     6.767865    14.423150   -32.889778  -129.436658
   42.576970     9.152337     6.722400    14.445085   -39.447704  -119.677533
   42.944429     8.947998     6.421760    14.520404   -22.968183  -156.221704
   42.051231     9.049491     6.872146    14.386428   -51.062368  -109.839975
   42.114650     9.085335     6.756199    14.226412   -31.346280  -130.794911
   42.230805     8.930152     6.326140    14.113435   -36.248896  -112.607494
   41.928780     9.025577     6.712500    14.194665   -40.210640  -106.773684
   42.303893     8.957091     6.433205    14.161281   -12.375468  -119.015853
   42.391895     8.991263     6.490179    14.218614   -16.324979  -128.171420
   42.519861     8.974044     6.251009    14.176653   -35.135469  -109.713771
   42.239807     9.022474     6.480529    14.168314   -27.201756  -102.156100
   42.319677     8.977494     6.610053    14.307261   -22.324826  -125.669658
   42.149735     9.046731     6.266387    13.833590   -20.717990  -132.636163
   42.204834     9.043223     6.800021    14.341481   -25.005289  -129.168390
   42.472215     9.079969     6.462446    14.188725   -31.149201  -127.953503
   42.490535     9.158978     6.593145    14.249194   -29.231940  -121.536042
   42.128139     9.091570     6.794875    14.282834   -35.561708  -123.009444
   42.436117     9.341977     6.775537    14.178825   -20.353056  -135.079212
   42.312552     9.394871     6.797106    14.052982   -12.373615  -141.305740
   42.083242     9.107844     6.408263    13.906478   -30.638780  -116.711247
   42.600431     9.251476     6.522093    14.105004   -22.715704  -163.482238
   42.868252     9.299776     6.358474    14.062653   -16.798938  -140.819846
   42.330531     9.301272     6.631561    13.987427   -14.588751  -148.710949
   42.286056     9.430915     6.662842    13.906402   -31.257363  -140.009696
   42.320194     9.084373     6.368091    13.945423   -17.267670  -155.305284
   42.426888     9.154386     6.588869    14.182390   -30.586160  -141.392998
   42.476447     9.304450     6.678812    14.166111   -31.412405  -136.580487
   42.043621     9.147086     6.793290    14.156060   -33.840539  -134.644226
   42.513281     9.371594     6.778096    14.221075   -29.523616  -135.198826
   42.599519     9.470854     6.745750    14.139234   -26.974501  -142.591359
   42.146521     9.180260     6.810103    14.140773   -22.291396  -165.815056
   42.302202     9.193418     6.653609    14.130771   -30.325052  -139.716386
   42.418021     9.305555     6.718885    14.140572   -29.958049  -156.764291
   42.543544     9.372607     6.603317    14.046784   -26.199725  -147.579709
   41.968666     9.149540     6.384771    13.744566   -38.352265  -137.991374
   42.213050     8.920994     6.520150    14.272594   -47.767740  -123.042811
   42.052694     9.085280     6.633776    14.064072   -33.003271  -140.089857
   42.229938     9.167911     6.777979    14.267124   -46.281848  -128.434338
   41.989721     8.793163     6.326033    14.055999   -39.237901  -138.190086
   42.055213     9.142875     6.749917    14.145768   -48.871660  -132.927583
   42.219520     9.030715     6.673080    14.268492   -46.900427  -142.261004
   41.697793     8.797049     6.735439    14.266175   -53.904391  -120.050964
   42.485505     8.926527     6.350598    14.250250   -39.880053  -137.910145
   42.330089     9.170812     6.638297    14.223203   -53.720327  -120.869078
   42.609272     9.207517     6.542348    14.262725   -54.379289  -129.966913
   42.257163     9.130395     6.917011    14.456775   -52.511396  -124.354300
   42.337919     9.135524     6.718702    14.349548   -54.595949  -115.172568
   42.303331     9.261397     6.704067    14.167003   -49.237489  -125.464863
   42.457258     8.940085     6.600465    14.436688   -37.452362  -131.498199
   41.988377     9.194920     6.730314    14.013636   -22.446869  -132.219564
   42.110745     8.953699     6.523320    14.145031   -44.574117  -137.550602
   42.340969     9.059527     6.661884    14.328721   -43.272518  -127.699607
   42.204306     9.086689     6.636780    14.223910   -47.986455  -117.744554
   42.558233     9.151417     6.433396    14.180843   -51.011291  -125.056557
   42.211855     8.752846     6.305749    14.262168   -48.878768  -120.606362
   42.539642     9.041581     6.572678    14.369221   -45.092293  -148.061693
   42.460942     9.421095     6.846580    14.228664   -38.336757  -133.963212
   42.394927     8.966991     6.238332    14.043009   -38.566971  -143.999222
   41.957691     8.868679     6.580768    14.203212   -49.384951  -129.898278
   42.210409     8.978733     6.568787    14.233538   -52.250652  -137.324866
   42.079469     9.147791     6.443257    13.872604   -46.844899  -134.464682
   42.238570     9.270280     6.819362    14.229721   -46.413584  -122.470685
   42.484514     9.181942     6.482350    14.098856   -33.810654  -139.102241
   42.269095     9.261971     6.576915    14.048821   -55.852895  -115.842232
   42.235028     9.077864     6.496069    14.110650   -57.624919  -126.164887
   42.542614     9.095552     6.358542    14.082003   -22.552944  -142.305113
   42.293227     9.068091     6.275937    13.934244   -35.112257  -125.498058
   42.132374     9.148953     6.750000    14.166406   -30.510993  -134.249412
   42.020627     8.830167     6.462660    14.170929   -32.246551  -125.321448
   42.522244     9.243874     6.478706    14.044255   -32.580942  -152.296617
   42.060265     9.222395     6.790454    14.149240   -54.615043  -118.654891
   41.958619     8.918418     6.438164    13.999501   -43.222005  -144.856659
   42.223106     9.107243     6.638380    14.204813   -56.435462  -126.634538
   42.353679     9.305303     6.762984    14.193001   -46.727554  -136.161179
   42.306497     9.046645     6.567061    14.200055   -41.465229  -146.549266
   42.621804     9.249846     6.521059    14.241920   -56.454897  -113.114723
   42.665022     9.016078     6.442484    14.381795   -45.634863  -125.869000
   42.407814     8.970533     6.226063    14.093293   -43.993720  -115.726793
   42.575132     9.298206     6.566993    14.182895   -59.101756  -130.041044
   42.301316     9.242461     6.571431    14.041457   -47.862691  -131.029156
   42.568007     9.281252     6.463416    14.037747   -39.288202  -148.561185
   42.210366     8.942066     6.475136    14.165330   -45.400657  -145.919688
   42.190175     9.017799     6.444019    14.085216   -51.394725  -127.950665
   42.277242     8.989303     6.518496    14.217907   -56.426049  -145.022436
   42.019743     8.931887     6.831202    14.388817   -51.661790  -133.942280
   42.518529     9.320077     6.748049    14.291769   -50.721263  -129.142405
   41.834530     8.967672     6.656065    14.133728   -64.799186  -118.485291
   42.228329     8.941031     6.293181    14.059471   -53.652992  -127.085816
   42.424739     9.019936     6.365126    14.173339   -62.135336  -130.978785
   42.205615     8.959159     6.595330    14.261234   -41.693885  -136.883141
   42.171197     9.001868     6.580798    14.168989   -37.107204  -143.004189
   42.382211     9.149727     6.693470    14.287315   -48.852046  -140.723995
   42.215770     8.779137     6.279228    14.196193   -45.593966  -128.252791
   42.133493     8.880956     6.554651    14.295651   -44.076540  -118.890302
   42.199430     9.303827     6.644629    14.026819   -52.883091  -115.981883
   42.092641     9.121703     6.402864    13.906122   -34.759452  -113.215892
   41.908319     8.983860     6.807350    14.296492   -48.381981  -112.137868
   42.395434     9.117011     6.406753    14.111931   -60.597123  -118.412206
   42.074384     8.893173     6.401047    14.178768   -63.912782  -101.201894
   41.642717     8.825957     6.516773    14.035032   -41.486077  -113.626734
   42.529684     9.046867     6.283418    14.077351   -19.405264  -124.878241
   41.827237     9.161053     6.508772    13.889404   -60.875795   -89.979458
   42.258109     9.191218     6.618711    14.202009   -62.958056   -99.113423
   41.968247     8.732043     6.425811    14.186096   -26.740712  -129.317582
   42.412052     8.978351     6.709206    14.425309   -21.713097  -134.075888
   42.157508     9.016387     6.355832    13.945276   -26.821209  -136.860291
   41.828980     8.932689     6.678481    14.180771   -35.772780  -109.120574
   41.930793     9.058077     6.511843    13.911162   -22.483426  -134.143146
   42.301605     8.993455     6.163656    13.917199   -38.295511  -128.211719
   42.241489     8.770929     6.491934    14.389797   -40.128221  -126.000336
   42.357805     9.032193     6.579939    14.271739   -35.279975  -131.762241
   42.111125     9.151198     6.320390    13.813634   -45.830467  -117.386882
   42.369174     9.375845     6.810940    14.236494   -56.474121  -115.746204
   42.162337     9.022934     6.674569    14.263873   -51.348661  -131.962759
   42.508288     9.300741     6.564740    14.168932   -64.021854  -114.177563
   42.185346     9.004208     6.385231    14.042020   -47.219275  -126.729573
   42.190793     9.203828     6.604166    14.076467   -41.524205  -113.343392
   41.740493     8.883786     6.546835    14.089187   -55.226897  -106.419590
   42.481665     9.136960     6.609635    14.333934   -59.496871  -121.972119
   42.056095     9.021084     6.614213    14.145581   -30.260133  -121.980624
   42.273019     9.102343     6.464733    14.013434   -27.339135  -144.542921
   42.136100     9.159640     6.526067    13.982341   -41.749755  -125.538876
   41.897585     8.809940     6.262627    13.943976   -35.742517  -130.783913
   42.113450     8.722375     6.254867    14.191809   -41.861638  -115.692229
   42.509621     8.980480     6.369676    14.250034   -41.041901  -124.798985
   42.384664     9.039752     6.630206    14.312884   -34.273330  -137.816370
   42.099857     8.887810     6.326655    14.007939   -24.540006  -139.288367
   42.381371     9.156085     6.540860    14.134631   -29.298505  -125.576654
   41.892514     8.963979     6.469493    14.000498   -55.275631  -120.118883
   42.462013     9.036036     6.639870    14.399730   -45.713932  -134.295940
   42.005564     8.804602     6.440429    14.155526   -50.050027  -141.223523
   42.123134     9.009805     6.745013    14.300315   -47.710874  -136.748855
   42.362428     8.807134     6.396140    14.358860   -47.074885  -128.492426
   42.164589     9.000929     6.716178    14.307105   -39.810423  -132.562985
   41.978654     9.119007     6.878115    14.254508   -57.296321  -127.124072
   42.525746     9.408457     6.716398    14.142925   -37.437031  -140.790442
   42.300969     9.138767     6.645195    14.208306   -53.022664  -137.512881
   41.887696     8.752617     6.450330    14.152331   -37.529998  -130.063878
   42.354145     9.072621     6.739692    14.354809   -24.587707  -126.453225
   42.167416     8.744802     6.496439    14.331134   -27.203023  -137.428528
   42.045411     9.135727     6.459831    13.876301   -35.548365  -130.052294
   42.359656     9.128447     6.659530    14.221484   -34.383724  -153.964389
   42.304772     9.197793     6.598604    14.095286   -44.221237  -139.044432
   42.146611     9.170642     6.841207    14.262511   -43.443272  -129.850985
   42.325653     9.359071     6.736505    14.144183   -59.487015  -119.866822
   42.194471     9.101876     6.697712    14.218576   -41.692720  -132.774668
   42.231344     9.293266     6.474713    13.896361   -49.842106  -113.815534
   42.361658     9.238780     6.453988    13.992328   -49.827513  -121.298124
   42.267284     9.203262     6.420387    13.911658   -32.594619  -125.185040
   41.967932     8.958094     6.641673    14.153714   -48.566799  -140.372865
   42.379433     9.057040     6.291612    13.997079   -32.214336  -130.516960
   42.616648     9.343183     6.662238    14.260958   -53.826766  -125.749026
   42.348994     8.965316     6.505899    14.320276   -50.103250  -115.421993
   42.090287     9.226254     6.615209    13.960060   -46.098950  -133.343782
   42.037991     8.955576     6.333380    13.967779   -48.429960  -122.520669
   42.143547     8.939651     6.561408    14.256105   -45.029043  -117.892381
   42.199734     9.044333     6.378239    14.055398   -47.559431  -106.263730
   42.081659     8.696651     6.375057    14.278536   -41.606780  -123.596995
   42.104512     8.964536     6.462848    14.133093   -59.377746  -117.562479
   41.972503     8.976371     6.317976    13.872143   -43.135376  -131.997913
   42.352036     8.951498     6.512179    14.319314   -50.055521  -126.188866
   42.262627     8.768121     6.473227    14.391571   -51.523481  -137.031274
   42.021230     8.924089     6.503891    14.071053   -29.894673  -146.150466
   42.337189     8.902109     6.439653    14.258915   -41.174757  -139.316460
   42.379631     9.184949     6.557814    14.155970   -53.639876  -124.362804
   42.479437     9.152068     6.436422    14.105488   -49.552254  -142.376395
   42.041938     9.277329     6.795079    14.028209   -34.576898  -139.332208
   42.171594     9.257968     6.535927    13.884510   -33.881757  -138.268752
   41.921400     9.020096     6.498749    13.974135   -38.443920  -121.747429
   42.274576     9.080631     6.420468    14.070642   -44.919225  -117.651636
   42.319810     9.264921     6.501140    13.972156   -46.846910  -126.008645
   42.209866     9.159547     6.727321    14.174533   -28.946670  -137.717176
   42.033737     8.784334     6.407835    14.134482   -14.950498  -132.087512
   42.254730     9.078570     6.394191    14.070806   -58.674383  -109.216949
   42.631354     9.401582     6.648246    14.176598   -44.208936  -129.860924
   42.107478     9.117134     6.610845    14.087696   -46.380488  -126.122664
   41.680913     9.201504     6.783941    13.858090   -14.653877  -135.930188
   42.354539     8.831460     6.280991    14.166001   -21.586947  -142.715030
   41.914776     9.036972     6.878716    14.251329   -27.743211  -128.268436
   42.259269     8.860580     6.365135    14.177982   -22.638306  -127.366740
   42.066200     9.229679     6.927479    14.227433   -27.863139  -121.995806
   41.798990     8.832843     6.592450    14.143232   -40.584066  -130.622767
   42.539604     9.302787     6.442274    14.007410   -42.728700  -127.235109
   42.236294     9.178659     6.607227    14.128648   -56.894853  -120.308719
   42.357706     8.932737     6.413969    14.242096   -50.643669  -133.468188
   42.354121     9.098467     6.512414    14.139017   -43.828480  -141.767579
   42.539325     9.131676     6.372903    14.148486   -53.146235  -118.169915
   42.401658     8.724485     6.174136    14.270107   -34.782512  -122.393788
   42.318730     9.236165     6.750381    14.261943   -53.329740  -119.933437
   42.108201     8.980039     6.275667    13.932703   -30.418422  -116.022199
   42.175299     9.038372     6.524659    14.084263   -36.178446  -143.020509
   42.615059     9.191523     6.410550    14.169289   -56.418646  -122.281247
   42.195709     8.939263     6.264450    14.014802   -48.103057  -124.838910
   42.317054     8.952815     6.440502    14.215465   -43.219534  -130.111874
   42.101732     9.129678     6.485957    13.918499   -28.564461  -136.682127
   42.303222     8.952872     6.352783    14.136009   -33.964000  -120.513614
   42.323740     9.223139     6.531390    13.960532     0.316358  -132.476028
   41.944028     9.224238     6.751623    14.011040   -20.858205  -115.523574
   42.619034     9.391638     6.446487    13.886585    -6.902821  -144.538523
   42.170437     9.146059     6.689269    14.110747    -9.547653  -127.794085
   41.921182     9.367123     6.874474    13.921196   -14.741232  -139.652077
   42.018274     8.948259     6.255647    13.863372   -12.318352  -120.006903
   42.194470     9.222147     6.608767    13.948875    -5.609384  -145.341724
   42.040419     9.380550     6.879617    14.038107   -29.034451  -123.074573
   42.276714     9.181804     6.402454    13.945704   -32.313349  -115.073978
   42.460630     9.082498     6.389817    14.057107    -6.545875  -132.832622
   42.566392     9.349173     6.566884    14.041136    -7.636647  -124.874048
   42.359575     9.043496     6.273511    13.964592   -11.105058  -122.993975
   42.415377     9.253244     6.433078    13.938821   -20.991995  -128.617836
   41.762685     9.005983     6.610463    13.907137     2.083713  -137.658480
   42.108928     8.857915     6.296955    13.970032     4.200934  -138.875030
   42.547717     9.273853     6.560240    14.030084     7.159533  -145.940033
   42.351119     9.299376     6.573153    13.949900   -12.501220  -143.641620
   42.015956     9.083608     6.532490    13.949059   -30.214270  -140.334675
   42.221185     9.317283     6.690310    13.999744   -30.551947  -139.162391
   42.159488     9.032950     6.497337    14.081696   -29.902693  -126.187915
   41.911794     8.970763     6.713486    14.140351   -17.468042  -137.219734
   42.145936     9.064705     6.621598    14.110694   -18.570126  -139.109960
   41.976124     9.042196     6.299328    13.770641   -21.554325  -132.752590
   42.138694     9.130412     6.495411    13.908920    -3.793770  -139.272094
   42.100376     9.040282     6.569995    14.079963   -16.924954  -128.081257
   41.967046     9.136832     6.513863    13.808965    -1.981629  -146.352191
   42.617022     9.360410     6.577939    14.090577   -19.703866  -128.413316
   42.572458     9.144318     6.565445    14.197658    -5.402599  -144.230592
   42.238168     8.898139     6.501246    14.219335   -14.593995  -130.846045
   42.014439     9.147902     6.876012    14.174145    -6.970224  -126.544513
   42.129979     9.161402     6.789393    14.116431    -4.016318  -148.329393
   42.348954     9.043663     6.759214    14.348089   -13.679792  -139.964293
   42.382120     9.263412     6.479450    14.017704   -44.341249  -113.624689
   42.133134     9.188886     6.604989    14.000482   -33.952187  -133.874603
   42.158631     9.267693     6.589503    13.990660   -49.126060  -111.949811
   42.218322     9.306773     6.559680    13.901874   -22.394534  -124.827317
   42.258865     9.169981     6.474407    13.980512   -17.114908  -119.653604
   42.745718     9.427492     6.376191    13.871655   -12.401776  -141.544308
   41.874913     9.246716     6.702272    13.881524   -17.940467  -126.072540
   42.211319     9.391655     6.685157    13.866250    -2.783393  -146.784940
   41.582098     9.117768     6.890102    13.970133   -26.056228  -139.466538
   42.244218     9.043305     6.391317    14.030670   -32.867434  -125.993440
   42.215758     8.877940     6.481050    14.223170   -14.436885  -122.042666
   42.354636     9.086580     6.551801    14.117414    -5.706838  -143.044514
   42.381974     9.283358     6.627349    14.046419   -11.217707  -133.613634
   42.186497     9.204044     6.661215    14.135865   -43.933368  -110.652982
   42.321314     9.120687     6.511180    14.136825   -44.511523  -120.647196
   41.697592     9.072706     6.332722    13.611905   -16.491452  -135.373911
   41.993435     9.162781     6.653032    13.945765    -9.983520  -139.063525
   42.491675     9.281943     6.705092    14.227364   -26.757670  -126.114340
   42.443745     9.181596     6.370368    14.020902   -32.846757  -112.361952
   42.206572     8.989626     6.513234    14.140451   -21.455461  -131.715578
   42.758035     9.397561     6.426761    14.055000   -38.092488  -112.093385
   42.315388     9.156382     6.790577    14.260074   -13.203245  -139.101682
   42.523943     9.180349     6.726358    14.331946   -16.386041  -123.476839
   42.715402     9.227975     6.644872    14.363770   -33.085669  -128.075954
   42.077387     9.124368     6.650085    14.090523   -36.982353  -126.358558
   42.418541     9.391515     6.674534    14.068121   -33.436276  -124.893909
   42.918469     9.028621     6.192348    14.278654   -39.945151  -136.750808
   42.513088     9.056734     6.313921    14.091665   -38.430598  -142.849712
   42.337889     8.846521     6.367119    14.236529   -31.512797  -139.160929
   42.171340     8.789767     6.431854    14.242741   -37.568378  -146.687206
   42.357725     9.030670     6.625639    14.333971   -50.955790  -134.580594
   42.057383     8.941763     6.769751    14.383561   -49.263058  -116.732444
   42.168080     8.786482     6.709859    14.518128   -39.011248  -115.394024
   41.817849     8.863613     6.442451    14.006691   -42.831421  -127.372371
   42.307988     8.797009     6.358187    14.265996   -32.641701  -136.340362
   42.142901     9.244506     6.860524    14.210267   -34.388904  -124.092265
   42.450202     9.030308     6.562952    14.314745   -31.131753  -125.300662
   42.243284     8.878212     6.505761    14.296537   -46.769146  -134.406816
   42.493928     9.023892     6.457537    14.244671   -39.060384  -142.677780
   42.471425     9.131084     6.523830    14.254657   -60.619818  -120.863875
   42.441463     9.113089     6.292054    13.998110   -45.888393  -129.326988
   42.271794     9.407670     6.742427    14.003931   -31.400925  -136.233605
   42.126167     9.052220     6.721205    14.202560   -26.713459  -143.418635
   42.550581     9.056076     6.338884    14.142716   -35.769052  -135.325596
   42.198687     9.091965     6.632501    14.098804   -17.674547  -156.096903
   42.064228     8.929628     6.564872    14.226589   -50.722062  -117.703576
   42.414521     9.007270     6.468981    14.209890   -27.802605  -136.744410
   42.273588     8.999748     6.524872    14.236124   -65.419825  -135.017166
   41.798286     9.092034     6.579665    13.906261   -49.087952  -123.195634
   42.398675     9.076362     6.359524    14.054406   -40.273446  -134.345243
   42.153010     9.086929     6.503859    14.047152   -45.691069  -125.601687
   42.404485     8.933287     6.280170    14.145070   -46.456161  -134.859454
   42.075932     8.818034     6.461087    14.223884   -49.805442  -130.160969
   42.816227     9.118065     6.150865    14.116148   -49.736699  -123.941417
   42.088662     8.897395     6.271446    13.964695   -39.268823  -138.261446
   42.586587     9.046288     6.194490    14.056882   -40.102205  -132.508570
   42.173380     8.886307     6.176106    13.947607   -35.005861  -134.847044
   42.518622     9.009975     6.149733    14.024357   -46.916839  -133.539349
   41.997019     8.883149     6.188538    13.869777   -37.351542  -130.628469
   42.268356     9.156745     6.299792    13.867954   -51.553263  -126.876675
   42.396961     8.974211     6.227303    14.071767   -51.268075  -126.221043
   42.355801     8.995876     6.216632    14.023924   -54.055741  -122.782761
   42.502263     9.076487     6.476651    14.212456   -40.091385  -147.418248
   42.352184     9.275332     6.481957    13.945431   -35.680640  -128.626519
   42.364640     9.173087     6.657195    14.179767   -30.456471  -148.338981
   41.776237     9.204605     6.787001    13.977709   -52.655137  -121.329878
   42.189768     9.306480     6.605715    13.905730   -21.084830  -135.255834
   41.998271     9.175010     6.870875    14.255545   -63.614186  -109.572240
   42.103744     9.125560     6.684785    14.156926   -51.694003  -123.286417
   42.231653     9.008940     6.452129    14.162724   -55.511903  -114.955923
   42.660549     9.452140     6.569201    14.053357   -40.184567  -133.176720
   41.967562     9.122713     6.752174    14.176314   -69.334163  -111.272500
   41.723886     9.067500     6.842072    14.084628   -53.315630  -137.836217
   41.941953     9.021524     6.645765    14.072420   -41.904933  -141.669234
   42.048794     8.993436     6.492678    14.047764   -48.792349  -135.439910
   42.111913     9.118245     6.610039    14.042523   -25.634524  -138.064115
   42.666410     9.306830     6.550523    14.163384   -32.395821  -132.776474
   42.275544     9.122554     6.474720    14.078852   -54.712232  -121.555898
   42.612947     9.311288     6.465004    14.076054   -43.597004  -123.508748
   42.512119     8.879896     6.231753    14.226601   -30.998790  -117.658986
   42.355700     9.186972     6.752041    14.246075   -28.922909  -148.035157
   42.068300     9.054468     6.569822    14.056769   -42.826201  -138.893568
   42.693045     9.212740     6.311721    14.073787   -47.872125  -131.212485
   42.191406     8.879713     6.430150    14.232951   -61.805939  -124.423610
   42.075597     9.163545     6.704580    14.119228   -48.857653  -123.214966
   42.177280     8.989026     6.377775    14.114184   -56.995822  -103.238608
   42.065278     8.988791     6.409720    14.033078   -61.057059  -120.055156
   42.004698     9.164039     6.640354    13.991990   -52.765976  -135.427460
   42.135889     9.280357     6.780674    14.063877   -32.776151  -142.112032
   42.262917     9.123384     6.436910    14.027058   -56.827041  -126.416686
   41.923992     8.930939     6.489825    14.062770   -53.426900  -122.337195
   42.434174     8.954487     6.233161    14.112299   -45.820769  -126.932075
   42.481974     9.006107     6.302477    14.140513   -32.872870  -120.917811
   42.180843     9.143646     6.691747    14.190584   -43.594595  -122.133812
   42.478087     9.425961     6.614826    14.013127   -34.403568  -125.292867
   42.050634     9.064497     6.489261    13.989739   -29.725267  -121.931213
   42.137418     9.307820     6.722153    13.975902   -26.837874  -142.891562
   42.101909     9.044634     6.527812    14.064319   -31.614315  -126.472243
   42.420040     9.036706     6.392298    14.119164   -31.246181  -138.000682
   41.865772     9.218178     6.701934    13.922304   -50.164559  -129.654384
   42.663264     9.288946     6.676008    14.324392   -42.918698  -132.367257
   42.166078     8.883350     6.368219    14.144952   -47.574350  -124.320488
   42.503826     9.303099     6.398582    13.908728   -30.634068  -137.206699
   42.077200     8.924046     6.374885    14.000909   -23.003507  -137.572780
   42.078785     9.322091     6.664399    13.927435   -44.170492  -123.772261
   42.256339     9.279998     6.595241    14.060546   -51.511858  -106.900405
   42.268335     9.018700     6.331913    14.048577   -37.206780  -114.438348
   42.550746     9.489786     6.862682    14.265600   -43.251352  -123.041294
   41.893296     9.030739     6.481385    13.902493   -31.346797  -131.806508
   42.189985     9.033343     6.310160    13.970645   -50.991456  -118.664805
   42.029197     8.985308     6.470914    14.060572   -34.820746  -114.934759
   41.934721     8.690651     6.329890    14.151423   -38.862422  -126.247232
   41.877329     9.073300     6.614136    14.028784   -51.137328  -112.855189
   42.509619     9.179964     6.452867    14.135242   -51.741450  -127.611274
   42.296936     9.215731     6.841190    14.379867   -70.856158  -116.762599
   41.954656     9.083534     6.780210    14.239639   -56.926149  -104.003100
   42.085787     8.810155     6.479172    14.229431   -39.852167  -136.530413
   42.501897     8.947561     6.357931    14.257290   -45.223268  -136.519569
   41.847514     8.616349     6.293216    14.129293   -40.586410  -134.209087
   42.466493     9.193928     6.614411    14.258318   -49.877863  -122.239963
   42.312612     9.176285     6.725781    14.250133   -44.215325  -134.390897
   42.407339     8.944451     6.372401    14.212106   -46.522451  -138.089107
   42.188571     8.859760     6.340092    14.210411   -64.297218  -109.588630
   42.324272     8.842368     6.592509    14.454455   -48.139925  -135.768926
   42.254526     8.859530     6.259900    14.080694   -38.435066  -147.978207
   41.917716     8.875101     6.729410    14.331965   -55.777649  -117.114840
   41.684897     8.815626     6.704125    14.215636   -55.977165  -120.948945
   42.061155     8.795000     6.366147    14.107240   -29.895574  -145.103182
   42.125901     8.780771     6.371509    14.150976   -27.765672  -152.598367
   42.074769     8.719894     6.380955    14.194505   -34.470870  -154.919278
   42.018374     9.306640     6.944473    14.089748   -30.330946  -156.830982
   42.426292     9.014346     6.431534    14.203883   -38.273346  -131.550951
   41.815885     8.890406     6.695459    14.221522   -46.797625  -117.079367
   42.017210     8.751546     6.341651    14.164182   -38.752358  -119.806008
   42.293166     9.016938     6.541504    14.252939   -55.022765  -124.549794
   42.439307     9.232672     6.518453    14.119665   -59.612926  -123.039434
   42.072894     8.925768     6.462658    14.096721   -36.530249  -133.429088
   42.171380     9.019637     6.656256    14.299791   -54.808911  -114.047440
   42.469603     8.988343     6.661861    14.439425   -41.524056  -155.048039
   42.010117     9.111074     6.610844    13.995500   -35.096890  -139.558447
   42.177538     9.295728     6.736857    14.061584   -45.362890  -134.788567
   42.389579     9.281678     6.503411    14.003324   -46.828294  -125.165376
   42.104433     8.995013     6.773856    14.310320   -41.642914  -141.765469
   42.321160     9.319964     6.744665    14.149992   -47.148199  -130.704191
   42.052521     9.216472     6.745503    14.126355   -59.131944  -112.511330
   42.554011     9.109612     6.573831    14.296372   -36.699348  -147.665234
   42.323694     9.109739     6.553098    14.143655   -47.851015  -149.688648
   42.512963     9.240631     6.722066    14.267440   -30.081681  -153.292925
   42.142728     9.223594     6.654589    13.989073   -32.133296  -150.585014
   41.794752     8.721792     6.568649    14.193503   -35.534490  -142.891027
   42.047367     9.129116     6.593473    14.033841   -56.176640  -124.250731
   42.332254     9.142620     6.841459    14.405009   -53.750365  -140.797690
   42.165741     9.194223     6.601996    14.070958   -61.586786  -118.592735
   42.117750     9.067112     6.443653    14.005851   -55.414091  -122.497166
   42.163584     9.057120     6.794832    14.338467   -43.459217  -127.285864
   41.954646     9.209892     6.871257    14.117754   -38.186831  -134.701504
   42.506380     9.245973     6.565662    14.126580   -36.486211  -146.915028
   41.996788     8.966540     6.390650    13.899089   -23.615999  -154.756364
   41.980547     9.138541     6.760352    14.096251   -32.436584  -133.976947
   42.467073     9.478662     6.654274    13.943814   -24.189249  -149.454300
   41.981982     9.245921     6.799648    13.983662   -18.885183  -151.676595
   42.207151     9.112613     6.567639    14.048652   -28.307523  -151.366577
   41.827206     9.191126     6.733831    13.991088   -58.868254  -115.547532
   42.281659     9.033045     6.478420    14.097275   -31.169044  -150.505290
   42.175943     9.299191     6.711383    14.007153   -37.542894  -144.966750
   42.447817     9.226432     6.671726    14.204758   -36.524751  -151.889103
   42.055100     8.996097     6.273970    13.848752   -32.934568  -133.865116
   41.879581     8.966340     6.564829    13.960702   -18.915792  -161.822153
   42.440525     8.976996     6.372468    14.139454   -21.364797  -151.594199
   42.480931     9.258755     6.447908    13.969687   -27.171426  -145.540589
   42.052233     9.021786     6.449004    13.965982   -33.161228  -137.066714
   41.992788     8.938387     6.618144    14.089424   -14.415923  -163.718376
   41.972723     8.737072     6.334338    14.088385   -28.611493  -142.384056
   42.098996     9.180261     6.620694    13.988746   -32.147598  -139.951447
   42.346153     9.224715     6.638473    14.115092   -40.134208  -150.176183
   42.512609     9.236404     6.485061    14.018251   -16.677705  -156.208009
   42.193532     9.326299     6.650364    13.927471   -32.270571  -145.706171
   42.684840     9.320421     6.479615    14.046683   -18.472053  -148.464289
   42.276615     8.976570     6.213830    13.922891   -30.064280  -147.526620
   41.860416     9.223922     6.832581    13.950021   -13.599134  -153.051899
   42.481610     9.345704     6.670317    14.179207   -47.439349  -119.435257
   42.151736     9.121954     6.628776    14.080680   -39.849356  -147.482203
   42.448691     9.247896     6.693202    14.186165   -29.666779  -161.494581
   42.181872     9.260532     6.698411    14.018849   -26.497879  -146.336448
   42.245235     9.331544     6.674152    13.945488   -18.227564  -155.218121
   42.511575     9.261237     6.741791    14.254858   -24.407936  -151.668278
   42.105379     9.328362     6.858711    14.040111   -20.590459  -152.668320
   42.649636     8.981238     6.189565    14.141399   -27.273722  -128.178291
   41.943033     9.169994     6.938297    14.160470   -26.328492  -150.601367
   42.115898     9.173867     6.649858    14.018945   -31.296283  -147.032128
   42.456296     9.242626     6.720866    14.223721   -23.986316  -144.934561
   42.708495     9.462959     6.881001    14.337217   -26.276061  -151.372872
   42.607894     9.077703     6.365198    14.156111   -30.597145  -150.033353
   42.260443     9.332413     6.643554    13.996517   -40.088917  -128.246557
   42.079749     9.223740     6.682374    13.942074   -10.420237  -153.787916
   42.152874     9.195780     6.795271    14.173137   -25.861566  -132.043809
   41.890844     9.174258     6.861212    14.121248   -42.760563  -127.565463
   42.180319     9.243891     6.858363    14.176415   -26.214690  -148.520951
   42.667547     9.189139     6.423529    14.133865   -27.919499  -143.722737
   41.940301     9.164375     6.741610    14.009593   -39.567083  -147.994011
   42.262553     9.317244     6.805592    14.120541   -28.724089  -147.001867
   42.571576     9.471099     6.770163    14.141697   -26.312622  -144.916617
   42.206129     9.331880     6.903371    14.147607   -21.498423  -148.845876
   42.187875     9.166185     6.580193    14.010901   -32.178661  -144.834307
   42.283069     9.556904     6.895127    14.043188   -37.949890  -130.639246
   41.955124     9.352645     6.884945    13.967219   -24.024682  -144.485488
   42.085566     9.048556     6.591476    14.141007   -59.791750  -122.719584
   42.208739     9.080458     6.496029    14.062315   -40.026753  -131.671224
   41.884756     8.979774     6.674979    14.179807   -66.881252  -114.909962
   42.255287     8.819680     6.420081    14.244740   -27.060368  -141.894590
   42.223129     9.028634     6.588146    14.264297   -57.766099  -114.768336
   41.912977     9.172231     6.936071    14.177374   -38.745953  -137.462473
   42.255982     9.372661     6.882905    14.196047   -45.212717  -127.688188
   42.432273     9.024307     6.680327    14.471913   -64.136080  -127.125746
   42.399712     9.231332     6.375914    13.925883   -51.903940  -139.463254
   42.237830     8.978034     6.513100    14.233695   -54.007471  -122.466808
   42.141771     8.850622     6.621353    14.349868   -42.496019  -134.999786
   42.038288     8.890386     6.644233    14.262970   -36.710957  -134.686304
   42.144708     9.068897     6.615332    14.201721   -56.082529  -113.461667
   42.286969     9.036501     6.655399    14.340771   -54.985346  -121.017385
   42.447139     9.269854     6.677468    14.182401   -30.928667  -133.728631
   41.962074     8.795835     6.517415    14.226591   -54.149734  -129.935622
   42.214197     8.806465     6.157630    14.066426   -44.113633  -126.647505
   42.004720     9.017064     6.427251    13.977882   -51.216070  -119.049238
   41.999520     8.783364     6.407558    14.145291   -41.817263  -136.408627
   41.975746     9.155665     6.686231    14.027295   -53.668550  -133.802430
   42.518811     9.265335     6.541692    14.087724   -29.645817  -140.064968
   42.397486     9.370072     6.688331    14.116327   -43.455184  -118.629518
   42.576374     9.239259     6.537011    14.202309   -55.980918  -133.152968
   42.258237     9.225443     6.646459    14.144230   -55.357549  -116.061834
   42.539786     9.179069     6.578428    14.310053   -58.643696  -116.906559
   42.053028     9.004681     6.642221    14.217016   -49.704765  -116.835790
   42.222491     8.987389     6.543238    14.182274   -30.467017  -137.564621
   42.133622     9.121932     6.468945    13.986393   -46.536810  -118.524083
   42.427412     9.170875     6.503575    14.124049   -54.569578  -142.411270
   42.279470     9.166292     6.761674    14.233246   -35.190029  -150.418171
   42.641030     9.072203     6.473605    14.307405   -39.817268  -142.660685
   42.310482     8.949932     6.539826    14.246469   -24.366537  -143.564251
   42.197223     9.094297     6.675705    14.174378   -39.026722  -150.177260
