   43.521821     9.364266     6.431787    14.526744   -35.042151  -128.999566
   43.059597     9.173004     6.081142    14.112514   -36.591625  -124.327560
   43.191739     9.173874     6.248645    14.348136   -38.863221  -138.417588
   43.009011     8.970768     6.092323    14.346727   -50.091614  -122.066464
   43.296058     9.636345     6.480745    14.263318   -62.244865  -130.496925
   43.021798     9.110475     6.275712    14.355874   -42.292766  -118.822104
   43.347870     9.093956     6.083208    14.346312   -29.484177  -142.289563
   43.188638     9.392756     6.254226    14.167514   -48.459523  -119.421851
   43.422678     9.341021     6.198594    14.324837   -48.816901  -143.488928
   43.092827     9.283507     6.531874    14.478926   -48.429052  -142.711661
   43.039649     9.206267     6.236112    14.204664   -36.911469  -152.306681
   43.305061     9.266698     6.084424    14.186393   -43.041338  -130.617257
   43.316167     9.064251     5.975772    14.315997   -45.469560  -126.979481
   43.177181     9.142633     5.935228    14.087996   -39.687438  -131.514669
   43.002780     9.280562     6.304794    14.145480   -28.716046  -134.930614
   43.243698     9.619092     6.413917    14.116475   -43.335632  -140.770028
   43.180385     9.480389     6.565738    14.384833   -48.600117  -126.300870
   43.533250     9.515903     6.245991    14.236488   -40.576404  -143.987145
   42.885470     9.334344     6.452924    14.191478   -38.364357  -132.022683
   44.053172     9.543990     6.034912    14.319393   -35.062033  -141.147650
   43.448889     8.968727     5.902746    14.436215   -45.894261  -129.494990
   43.467488     9.011031     6.050278    14.473798   -28.914238  -133.443581
   43.633311     9.127543     6.004140    14.450109   -39.195935  -125.119124
   43.051932     9.158693     6.442095    14.446131   -35.196487  -129.867710
   43.563900     9.331702     6.573140    14.691741   -28.150878  -131.887593
   43.518190     9.366911     6.452539    14.539593   -34.469356  -138.067520
   43.180652     9.169236     6.167270    14.309023   -50.075764  -129.684185
   43.408627     9.304034     6.090414    14.194943   -34.763639  -142.389544
   43.186808     9.085361     6.323513    14.469384   -27.976180  -130.365641
   43.210047     9.123408     6.259238    14.423098   -39.703239  -138.077083
   43.735011     9.334466     6.346009    14.626227   -39.500656  -140.693402
   43.721546     9.322930     6.207232    14.535260   -43.129916  -153.373211
   43.519859     9.407024     6.431266    14.451797   -25.264084  -145.297899
   43.352630     9.040536     6.009815    14.416749   -51.820867  -132.952725
   42.961347     9.376058     6.607777    14.362533   -42.778289  -139.639529
   43.384122     9.207203     6.148585    14.336946   -36.866393  -127.064162
   43.060906     8.914379     6.063597    14.396069   -44.649728  -123.926294
   43.004432     9.003440     6.293134    14.402581   -24.508458  -133.729714
   43.182027     9.201842     6.206069    14.297160   -45.687291  -132.785194
   42.943200     9.165820     6.288336    14.244952   -42.444480  -143.929157
   43.369310     9.184018     6.134254    14.411762   -57.359416  -130.798250
   43.167571     9.452560     6.619381    14.378045   -25.742187  -147.906642
   43.525851     8.919808     6.084102    14.627488   -26.446417  -147.627512
   43.193870     9.010476     6.415385    14.682210   -45.157726  -138.813354
   43.252067     8.901532     6.054135    14.512329   -44.176821  -137.810032
   43.484865     9.062552     6.084512    14.563811   -57.289765  -129.277296
   43.178335     9.097483     6.080441    14.244686   -30.344302  -154.424628
   43.261559     9.187843     6.176046    14.373545   -55.446767  -116.527026
   43.405185     9.256579     5.999999    14.166373   -37.377941  -142.032113
   42.396266     9.107677     6.516875    14.136090   -33.557629  -149.656301
   43.419413     9.493071     6.411327    14.342323   -38.608132  -147.631229
   43.063063     9.348423     6.279123    14.154849   -50.679316  -141.612360
   43.276642     9.188523     6.323617    14.430974   -31.132067  -131.108792
   42.734498     9.216424     6.425014    14.148395   -26.000492  -140.467269
   43.429894     9.351084     6.577680    14.615270   -33.588522  -137.584919
   43.239411     9.095720     6.058356    14.337542   -52.331954  -116.658858
   43.295962     9.135850     6.255595    14.464854   -40.614570  -139.298557
   42.995844     9.274495     6.316606    14.184944   -38.969270  -141.040504
   43.017116     9.058554     6.149340    14.267270   -38.957866  -144.647887
   43.310612     9.189731     5.922858    14.117141   -41.717841  -137.613523
   43.837612     9.332139     5.984610    14.369672   -44.341831  -123.103466
   43.313612     9.317942     6.405792    14.396078   -28.101672  -146.933046
   43.287206     9.357565     6.421786    14.415940   -45.595481  -129.041742
   43.210571     9.188684     6.477179    14.557829   -38.921018  -130.519011
   43.063607     9.101423     6.163736    14.295150   -48.346469  -142.094991
   43.432535     9.246959     6.295822    14.458676   -29.336616  -161.504794
   42.775529     9.035251     6.361814    14.341135   -43.713777  -140.055448
   42.870119     9.293488     6.665391    14.434392   -39.257646  -126.893782
   43.265845     9.113625     6.275527    14.446503   -28.824922  -146.220052
   43.138700     9.436487     6.580208    14.401127   -45.325563  -137.132222
   43.384700     9.328552     6.510788    14.524118   -26.734285  -147.534809
   43.180290     9.333576     6.545418    14.444788   -32.331114  -137.817456
   43.450309     9.465407     6.335115    14.347593   -45.267334  -153.053546
   43.288098     9.408709     6.334486    14.253560   -37.199151  -139.843773
   43.576507     9.539177     6.551819    14.533696   -39.043969  -148.109076
   43.159477     9.346603     6.387184    14.305156   -42.941671  -146.204529
   43.506763     9.338976     6.310061    14.406177   -24.805854  -157.849819
   43.044414     9.285336     6.176473    14.040975   -26.511451  -157.424075
   43.135005     9.349873     6.242429    14.128396   -36.583584  -154.400639
   43.190013     9.314771     6.430490    14.388443   -41.428854  -137.266257
   43.559306     9.337380     6.356359    14.461479   -21.684698  -149.988612
   43.339287     9.210621     6.344461    14.459111   -27.842683  -150.403663
   43.301682     9.590446     6.725592    14.510391   -46.559859  -147.233323
   43.187814     9.217145     6.267510    14.356370   -47.690290  -147.274813
   43.101817     9.296782     6.422805    14.343074   -40.599500  -148.402489
   43.405051     9.268381     6.293066    14.496572   -55.236241  -140.061597
   43.378859     9.430719     6.545822    14.492584   -34.050995  -153.807941
   43.243516     9.382039     6.451621    14.333139   -26.289277  -153.195585
   43.009393     9.512139     6.600342    14.262593   -44.501277  -143.201571
   43.059259     9.360972     6.534270    14.368097   -42.608706  -147.253274
   43.399516     9.427733     6.338396    14.297672   -32.733507  -145.888088
   43.274151     9.270723     6.326914    14.378795   -39.366162  -135.654623
   43.098244     9.217559     6.300133    14.261262   -28.755392  -146.701977
   43.281109     9.327777     6.367541    14.324516   -26.423567  -147.625294
   43.248032     9.396596     6.666382    14.547826   -33.465836  -143.715700
   43.003764     9.146645     6.136096    14.158910   -40.591536  -146.584194
   43.346994     9.212565     6.066337    14.270867   -48.058994  -124.113986
   43.224013     9.497990     6.672225    14.469065   -37.231436  -157.862392
   43.204398     9.496160     6.507796    14.308206   -42.709741  -145.696698
   42.835149     9.237964     6.349331    14.178710   -47.699977  -129.096255
   43.215435     9.326863     6.294257    14.231067   -30.446064  -151.461476
   43.549247     9.610331     6.449162    14.356309   -42.713592  -137.778254
   43.297649     9.503263     6.232493    14.099973   -47.669310  -119.929224
   42.992942     9.543446     6.495233    14.095576   -35.657097  -127.975490
   43.303182     9.345120     6.140163    14.155769   -41.287072  -119.993941
   43.455490     9.408100     6.254442    14.266760   -31.281504  -146.412453
   43.321199     9.181443     6.325951    14.596900   -66.593366  -134.139180
   43.168439     9.186707     6.595060    14.675834   -47.603354  -149.600513
   43.049696     8.946457     6.291942    14.627103   -68.864883  -133.214926
   43.448078     9.098576     6.129578    14.476677   -36.497352  -148.794962
   43.218986     9.289502     6.490589    14.495771   -41.201413  -151.853887
   43.128818     9.249894     6.614068    14.594933   -44.273451  -142.816841
   43.142969     9.219217     6.475622    14.513466   -46.057111  -147.916923
   43.594150     9.313832     6.208124    14.457162   -43.184204  -149.300778
   42.998004     9.181559     6.193365    14.188504   -44.811012  -126.998706
   42.725487     9.127189     6.532688    14.349904   -33.181968  -136.922616
   43.014652     9.247824     6.495641    14.336124   -19.969180  -146.571674
   42.913864     9.076622     6.148362    14.169734   -34.144578  -136.791286
   43.186577     9.093301     6.270111    14.455136   -41.613525  -133.703123
   43.284961     9.158957     6.123095    14.321213   -41.468608  -145.265375
   43.179617     9.499991     6.589864    14.382292   -44.088297  -157.281202
   43.147074     9.138818     6.458892    14.575761   -47.002295  -138.847083
   42.780781     9.341073     6.609714    14.320544   -52.165320  -121.783710
   42.682487     9.519773     6.751592    14.137053   -24.665444  -158.989865
   42.858103     9.147357     6.689857    14.590825   -45.612875  -134.801730
   42.995597     9.375417     6.616665    14.389098   -41.040522  -137.483485
   43.802356     9.374034     6.105010    14.350595   -26.138341  -134.644817
   43.022781     9.389099     6.260802    14.029981   -37.762976  -135.755184
   43.124948     9.277514     6.270971    14.227643   -40.566736  -140.245169
   43.285811     9.274413     6.198398    14.258717   -38.741847  -133.861562
   43.141040     9.153275     6.090245    14.246530   -53.796650  -118.298963
   43.160642     9.189381     6.289217    14.355724   -40.527223  -138.084720
   43.194215     9.331094     6.337385    14.244132   -25.209276  -160.361745
   43.263380     9.348086     6.202288    14.162750   -34.571490  -144.817528
   43.032884     9.174482     6.038678    14.074084   -46.254167  -139.232813
   43.045319     9.151176     6.114734    14.193833   -47.315065  -117.809685
   43.282782     9.487278     6.411942    14.230078   -31.301280  -132.162764
   43.113047     9.159248     6.217758    14.282037   -37.884001  -141.291276
   43.011687     9.484488     6.554205    14.224862   -34.124591  -124.148706
   43.171845     9.449629     6.543381    14.383245   -45.221136  -116.567500
   43.213102     9.495922     6.595080    14.320594   -14.441096  -121.255345
   43.354545     9.311711     6.432510    14.448660   -25.997150  -152.188836
   42.623722     9.195468     6.690217    14.376458   -37.735696  -141.063078
   43.097937     8.999968     6.119086    14.318158   -27.773981  -137.395182
   43.551718     9.328416     6.417115    14.557606   -31.662382  -146.392274
   42.851213     9.357673     6.560452    14.233219   -31.452824  -137.007006
   43.205200     9.505506     6.491185    14.217830   -22.734083  -152.888227
   43.356278     9.444464     6.431997    14.371320   -39.448624  -147.225704
   43.006638     9.390622     6.326252    14.043660   -23.262345  -157.774091
   43.151138     9.423475     6.421473    14.243788   -38.801918  -146.044914
   43.188847     9.160965     6.115110    14.241519   -38.611064  -124.140194
   43.423314     9.440011     6.346363    14.339732   -39.080575  -151.880898
   43.189644     9.267483     6.176869    14.187988   -39.035815  -126.612532
   43.492984     9.348299     6.493456    14.566569   -30.689560  -136.141303
   43.287390     9.454210     6.486551    14.357817   -37.098704  -132.654759
   43.418686     9.190260     5.952944    14.198208   -36.879621  -123.494124
   43.393564     9.146603     6.127044    14.365250   -31.507581  -137.427973
   43.458221     9.466682     6.433113    14.465161   -53.951283  -110.514079
   43.292256     9.196596     6.141369    14.335472   -47.967134  -110.054783
   43.463254     9.457326     6.455356    14.401700   -28.022624  -129.309655
   43.402756     9.309530     6.179062    14.249378   -29.084885  -125.098136
   43.274467     9.444454     6.443439    14.317936   -37.545220  -136.654102
   43.630319     9.419887     6.275008    14.419639   -42.380573  -134.897794
   43.229427     9.282527     6.277640    14.289634   -38.866638  -134.322049
   43.329286     9.232919     6.051238    14.156031   -27.993328  -134.398646
   43.755493     9.336136     6.067059    14.433181   -52.719275  -137.002721
   42.927515     9.433348     6.551769    14.215065   -37.021728  -137.501908
   43.260442     9.289206     6.352350    14.414155   -48.810602  -142.740726
   43.539547     9.380433     6.088374    14.251420   -49.565419  -134.239855
   43.275027     9.376731     6.199499    14.154482   -40.205461  -129.286731
   43.561938     9.551435     6.189197    14.198658   -53.415540  -123.209803
   43.443671     9.324936     6.293067    14.420605   -44.474280  -135.458684
   43.586227     9.328540     6.147877    14.428690   -58.042789  -137.546886
   43.508482     9.471159     6.472816    14.483802   -42.027762  -137.349933
   43.301695     9.573116     6.469219    14.303166   -56.113827  -142.067986
   43.369252     9.482585     6.300163    14.235813   -48.222699  -124.839132
   43.398083     9.259028     6.071183    14.188682   -27.299667  -130.152422
   43.155126     9.671511     6.759430    14.330958   -32.577671  -134.492227
   43.481200     9.619023     6.451432    14.277193   -32.700487  -149.312704
   43.204178     9.432138     6.443245    14.310427   -44.450392  -143.166049
   43.247868     9.344673     6.258407    14.252829   -46.066676  -146.492827
   43.617728     9.197966     6.022985    14.305897   -14.646681  -152.578747
   43.317770     9.229090     6.267361    14.436637   -50.261333  -142.621138
   43.202960     9.180915     6.143976    14.264878   -42.675008  -130.826095
   43.335797     9.418814     6.123643    14.073323   -39.226183  -129.636350
   43.476526     9.621244     6.460793    14.304730   -41.449117  -133.369468
   42.540870     8.704384     6.126506    14.291143   -26.183905  -140.639408
   43.016649     9.258277     6.445853    14.330056   -36.085002  -141.443958
   43.287715     9.452123     6.579306    14.447514   -35.759376  -128.483989
   43.194415     9.193809     6.205460    14.248575   -25.295872  -132.392370
   43.604223     9.480731     6.321032    14.328176   -26.275718  -138.244162
   43.050212     9.160277     6.369010    14.359876   -27.549970  -125.320114
   43.504399     9.036082     6.190031    14.579423   -24.738750  -136.570046
   43.446277     9.508520     6.363895    14.344310   -53.903952  -128.664247
   43.396479     9.349692     6.259534    14.306971   -34.599917  -116.918664
   42.818351     9.201315     6.272311    14.080951   -18.111026  -120.715548
   43.160455     9.048352     6.230492    14.420677   -30.642384  -125.276186
   42.957163     9.500138     6.386303    14.017537   -41.975290  -128.653746
   43.255709     9.295556     6.408487    14.396939   -32.291887  -143.325128
   43.378359     9.102678     5.933267    14.244395   -36.038804  -127.084000
   43.235337     9.424204     6.274562    14.144771   -36.360565  -125.415778
   43.719896     9.370497     6.084868    14.332247   -38.140782  -136.889978
   43.136069     9.228113     6.163387    14.185640   -40.983139  -141.411437
   43.555779     9.375429     6.156484    14.299412   -41.087361  -134.329045
   43.055563     9.334005     6.380398    14.279105   -55.172624  -129.718125
   43.361183     9.223756     6.019295    14.249690   -55.397205  -120.608186
   43.255350     9.429980     6.298282    14.194473   -41.799798  -121.453205
   43.288627     9.206664     6.360597    14.542705   -54.565950  -114.900523
   42.930235     9.431076     6.502438    14.191649   -42.696680  -127.102641
   43.217579     9.547072     6.513774    14.278126   -44.451363  -142.429155
   43.624189     9.575057     6.592808    14.542759   -34.986417  -127.564884
   43.247817     9.477796     6.327904    14.142671   -34.284882  -140.016250
   43.182458     9.110229     6.099433    14.298492   -44.261377  -118.713591
   43.176931     9.115035     6.198114    14.319402   -27.205905  -153.255919
   43.487423     9.215155     6.096624    14.362093   -37.831801  -150.398320
   43.058975     9.103507     6.326618    14.395147   -31.644843  -124.044672
   43.173433     9.500965     6.302855    14.021492   -26.185242  -138.797511
   43.314680     9.503221     6.549049    14.399136   -38.965785  -124.117963
   43.749363     9.253051     5.944839    14.346229   -40.879481  -118.754860
   43.405716     9.346723     6.226746    14.293794   -38.954272  -140.464045
   43.285913     9.284633     6.154753    14.258803   -52.537255  -117.002367
   43.153213     9.232771     6.089277    14.105945   -35.145332  -129.725654
   43.341376     9.399057     6.098508    14.093555   -43.315369  -115.391087
   43.208252     9.308564     6.425232    14.392543   -36.854289  -123.102651
   43.293659     9.349795     6.288983    14.204382   -17.543086  -143.173282
   42.947156     9.339091     6.330028    14.086795   -33.776811  -141.409144
   42.600411     9.460105     6.669594    14.176546   -56.313507  -110.970432
   43.235579     9.400240     6.259593    14.187740   -47.477871  -133.280128
   42.904236     9.258231     6.194301    14.057704   -47.502269  -124.725649
   43.619204     9.523074     6.334705    14.399902   -49.236000  -136.504812
   43.083635     9.287229     6.201843    14.146953   -45.736521  -122.726926
   43.384431     9.571684     6.742383    14.583551   -44.865661  -124.994873
   43.274231     9.491984     6.554073    14.437255   -52.211963  -116.477015
   43.440540     9.623764     6.393008    14.209356   -41.140422  -129.659760
   43.229877     9.405359     6.165229    14.071588   -43.189367  -130.653665
   43.318656     9.238513     6.002214    14.152963   -44.660316  -129.845900
   43.123289     9.209106     6.345216    14.337433   -32.385057  -134.930836
   43.303150     9.106331     6.300138    14.511613   -32.980275  -141.138037
   43.117989     9.182010     6.452902    14.479580   -36.037661  -126.081661
   43.352258     9.378603     6.620310    14.607204   -40.350775  -136.783629
   43.294415     9.207472     6.366210    14.450731   -27.046153  -149.912293
   43.209576     9.164620     6.495768    14.610308   -43.095472  -139.333620
   43.405896     9.141882     6.451217    14.751057   -53.287315  -125.277550
   43.584726     9.379222     6.398699    14.471938   -20.704814  -148.258513
   42.729163     8.869966     6.401588    14.494222   -38.290280  -140.968570
   43.229551     9.291791     6.371033    14.401499   -45.371598  -117.311269
   43.383734     9.376579     6.432143    14.387835   -20.310753  -156.262934
   43.437561     9.041164     6.078688    14.519510   -47.660157  -140.348800
   42.712691     9.176672     6.739676    14.491602   -34.278233  -131.194053
   42.865310     8.883078     6.433082    14.527406   -18.214267  -147.595949
   43.392563     9.237486     6.440885    14.623285   -48.308202  -127.969325
   43.701343     9.437187     6.439676    14.629262   -50.129563  -122.993919
   43.093246     9.468774     6.613234    14.381479   -47.375772  -134.931809
   43.657111     9.043985     6.034492    14.540640   -27.675289  -144.979079
   43.004914     9.328749     6.706102    14.505615   -35.428419  -134.074596
   43.053287     9.035283     6.307215    14.430018   -31.262352  -137.741095
   43.362507     9.222211     6.409338    14.549088   -33.261759  -155.907434
   43.518233     9.423422     6.651077    14.710696   -44.351624  -136.533157
   43.197616     9.053696     6.095322    14.353837   -42.800828  -124.906748
   43.373580     9.277137     6.346707    14.439887   -34.163376  -146.766211
   42.980394     9.045198     6.152412    14.214015   -22.807706  -140.942718
   43.137484     9.123838     6.506875    14.546850   -23.526382  -146.520032
   43.219440     9.195014     6.367105    14.415754   -27.629891  -142.453679
   43.345010     9.201249     6.145366    14.310973   -35.835334  -135.333208
   43.164410     9.103033     6.121903    14.272129   -30.953439  -123.893399
   43.088314     9.039094     6.146140    14.295206   -28.016787  -146.410033
   43.294289     9.448847     6.304032    14.194574   -39.450796  -129.512476
   43.942361     9.454077     6.429690    14.676356   -27.231107  -149.487602
   43.376994     9.068470     6.250778    14.549807   -32.281356  -144.430925
   43.484005     9.005655     6.096138    14.524420   -26.656633  -146.941069
   42.694107     9.338702     6.634717    14.229790   -33.733733  -138.757672
   43.170871     9.106577     6.359640    14.498157   -37.363478  -140.538843
   43.460887     9.082637     6.240951    14.539140   -19.956046  -130.555179
   43.242008     8.991174     6.135202    14.455022   -35.938306  -134.305281
   43.581748     9.347741     6.481034    14.571946   -19.878464  -137.618383
   43.136617     9.180246     6.329590    14.347206   -28.085870  -146.720481
   42.954986     9.313116     6.420201    14.258164   -45.057178  -117.556369
   42.994319     9.074055     6.003963    14.141854   -46.168370  -116.951032
   43.052568     9.223965     6.444758    14.317804   -14.663174  -150.899802
   43.435620     9.125203     6.080763    14.349585   -25.030681  -135.393522
   43.258282     9.183442     6.274049    14.374773   -29.310579  -148.767087
   42.963626     9.260291     6.267328    14.084778   -22.405910  -149.894583
   43.304602     9.440904     6.591851    14.450417   -27.209985  -147.009545
   43.612962     9.303305     6.095377    14.329103   -35.697899  -134.173050
   43.241593     9.100982     6.179811    14.296609    -8.045891  -160.867056
   42.940627     9.049275     6.248838    14.318302   -39.211513  -140.009190
   43.541696     9.381883     6.469579    14.543226   -27.933476  -153.910214
   43.193695     9.350460     6.597377    14.438483   -17.726142  -141.147994
   44.142496     9.414596     6.193368    14.627627   -30.796595  -141.760289
   43.727068     9.176998     5.865127    14.355260   -45.169023  -132.850371
   43.478676     9.233965     5.928510    14.156179   -34.256622  -133.956766
   43.335933     9.612006     6.684685    14.459867   -44.073256  -140.587232
   43.165740     9.115273     6.162927    14.310164   -36.891695  -147.123978
   43.270745     9.455648     6.300219    14.164653   -38.274998  -135.954951
   43.065024     9.294942     6.587790    14.459751   -34.976181  -150.242894
   43.295372     9.322508     6.514436    14.530767   -42.179823  -138.206065
   43.106616     9.163654     6.191224    14.253085   -38.849279  -132.325561
   43.485551     9.453219     6.140130    14.104514   -21.824515  -156.003172
   42.894484     9.102523     6.244524    14.210410   -31.789352  -138.234918
   43.130520     9.237925     6.128245    14.109300   -31.613330  -137.276524
   43.136387     9.365371     6.499913    14.340869   -30.651184  -133.413721
   43.301978     9.262794     6.458440    14.543408   -43.886340  -135.044761
   43.539419     9.358690     6.270967    14.382533   -31.946351  -143.075816
   43.206939     9.141467     6.069793    14.226900   -37.676644  -146.156119
   43.276867     9.050918     6.188214    14.456127   -33.820388  -129.961321
   43.186973     8.965427     6.091125    14.402801   -33.404447  -146.998225
   43.292325     9.467093     6.430909    14.284334   -34.271175  -139.924930
   43.345050     9.164121     6.336056    14.469808   -20.137700  -145.971737
   43.415598     9.329046     6.138919    14.225453   -33.566189  -152.901785
   43.102517     9.348204     6.182060    14.054869   -40.116326  -131.483194
   43.259634     9.346435     6.506507    14.440357   -31.214850  -138.142485
   43.231358     9.185158     6.011627    14.128269   -32.731003  -126.105794
   43.630521     9.691133     6.655604    14.444481   -19.554575  -146.680636
   43.398534     9.389667     6.325992    14.393204   -53.662393  -117.757195
   43.564292     9.549626     6.495472    14.402995   -22.639022  -153.699721
   43.373760     9.337085     6.058793    14.080731   -27.387054  -135.251585
   43.330756     9.381387     6.302524    14.245283   -22.743483  -116.356132
   43.091810     9.384647     6.350411    14.137774   -26.508133  -131.477927
   43.492325     9.457388     6.243727    14.194066   -22.727552  -136.491230
   43.457909     9.439124     6.211768    14.202179   -34.258403  -138.760714
   42.923475     9.423285     6.354295    14.038600   -32.838540  -115.589228
   43.280604     9.439338     6.205718    14.073473   -31.811440  -130.909938
   43.497016     9.295447     6.183423    14.306444   -24.253685  -142.044309
   43.037683     9.141292     6.334542    14.384358   -43.442212  -124.945182
   43.343433     9.302418     6.419441    14.464846   -35.288240  -138.606792
   43.319793     9.175465     6.387676    14.529390   -28.840439  -123.010214
   43.092965     9.074169     6.228485    14.379745   -35.911448  -115.846776
   43.454812     9.716649     6.674286    14.421546   -44.460704  -126.134450
   43.320717     9.541110     6.478552    14.339053   -52.055664  -125.670218
   43.233178     9.178379     6.301887    14.452624   -47.413797  -121.767343
   43.088804     9.224873     6.178349    14.206939   -52.168511  -132.858777
   43.373281     9.535548     6.307044    14.177363   -43.769539  -123.351939
   43.119027     9.304777     6.297796    14.278746   -55.571353  -117.100768
   43.024161     9.262044     6.313626    14.241024   -45.108614  -122.890826
   43.412929     9.411137     6.133834    14.085035   -21.649009  -146.660780
   43.679445     9.239501     6.115787    14.430867   -24.102010  -157.461463
   43.271810     9.375475     6.171030    14.137903   -42.503404  -144.595779
   43.258971     9.442121     6.572498    14.442335   -38.404269  -145.269737
   43.477188     9.472502     6.215931    14.159557   -26.160361  -145.898608
   43.457424     9.255996     6.093554    14.285937   -38.047877  -134.168736
   43.322352     9.090661     6.275444    14.464411   -16.126434  -155.280383
   42.811026     8.931433     6.216201    14.334509   -38.895417  -132.671453
   43.636428     9.165878     6.071835    14.418195   -22.944182  -144.555364
   43.242528     9.199988     6.061398    14.176944   -37.059848  -127.705689
   43.557906     9.155733     6.245967    14.564931   -31.421892  -135.483336
   42.763277     9.117986     6.323242    14.155403   -22.211660  -149.129686
   43.025059     9.318019     6.363982    14.203241   -36.968346  -150.783708
   43.590983     9.447709     6.438945    14.523447   -39.571568  -147.097403
   43.011415     9.356086     6.424885    14.205347   -32.183141  -158.058802
   43.056800     9.374220     6.594949    14.395468   -37.354554  -145.622802
   43.218765     9.414708     6.553529    14.366074   -17.439085  -167.996364
   43.368353     9.326263     6.447779    14.461370   -26.236490  -154.785983
   43.303106     9.363558     6.450911    14.390982   -25.210044  -160.614138
   42.814392     9.337100     6.432870    14.124656   -41.934862  -141.458465
   42.960531     9.207198     6.356433    14.264075   -37.554615  -147.175726
   43.198479     9.160382     6.310071    14.405691   -33.618758  -144.441079
   43.719584     9.394837     6.390426    14.584664   -31.258889  -155.672137
   43.325940     9.282002     6.176878    14.246691   -32.948067  -152.036684
   43.416009     9.293025     6.181937    14.286879   -30.887147  -148.378834
   43.121987     8.997360     6.129208    14.333807   -24.780095  -146.857068
   43.298581     9.270224     6.200210    14.232675   -23.899764  -155.753503
   43.554404     9.210513     6.014941    14.312667   -32.111582  -151.024473
   43.318442     9.041314     6.086233    14.383500   -28.947861  -142.305086
   42.951818     9.082250     6.327091    14.320612   -25.752592  -148.022470
   43.450173     9.019836     6.200525    14.610142   -35.424887  -141.852696
   43.434088     9.419946     6.265460    14.262220   -35.794666  -135.219055
   43.346732     9.430785     6.276127    14.191013   -29.171508  -150.996227
   43.323105     9.275402     6.184653    14.284206   -42.756373  -137.532309
   43.134974     9.013903     6.251592    14.447406   -29.911967  -143.358599
   43.335078     9.297482     6.073918    14.179970   -47.822429  -128.274433
   43.157175     9.379529     6.415829    14.297986   -43.340560  -130.822398
   43.228932     9.255492     6.233307    14.271498   -35.695608  -150.394504
   43.091917     9.441557     6.455077    14.249130   -48.158128  -139.428036
   43.086407     9.342691     6.292809    14.192182   -51.441237  -139.201350
   43.250957     9.155309     6.355080    14.447050   -22.648461  -147.455704
   43.575615     9.242664     6.354263    14.629552   -39.573083  -147.704667
   43.391174     9.438207     6.268869    14.272053   -49.323527  -138.742931
   43.454730     9.572934     6.465294    14.384318   -53.154152  -129.869506
   43.399830     9.344715     6.491407    14.560163   -43.547210  -141.251289
   43.056432     9.285115     6.349913    14.243896   -36.272213  -154.867795
   43.310772     9.098491     6.314795    14.526053   -26.985840  -156.596663
   42.776296     9.074664     6.293133    14.245543   -46.951786  -142.729664
   43.113766     9.237287     6.194263    14.198627   -41.416705  -122.657216
   43.446152     9.190260     6.229809    14.431032   -26.872709  -140.820476
   43.087113     9.095990     6.223392    14.288903   -22.402352  -153.477034
   43.442552     9.247697     6.380141    14.534894   -31.915570  -148.623105
   43.321951     9.209198     6.236473    14.358776   -25.858108  -163.158714
   43.033589     9.002523     6.170404    14.404579   -54.053102  -129.621859
   43.262325     9.417890     6.615722    14.520026   -42.539327  -134.134820
   43.648351     9.276267     6.296365    14.560608   -32.460274  -147.816038
   43.273850     9.063998     6.142783    14.392025   -31.878764  -137.449608
   43.356485     9.184793     6.034600    14.220788   -30.685588  -146.616281
   43.590975     9.166330     6.093550    14.462346   -32.767742  -156.505012
   43.424511     9.475382     6.422531    14.412036   -49.939684  -141.079652
   43.446643     9.418372     6.305080    14.266430   -18.312493  -162.110222
   42.904072     9.068824     6.371307    14.419075   -50.019209  -149.853342
   43.194679     9.510945     6.777348    14.603590   -58.455118  -124.541479
   43.414746     9.152746     6.126554    14.344833   -23.266954  -133.261787
   43.382034     9.311694     6.176025    14.217441   -25.302683  -128.803651
   43.466793     9.096626     5.954160    14.309595   -30.684230  -122.569114
   43.414955     9.426170     6.530346    14.489554   -32.341723  -127.854873
   43.296316     9.513701     6.572719    14.342454   -21.885715  -150.230269
   43.355247     9.226404     6.237642    14.359246   -30.638778  -139.181501
   43.763083     9.309217     6.199742    14.555405   -45.753273  -135.702088
   43.090532     9.035780     6.211156    14.413548   -45.321443  -140.884274
   43.434291     9.335292     6.465856    14.514415   -29.002529  -147.084196
   43.500169     9.106285     6.057351    14.416549   -32.668631  -142.339183
   42.954327     8.931087     6.145732    14.362259   -36.409317  -124.167642
   43.331928     9.324012     6.372055    14.473612   -55.174064  -108.725932
   42.930669     9.126591     6.161793    14.177274   -38.574892  -114.568400
   43.006872     9.159335     6.190738    14.237904   -45.793118  -111.647529
   43.298671     9.137367     6.439291    14.563598   -20.972538  -146.744212
   42.915767     9.172562     6.552897    14.468879   -40.523892  -128.949904
   43.015785     9.223664     6.492989    14.406695   -35.447045  -136.356830
   43.206659     9.296859     6.485951    14.442774   -31.794523  -126.021221
   43.308198     9.051267     6.360407    14.600052   -26.480105  -141.931698
   43.196915     9.249437     6.148620    14.146258   -26.922197  -130.891382
   43.221383     9.271382     6.356848    14.432326   -55.165195  -118.731765
   43.191226     9.225057     6.204041    14.303568   -50.237005  -114.304221
   43.650205     9.169021     5.974845    14.421578   -43.246084  -147.895512
   43.182094     8.968735     6.331133    14.588219   -29.537582  -141.075066
   43.130788     9.267933     6.325474    14.289824   -36.901023  -155.051170
   43.328785     9.467094     6.363008    14.237818   -30.141347  -156.699967
   43.063267     9.176193     6.295551    14.264005   -22.938029  -158.774532
   43.276531     9.418799     6.209066    14.157965   -50.973161  -133.403915
   43.481709     9.388132     6.439860    14.585871   -58.004948  -146.100730
   43.268801     9.097128     6.291011    14.519992   -38.918284  -151.022209
   43.246213     9.150501     6.168365    14.267877   -18.654925  -149.443754
   43.020311     8.883294     6.234831    14.443059   -13.918348  -151.951088
   43.083050     8.931182     6.064321    14.348762   -31.891002  -132.232606
   43.195814     9.098560     6.020341    14.238262   -41.933347  -120.688881
   43.017551     9.085463     6.139937    14.190304   -24.354418  -157.721223
   43.144338     9.168617     6.201546    14.232251   -22.738347  -134.132393
   43.519419     9.328035     6.324254    14.416523   -23.000147  -144.574368
   43.700294     9.370761     6.154741    14.377629   -36.440963  -137.388741
   43.342690     9.141623     6.068783    14.369636   -53.259469  -112.433415
   43.433893     9.233617     6.444523    14.583828   -27.926803  -143.138118
   43.582389     9.130911     6.128290    14.525951   -37.284676  -118.740239
   42.778833     9.078389     6.430992    14.365327   -34.116803  -116.954203
   43.186640     9.302125     6.433593    14.334478   -19.284613  -131.706696
   43.606093     9.220704     6.154497    14.449300   -32.348954  -136.339444
   43.366059     9.166915     6.149936    14.336589   -27.927267  -141.152682
   43.440352     9.120047     6.286377    14.569271   -32.791648  -135.316209
   43.609998     9.579005     6.371649    14.327925   -34.433733  -149.952235
   43.280809     9.471836     6.488614    14.340549   -37.551978  -136.522292
   43.274202     9.442464     6.453835    14.315963   -33.468667  -138.092000
   43.435712     9.404824     6.215498    14.248805   -40.925669  -134.678325
   42.676066     9.000421     6.166662    14.123211   -32.043395  -130.537588
   43.014319     9.534871     6.540433    14.161479   -36.420983  -134.490316
   43.248344     9.160937     6.219275    14.340723   -26.692355  -122.598591
   42.741136     9.198570     6.300195    14.042386   -24.049238  -154.302987
   43.407728     9.150455     6.164306    14.447380   -39.295753  -153.632211
   43.249968     9.280230     6.367388    14.384410   -33.818729  -155.075409
   42.947490     9.077603     6.300314    14.328811   -35.728662  -145.454301
   43.778549     9.417334     6.218034    14.482364   -41.858031  -151.822872
   43.330591     9.495827     6.359651    14.150586   -15.788417  -151.454325
   43.159041     9.157036     6.237842    14.340473   -40.422829  -140.356234
   43.239517     9.295708     6.174276    14.133113   -21.267505  -152.794361
   43.322863     9.253091     6.021647    14.078094   -19.136360  -149.183045
   43.274986     9.106274     6.305640    14.492291   -27.057445  -160.075298
   43.335086     8.831948     5.992701    14.490129   -15.604791  -156.146140
   43.331449     9.323734     6.566752    14.578988   -33.658079  -153.735995
   43.028436     9.180855     6.292966    14.263070   -33.480597  -148.800770
   43.232874     9.012693     6.097889    14.425632   -44.577654  -142.016999
   43.257556     9.200276     6.470757    14.589955   -43.519110  -146.780342
   43.348531     9.415325     6.485090    14.484447   -51.224941  -139.567471
   43.361806     9.206781     6.161033    14.360029   -43.688782  -137.649669
   42.850929     9.197675     6.370715    14.241991   -46.685802  -137.868570
   43.056470     9.433512     6.628516    14.415629   -50.023702  -130.443848
   43.254694     8.906953     6.084000    14.537343   -45.175616  -137.161052
   43.161028     9.255732     6.549842    14.512343   -33.530349  -139.868295
   42.981117     9.267469     6.325252    14.231369   -52.282374  -134.720412
   43.396257     9.310435     6.326823    14.404274   -34.502785  -145.753833
   43.485709     9.443273     6.687885    14.646623   -24.479932  -158.836633
   43.321234     9.060865     6.114268    14.450996   -46.204741  -123.289280
   43.459360     9.245212     6.373928    14.543130   -32.534327  -147.216997
   43.362333     9.174556     6.480984    14.656156   -35.126906  -145.443146
   43.032529     9.283964     6.430409    14.364909   -54.688315  -150.141270
   43.229977     9.408072     6.624155    14.514344   -41.019511  -145.440371
   43.598934     9.432991     6.097614    14.223091   -40.175489  -148.903009
   43.288663     9.414293     6.119355    14.100580   -56.653647  -121.377404
   42.091186     9.032636     6.379396    13.946008   -45.809946  -128.549967
   43.290580     9.170547     6.252910    14.413632   -33.211368  -158.161757
   43.078521     9.059612     6.106474    14.266340   -38.905982  -139.349756
   43.032895     8.989600     6.140276    14.346290   -40.486425  -142.006629
   43.407790     9.257175     6.101568    14.265349   -38.170433  -142.065406
   43.075703     9.397592     6.703810    14.554602   -57.018906  -138.672084
   43.233839     9.200123     6.059854    14.209319   -49.488658  -126.968827
   42.743297     9.327514     6.474068    14.146834   -46.066398  -130.430588
   43.604368     9.351256     6.055931    14.211698   -25.379730  -150.048240
   43.168641     9.581480     6.473575    14.142919   -35.248757  -149.607656
   43.555923     9.364586     6.261023    14.334483   -17.357459  -156.287762
   43.096940     9.200143     6.178827    14.185006   -35.227595  -140.000547
   43.351839     9.325003     6.236178    14.255320   -29.273128  -143.776594
   43.661022     9.253083     6.323899    14.589954   -27.029724  -132.615902
   43.201360     8.920933     6.111751    14.510337   -43.930432  -141.657507
   43.401249     8.926325     6.039754    14.573786   -45.123226  -144.077241
   43.126415     9.137889     6.266915    14.354739   -35.694299  -151.247611
   43.568090     9.504960     6.438334    14.452792   -42.007154  -123.069089
   43.149364     9.027497     6.419452    14.653818   -48.533019  -130.812384
   42.716481     8.780188     6.181147    14.381980   -31.162612  -133.197132
   43.482932     9.122255     6.140581    14.465307   -33.308356  -127.742921
   43.080444     9.229245     6.488518    14.474364   -46.801376  -137.039247
   43.297575     9.420009     6.371464    14.321472   -47.533491  -137.354863
   43.353663     9.050945     6.103627    14.494285   -48.760679  -108.709298
   43.239239     9.258356     6.332970    14.443769   -58.806212  -131.944291
   43.617138     9.152269     6.211458    14.670134   -57.151166  -128.513386
   43.394078     9.204866     6.349003    14.607170   -55.680136  -143.216404
   43.329275     9.230371     6.134941    14.381712   -69.706260  -127.709658
   43.356462     8.959550     6.102065    14.556438   -43.181139  -141.672668
   43.031199     9.137570     6.385365    14.492803   -63.879069  -127.372826
   43.529328     9.194072     6.417761    14.744749   -52.438583  -131.796382
   43.333619     9.160476     6.378150    14.557203   -35.714426  -135.976015
   43.396808     9.361238     6.568001    14.672687   -59.279881  -136.773953
   43.279055     9.240982     6.389295    14.493654   -46.314838  -130.854692
   43.415739     9.208707     6.128515    14.401096   -51.484129  -146.163756
   43.354177     9.313015     6.260015    14.383396   -52.402198  -147.199566
   42.976386     8.943196     6.316373    14.519719   -43.192698  -138.799888
   43.435820     8.973441     6.136165    14.616407   -42.566107  -135.783691
   43.302474     9.510411     6.486753    14.358001   -49.696026  -124.175423
   43.504460     9.251571     6.261566    14.495795   -41.100841  -114.462741
   42.889066     9.246869     6.478860    14.350103   -50.163252  -119.135780
   43.281367     9.175567     6.096157    14.288703   -45.706726  -139.607045
   43.182759     9.089590     6.229909    14.420525   -40.046023  -149.314790
   43.242994     9.127390     6.064982    14.302461   -47.500337  -153.202351
   43.593786     9.322590     6.374016    14.544262   -27.532078  -156.157510
   43.259322     9.149415     6.159106    14.287522   -25.027953  -141.743893
   43.303622     9.291530     6.565392    14.657507   -54.875756  -132.813703
   43.493391     9.316651     6.379995    14.549904   -44.679594  -145.506703
   43.063479     8.994635     6.233816    14.444022   -40.165197  -149.945742
   43.379806     9.144730     6.084691    14.317927   -29.827127  -145.141379
   43.332603     9.254553     6.427939    14.526283   -38.745255  -143.735116
   43.651407     9.298241     6.138083    14.433325   -41.219494  -147.196461
   43.330754     9.245559     6.429601    14.559535   -41.091787  -157.858846
   43.561286     9.370313     6.490706    14.645587   -42.906454  -152.291292
   43.576799     9.361676     6.378237    14.496763   -30.892242  -138.516651
   43.069508     8.968090     5.986520    14.283296   -44.571522  -116.940404
   43.340007     9.226217     6.292319    14.445230   -38.888271  -113.160503
   43.307741     9.133188     6.252857    14.402353   -20.305575  -142.876855
   43.588661     9.503715     6.416989    14.461138   -46.137642  -128.933252
   43.179587     9.227124     6.242787    14.296784   -43.475736  -131.011846
   43.335503     9.221041     6.009370    14.179173   -39.190950  -116.689982
   43.392984     9.158991     5.963896    14.199318   -28.896998  -145.503508
   43.566801     9.365121     6.350320    14.530801   -48.567324  -113.169886
   43.637518     9.584240     6.641393    14.573571   -30.745910  -137.878089
   43.198218     9.479076     6.668572    14.495781   -46.911223  -120.571214
   43.263710     9.246624     6.282345    14.370756   -42.255286  -119.565724
   43.368799     9.395110     6.197671    14.209947   -44.581642  -131.645531
   43.248978     9.373869     6.469420    14.430083   -47.491920  -125.606993
   43.389526     9.416503     6.510002    14.490788   -40.594435  -133.418868
   42.923807     9.300544     6.334316    14.186472   -58.682739  -131.445756
   43.362847     9.118176     6.097651    14.385121   -39.697412  -118.401339
   43.401535     9.404492     6.209662    14.204365   -36.369078  -133.922130
   43.520095     9.478699     6.257844    14.308063   -51.346580  -114.477684
   43.320330     9.485776     6.398389    14.311666   -50.997917  -138.642728
   43.467061     9.390856     6.258196    14.300477   -31.847243  -149.853103
   43.246083     9.031645     6.163074    14.465507   -42.149649  -145.867008
   43.324624     9.223379     6.236486    14.413903   -50.425699  -135.754892
   43.301171     9.139634     6.130887    14.397272   -53.179392  -137.486296
   43.621955     9.541914     6.420681    14.492396   -56.978488  -131.964697
   43.358804     9.410663     6.319625    14.354260   -54.080356  -148.701350
   43.186749     8.964931     6.246844    14.539024   -34.363412  -142.245534
   43.344161     9.467248     6.689068    14.596735   -40.286938  -154.186701
   43.342786     9.603252     6.521845    14.343132   -52.870590  -142.562360
   43.501679     9.365211     6.326846    14.512084   -55.103140  -152.862634
   43.367598     9.483888     6.432298    14.359929   -43.472667  -151.022328
   42.863574     9.026581     6.335801    14.363989   -36.334530  -159.729297
   43.483154     9.345924     6.466876    14.611189   -50.409672  -135.509183
   43.319895     9.110702     6.217730    14.505919   -50.708689  -129.799249
   42.965114     9.419801     6.430908    14.169721   -51.577711  -136.963237
   43.434555     9.303649     6.126630    14.343150   -61.467745  -135.182816
   43.624130     9.311365     6.308118    14.557317   -42.630628  -141.226079
   43.771795     9.532899     6.349292    14.473597   -37.056613  -156.235701
   43.186592     9.430517     6.483092    14.344720   -45.593290  -144.814067
   43.758294     9.454389     6.203082    14.440410   -47.404310  -150.255250
   43.485015     9.383600     6.079345    14.211968   -47.872537  -151.108090
   43.603100     9.450257     6.391623    14.493151   -40.859295  -149.769958
   43.180598     9.357168     6.307032    14.264685   -54.041845  -137.555232
   43.048795     9.267096     6.423185    14.376571   -53.144447  -141.329013
   43.298844     9.183223     6.092454    14.306863   -51.468415  -133.330221
   43.232757     9.115520     6.227752    14.443159   -42.991119  -156.039019
   43.408502     9.432444     6.440510    14.475506   -55.329896  -132.622226
   43.264695     9.602657     6.608198    14.344908   -41.930170  -149.300789
   42.927578     8.901237     6.343898    14.580818   -51.734418  -141.132322
   43.372505     9.570084     6.381023    14.250929   -52.841789  -138.430460
   43.439436     9.419324     6.162894    14.198806   -44.646072  -133.874741
   43.352180     9.248453     6.226762    14.390687   -46.441441  -146.233196
   43.085316     8.907173     6.140321    14.497036   -50.258554  -134.555404
   43.229421     9.043231     6.218849    14.453522   -31.974906  -139.115867
   43.363337     9.214137     6.492899    14.686611   -50.773225  -138.591521
   43.050672     9.482156     6.365426    14.053114   -35.794362  -137.420643
   43.179812     9.529488     6.542724    14.347036   -56.265584  -112.517919
   43.274343     9.485604     6.467592    14.359157   -53.144725  -118.121390
   43.454724     9.410589     6.430921    14.417355   -28.459971  -133.850641
   43.293182     9.471221     6.598377    14.473635   -42.445987  -129.070877
   43.455851     9.275514     6.309045    14.449212   -33.345989  -138.233984
   43.020301     9.278208     6.532478    14.392632   -32.605390  -128.768609
   43.737136     9.661367     6.308298    14.262071   -35.384866  -143.247850
   43.232043     9.223108     6.213540    14.289113   -38.277909  -135.797225
   43.580361     9.355228     6.146506    14.317418   -39.356616  -122.330611
   43.074231     9.260371     6.236851    14.203390   -45.120499  -120.319962
   43.420390     9.277590     6.260742    14.391011   -36.448182  -130.026949
   43.017871     9.165739     6.540639    14.515899   -37.522318  -130.114818
   43.543323     9.465108     6.393873    14.408908   -35.253674  -136.824172
   43.078385     9.292669     6.274267    14.178410   -38.270991  -143.751618
   43.312635     9.359327     6.514038    14.444753   -24.379559  -138.642384
   43.274982     9.468480     6.444657    14.305731   -40.108334  -138.272591
   43.570257     9.347365     6.058074    14.252678   -44.293776  -123.089845
   43.245714     9.301640     6.244780    14.258991   -40.873471  -125.885364
   43.395539     9.515622     6.338070    14.266537   -49.829644  -115.533202
   43.435953     9.353989     6.488060    14.552382   -38.877778  -140.566226
   43.435854     9.462707     6.550954    14.518048   -39.732709  -145.696251
   43.172940     9.081008     6.227725    14.398685   -31.387476  -159.452250
   43.422143     9.304716     6.298272    14.394373   -31.949064  -150.714147
   43.397744     9.463336     6.495583    14.462768   -43.345060  -153.584017
   43.492704     9.216435     6.061767    14.375356   -53.279303  -129.948287
   43.682750     9.199160     6.194366    14.602373   -43.204647  -141.723078
   43.203085     9.344793     6.497526    14.454800   -44.454545  -154.593647
   43.445016     9.233056     6.412684    14.626153   -43.512447  -147.930073
   43.285431     9.286138     6.315241    14.368397   -40.495073  -144.900757
   43.305700     9.426907     6.499853    14.429355   -40.155705  -153.556214
   43.063851     9.128885     6.121479    14.213925   -44.279747  -136.428024
   43.416383     9.238123     6.105484    14.304007   -40.905132  -141.496298
   43.071682     9.034936     6.061848    14.269578   -45.658545  -140.862779
   43.889263     9.571399     6.174564    14.344438   -41.109764  -141.944020
   43.330897     9.361068     6.314555    14.323417   -40.324493  -144.723872
   43.480075     9.534807     6.447250    14.453197   -62.935484  -120.758072
   43.507012     9.589199     6.417439    14.340674   -48.641748  -136.266562
   43.766280     9.453117     6.097351    14.291373   -36.981632  -141.336337
   43.663950     9.589866     6.124229    14.098167   -32.522674  -147.346887
   43.410332     9.377292     6.415843    14.515940   -56.324554  -141.595913
   43.516318     9.438709     6.487362    14.533038   -41.451063  -118.213529
   43.112812     9.339345     6.561232    14.412237   -31.589732  -134.772530
   43.169980     9.561008     6.419791    14.092126   -30.658864  -143.767044
   43.662894     9.480666     6.183905    14.274048   -37.522282  -118.936686
   43.515394     9.419976     6.091465    14.188854   -47.401649  -114.201982
   43.487306     9.470745     6.261868    14.252897   -37.430805  -116.104258
   43.066155     9.551627     6.427015    14.085857   -44.772771  -129.630677
   42.827482     9.306804     6.413885    14.155167   -43.484779  -131.326033
   42.943034     9.300608     6.497023    14.288849   -28.809594  -122.909144
   42.952226     9.094907     6.065650    14.047731   -15.321829  -142.338590
   43.317135     9.565950     6.635065    14.359654   -20.120121  -145.188820
   43.702516     9.370628     6.086531    14.290214   -29.160115  -141.707032
   43.014588     9.268805     6.266603    14.121979   -27.114011  -151.682747
   43.302385     9.509593     6.362520    14.116360   -13.865507  -152.183359
   43.502089     9.492818     6.470253    14.395844   -23.068245  -153.512902
   42.994014     9.261018     6.504727    14.310116   -13.071787  -131.570167
   43.234301     9.261901     6.191060    14.197618   -26.864791  -128.237611
   43.015508     9.359897     6.615428    14.319425   -11.159320  -148.775812
   43.086386     9.192181     6.205379    14.124065    -5.800601  -154.916615
   42.969210     9.368956     6.417938    14.108060   -14.239474  -166.318293
   43.172258     9.267182     6.470939    14.431581   -29.021242  -122.639292
   42.954518     9.187690     6.362699    14.197440    -5.456549  -141.060866
   43.460453     9.625965     6.427991    14.197977   -22.475281  -121.036458
   43.218619     9.383461     6.483581    14.412969   -46.844711  -138.723551
   43.379684     9.331673     6.318473    14.277525    -8.588510  -155.535915
   43.317476     9.489163     6.488570    14.286843   -18.283789  -155.664330
   43.053575     9.465550     6.470748    14.174199   -34.569726  -143.602057
   43.294600     9.321235     6.323521    14.272066   -17.701623  -155.252632
   43.235331     9.437834     6.524189    14.406420   -43.332810  -151.240322
   43.263776     9.458533     6.383307    14.199411   -23.376373  -157.335746
   42.801866     9.157778     6.394972    14.339749   -51.002556  -100.687674
   43.211774     8.929930     6.213608    14.532199   -22.988337  -126.537908
   43.633574     9.333840     6.296288    14.468183   -25.156870  -121.903447
   43.408065     9.447222     6.428579    14.393194   -37.119411  -114.170692
   43.237307     9.296810     6.472341    14.412409   -22.073445  -134.545423
   43.270965     9.181992     6.280321    14.329554   -11.221813  -153.418439
   42.743968     9.104899     6.250990    14.096708   -21.763621  -140.077141
   43.329400     9.252704     6.415022    14.400327    -3.178967  -133.733514
   43.219819     9.152201     6.301044    14.395876   -25.766279  -130.730898
   43.079100     9.171933     6.501171    14.473812   -26.293063  -134.643450
   43.082133     8.951140     6.227602    14.496390   -40.358685  -127.787058
   43.413736     9.430014     6.486901    14.390460   -17.401023  -138.378074
   43.303467     9.274468     6.393797    14.420856   -23.226957  -117.467401
   43.977020     9.544987     6.374806    14.650733   -55.047815  -122.190668
   43.461364     9.507754     6.362036    14.338251   -49.316496  -133.963655
   43.423639     9.560223     6.525576    14.322786   -19.523164  -127.532807
   43.604731     9.193464     6.211139    14.527969   -31.864011  -127.254025
   43.133162     9.445681     6.280844    14.067679   -37.947002  -128.163397
   43.046748     9.232282     6.309731    14.274153   -42.624079  -123.370783
   42.820644     9.275924     6.439434    14.205679   -34.342803  -118.222948
   43.339523     9.161708     6.468165    14.624188   -30.551068  -137.177723
   43.025891     9.048153     6.087713    14.205964   -31.462628  -146.941536
   43.475769     9.135505     6.048618    14.361970   -33.023383  -135.276425
   43.500189     9.215989     6.304079    14.505492   -26.242937  -134.319414
   43.539845     9.178540     6.033995    14.298168   -19.596681  -135.170679
   43.406520     9.633952     6.417461    14.191879   -37.969426  -128.249729
   43.175735     9.494444     6.447499    14.236805   -45.534148  -136.842941
   43.179195     9.169579     6.144443    14.240640   -36.045449  -142.449227
   43.249014     9.375530     6.368017    14.366376   -55.751508  -111.082723
   43.240953     9.155922     6.194646    14.393256   -51.909978  -130.267372
   43.203198     9.256778     6.434985    14.436740   -35.220269  -144.355503
   43.119818     9.428529     6.376807    14.198751   -46.778441  -128.028569
   43.537571     9.164047     6.132560    14.420217   -25.519175  -137.782555
   43.465234     9.438581     6.322642    14.338735   -41.052904  -134.309180
   43.426414     9.514139     6.498785    14.410388   -40.476133  -130.092280
   43.228828     9.402578     6.284300    14.157056   -32.933383  -135.951188
   43.164081     8.985948     6.071032    14.329146   -26.713047  -133.484162
   43.106511     9.281870     6.565078    14.459302   -30.078533  -149.719604
   43.480812     9.133349     6.204636    14.467066   -19.045311  -154.426150
   43.253138     9.474921     6.616298    14.446074   -37.359638  -142.746798
   43.580267     9.320066     6.113980    14.305698   -32.360327  -146.405468
   43.022312     9.453522     6.523871    14.209753   -30.111660  -134.850634
   43.441857     9.290065     6.204218    14.315174   -29.234617  -127.780923
   43.632883     9.307662     6.195984    14.503912   -55.565368  -119.803741
   43.398407     9.251011     6.140717    14.290709   -33.371137  -149.956726
   43.123446     9.390094     6.227326    14.084721   -45.200606  -130.591690
   43.105738     9.504272     6.618996    14.283072   -21.223087  -132.445909
   43.232781     9.424733     6.629534    14.522440   -45.854884  -125.325053
   43.605054     9.399950     6.180451    14.294143   -31.278566  -140.010007
   42.949923     9.081820     6.390977    14.472954   -54.073484  -123.828349
   43.113942     9.393489     6.272706    14.094685   -37.117285  -133.947059
   43.140510     9.353219     6.448334    14.304667   -30.123316  -152.183972
   43.218400     9.388608     6.482775    14.354322   -31.263142  -145.385112
   42.887075     9.248560     6.220412    14.087926   -45.890288  -117.804473
   43.082382     9.283335     6.212644    14.154713   -39.544269  -114.809651
   43.339516     9.366424     6.263763    14.299664   -48.865049  -123.241273
   43.452477     9.328385     6.263235    14.345855   -29.712633  -121.835479
   43.641992     9.744079     6.527921    14.374687   -48.139942  -115.391892
   43.016416     9.188628     6.481437    14.460940   -44.414919  -129.122613
   43.204915     9.282969     6.410088    14.362936   -27.370016  -134.473611
   43.217322     9.406717     6.398493    14.290235   -42.538587  -132.201376
   43.539311     9.417555     6.424918    14.539595   -51.313849  -128.416485
   43.019234     9.185685     6.414561    14.416360   -49.564603  -139.571751
   43.255505     9.320191     6.412083    14.412021   -41.860401  -124.343821
   43.519893     9.020399     6.234098    14.645213   -25.087555  -142.654206
   43.204886     9.252207     6.545081    14.560149   -36.222145  -118.396931
   43.555722     9.126795     6.370333    14.700426   -28.914565  -128.170817
   43.307452     9.124407     6.030130    14.299599   -46.422801  -125.084267
   43.212845     9.145326     6.431910    14.558598   -38.015852  -126.492632
   42.688362     9.141362     6.209440    14.009876   -27.081703  -131.074881
   43.392640     9.353093     6.200914    14.174466   -16.484856  -141.350544
   43.065704     9.233502     6.389505    14.315842   -31.382845  -140.796669
   43.037411     9.186180     6.343443    14.413225   -58.890120  -107.599699
   43.394238     9.215320     6.107933    14.299134   -37.081448  -125.076058
   43.218027     9.371690     6.352950    14.234269   -26.173803  -125.164454
   43.026597     9.063301     6.235808    14.395222   -49.980267  -116.296107
   43.201196     9.289548     6.463335    14.472361   -38.683754  -105.917993
   43.421062     9.197495     6.370145    14.633897   -50.520658  -147.057803
   43.393193     9.274913     6.415422    14.626276   -63.639994  -110.204437
   43.195208     9.101011     6.290821    14.514073   -52.785448  -121.444421
   42.939408     9.298141     6.495635    14.339882   -51.293772  -130.917914
   43.250237     9.241906     6.521250    14.553628   -30.684055  -122.420076
   43.139790     9.447051     6.398349    14.189076   -38.541507  -130.541595
   43.046573     9.306838     6.660093    14.537903   -42.031555  -120.199234
   42.970247     9.157569     6.328461    14.297364   -36.829865  -130.483496
   43.078976     9.133086     6.276228    14.300011   -24.895054  -140.097756
   42.777338     9.194298     6.538148    14.363861   -43.544354  -124.396018
   42.959326     9.385091     6.489377    14.219081   -37.396506  -138.286171
   43.503080     9.259100     6.561170    14.749186   -38.823713  -138.469936
   43.600315     9.444251     6.603225    14.693834   -43.930483  -133.837789
   43.585260     9.504499     6.512348    14.546035   -41.718284  -148.753285
   43.165644     9.031191     6.210976    14.415418   -30.489889  -137.412444
   43.540918     9.216660     6.249952    14.465799   -22.061735  -134.884130
   43.215652     9.120814     6.501766    14.622282   -31.461116  -131.870455
   43.227980     9.273418     6.432863    14.488251   -46.863764  -112.151933
   43.233223     9.342857     6.518922    14.452274   -34.728593  -132.664774
   43.344234     9.366670     6.268946    14.340500   -57.913337  -117.395921
   42.868635     9.041304     6.478433    14.480147   -37.085846  -136.947283
   42.809493     9.101899     6.616126    14.482869   -29.383483  -145.259375
   43.405310     9.498435     6.363289    14.269832   -37.423875  -138.199135
   43.026702     9.333151     6.566058    14.444366   -48.738223  -110.643776
   43.720156     9.328897     6.193439    14.475258   -39.450930  -122.393838
   43.157908     9.190179     6.463319    14.541059   -47.951865  -136.964971
   43.348169     9.059124     6.380673    14.642310   -28.184752  -146.732017
   42.940340     9.064200     6.327008    14.361268   -34.040972  -133.369504
   42.984486     9.406631     6.480025    14.170278   -25.866622  -146.629961
   43.283882     9.389565     6.413194    14.283279   -18.662096  -145.316254
   43.003110     9.224975     6.309148    14.190536   -24.346552  -152.427495
   43.377820     9.323242     6.225649    14.233161   -19.635281  -150.607539
   43.190712     9.365884     6.506339    14.372669   -27.966003  -151.904427
   43.295008     9.308252     6.521147    14.493645   -25.879509  -136.327285
   43.025690     9.370681     6.392944    14.172956   -35.469012  -141.330922
   43.437689     9.291158     6.160182    14.239057   -20.350411  -142.727485
   43.044156     9.466113     6.343096    14.035190   -33.528435  -144.528237
   43.504266     9.174635     6.142258    14.449645   -38.419988  -143.828323
   43.536179     9.323111     6.406710    14.570012   -40.358162  -135.703131
   42.958274     9.218611     6.399406    14.273448   -31.318611  -142.047442
   43.393421     9.455461     6.218561    14.205908   -49.904972  -135.107375
   43.456932     9.419802     6.305466    14.375521   -51.557391  -134.245260
   43.041997     9.332891     6.592948    14.410926   -33.522557  -136.387403
   43.403222     9.280720     6.381177    14.516719   -43.478590  -124.501958
   43.906654     9.568898     6.292247    14.483212   -43.625578  -145.265412
   43.169218     9.361899     6.432726    14.385812   -56.816243  -125.671955
   43.315516     9.178860     6.184232    14.361862   -38.127927  -142.486752
   43.381583     9.438276     6.461579    14.431924   -42.439987  -145.364053
   43.879619     9.401309     6.466426    14.771004   -42.982712  -126.938622
   43.109326     9.100987     6.366794    14.514600   -49.723281  -130.787734
   43.122766     9.042050     6.313345    14.476814   -32.998409  -145.851743
   43.079347     9.195939     6.278684    14.287492   -40.538708  -138.332732
   43.223812     9.071570     6.098943    14.359460   -43.822370  -146.333149
   43.228325     9.389988     6.395658    14.340381   -50.185686  -141.721627
   43.436475     9.501753     6.558784    14.478476   -35.355586  -152.266380
   42.955065     9.123825     6.322402    14.286288   -27.357721  -159.591455
   43.169733     9.440977     6.595280    14.409972   -36.792363  -156.361359
   43.075008     9.218809     6.327285    14.306207   -39.494284  -146.626488
   42.838548     9.040602     6.162187    14.185404   -39.683678  -140.807689
   43.387991     9.438728     6.377955    14.391594   -54.694643  -121.301604
   42.916018     9.348262     6.441947    14.178159   -36.741134  -136.928484
   43.523239     9.468628     6.427784    14.446375   -36.310719  -154.532192
   43.351939     9.514922     6.581437    14.472708   -46.638250  -145.961532
   43.639337     9.523873     6.318976    14.377390   -44.707731  -134.894786
   43.027861     9.416608     6.527760    14.306066   -48.748397  -142.979143
   43.259330     9.375976     6.229262    14.187503   -43.729180  -139.851809
   43.349238     9.369572     6.313346    14.306774   -36.198581  -138.268989
   43.279240     9.333705     6.358112    14.425178   -60.329907  -130.428276
   43.808562     9.348243     6.127725    14.534119   -57.907495  -137.401564
   43.543212     9.408433     6.399414    14.533323   -50.742288  -141.260176
   43.390859     9.277815     6.430775    14.544451   -40.075582  -132.807487
   43.573993     9.275801     6.400610    14.653191   -45.390061  -136.913838
   43.244413     9.114788     6.119676    14.362118   -49.767223  -127.723751
   43.514899     9.141121     5.986140    14.377362   -47.257515  -135.218767
   43.506596     9.272753     6.441569    14.567247   -21.281385  -148.449799
   43.477206     9.096856     6.084929    14.455621   -37.858875  -141.429998
   43.066771     9.055989     6.295930    14.393172   -26.470437  -137.337981
   43.261532     9.245179     6.291998    14.350456   -35.568498  -140.791067
   43.676676     9.297060     6.252999    14.573858   -49.241185  -133.353592
   43.101926     9.540918     6.425754    14.135085   -49.893242  -126.319021
   43.355079     9.236751     6.267337    14.408085   -39.480621  -136.987250
   43.324813     9.590253     6.640124    14.438381   -46.344651  -141.896766
   43.441489     9.589685     6.302453    14.192758   -52.034160  -135.564143
   43.386191     9.536613     6.462496    14.349649   -46.538955  -128.502140
   43.114809     9.188739     6.335902    14.396809   -48.211237  -133.333870
   43.221550     9.547789     6.595267    14.350305   -41.145127  -139.241675
   43.550567     9.494366     6.357871    14.435952   -58.563534  -111.396582
   43.201748     9.197334     6.035870    14.161771   -47.393437  -129.480307
   43.094313     9.287478     6.227172    14.171761   -45.079787  -128.240256
   43.024116     9.236648     6.255969    14.253316   -57.670080  -116.485955
   43.105710     9.409278     6.418401    14.260198   -50.124135  -129.777372
   43.147443     9.299210     6.300794    14.344917   -68.894880  -119.957262
   43.554992     9.237065     6.434817    14.679749   -37.230967  -139.310608
   43.180706     9.069116     6.231782    14.455490   -45.645866  -136.099020
   43.855986     9.280600     6.086893    14.552862   -47.792116  -139.878956
   43.123603     9.433947     6.570730    14.395974   -48.606182  -142.412702
   43.122295     9.359348     6.499473    14.410920   -53.098110  -141.439861
   43.454612     9.515285     6.515252    14.422269   -32.130922  -151.689946
   43.352002     9.143659     6.277767    14.490667   -33.894617  -145.619184
   43.478685     9.271594     6.417195    14.640121   -53.167999  -125.571346
   42.971784     9.211300     6.402908    14.300067   -33.394162  -137.803829
   43.388289     9.286547     6.095580    14.246982   -46.721222  -139.056228
   43.396547     9.176349     6.064613    14.319418   -42.171713  -138.179531
   43.370299     9.232486     6.184985    14.368221   -46.131394  -130.013315
   43.280287     9.287376     6.249139    14.308752   -43.170341  -141.221916
   43.425399     9.210951     6.168209    14.410453   -46.493560  -130.046587
   43.418375     9.426615     6.517840    14.469100   -29.911736  -133.154132
   43.347592     9.315229     6.481330    14.557828   -47.750273  -129.030239
   43.288173     9.247243     6.303642    14.445388   -55.067378  -132.171710
   43.087419     9.315223     6.612447    14.449039   -26.449969  -149.088773
   42.695348     9.128308     6.297211    14.132985   -43.070704  -137.625644
   43.248323     9.473924     6.510476    14.394361   -53.424597  -134.015607
   43.282502     9.394667     6.650496    14.626496   -53.929221  -133.090537
   43.460111     9.443338     6.280527    14.294567   -40.696018  -143.284963
   43.248021     9.516294     6.522484    14.412927   -67.442575  -117.648919
   43.400810     9.382301     6.455687    14.413647   -21.826377  -146.796298
   42.850517     9.237102     6.611980    14.447681   -51.354553  -142.109340
   43.508827     9.447045     6.582301    14.695681   -64.580894  -134.443222
   43.179718     9.279406     6.423670    14.446884   -51.249519  -142.369121
   43.392649     9.508242     6.292625    14.207293   -44.637112  -136.678530
   43.187275     9.327994     6.251572    14.162763   -29.497765  -142.454621
   43.567874     9.173704     6.107556    14.490869   -47.292185  -138.840156
   42.933535     9.361274     6.569533    14.335055   -48.032846  -144.693359
   43.746243     9.536212     6.258431    14.378675   -43.108666  -144.476244
   43.006655     9.215217     6.231598    14.188184   -44.229865  -143.116827
   43.410030     9.146969     6.113465    14.444768   -53.761781  -134.197335
   43.422113     9.459284     6.476726    14.479645   -50.609248  -139.755445
   43.083556     9.376801     6.316496    14.165750   -47.011837  -130.414789
   43.375046     9.441672     6.383786    14.326944   -36.933732  -143.675622
   43.102107     9.267905     6.399270    14.355607   -44.010722  -133.691644
   43.624622     9.379250     6.123215    14.319836   -44.283529  -132.369291
   43.076614     9.076018     6.174204    14.320592   -35.263668  -114.082778
   42.939789     9.395397     6.772837    14.484549   -40.836228  -139.468244
   43.557532     9.405321     6.313583    14.450281   -49.811159  -124.348412
   43.201240     9.289000     6.411457    14.440162   -50.335072  -117.947235
   43.126986     9.333485     6.477991    14.393906   -44.392098  -122.016912
   43.741428     9.564226     6.462874    14.511108   -38.193937  -132.698012
   43.008208     9.345311     6.454190    14.286208   -48.126824  -137.212906
   43.033390     9.219296     6.558803    14.462628   -29.477829  -147.887273
   43.250344     9.268217     6.495966    14.520739   -34.230673  -158.343911
   43.604735     9.135464     6.139540    14.534875   -34.628750  -144.524457
   43.213375     9.213845     6.342121    14.472963   -56.000987  -140.971780
   43.540835     9.480630     6.434824    14.495886   -49.873812  -144.029216
   43.567502     9.241065     6.208281    14.509134   -46.740874  -119.253857
   43.157037     9.316346     6.362933    14.330440   -49.407403  -124.085646
   43.251021     9.090749     6.149111    14.334386   -24.336268  -132.204154
   43.090167     9.306965     6.563727    14.486204   -48.454864  -144.249519
   43.322056     9.242306     6.364427    14.448158   -32.746934  -136.129612
   43.214537     9.485443     6.630161    14.493304   -57.485161  -133.299212
   43.189144     9.371881     6.639000    14.505244   -31.973395  -149.914123
   43.223758     9.173804     6.337698    14.395499   -21.156232  -154.359408
   43.062782     9.001615     6.276162    14.451116   -33.570069  -133.898556
   43.318845     9.213115     6.246512    14.371684   -33.868201  -127.458958
   42.982553     9.064655     6.200289    14.327230   -46.927487  -115.788499
   42.974919     9.186320     6.544992    14.546379   -60.596187  -128.891474
   43.465952     9.354011     6.234118    14.359199   -47.539000  -127.581053
   43.226965     9.162911     6.415808    14.593447   -54.307946  -141.995397
   43.252724     9.316437     6.268977    14.225612   -27.736248  -138.482358
   43.313695     9.337773     6.196410    14.147807   -18.862503  -132.138117
   43.044998     9.275083     6.533252    14.356500   -17.357217  -145.012395
   43.416928     9.379366     6.366177    14.350443   -24.380763  -129.390167
   43.241442     9.431103     6.363793    14.164562   -15.474713  -131.878151
   43.335179     9.397430     6.297614    14.187018   -16.185697  -140.541445
   43.445536     9.628275     6.643468    14.385726   -20.372739  -138.422810
   42.725325     9.199412     6.541576    14.316292   -32.677864  -117.098233
   43.334230     9.334235     6.427531    14.387505   -15.349938  -120.010635
   43.269374     9.431603     6.491086    14.339435   -25.872751  -127.444671
   43.219988     9.197313     6.314087    14.297808    -3.905687  -135.535524
   43.172207     9.378173     6.395972    14.150816     3.990163  -135.307931
   43.104020     9.209407     6.121297    14.163117   -46.839521  -131.708389
   42.866505     9.113360     6.231090    14.194825   -41.307599  -136.848806
   42.901236     9.416751     6.444242    14.089668   -28.292142  -130.319681
   43.185491     9.439382     6.281594    14.058462   -21.047063  -130.733255
   43.212267     9.403878     6.456856    14.222757    -3.407078  -141.716482
   43.295089     9.376487     6.309873    14.215736   -21.534546  -130.530025
   43.398745     9.367581     6.179793    14.216566   -37.489253  -123.221980
   43.320053     9.669611     6.653381    14.337448   -36.110232  -129.839215
   43.337176     9.237352     6.158040    14.235223   -20.753808  -129.507425
   43.436605     9.290538     6.122269    14.192090   -13.213058  -123.853267
   43.405482     9.441935     6.526893    14.483590   -34.379885  -114.398581
   43.669778     9.707217     6.434559    14.262637   -27.251349  -138.785674
   43.687745     9.349143     6.295980    14.547878   -43.129026  -116.885024
   43.258770     9.401083     6.472706    14.295322   -12.082037  -154.143255
   43.199191     9.112812     6.256616    14.319384    -7.110595  -147.916786
   43.091640     9.495323     6.473238    14.174837   -33.935486  -130.278461
   43.704569     9.550752     6.428160    14.410774   -21.716458  -143.556308
   43.321855     9.605767     6.485081    14.175114   -19.945814  -140.195597
   43.126257     9.587708     6.630327    14.170141    -4.129396  -149.452595
   43.506433     9.306350     6.333943    14.403764   -12.065581  -152.048333
   43.122202     9.428694     6.479735    14.257141   -31.639576  -130.935550
   43.474644     9.524535     6.424846    14.288290   -20.789498  -138.816265
   42.792511     9.375489     6.530230    14.219605   -58.186757  -128.128972
   43.479802     9.439414     6.122468    14.174183   -47.243043  -116.820377
   43.285618     9.379801     6.272126    14.180314   -25.805954  -137.177001
   43.014153     9.519591     6.328040    14.025001   -53.748165  -110.374327
   43.053360     9.447198     6.479012    14.136870   -13.378075  -147.535978
   43.055726     9.533640     6.607071    14.184317   -13.224899  -158.085576
   43.098012     9.537854     6.441127    14.076506   -25.882127  -148.513306
   43.438101     9.519456     6.281627    14.117439   -15.600607  -128.113063
   43.488121     9.470011     6.291561    14.217703   -20.284587  -133.270715
   43.338350     9.251604     6.055696    14.106083   -12.401434  -127.214388
   42.914880     9.167523     6.054135    13.992725   -29.789725  -122.517474
   43.535942     9.170498     6.071991    14.320083   -11.243568  -126.219550
   43.648979     9.643663     6.414508    14.251102   -15.211051  -145.852583
   43.165150     9.338331     6.453583    14.279011   -12.187899  -152.746423
   43.265065     9.355612     6.231922    14.210715   -37.343740  -110.888625
   43.008028     9.338784     6.481294    14.204272    -8.775017  -140.733764
   43.193839     9.555034     6.544389    14.238969   -30.275415  -139.854425
   43.367189     9.301518     6.155867    14.210233   -27.589182  -148.378775
   42.851832     9.479146     6.660597    14.173689   -15.638202  -143.417435
   43.299487     9.388439     6.347081    14.200174    -9.109066  -150.459792
   43.110489     9.580551     6.421733    14.039047   -31.236088  -136.948203
   43.283558     9.309584     5.995164    14.030813   -38.501057  -143.499242
   43.391602     9.493332     6.600022    14.409964   -12.455205  -143.278982
   42.910981     9.428687     6.383712    14.016477   -29.412421  -141.880366
   43.612984     9.549247     6.292350    14.239445   -26.051515  -123.998140
   43.262634     9.443450     6.439862    14.224370   -12.169648  -142.924481
   42.942286     9.470155     6.560259    14.131779   -13.301558  -141.409333
   43.433268     9.426672     6.166570    14.096211   -17.237683  -142.415229
   43.388036     9.296242     6.258585    14.273311   -11.729964  -131.182396
   42.541099     9.218602     6.593099    14.208707   -22.509542  -121.723807
   43.312587     9.561218     6.424547    14.136265   -14.369527  -133.750567
   43.544792     9.556913     6.412183    14.381330   -45.871000  -112.161387
   43.132105     9.221845     6.299881    14.260635   -18.996731  -125.813435
   43.200065     9.399121     6.357974    14.224095   -30.667335  -117.069038
   43.257371     9.456184     6.422986    14.280485   -33.499273  -112.751882
   43.518499     9.436769     6.229045    14.256983   -34.136763  -126.191216
   42.770013     9.233280     6.250798    13.979418   -20.167969  -137.781957
   43.445523     9.769671     6.575215    14.274342   -47.466537  -130.874299
   43.277506     9.360737     6.182053    14.046074    -4.718047  -138.693277
   42.959350     9.542448     6.556528    14.116913   -29.587936  -136.017359
   43.199935     9.642848     6.482095    14.107796   -34.009625  -129.728338
   43.616924     9.593964     6.298503    14.221083   -31.096987  -135.535814
   43.195170     9.423536     6.280047    14.096737   -28.484078  -142.014240
   43.540769     9.367939     6.334188    14.416395   -26.969446  -126.029140
   43.351964     9.573625     6.373326    14.136704   -25.980262  -124.834584
   43.286797     9.377132     6.164666    14.061185   -17.194941  -127.398877
   43.495002     9.497074     6.309536    14.171021    -7.276531  -149.728694
   43.753947     9.508438     6.292574    14.319153   -10.279152  -155.634279
   43.088876     9.588089     6.676739    14.286675   -33.554317  -141.843221
   43.283343     9.462124     6.416462    14.291511   -40.963550  -131.148303
   43.315474     9.320269     6.277417    14.247796   -20.731308  -147.670056
   43.574674     9.056823     6.076555    14.543197   -35.808407  -122.245546
   43.063451     9.115901     6.287934    14.414605   -46.347945  -107.860048
   43.245530     9.285865     6.132235    14.156532   -38.017620  -134.722919
   43.340883     9.171571     6.057885    14.271720   -38.394742  -122.524942
   43.507195     9.200898     6.110519    14.340120   -24.326806  -139.042984
   43.070259     9.189606     6.158537    14.130536   -24.924734  -138.558449
   43.768541     9.115539     6.037091    14.557629   -34.129763  -128.144668
   43.273772     9.084926     5.954143    14.202160   -31.783966  -139.692622
   42.964846     9.426638     6.614513    14.316048   -40.339004  -145.948011
   43.324495     9.286692     6.247068    14.345941   -45.873863  -140.009365
   42.969743     9.159645     6.220389    14.187640   -36.408838  -144.291343
   43.913380     9.285620     5.878719    14.355946   -40.104950  -133.598165
   43.236947     9.201948     6.024836    14.164101   -45.555331  -127.015500
   42.983466     9.230187     6.318840    14.232358   -34.400725  -118.402714
   42.883614     9.419166     6.509681    14.209837   -52.934354  -123.305137
   42.909946     8.954412     6.162659    14.264060   -15.626296  -131.082638
   43.342953     9.362026     6.355547    14.391724   -47.754599  -122.905352
   43.320363     9.328898     6.213120    14.277286   -49.153891  -122.603515
   42.948307     9.665796     6.544989    14.038335   -45.428869  -114.907342
   43.202121     9.183062     6.113340    14.257260   -48.539566  -120.942678
   42.995258     9.103807     6.152792    14.249263   -48.569547  -119.770203
   43.349515     9.268053     6.057789    14.152120   -32.278019  -134.151607
   43.548724     9.414152     6.220982    14.336336   -46.506970  -118.508107
   43.321845     9.130821     6.061795    14.256496   -24.714689  -136.764846
   42.948487     9.142324     6.072659    14.108952   -52.208961  -123.466382
   43.277752     9.130758     6.052927    14.279809   -41.756452  -140.623001
   43.523904     9.338366     6.111640    14.286449   -44.896005  -130.702387
   42.983988     9.122213     6.143508    14.184460   -41.431109  -130.366102
   43.261740     9.210149     6.648550    14.772449   -52.021535  -126.322696
   43.009911     9.227945     6.365739    14.274935   -34.740726  -138.744998
   43.566916     9.255417     6.398066    14.659386   -41.512051  -147.154751
   43.158922     9.070876     6.072193    14.280005   -39.570956  -126.955302
   43.158794     9.151630     6.357860    14.484065   -44.399508  -114.810373
   43.684982     9.477235     6.336366    14.457891   -42.298183  -135.769646
   43.716304     9.441458     6.119784    14.343865   -53.558091  -119.856508
   43.066667     9.410624     6.602703    14.358387   -31.866585  -139.786430
   43.080004     9.372311     6.557962    14.431736   -54.307504  -142.397266
   43.118201     9.464991     6.336385    14.113117   -45.135216  -134.663050
   43.659313     9.548874     6.422290    14.442600   -37.856031  -142.354227
   43.190879     9.166250     6.393038    14.450550   -27.585655  -146.183107
   43.164053     9.402673     6.566630    14.411186   -37.344415  -129.089920
   43.018131     9.094949     6.266481    14.315441   -27.427761  -123.303210
   43.620228     9.498440     6.398808    14.381009   -22.093805  -132.178311
   43.038451     9.256672     6.537291    14.489629   -48.841838  -115.192297
   43.312620     9.205181     6.417704    14.560656   -41.840878  -127.989464
   42.880844     9.089648     6.428976    14.422595   -40.505093  -121.052685
   43.153262     9.280627     6.280549    14.231765   -30.453095  -121.663593
   43.227888     9.241624     6.635199    14.639660   -32.037662  -138.145442
   42.834640     9.118689     6.244502    14.198680   -37.425042  -116.317369
   43.566569     9.212210     6.393017    14.734933   -54.234440  -131.547797
   43.167330     9.172177     6.364406    14.429434   -35.255475  -133.516038
   42.939847     9.093973     6.579311    14.551311   -32.211430  -132.500017
   43.242483     9.123394     6.250141    14.451750   -39.131272  -112.983310
   43.349472     9.159228     6.170659    14.374306   -33.928294  -129.239371
   43.070866     9.102880     6.304388    14.341705   -21.435249  -137.443671
   43.242214     9.080605     6.404053    14.617773   -36.671836  -118.582453
   43.198418     9.118163     6.199810    14.378520   -39.365263  -117.769917
   43.297430     9.104506     6.257392    14.455610   -26.203497  -126.625526
   43.326244     9.182695     6.206750    14.342285   -26.391968  -140.984017
   43.183091     9.323741     6.256480    14.270922   -46.297433   -95.194147
   43.390716     9.051009     6.059439    14.397266   -29.638366  -130.211217
   43.314718     9.385714     6.527389    14.472942   -35.308637  -130.028790
   43.275330     9.039060     6.376295    14.600795   -24.620600  -136.449991
   43.277659     9.431513     6.332195    14.272843   -51.769219  -136.989209
   43.217838     9.542600     6.682067    14.390053   -26.659951  -145.508223
   43.207714     9.519686     6.502185    14.282371   -42.629039  -147.115180
   43.485995     9.218828     6.132960    14.340063   -27.180959  -141.061028
   43.015580     9.625467     6.811603    14.361479   -40.397835  -147.141413
   43.036996     9.458318     6.438098    14.153825   -37.978949  -127.752152
   43.560357     9.493448     6.368882    14.424673   -47.111379  -146.284495
   43.279257     9.497584     6.570109    14.299859    -8.167012  -157.572035
   43.274413     9.449213     6.447576    14.303459   -30.290609  -157.151215
   43.385256     9.531202     6.327275    14.146097   -24.836243  -144.131697
   42.948770     9.234126     6.319341    14.181318   -33.332795  -143.689817
   43.384182     9.624489     6.407108    14.134012   -24.602387  -146.740589
   43.412701     9.270113     6.270680    14.401547   -33.214200  -150.867883
   43.344524     9.435873     6.578557    14.497402   -36.092903  -143.314530
   42.895380     9.249543     6.502111    14.288923   -26.583298  -158.864308
   43.391736     9.329317     6.440384    14.464320   -27.879526  -144.918026
   43.612027     9.595635     6.345761    14.248497   -22.026361  -159.356409
   43.760931     9.361164     6.210580    14.408974   -17.162243  -148.088077
   43.704939     9.568484     6.455261    14.463059   -30.493184  -151.980228
   43.383708     9.325436     6.538348    14.543709   -22.186234  -158.239536
   43.504485     9.166624     6.164227    14.379642   -10.429619  -134.370375
   43.088902     9.390595     6.237984    14.050546   -27.993285  -112.125772
   43.547106     9.304968     6.196310    14.291065    -9.905045  -140.899014
   43.091735     9.243979     6.149216    14.146592   -37.488331  -108.764682
   43.173953     9.282511     6.393363    14.338804   -28.254484  -125.726274
   43.291786     9.219525     6.304493    14.332618   -12.617274  -154.088332
   43.671144     9.373366     6.558468    14.650771   -12.810878  -149.473720
   43.345878     9.460804     6.421031    14.247396   -14.273640  -136.716841
   43.356260     9.180302     6.134402    14.251959   -12.228827  -140.659856
   42.946269     9.212583     6.501613    14.320608   -15.909600  -150.512556
   42.902317     9.280537     6.648449    14.393519   -22.334433  -135.768430
   43.077910     9.264528     6.382473    14.237309   -14.926275  -147.096102
   42.923609     9.294002     6.437760    14.256129   -45.416523  -136.526846
   43.295900     9.437785     6.558906    14.526396   -59.218562  -122.960570
   43.358474     9.062478     6.286347    14.646809   -52.406681  -125.349393
   43.197721     9.360351     6.387122    14.333210   -48.932730  -131.952181
   43.444847     9.612758     6.720699    14.570008   -47.252118  -119.722432
   43.273736     9.286112     6.315199    14.422514   -58.142734  -116.112675
   42.995614     9.199219     6.577044    14.514458   -41.510669  -135.602175
   43.433375     9.130595     6.161366    14.515003   -53.160783  -124.787325
   43.393616     9.198007     6.495920    14.717699   -48.959363  -121.227015
   43.063429     8.991029     6.083514    14.323728   -41.454814  -155.849951
   43.256380     9.255900     6.401156    14.475670   -45.724060  -139.069051
   43.185169     9.529325     6.638073    14.454397   -60.965221  -143.093837
   43.371500     9.306757     6.099307    14.183947   -36.939745  -141.603623
   43.773042     9.376019     6.323511    14.615781   -39.320062  -158.957501
   43.177829     9.227691     6.332230    14.399599   -49.357665  -128.913244
   43.350907     9.325366     6.303333    14.412760   -53.579748  -145.121175
   42.813781     9.342143     6.657363    14.392515   -58.324975  -131.963724
   43.233761     9.481880     6.664927    14.497315   -42.797514  -149.866219
   43.272577     9.378876     6.386836    14.387799   -54.570102  -140.570366
   43.336954     9.340465     6.525006    14.555584   -42.973939  -143.404415
   43.118251     9.048732     6.030813    14.243355   -41.344313  -134.325776
   43.118691     9.400175     6.495231    14.364609   -53.344849  -135.371360
   43.440863     9.426108     6.366554    14.377471   -40.955388  -134.067447
   43.241644     9.354190     6.189978    14.184800   -51.382361  -123.193350
   42.945151     9.251668     6.438224    14.263468   -28.131435  -138.241403
   43.103873     9.547905     6.452314    14.156696   -50.803401  -139.129260
   43.295639     9.354991     6.239691    14.208761   -32.752834  -148.222600
   43.770634     9.409606     6.084338    14.362666   -46.634937  -138.642968
   43.259180     9.211239     6.215705    14.358490   -46.895390  -116.459766
   43.310698     9.256212     6.325920    14.458936   -50.673689  -118.800190
   42.885031     9.196870     6.238782    14.113164   -34.351725  -131.456955
   43.171517     9.204802     6.448501    14.388344    -7.108785  -157.732585
   43.635732     9.376333     6.313899    14.414565   -15.831355  -155.093793
