   44.186842     9.455653     5.861760    14.366463   -46.277128  -127.819396
   44.078296     9.299855     6.135284    14.732707   -54.525957  -124.066016
   43.946006     9.500547     6.309624    14.606382   -49.309649  -139.361682
   44.088973     9.538419     6.070688    14.382117   -37.895888  -129.727942
   44.520063     9.638645     5.826888    14.353687   -42.259503  -126.918735
   44.169455     9.489295     5.927107    14.321892   -27.633064  -143.997896
   44.520549     9.426912     5.819709    14.589263   -42.262347  -151.245955
   44.094643     9.504637     6.038665    14.322491   -16.178672  -152.092910
   44.100352     9.151123     5.949436    14.701778   -47.659117  -126.915250
   44.556840     9.796758     6.330220    14.613893   -25.631670  -151.872694
   44.498470     9.592229     6.032880    14.566556   -33.436115  -153.872308
   44.736700     9.834550     6.132314    14.608938   -46.491891  -154.934764
   44.575984     9.754751     6.221644    14.633194   -38.886536  -151.453489
   44.256901     9.370476     6.196076    14.760763   -37.416888  -120.520927
   44.209666     9.648646     6.364558    14.660588   -48.167552  -133.799839
   44.272642     9.553781     6.207798    14.634245   -40.882955  -143.556962
   44.326550     9.364340     5.932149    14.558558   -30.544025  -140.603727
   44.229792     9.355738     5.962889    14.450306    -8.333951  -148.347844
   44.373326     9.459871     6.220764    14.754554   -25.354716  -158.397380
   44.149644     9.635706     6.127426    14.466144   -56.738300  -142.695909
   44.247336     9.533149     6.286655    14.637894   -20.512700  -156.347678
   44.584374     9.798827     6.293070    14.683028   -49.371226  -141.624839
   44.052044     9.626058     6.264961    14.474093   -41.396524  -137.789525
   44.523800     9.689708     6.247847    14.641166   -26.754633  -153.863586
   44.052039     9.431793     6.223921    14.637614   -47.156251  -124.926397
   44.586669     9.493411     5.871467    14.577780   -36.433989  -144.460826
   44.321814     9.493117     6.339169    14.753714   -19.869987  -147.898799
   44.455994     9.438845     6.226236    14.859538   -37.471586  -142.556188
   44.351762     9.612430     6.111916    14.546400   -39.894415  -150.854411
   43.964002     9.336982     5.974252    14.387318   -29.902427  -138.904448
   44.141264     9.534537     6.289225    14.636209   -39.455037  -142.335479
   44.293728     9.553820     6.213947    14.574939   -22.723783  -145.099897
   44.383677     9.264714     5.899482    14.726916   -45.467884  -139.187839
   44.038870     9.524191     6.089719    14.429021   -36.912507  -167.042099
   44.563177     9.709153     5.989308    14.496242   -44.102524  -155.058126
   44.307832     9.741847     6.411706    14.667785   -45.384523  -144.206500
   44.328143     9.446212     6.215463    14.716645   -27.803265  -139.106757
   44.237690     9.482904     6.323029    14.810267   -51.734401  -124.055365
   44.506566     9.259953     5.703583    14.582944   -33.285399  -135.298080
   44.347349     9.368478     5.913659    14.553801   -26.638644  -153.702222
   44.641459     9.755084     6.114687    14.591944   -42.827002  -147.286780
   44.101519     9.659003     6.475984    14.622761   -31.661740  -138.558258
   44.306980     9.867921     6.541790    14.614144   -40.253274  -125.784224
   44.011850     9.519779     6.230726    14.489719   -29.745595  -152.239536
   44.860889     9.480529     5.748683    14.709934   -48.203631  -141.384900
   44.566731     9.662941     6.264381    14.781624   -47.088930  -143.843508
   43.838611     9.539444     6.320746    14.462116   -39.467893  -121.352194
   44.384809     9.755656     6.124149    14.464982   -54.334685  -130.659464
   44.307257     9.453430     6.012598    14.558428   -38.560165  -134.631446
   44.118122     9.423599     6.205653    14.698004   -48.106484  -146.387991
   43.870730     9.305596     6.154223    14.591068   -47.487280  -133.973417
   44.393034     9.618607     6.323305    14.783779   -52.755575  -134.276332
   44.070210     9.312634     6.255846    14.693781   -16.530156  -152.658567
   44.511583     9.325262     5.857685    14.723111   -45.983049  -144.440447
   44.449278     9.609521     6.386378    14.842933   -37.899254  -152.338655
   44.574309     9.498190     6.041649    14.723597   -33.811076  -157.438212
   43.916418     9.468575     6.469131    14.691241   -30.676569  -143.840769
   43.891248     9.537826     6.338963    14.561053   -45.347899  -150.441671
   44.111177     9.379271     6.206079    14.699545   -43.701191  -132.220214
   43.893501     9.447169     6.324639    14.570145   -30.288587  -149.922151
   44.110963     9.317046     6.279653    14.847155   -43.959969  -147.422729
   44.394928     9.513781     6.190449    14.830580   -60.851444  -149.485992
   44.586265     9.792075     6.330323    14.703956   -43.130321  -146.825591
   44.303870     9.232508     5.921277    14.743974   -43.575706  -154.607059
   43.889087     9.343606     6.172611    14.544832   -35.951772  -144.163549
   44.142410     9.673757     6.284309    14.558221   -50.646508  -153.357326
   44.188650     9.406047     5.995898    14.512759   -34.672614  -146.923538
   44.457239     9.389996     5.869517    14.540954   -23.314031  -147.441110
   44.215526     9.381338     6.232561    14.745203   -33.498208  -132.192362
   44.651653     9.489676     5.850727    14.596808   -38.010262  -132.415291
   44.152471     9.608367     6.324045    14.580102   -31.403181  -151.277377
   44.289825     9.582072     6.183635    14.537053   -23.344493  -155.835916
   44.400557     9.596008     6.173938    14.634907   -35.501221  -154.434328
   44.140876     9.386322     5.996130    14.507544   -38.079748  -140.500269
   43.970310     9.388640     6.039753    14.444238   -40.147600  -139.674785
   44.575616     9.466110     5.917319    14.689640   -55.527761  -119.813501
   44.312066     9.346603     5.933792    14.568345   -28.783407  -146.534820
   44.397000     9.480862     6.152806    14.685729   -29.184968  -146.392122
   44.424657     9.538602     6.215925    14.671952   -17.859537  -159.023164
   44.643796     9.803169     6.031433    14.488662   -51.297691  -134.676405
   44.079138     9.448962     6.127810    14.527371   -32.528055  -157.030601
   44.267223     9.549620     6.247784    14.696145   -48.460692  -138.510811
   44.603249     9.784628     6.004459    14.436693   -43.638990  -141.712621
   44.018079     9.587574     6.354012    14.605035   -47.953697  -142.697653
   43.749763     9.416281     6.013321    14.299019   -51.859467  -142.441041
   44.294618     9.439781     5.939056    14.526536   -45.782073  -133.342927
   44.137759     9.325095     5.966004    14.546684   -37.754921  -147.555114
   44.107115     9.369432     6.229358    14.775576   -49.624295  -148.738433
   44.193733     9.557635     5.996199    14.386786   -40.591238  -143.420570
   44.322813     9.338498     6.290225    14.898927   -30.808863  -136.350028
   44.212163     9.578427     6.267795    14.627937   -41.831338  -141.919517
   44.271437     9.338044     6.155922    14.756744   -34.624719  -129.679954
   44.380747     9.548042     6.141256    14.644988   -35.357366  -156.977701
   43.728313     9.503714     6.352651    14.386716   -15.771173  -155.797930
   44.365630     9.418484     5.829597    14.467578   -37.026185  -141.270902
   43.927857     9.621730     6.310510    14.453599   -40.729588  -149.000843
   44.329647     9.531301     6.106716    14.566683   -31.647692  -146.793533
   44.115760     9.483768     6.067067    14.495293   -48.056694  -133.290990
   44.095186     9.524304     6.292519    14.609153   -37.420434  -140.222076
   44.351599     9.423223     5.955247    14.575636   -34.357690  -154.815503
   44.196268     9.453180     6.324599    14.748479   -25.787872  -160.157367
   43.637931     9.252233     6.295012    14.660325   -52.882816  -145.717318
   44.436128     9.727817     6.455714    14.816702   -52.346706  -137.912902
   43.979660     9.489886     6.079796    14.458409   -54.071313  -149.154119
   43.978383     9.573027     6.319897    14.560960   -48.998003  -136.266228
   44.410910     9.629741     6.255386    14.723628   -46.730128  -151.930989
   44.225023     9.566680     6.248613    14.613500   -37.691768  -142.919981
   44.817626     9.603767     5.919435    14.668917   -40.738967  -137.620521
   44.416577     9.635619     6.143227    14.557658   -29.320387  -158.240618
   44.388109     9.397758     5.842011    14.483821   -32.195491  -131.481485
   43.990210     9.355510     6.139293    14.570470   -30.294396  -161.484164
   44.305801     9.486165     5.910751    14.431244   -35.290269  -143.993204
   44.478831     9.637414     6.199080    14.645011   -29.556410  -158.728879
   44.545720     9.574186     6.030716    14.621494   -38.034995  -146.630344
   44.233554     9.521658     6.182972    14.637112   -49.230652  -128.930793
   44.079035     9.515467     6.127659    14.467731   -43.326046  -112.010752
   44.276586     9.675977     6.268411    14.547003   -37.967348  -134.813500
   44.203633     9.647860     6.468013    14.655709   -22.398996  -146.777924
   44.303728     9.679100     6.424986    14.695252   -35.032694  -143.768728
   44.046731     9.493354     6.403096    14.707509   -37.783955  -135.587418
   44.285617     9.588112     6.347236    14.747207   -45.864469  -139.369124
   43.798207     9.400621     6.175559    14.497963   -55.572364  -121.956874
   44.036335     9.260803     5.931010    14.518919   -44.362189  -123.824880
   43.977989     9.283445     6.019057    14.521332   -39.479670  -128.097356
   44.328603     9.557862     6.320639    14.709451   -30.232262  -137.359228
   44.290540     9.634828     6.221792    14.622818   -57.715663  -120.623522
   44.148540     9.775919     6.405464    14.509141   -41.025084  -138.706672
   44.354709     9.722736     6.258567    14.558688   -34.076738  -161.392238
   44.081082     9.771541     6.367470    14.416357   -35.734718  -137.921362
   44.360789     9.552575     5.967133    14.494411   -46.066078  -141.858940
   44.055887     9.757923     6.416709    14.488454   -38.683113  -151.829101
   44.377599     9.592555     6.233614    14.624194   -24.130852  -153.474725
   44.288410     9.570815     6.190788    14.635042   -44.639266  -148.217891
   43.974557     9.437673     6.047319    14.380191   -31.171676  -149.642241
   43.719925     9.387070     6.341236    14.562552   -40.569366  -135.950514
   44.021377     9.424893     6.141760    14.493581   -29.333130  -144.739169
   44.436327     9.322415     6.112488    14.832564   -33.673236  -129.906152
   44.430552     9.623655     6.127230    14.566478   -37.124988  -134.454199
   44.447389     9.587449     6.063736    14.563469   -37.760306  -137.695088
   44.594005     9.571378     6.007506    14.653326   -39.365138  -154.897636
   44.410237     9.569471     6.063033    14.565866   -40.768714  -134.310245
   44.474956     9.770785     6.139920    14.361991   -16.115529  -122.872003
   44.120430     9.791335     6.543248    14.528553   -23.878057  -131.433216
   44.433555     9.505021     6.028791    14.586476   -37.594843  -120.630706
   44.362261     9.301021     5.997458    14.706401   -34.447175  -126.778798
   44.455702     9.508099     6.239555    14.747641   -27.578193  -133.005302
   44.232352     9.570801     6.067049    14.420392   -29.969666  -144.438402
   44.178872     9.461033     6.002251    14.467843   -37.792942  -143.933018
   44.796768     9.640887     5.883438    14.542338   -27.281567  -145.242221
   44.188536     9.304457     6.024861    14.659721   -36.977185  -153.921573
   44.427638     9.364081     5.869930    14.592531   -38.281672  -132.423474
   44.588495     9.660629     6.074780    14.617853   -48.813351  -124.033730
   44.262837     9.446544     6.118227    14.694303   -54.155606  -131.537305
   44.465255     9.439030     5.936420    14.683272   -61.946138  -103.848508
   44.159604     9.260823     6.157015    14.713440   -20.557382  -134.447305
   44.394038     9.447045     6.020740    14.623660   -40.172086  -123.823564
   44.556577     9.494492     6.047467    14.767916   -57.062919  -117.276301
   44.492839     9.381536     5.770066    14.523591   -33.814597  -143.149449
   43.929979     9.653469     6.439366    14.543083   -44.496144  -135.405914
   44.537420     9.489347     6.083596    14.746266   -40.263481  -141.179468
   44.337007     9.506888     6.116346    14.595193   -27.775598  -152.789841
   44.107713     9.553851     6.282299    14.594531   -41.609720  -137.766435
   44.556489     9.607363     5.875349    14.458789   -44.109499  -125.247016
   44.509326     9.411345     6.064832    14.784444   -42.425775  -130.495441
   44.476798     9.209879     5.705872    14.586824   -24.048809  -143.929123
   44.238723     9.399006     5.887838    14.468066   -43.683682  -123.789488
   44.012977     9.569715     6.122566    14.388472   -46.286351  -133.002239
   44.608923     9.776599     6.268004    14.630402   -36.560702  -129.314726
   44.147675     9.370518     6.017267    14.587932   -50.405725  -130.849119
   44.231365     9.383872     6.054233    14.572195   -28.200185  -135.479491
   44.081401     9.479449     6.002820    14.377562   -37.963693  -134.871627
   44.199219     9.869434     6.406338    14.403841   -26.887211  -154.101302
   44.198112     9.183001     6.000319    14.724134   -30.955977  -144.988220
   44.317585     9.560170     6.089508    14.507675   -33.494723  -133.556277
   44.225885     9.543855     6.411618    14.772661   -34.522416  -146.899364
   44.004392     9.470634     6.087992    14.403950   -36.440985  -127.386858
   44.203465     9.206905     5.837907    14.565275   -29.027885  -154.715228
   44.306677     9.365016     6.099629    14.655614   -19.602492  -147.652064
   44.034874     9.590193     6.321463    14.549436   -36.591615  -153.368256
   44.266945     9.597828     6.139392    14.532877   -46.575248  -128.213705
   44.778854     9.780789     6.021306    14.516456   -33.720684  -132.212968
   44.480738     9.666574     6.001556    14.398026   -25.780101  -135.722304
   44.889106     9.950397     6.184077    14.569037   -43.366698  -125.356723
   43.976022     9.441175     6.259389    14.554116   -25.378897  -155.084501
   44.572777     9.615082     5.975139    14.472877   -24.350583  -131.021106
   44.119682     9.559742     6.209770    14.452278   -22.861949  -138.413112
   44.424674     9.688184     6.143425    14.518595   -40.905947  -125.980575
   44.385434     9.623148     5.948967    14.362613   -35.142932  -125.657226
   43.965090     9.248576     5.953560    14.444995   -27.564727  -126.236305
   44.328394     9.464901     6.039346    14.543718   -30.630140  -123.478789
   43.958945     9.563753     6.170000    14.363593   -35.152269  -138.288118
   44.313551     9.426176     5.897077    14.506742   -41.388148  -142.452048
   44.596870     9.598040     6.075912    14.603500   -23.140325  -147.122545
   44.285893     9.688364     6.384287    14.677665   -46.350267  -135.194221
   44.298387     9.522937     5.914494    14.444373   -46.760929  -146.848691
   44.472939     9.915538     6.409293    14.575929   -49.941358  -120.354260
   44.176137     9.361117     5.893437    14.441812   -35.073085  -132.731849
   44.088077     9.578933     6.135016    14.328503   -12.879669  -158.747510
   44.487677     9.740924     6.318179    14.614877   -20.807533  -161.742488
   44.090484     9.519926     6.095771    14.516674   -59.714394  -132.481056
   44.336383     9.574222     6.031479    14.512458   -40.169673  -156.637965
   44.133267     9.523643     6.153130    14.519788   -38.110228  -146.356398
   44.722797     9.670745     6.057770    14.660137   -33.767540  -158.328502
   44.139737     9.657551     6.109507    14.344952   -38.532048  -141.139854
   44.917416     9.556479     5.757355    14.578525   -23.205689  -144.100008
   43.906213     9.347821     6.219367    14.517862   -17.821574  -138.481817
   44.170529     9.583450     6.080537    14.353157   -26.545640  -130.718003
   44.371919     9.498042     5.881892    14.421079   -29.400160  -150.680707
   44.369802     9.549933     6.156071    14.619389   -35.995448  -133.196865
   44.478984     9.564333     5.925562    14.408791   -15.956024  -151.496378
   44.294689     9.190182     5.868892    14.678015   -36.443757  -139.184605
   44.166556     9.347764     6.230302    14.735069   -29.549052  -139.293136
   44.064977     9.657184     6.430682    14.630769   -50.828185  -127.149790
   44.642392     9.707314     6.018126    14.564086   -48.037431  -134.793157
   44.396716     9.730503     6.121914    14.441041   -38.259843  -138.146431
   44.789071     9.694875     5.869385    14.548607   -49.724105  -134.871368
   44.566721     9.638640     5.936557    14.457196   -33.264470  -137.605315
   44.379146     9.365410     5.877207    14.528521   -27.725915  -138.254714
   44.466081     9.253666     5.859292    14.702141   -33.700078  -136.580176
   44.276952     9.669929     6.240961    14.450553   -19.843260  -129.886119
   44.238001     9.639917     6.478683    14.772006   -45.372617  -129.189197
   44.359514     9.470841     5.993249    14.540583   -34.531622  -134.720937
   44.050872     9.431614     6.278295    14.680833   -42.731008  -140.064451
   44.787815     9.636126     6.116767    14.737591   -33.766502  -128.535415
   44.513140     9.846053     6.349939    14.577510   -38.391801  -125.318301
   44.261786     9.637150     6.079304    14.400221   -39.570862  -111.289661
   43.917371     9.517177     6.481401    14.677264   -37.330475  -114.336756
   44.468848     9.462933     6.063303    14.634415   -25.928072  -117.902058
   44.051001     9.662974     6.474715    14.528349   -16.961940  -134.311939
   44.139625     9.397777     6.194579    14.636832   -30.884139  -132.567370
   43.902171     9.419194     6.454298    14.750163   -41.430504  -124.739732
   44.453113     9.333800     5.996553    14.676621   -16.543670  -148.771674
   44.330257     9.631367     6.254437    14.560915   -27.525899  -127.016897
   44.007540     9.251730     6.059512    14.557024   -24.786864  -139.961384
   44.068613     9.557976     6.492285    14.697789   -26.225566  -142.196183
   44.196159     9.571225     6.234036    14.522184   -26.508873  -135.380823
   44.367135     9.824672     6.411499    14.627256   -49.417553  -138.927509
   44.254539     9.774746     6.379381    14.513623   -32.207666  -139.275016
   44.533999     9.453153     5.916537    14.637744   -38.617252  -148.318336
   44.940746     9.825458     6.315185    14.766491   -23.099215  -142.044655
   44.339022     9.546878     6.020030    14.460432   -25.667294  -151.143806
   43.985573     9.417594     5.867321    14.256349   -39.102013  -136.420590
   44.432051     9.557661     6.013359    14.497821   -26.492721  -144.504654
   44.350487     9.536618     6.062723    14.560743   -37.011228  -148.150598
   43.924383     9.234569     5.893522    14.351006   -17.966342  -145.738727
   44.443293     9.565650     5.944735    14.437116   -29.389192  -134.285259
   44.516143     9.412913     5.896773    14.667164   -44.980226  -142.794884
   44.206605     9.548785     6.025114    14.384963   -32.294361  -133.194266
   44.309693     9.685613     6.053273    14.346602   -32.819733  -137.781429
   44.303473     9.369001     5.825190    14.439820   -30.704749  -135.576383
   44.034302     9.272343     5.972896    14.534400   -41.766070  -118.076612
   44.500546     9.323659     6.070531    14.846796   -32.017458  -146.684829
   44.171212     9.324236     6.049261    14.627920   -35.948945  -142.278436
   44.621868     9.593618     6.066795    14.695492   -48.598215  -122.681147
   44.130903     9.368568     6.381423    14.787289   -16.198728  -151.146068
   44.057814     9.613389     6.457702    14.635226   -34.033880  -139.118854
   44.684707     9.403363     5.927722    14.732165   -27.362931  -141.210863
   44.605123     9.753012     6.383358    14.800338   -43.620985  -145.464917
   44.216256     9.395194     6.149190    14.700823   -38.182859  -151.381957
   43.908752     9.000750     5.850928    14.650786   -47.272673  -135.377084
   44.205339     9.438382     5.875182    14.397182   -42.091458  -134.195322
   44.339022     9.270617     6.026952    14.769880   -39.791506  -125.593981
   44.118561     9.138421     5.892264    14.587597   -21.606842  -148.476973
   44.105925     9.356747     6.188364    14.652394   -29.847046  -140.961426
   44.150991     9.514517     6.133068    14.520608   -44.086684  -118.130299
   44.239588     9.504293     6.146557    14.471783    -9.819122  -138.477219
   44.524706     9.332707     5.922825    14.717930   -30.468944  -147.427806
   44.220870     9.453837     5.949363    14.438984   -34.546882  -143.248865
   43.955426     9.649833     6.391388    14.493881   -34.539389  -151.044009
   44.266304     9.290298     5.939054    14.605224   -30.631094  -145.368289
   44.035069     9.398111     6.011040    14.445407   -34.251796  -154.341059
   44.197141     9.214890     5.985660    14.643021   -22.101974  -146.361288
   44.246763     9.454291     6.189310    14.646468   -27.671113  -148.349677
   44.138563     9.348664     6.359181    14.848715   -29.400056  -152.161801
   44.355362     9.312204     6.151929    14.854397   -40.086807  -129.871668
   44.395486     9.448105     6.194346    14.775854   -39.594959  -125.467210
   44.387977     9.407524     5.949690    14.577213   -31.727695  -141.302473
   44.087231     9.428655     6.188630    14.561965   -25.256659  -149.322769
   44.265965     9.492005     5.873444    14.354628   -31.964718  -146.654249
   44.129253     9.492384     6.244275    14.555160   -21.698397  -144.190036
   44.116471     9.648799     6.278638    14.485463   -35.321586  -144.397899
   44.396266     9.464735     6.302296    14.745821    -5.180288  -158.302689
   44.260925     9.494052     6.069134    14.543470   -36.777587  -143.420629
   44.106413     9.295602     6.028555    14.578703   -29.093146  -150.664119
   44.065263     9.293695     6.264369    14.784828   -37.370315  -134.087983
   44.286325     9.336665     5.869045    14.480843   -27.115511  -119.054753
   43.470056     9.227753     6.319705    14.449525   -13.213291  -133.878841
   44.427118     9.675943     6.324084    14.655363   -20.407390  -165.950230
   44.177233     9.314088     6.141983    14.717180   -30.894947  -151.911865
   44.042452     9.432782     6.022242    14.352861   -21.511800  -139.300189
   44.557754     9.386399     5.917789    14.697582   -36.250083  -140.831804
   44.472204     9.572289     6.342731    14.772314   -22.892876  -140.962089
   44.254440     9.424403     6.172355    14.664391   -32.396408  -123.244735
   44.316118     9.288764     5.938273    14.650885   -36.793631  -133.908386
   44.030461     9.329664     6.160949    14.597615   -28.813406  -129.569805
   44.388941     9.680471     6.429103    14.735395   -31.406949  -146.657940
   44.227937     9.303653     6.000146    14.581636   -22.641869  -138.904979
   44.108592     9.425956     6.137131    14.617319   -51.019619  -127.793339
   44.224576     9.344897     6.233596    14.786149   -33.484841  -125.509320
   44.478864     9.311022     5.784694    14.570198   -30.645116  -129.990383
   44.242815     9.557461     6.381993    14.768890   -46.436779  -117.367378
   44.250280     9.384578     6.235077    14.826726   -48.920761  -127.787347
   43.956669     9.205012     5.987232    14.561789   -40.518471  -123.199783
   44.023764     9.220208     6.094873    14.626766   -24.070658  -127.276188
   44.192043     9.567745     6.318652    14.598825   -27.157999  -128.762798
   44.541239     9.360483     5.838304    14.612613   -29.968277  -137.877686
   44.853030     9.782742     6.246908    14.786689   -44.817747  -131.432188
   43.834904     9.344012     6.188551    14.475611   -24.921253  -125.627054
   43.593105     9.319001     6.230454    14.391439   -26.276475  -136.160106
   44.207401     9.428196     6.295493    14.765272   -37.853940  -119.968544
   44.147171     9.664041     6.113560    14.351857   -42.643799  -129.265082
   44.332855     9.375122     5.921696    14.537778   -32.311476  -124.460522
   44.123512     9.717375     6.291198    14.384676   -27.436622  -120.780091
   43.975567     9.309939     6.080423    14.469944   -17.615872  -138.322988
   44.354221     9.563904     6.368395    14.743276   -26.638507  -133.956318
   44.376599     9.819271     6.309316    14.472137   -32.065150  -133.446140
   44.299794     9.654737     6.265256    14.604498   -47.841654  -109.314098
   44.536362     9.358936     5.935835    14.721533   -39.411517  -121.128496
   43.700324     9.551176     6.479618    14.485394   -30.053607  -137.023044
   44.431617     9.489760     6.058551    14.609627   -31.637957  -132.669032
   44.654125     9.582890     5.756195    14.419464   -34.881526  -139.294620
   43.840282     9.343550     5.987499    14.376754   -43.903046  -143.264055
   43.771351     9.310942     6.115076    14.470017   -39.436264  -148.000972
   44.240412     9.447233     5.907838    14.408396   -33.165743  -137.951699
   44.019914     9.603768     6.049859    14.241369   -31.575222  -145.486359
   44.481120     9.579952     6.212078    14.712259   -40.517834  -118.139696
   44.188374     9.383001     6.059645    14.581695   -36.565112  -131.110357
   44.175875     9.438033     5.954605    14.387316   -27.111873  -129.223925
   44.447496     9.302493     5.818370    14.648907   -45.153534  -132.034551
   44.358464     9.659443     6.189587    14.538035   -36.023962  -136.458068
   44.186767     9.626194     6.414711    14.728128   -53.046493  -127.319737
   44.761258     9.677105     6.238929    14.849739   -51.350193  -119.294198
   44.540155     9.653865     6.211614    14.709531   -47.178010  -128.266379
   43.992267     9.510236     6.217445    14.448965   -28.854729  -131.518206
   44.183544     9.332949     6.108353    14.642154   -29.091719  -128.846573
   44.228785     9.622011     6.136726    14.469837   -45.057542  -119.412734
   44.181952     9.389719     5.949151    14.436838   -26.928713  -135.670068
   44.385973     9.665770     5.878412    14.194249   -15.458711  -145.076800
   43.928287     9.744624     6.546004    14.545214   -42.449273  -138.132615
   44.177484     9.678593     6.312115    14.556534   -49.090146  -117.958847
   43.857082     9.508834     6.197427    14.416713   -47.475312  -119.015239
   44.308127     9.668712     6.370529    14.677735   -41.917483  -133.416106
   44.658157     9.629581     6.312768    14.810380   -27.395658  -134.689433
   43.932403     9.594090     6.386528    14.435215   -14.303585  -134.005152
   44.010257     9.369151     6.153810    14.561532   -34.138023  -117.143122
   43.967928     9.478953     6.135758    14.412408   -35.479773  -123.688239
   44.591610     9.648013     6.226920    14.742414   -44.592050  -122.775127
   44.374720     9.737449     6.263596    14.547621   -38.867377  -137.991165
   44.552308     9.520574     5.983257    14.644650   -45.676296  -127.531667
   43.969136     9.707132     6.418154    14.567842   -60.859106  -142.916823
   43.897125     9.180440     6.038164    14.625196   -43.463435  -147.301464
   44.259679     9.437016     5.925012    14.493350   -44.166614  -138.732787
   44.291828     9.323668     5.830840    14.485648   -30.794084  -138.947275
   44.379394     9.535932     5.871376    14.414102   -45.560590  -121.764791
   44.220341     9.505324     6.100406    14.550420   -45.959742  -118.721293
   44.641591     9.637168     6.260565    14.709245   -19.404697  -126.984478
   44.171522     9.219185     6.076782    14.732672   -32.011878  -121.197158
   44.344529     9.415091     5.844546    14.424170   -27.845672  -132.249157
   44.757224     9.480327     5.982148    14.758291   -30.562521  -138.145444
   44.103932     9.152074     6.034474    14.736302   -36.141927  -131.581504
   44.324751     9.578045     6.369309    14.759141   -39.777309  -119.742708
   44.259501     9.257550     6.043745    14.766612   -40.987536  -141.678223
   44.261963     9.357839     6.002879    14.575734   -27.430857  -142.856855
   44.474213     9.340359     6.040483    14.791666   -37.927299  -129.682640
   44.665475     9.654571     6.240997    14.815614   -39.890321  -154.153096
   44.013819     9.212242     6.278077    14.776383   -17.034529  -148.827857
   43.838487     9.182749     6.078594    14.554204   -29.406735  -138.407458
   44.204181     9.388091     6.372878    14.853984   -28.864729  -147.273504
   44.362063     9.616823     6.095362    14.553630   -45.305228  -149.049160
   44.626053     9.379936     6.118967    14.958603   -44.644403  -138.882397
   44.201504     9.323085     6.238042    14.878793   -52.674621  -131.137987
   44.105934     9.477180     6.153775    14.605221   -52.108845  -143.898140
   44.295435     9.388165     6.074532    14.686490   -42.042016  -136.767754
   44.002538     9.599117     6.521574    14.740208   -50.438546  -137.109551
   44.498827     9.438470     6.148856    14.832137   -35.885850  -154.489496
   44.287713     9.374778     6.189735    14.829764   -40.933986  -159.150434
   43.931077     9.094608     5.792261    14.430752   -23.976596  -144.627603
   44.078493     9.450807     6.159224    14.624231   -53.163673  -144.652476
   44.577879     9.324205     5.764571    14.684669   -42.706100  -152.302719
   44.501948     9.735251     6.411439    14.800999   -46.428043  -149.593549
   44.117880     9.621782     6.100311    14.404702   -49.738957  -141.216229
   44.246133     9.459187     6.199521    14.760262   -54.409670  -142.801462
   44.660830     9.711359     6.324949    14.788199   -34.258203  -147.334317
   44.156888     9.523260     6.238179    14.623332   -35.945274  -159.795733
   44.543810     9.695965     6.247353    14.675577   -32.411853  -156.297550
   44.423317     9.529426     6.004212    14.628399   -49.608873  -155.990220
   44.747793     9.530137     6.050285    14.852762   -48.292404  -145.348054
   44.276028     9.335793     6.183974    14.896360   -55.054387  -146.580959
   44.239799     9.714820     6.275746    14.564643   -51.662185  -147.921805
   44.392427     9.664156     6.096903    14.549487   -52.849307  -143.840853
   44.063605     9.206101     5.901383    14.571210   -44.371646  -134.792741
   44.319152     9.608243     5.916537    14.354505   -44.310255  -140.426756
   44.626863     9.566239     6.003030    14.703226   -55.791115  -124.596446
   44.463104     9.525602     5.979465    14.576325   -42.109592  -137.178198
   44.154581     9.508587     6.185131    14.538236   -31.147710  -142.108795
   44.112005     9.516383     6.263256    14.510589   -14.092777  -146.955010
   44.175805     9.565885     6.427780    14.715357   -30.515655  -144.568289
   44.415447     9.750824     6.318252    14.639533   -39.516720  -159.496384
   43.774127     9.269559     6.213964    14.592083   -40.618622  -135.066728
   44.355871     9.229954     6.052723    14.875944   -46.464874  -130.301402
   44.056103     9.404376     6.076609    14.533627   -40.958971  -148.963518
   44.298513     9.539097     6.062870    14.562149   -48.692701  -138.672912
   44.078207     9.384029     6.058129    14.476500   -23.214667  -151.339845
   43.914068     9.488075     6.417374    14.629916   -31.095931  -148.252587
   44.598889     9.460643     5.886321    14.602070   -26.206590  -154.287053
   44.062686     9.540644     6.024353    14.318325   -32.356201  -149.734277
   44.046833     9.598335     6.427852    14.597455   -27.797317  -146.196264
   44.678065     9.558171     5.838301    14.495375   -19.199939  -159.487333
   44.392323     9.556262     6.080728    14.557305   -27.793067  -156.919727
   44.343274     9.502987     5.787013    14.334249   -36.129838  -147.947776
   43.633381     9.261920     6.238637    14.496661   -22.124521  -165.638541
   44.263379     9.362543     6.176976    14.739246   -25.612060  -156.071643
   44.260722     9.628726     6.090991    14.447422   -40.780230  -143.779427
   44.716115     9.608631     6.171703    14.799037   -31.230027  -155.972342
   44.086093     9.285983     5.978047    14.536276   -32.917624  -143.500713
   44.290623     9.374919     6.233842    14.867501   -49.088650  -134.489289
   44.190438     9.411055     6.235078    14.730824   -35.059865  -150.769194
   44.576061     9.442740     5.967109    14.696654   -36.417663  -140.122268
   44.246566     9.534626     6.111181    14.564541   -42.874034  -147.452348
   44.482992     9.715011     6.213111    14.604561   -43.023359  -133.860469
   44.539337     9.501703     5.957019    14.601762   -39.510964  -121.985724
   43.914357     9.172866     6.106972    14.628210   -27.126412  -135.162255
   44.208865     9.531366     6.367985    14.765684   -42.878759  -142.257134
   44.190659     9.488319     6.112122    14.495151   -27.234954  -138.630760
   44.172359     9.459638     6.305712    14.676136   -25.396497  -132.003359
   44.094957     9.489232     6.317947    14.647759   -34.505660  -113.432422
   44.333386     9.390568     6.150842    14.733465   -34.022683  -124.332690
   44.220846     9.327782     6.182849    14.768202   -36.959568  -125.919155
   43.939308     9.342137     6.147738    14.493660   -22.494715  -133.826835
   44.386796     9.209991     6.002822    14.752714   -16.800846  -133.906536
   43.931350     9.402420     6.328134    14.637013   -33.476868  -127.670205
   43.397452     9.271543     6.294948    14.435931   -39.998497  -116.740045
   44.233964     9.475930     6.013046    14.453075   -30.689473  -128.872873
   44.259582     9.230450     6.001028    14.703901   -30.057413  -136.684720
   44.326398     9.535526     6.284032    14.656694   -20.737348  -135.386637
   44.389743     9.316331     6.019769    14.661785   -15.119699  -143.235395
   44.072906     9.182063     6.111854    14.690512   -17.525245  -123.054778
   43.876009     9.814780     6.618586    14.469884   -28.159243  -152.498822
   44.334634     9.326281     6.043687    14.692257   -23.091883  -157.016368
   44.515104     9.598287     5.977307    14.529994   -37.084627  -148.817681
   44.069064     9.235089     5.919767    14.536437   -31.846096  -155.044479
   44.361436     9.576879     6.209281    14.634436   -32.176098  -146.974173
   44.248052     9.349208     6.247642    14.863916   -42.204232  -146.256175
   44.364581     9.327335     5.930528    14.637621   -33.461629  -146.027341
   43.954955     9.470273     6.162960    14.404906   -20.022306  -157.143306
   44.134815     9.435274     6.346210    14.726563   -25.387186  -147.859550
   44.151062     9.189965     5.858023    14.573780   -34.210674  -145.062641
   44.469542     9.684502     6.071277    14.490721   -36.310126  -146.292453
   44.193305     9.330091     6.171614    14.683707   -19.597915  -147.700660
   43.998413     9.312258     6.172067    14.570174   -16.037944  -152.114258
   44.328296     9.561064     6.417525    14.818766   -38.481890  -126.551394
   44.569330     9.374512     6.067044    14.832460   -34.298722  -136.879423
   44.137311     9.639476     6.174976    14.444628   -43.878413  -140.630142
   44.376757     9.444160     6.021265    14.621556   -41.186567  -125.722896
   44.505843     9.534949     6.057174    14.619470   -33.894308  -132.175001
   44.427417     9.255578     5.860612    14.655972   -27.085692  -143.028384
   44.360412     9.461292     5.893354    14.463820   -35.312106  -133.617323
   44.072349     9.138353     6.011852    14.689542   -30.607148  -134.350058
   44.422653     9.571146     6.326130    14.771224   -32.932237  -139.426352
   44.450145     9.576204     5.875297    14.401529   -39.154861  -126.081459
   44.086930     9.442095     6.044590    14.486542   -46.789099  -127.858705
   44.480353     9.501703     5.951065    14.556445   -35.262272  -137.247705
   44.176437     9.260915     6.217748    14.802324   -26.329709  -136.720609
   44.440467     9.382208     5.988499    14.609369   -18.919786  -135.381616
   44.006922     9.248547     6.106058    14.677265   -45.647225  -125.999756
   44.346509     9.576060     6.349564    14.731180   -33.153677  -124.472825
   43.927472     9.286149     6.201674    14.704117   -52.175701  -113.465950
   44.238433     9.387686     6.010563    14.576514   -40.636228  -115.815414
   44.519452     9.795316     6.287472    14.593345   -42.911276  -118.381140
   44.103900     9.441072     6.051455    14.446367   -31.532912  -134.261157
   44.108191     9.342066     5.884787    14.416987   -38.110283  -124.135047
   44.523199     9.536946     5.737138    14.360201   -37.014073  -130.593609
   44.100578     9.503127     6.288987    14.587698   -26.474974  -144.216394
   44.150498     9.610284     6.286144    14.545336   -38.803968  -117.991466
   44.619838     9.802662     6.420553    14.817930   -52.418187  -139.589488
   44.048407     9.524765     6.043019    14.416824   -57.757916  -120.812984
   44.109947     9.532309     6.198579    14.540191   -44.420038  -122.412110
   44.347878     9.359331     6.063359    14.690561   -28.483615  -145.711469
   44.002013     9.382342     6.119076    14.514341   -30.494605  -149.835601
   44.418215     9.706161     6.384459    14.714650   -41.270828  -133.958880
   44.000536     9.420515     6.117189    14.522887   -48.131236  -124.421574
   44.566704     9.763006     6.119249    14.449667   -18.978957  -153.284067
   43.568853     9.340194     6.163217    14.310888   -30.354263  -141.014334
   44.611020     9.921228     6.278831    14.512201   -41.647069  -129.375136
   44.202597     9.602280     6.238254    14.609694   -51.671287  -138.430582
   43.683698     9.479617     6.397642    14.519486   -39.990653  -151.042937
   44.063057     9.464444     6.190704    14.551538   -37.321765  -138.752293
   44.294549     9.505921     6.027544    14.556763   -46.400204  -143.332079
   44.201937     9.311156     5.975857    14.597067   -36.645104  -141.674312
   44.144778     9.577901     6.172381    14.533361   -49.343849  -142.183670
   44.287844     9.501051     6.184005    14.668582   -38.903939  -145.995719
   45.021101     9.868367     6.121697    14.668025   -34.874195  -140.621228
   44.522282     9.336643     5.868082    14.688694   -38.856862  -138.806197
   44.462107     9.529815     6.274499    14.805214   -35.814500  -140.752524
   44.245816     9.539306     6.248246    14.709998   -50.877990  -143.047502
   44.011036     9.312399     6.000453    14.464353   -26.822750  -149.230114
   44.311492     9.379266     5.981259    14.627726   -46.267302  -122.742961
   44.572450     9.654845     6.078527    14.621027   -52.056812  -112.249524
   44.393274     9.293849     5.921022    14.674974   -36.997667  -112.455360
   44.001273     9.469075     6.106913    14.430381   -34.347775  -145.944799
   44.389096     9.844936     6.436386    14.584621   -37.395504  -132.651988
   44.434095     9.268475     5.859077    14.640586   -28.556428  -130.237830
   44.123291     9.234753     5.945733    14.502125   -13.892820  -134.961061
   44.506387     9.363407     5.834139    14.556908   -25.256335  -128.601946
   44.272111     9.231526     5.885875    14.636870   -39.012356  -123.027094
   43.890861     9.442510     6.219327    14.458219   -29.393137  -120.668798
   44.319750     9.634707     6.273930    14.670134   -54.633673  -107.975878
   44.534504     9.344004     5.872897    14.694762   -41.781204  -128.565458
   44.078472     9.376307     5.919225    14.381935   -34.006670  -130.942475
   44.087886     9.596449     6.507746    14.762305   -46.046085  -136.785592
   44.451982     9.450003     6.046070    14.615260   -22.506024  -136.590317
   44.277233     9.667550     6.022427    14.399811   -50.896556  -147.596208
   44.352565     9.366592     6.069239    14.797451   -56.531546  -132.621658
   44.557701     9.582882     6.390249    14.904548   -36.285455  -134.568464
   44.232362     9.527172     6.235072    14.664557   -45.597350  -131.509117
   44.489902     9.425441     5.967997    14.640438   -29.693617  -147.174863
   44.564057     9.707719     6.025555    14.519601   -44.147290  -147.318905
   44.497000     9.371822     5.843847    14.624094   -38.005209  -146.716592
   44.315555     9.319258     5.886767    14.679539   -64.978779  -119.874656
   44.442562     9.368540     5.796594    14.551142   -42.002048  -135.118912
   44.439695     9.671426     6.448637    14.883085   -57.538981  -130.017372
   44.679873     9.426950     6.202659    14.992446   -41.897542  -128.583508
   44.635738     9.568952     5.821198    14.515596   -47.172115  -127.921443
   44.516379     9.677769     6.013546    14.461243   -39.095535  -121.375184
   44.234750     9.502146     6.216519    14.653924   -39.547071  -137.444108
   44.132553     9.477180     6.136975    14.497446   -30.239415  -124.635366
   44.557538     9.702884     5.940507    14.376599   -30.854105  -134.252573
   43.966563     9.704179     6.385670    14.414705   -32.853209  -129.215980
   44.419251     9.778822     6.189349    14.470350   -40.210000  -135.787628
   44.427116     9.502608     6.071396    14.661383   -42.843551  -137.705860
   44.182150     9.532246     6.021750    14.463453   -51.210281  -135.880817
   44.234742     9.404754     6.146673    14.693595   -36.240528  -152.162738
   44.589131     9.639257     5.975579    14.526585   -41.748926  -125.377752
   44.164127     9.703813     6.367099    14.556077   -39.432391  -144.041589
   44.443691     9.571495     5.990710    14.540776   -49.364184  -119.427986
   44.019165     9.525756     6.396825    14.697654   -44.432241  -148.942686
   44.453750     9.740900     6.250902    14.677995   -62.587788  -138.536384
   44.499763     9.459182     6.016047    14.656994   -34.084839  -134.464985
   43.921075     9.471718     6.074044    14.357820   -39.118645  -139.124525
   44.345276     9.375313     6.049970    14.683703   -31.923548  -150.134439
   44.015563     9.759485     6.392595    14.431593   -39.312412  -142.558873
   43.788384     9.441421     6.255904    14.509156   -49.303827  -132.969491
   44.544903     9.592716     5.883366    14.497142   -46.992795  -137.904975
   44.213532     9.331601     5.792005    14.418705   -35.865409  -144.010003
   44.356940     9.464186     6.156466    14.730031   -37.805440  -153.093197
   44.171792     9.518411     6.239715    14.636962   -36.349644  -157.801931
   44.349728     9.601041     6.026934    14.485962   -46.938096  -132.356261
   44.784329     9.584148     5.966789    14.735426   -44.914485  -145.134888
   44.306440     9.588170     6.068030    14.511460   -47.068246  -134.419987
   44.631586     9.484293     6.086705    14.803355   -34.965698  -149.717295
   44.481426     9.405379     5.890929    14.659039   -45.768679  -148.455978
   44.504855     9.705159     6.088030    14.592191   -61.049534  -135.504282
   44.211280     9.409266     5.902639    14.437695   -33.351409  -149.463502
   44.366579     9.525920     6.008929    14.558523   -49.213395  -126.603038
   44.460867     9.551646     6.168612    14.621189   -18.878820  -144.334355
   43.921450     9.346314     6.359411    14.668112   -20.296440  -138.741763
   43.930849     9.757586     6.204000    14.216308   -46.940887  -125.960770
   44.567363     9.498826     5.936403    14.597717   -32.939924  -141.748730
   44.863968     9.437327     5.702026    14.644983   -35.051813  -130.049458
   44.497109     9.522178     6.047035    14.629145   -32.866508  -143.870560
   44.420257     9.720564     6.052914    14.388301   -37.457224  -124.829638
   44.396967     9.673308     6.184959    14.575202   -46.154006  -126.690170
   44.424270     9.510766     5.998994    14.478646   -15.988302  -143.016611
   44.085462     9.420519     5.887615    14.325316   -36.858486  -132.074567
   44.156360     9.499181     6.285782    14.647971   -33.347483  -140.893000
   44.311071     9.417182     6.245232    14.792551   -35.299666  -138.060473
   43.925781     9.238162     6.052981    14.526943   -29.244605  -130.161384
   44.379756     9.473507     6.234483    14.752825   -31.789481  -136.791087
   44.445696     9.446839     5.937577    14.611889   -42.615437  -141.073412
   44.414559     9.378980     6.111833    14.776210   -37.534187  -128.318203
   44.360187     9.410478     6.092996    14.661294   -29.515993  -127.465743
   44.043076     9.518858     6.125515    14.489586   -54.237587  -128.794781
   44.185336     9.653075     6.113097    14.384300   -39.467963  -139.469956
   44.153171     9.128688     5.901634    14.666778   -35.159753  -127.104974
   44.740790     9.456133     5.975769    14.786868   -38.245029  -126.747036
   44.374412     9.480019     6.014451    14.578041   -41.310088  -123.347130
   44.444475     9.495167     6.058058    14.659139   -45.102557  -120.865805
   44.000375     9.734729     6.387345    14.402565   -26.117102  -154.960571
   44.119138     9.246948     5.943230    14.523964   -23.556473  -140.935939
   44.367800     9.756758     6.041133    14.236173   -16.549580  -140.252907
   44.456174     9.904577     6.302883    14.482901   -45.953938  -135.841822
   43.833725     9.463072     6.257371    14.495408   -44.999834  -124.967960
   44.095294     9.573402     6.153274    14.454890   -42.751816  -136.458942
   44.226072     9.493060     6.067353    14.484938   -30.157619  -137.906658
   44.208127     9.444485     6.050005    14.466557   -21.471910  -132.872520
   44.164598     9.513813     6.261337    14.637468   -41.505079  -113.810911
   44.350039     9.324114     5.954901    14.626722   -31.326410  -129.687004
   44.088840     9.552469     6.133730    14.369178   -22.781305  -136.091902
   44.682060     9.546064     6.212113    14.887919   -44.594379  -124.259557
   44.498606     9.517942     6.022252    14.607726   -35.273188  -132.231784
   43.933884     9.305577     6.025915    14.486244   -37.129156  -147.069830
   44.384640     9.452918     6.001112    14.606001   -31.147823  -161.057906
   44.330489     9.420415     6.021108    14.650093   -45.266260  -141.346877
   44.200258     9.731914     6.253973    14.480707   -48.897763  -139.235307
   44.272286     9.541478     6.163426    14.636819   -48.753696  -140.863763
   44.581750     9.691705     6.254812    14.716311   -34.530973  -154.995737
   44.196111     9.309959     5.853017    14.461459   -25.955421  -156.764725
   44.071574     9.234124     6.008112    14.636279   -34.550365  -158.244128
   44.214391     9.349642     5.906700    14.463641   -26.169198  -143.540065
   44.168588     9.598728     6.371166    14.690646   -44.124108  -147.260663
   44.626592     9.559845     6.057012    14.720468   -34.748088  -161.312986
   43.921872     9.276946     6.003299    14.473155   -31.801921  -153.579773
   44.557720     9.658234     5.981746    14.597295   -65.962191  -134.554829
   44.546545     9.628115     6.201782    14.765355   -55.191428  -128.653591
   44.525276     9.716056     5.954260    14.444447   -52.405357  -139.787436
   44.120418     9.604372     6.612208    14.818013   -26.201361  -162.914877
   44.087109     9.548730     6.179736    14.546746   -53.459055  -139.674057
   44.078407     9.299200     6.056702    14.622465   -42.720864  -136.541312
   44.505065     9.400326     6.034275    14.797808   -43.148346  -149.947762
   44.047117     9.495047     6.289170    14.612263   -37.729770  -144.825553
   44.417335     9.812532     6.226036    14.430320   -33.723041  -124.929760
   44.347953     9.688964     6.267300    14.486303   -14.324764  -144.614259
   44.394188     9.698716     6.302609    14.610907   -36.673937  -126.461020
   43.964960     9.481530     6.228534    14.467933   -28.215298  -131.356738
   44.180731     9.543748     6.054077    14.400154   -30.144932  -142.194793
   43.923134     9.490179     6.423072    14.689384   -47.763658  -127.371043
   44.149758     9.514711     6.267493    14.631485   -38.852013  -137.193913
   44.454741     9.475839     6.062007    14.665754   -39.970845  -111.903811
   44.435513     9.621699     5.983710    14.471217   -46.907345  -121.810759
   44.005601     9.384777     6.051484    14.477630   -37.709678  -145.040250
   44.364656     9.864677     6.473595    14.654596   -55.531673  -130.780191
   44.445856     9.693862     6.061543    14.429026   -35.998777  -118.347889
   44.098481     9.765756     6.266448    14.353710   -38.133570  -142.432585
   44.259161     9.808476     6.236280    14.446763   -60.299772  -119.236839
   44.640447     9.672620     5.946556    14.514660   -39.428189  -146.004924
   43.715267     9.565238     6.214913    14.286850   -42.598655  -146.246039
   44.425358     9.734965     6.458873    14.709350   -25.935256  -150.655193
   44.053320     9.372747     6.237191    14.695645   -41.853508  -138.004887
   43.883653     9.608733     6.483106    14.500678   -16.466606  -152.023900
   44.329273     9.652044     5.947294    14.275219   -26.072564  -143.878381
   44.124000     9.602379     6.057948    14.288690   -24.448697  -145.538546
   44.335947     9.333011     5.882477    14.504374   -16.154651  -150.820902
   43.929928     9.561014     6.406601    14.547047   -30.752745  -135.585150
   44.396372     9.659894     6.042451    14.399582   -21.616388  -159.377379
   44.267064     9.548246     6.168923    14.528279   -16.428473  -165.023856
   44.167709     9.536547     6.208944    14.553566   -27.846306  -159.101849
   44.426535     9.690244     6.355848    14.572301    -5.556841  -145.530585
   44.075455     9.596375     6.281840    14.351707     7.549034  -157.344265
   44.244945     9.529176     5.924658    14.329176   -28.757022  -139.669508
   44.137606     9.841597     6.562228    14.531247   -30.510695  -132.656362
   44.673622     9.393042     5.679482    14.550624   -35.756205  -134.638008
   44.191008     9.470455     6.036268    14.531612   -50.890634  -124.972161
   44.425980     9.612518     5.902803    14.356194   -33.116193  -133.272481
   44.205219     9.418721     6.010562    14.559806   -47.958843  -129.545688
   44.556906     9.824890     6.246771    14.599887   -55.782246  -116.666642
   43.978980     9.371079     6.077134    14.467962   -34.351983  -128.229960
   44.293021     9.628812     6.168991    14.518568   -38.329043  -135.641583
   44.456618     9.766731     6.233901    14.523272   -36.546441  -130.329270
   44.276530     9.378752     5.901545    14.469891   -24.826023  -147.469523
   44.153860     9.491959     5.922717    14.354704   -42.669307  -132.661859
   44.129876     9.323303     6.375284    14.890203   -33.831737  -142.805867
   44.144163     9.812247     6.495534    14.549872   -42.709896  -129.212580
   44.341832     9.524164     6.271426    14.693285   -25.682045  -142.698431
   44.035379     9.661880     6.245270    14.407962   -43.613066  -125.536229
   43.555366     9.254367     6.007630    14.209721   -20.552578  -142.003541
   44.207187     9.408311     6.152217    14.651288   -35.967025  -133.976638
   44.237046     9.276164     6.043397    14.692689   -34.161141  -121.788444
   44.206501     9.378894     6.028308    14.577133   -38.968068  -128.146269
   44.703707     9.363302     5.803893    14.774789   -55.630307  -117.077632
   44.045286     9.457443     6.347357    14.614206   -18.185064  -135.705913
   44.376820     9.303306     6.036260    14.700453   -20.038169  -142.402867
   44.343546     9.496968     6.139852    14.571059   -19.346363  -135.165478
   44.249258     9.318169     6.014365    14.640562   -36.493551  -123.831023
   44.498035     9.546755     5.985923    14.615950   -54.036272  -121.560873
   44.069232     9.363669     6.240108    14.648458   -21.962671  -150.642980
   44.044695     9.368506     6.231651    14.623535   -24.894288  -142.479043
   44.126151     9.392486     6.191637    14.593020   -18.778402  -146.012649
   44.318925     9.665992     6.408060    14.618601   -14.757342  -146.020118
   44.143003     9.651973     6.248348    14.452841   -28.516758  -152.681549
   44.032875     9.467343     6.069677    14.417289   -35.644042  -141.117781
   44.389538     9.551369     6.366136    14.841248   -43.429130  -129.275759
   44.448868     9.385242     5.947258    14.611382   -26.386593  -140.367070
   43.915211     9.530649     6.388925    14.593989   -40.351989  -140.361194
   44.435576     9.463748     6.170433    14.753912   -30.828297  -149.366818
   44.468166     9.389035     5.880373    14.590676   -29.490940  -151.060903
   44.492890     9.442379     6.246268    14.874235   -36.275202  -126.401781
   44.353208     9.601267     6.243279    14.707920   -49.003727  -146.839672
   44.206068     9.348177     6.067780    14.617808   -28.723250  -146.591062
   44.166047     9.648691     6.218093    14.489349   -46.696445  -125.852922
   44.086133     9.562695     6.135605    14.417059   -33.211541  -148.290785
   44.094177     9.478226     6.295461    14.584375   -20.876535  -127.187854
   44.127260     9.493126     6.186542    14.504406   -22.615907  -143.993571
   44.527984     9.495448     6.144870    14.787413   -44.007273  -128.376177
   44.030839     9.437052     6.357236    14.770444   -54.426841  -111.691538
   44.079235     9.329363     6.119748    14.628712   -38.988654  -119.826989
   44.444847     9.708780     6.006296    14.435520   -53.859702  -121.836606
   44.601273     9.810363     6.283160    14.634136   -45.275709  -122.450461
   44.295753     9.619263     6.091431    14.486305   -42.698657  -142.620620
   43.891371     9.374157     6.058479    14.400492   -36.384124  -120.800169
   44.503853     9.487331     5.972241    14.537963   -20.399909  -135.023386
   44.189455     9.663150     6.076586    14.360127   -46.274425  -129.758073
   44.048285     9.718897     6.441967    14.555481   -48.090011  -118.632609
   44.569525     9.628959     6.216638    14.748615   -44.346293  -132.383079
   44.500368     9.238072     5.687260    14.594676   -33.757635  -141.133953
   44.573859     9.402542     6.136311    14.839798   -29.453594  -129.194326
   44.112769     9.372773     6.372779    14.803688   -29.637475  -129.521581
   44.276286     9.445132     6.028193    14.490045   -21.567157  -134.224424
   44.146702     9.551478     6.299619    14.631300   -43.138965  -123.583361
   44.054828     9.556344     6.255429    14.547245   -47.602484  -121.202011
   44.436147     9.596967     6.187854    14.669352   -44.255144  -127.224474
   44.397189     9.667799     6.156700    14.512765   -34.102415  -133.246805
   44.494635     9.480046     6.008757    14.716193   -57.561436  -123.410007
   44.233331     9.527261     5.928160    14.346725   -35.237609  -133.038151
   44.494940     9.496159     6.023271    14.716558   -55.919761  -132.648233
   43.904813     9.340439     6.077865    14.481060   -42.020317  -122.659207
   44.336225     9.581294     6.270614    14.686613   -40.376943  -133.620215
   43.776419     9.434013     6.284019    14.525223   -45.334288  -140.240686
   44.366904     9.489067     6.100439    14.645428   -43.166253  -117.151744
   44.404399     9.356904     6.261957    14.859099   -18.753054  -141.420661
   44.710526     9.459851     5.708459    14.566082   -45.025438  -128.332711
   44.312202     9.384294     5.763816    14.419203   -41.008577  -138.012637
   44.572978     9.502368     5.976929    14.694730   -53.848412  -116.152052
   44.249539     9.330047     6.031162    14.714998   -53.362948  -128.035158
   44.104560     9.537016     6.270159    14.591777   -37.604357  -146.280624
   44.738474     9.628505     5.987760    14.654588   -40.083479  -141.733336
   44.495774     9.503163     6.135988    14.713476   -34.820402  -129.630258
   44.356974     9.467294     6.070183    14.616132   -38.554894  -114.166928
   44.273701     9.391464     6.102120    14.712368   -49.489327  -120.436506
   44.327564     9.426442     5.965091    14.557314   -40.502301  -128.340004
   44.072948     9.470369     6.167310    14.554296   -45.140533  -127.205465
   44.417038     9.552530     6.038213    14.512132   -26.486806  -142.250702
   44.743561     9.475035     5.926118    14.761679   -45.191359  -129.714064
   44.449506     9.557486     6.138694    14.634380   -34.120840  -131.873137
   44.414400     9.572558     6.074497    14.541056   -34.728072  -127.066145
   44.373264     9.633932     6.323971    14.714987   -43.154416  -133.197017
   44.180676     9.363332     6.082303    14.563433   -22.863645  -125.141160
   44.103908     9.338761     5.934245    14.444022   -33.194198  -125.157653
   44.185819     9.511331     6.049359    14.461013   -35.770944  -146.664546
   44.648370     9.409387     6.018154    14.848520   -42.150636  -141.973002
   44.280726     9.492189     5.888138    14.395369   -39.476239  -135.356793
   44.018594     9.392338     6.032743    14.445225   -34.989846  -141.664350
   44.371040     9.512212     5.941280    14.479169   -41.202090  -123.449814
   44.856961     9.832662     6.156995    14.617656   -35.038366  -125.858210
   44.050321     9.333641     6.310173    14.731406   -24.526129  -140.974649
   44.336384     9.554120     5.907100    14.393439   -42.957744  -126.617251
   44.197835     9.581543     6.328496    14.657758   -40.800061  -135.365823
   43.969581     9.446972     6.296196    14.579867   -29.887464  -141.935220
   44.109053     9.137787     5.855788    14.601288   -37.660649  -134.597461
   44.501974     9.804038     6.359281    14.623771   -33.580551  -145.275675
   44.440376     9.536740     5.914046    14.488717   -42.562267  -132.531869
   44.502352     9.553587     5.913425    14.470915   -33.759972  -127.528540
   44.078783     9.162828     5.923117    14.605488   -31.912802  -146.828280
   44.609091     9.354347     5.984763    14.780806   -24.750038  -148.482119
   44.076158     9.496957     6.367908    14.682221   -37.025554  -118.483129
   44.347874     9.608974     6.289495    14.710035   -49.760739  -118.572540
   44.296752     9.601544     6.189677    14.549034   -35.751562  -130.301621
   44.227766     9.476005     6.146638    14.671484   -56.874858  -122.045495
   44.478601     9.269519     5.859585    14.780623   -53.783190  -136.057808
   44.055228     9.302160     5.892562    14.436075   -39.074276  -129.480274
   44.448587     9.375770     5.847733    14.580270   -39.988925  -130.432630
   44.549826     9.384079     6.065849    14.839804   -41.380967  -135.829689
   44.160344     9.562953     6.311735    14.647553   -40.622499  -143.738300
   45.213463     9.858557     5.765668    14.439195   -13.088541  -148.454819
   44.598111     9.576455     6.012704    14.561721   -25.825152  -129.247178
   44.247060     9.582054     6.158854    14.512067   -35.139567  -135.187892
   44.137769     9.356198     5.980093    14.461793   -24.065666  -140.436568
   44.513103     9.646072     5.934882    14.361828   -17.512474  -149.211064
   44.296206     9.633557     6.124090    14.479599   -40.805801  -129.648028
   44.135531     9.625889     6.221008    14.489747   -44.360272  -129.786555
   44.194237     9.845463     6.343117    14.378916   -33.261980  -140.924635
   43.806190     9.475167     6.238976    14.387769   -24.579373  -151.376719
   44.356238     9.520818     6.194385    14.667971   -30.063474  -150.138458
   44.639138     9.367705     5.804486    14.680114   -34.283439  -152.170965
   44.129231     9.371551     5.954596    14.440213   -28.760284  -142.717531
   44.331293     9.513994     6.153921    14.640043   -34.987131  -146.361654
   44.639569     9.583534     5.956150    14.664922   -52.246516  -145.829816
   44.309754     9.651158     6.109722    14.501431   -51.833095  -129.029050
   44.229132     9.556181     6.298456    14.691205   -47.373977  -121.431137
   44.534839     9.559111     6.163029    14.758986   -42.532813  -143.664643
   44.585903     9.505053     6.188735    14.846046   -43.344454  -125.362001
   44.734416     9.360323     6.020380    14.903397   -34.105048  -130.873589
   44.071035     9.516531     6.035078    14.394683   -47.943833  -122.268018
   44.348258     9.781368     6.377983    14.587269   -40.468507  -132.029451
   44.244994     9.768978     6.525654    14.695442   -44.546400  -139.917086
   44.300865     9.494938     6.308984    14.804015   -45.514847  -131.717123
   44.117995     9.565199     6.540645    14.820834   -41.689826  -134.864706
   44.422992     9.407326     5.878170    14.579805   -43.925760  -134.132913
   44.028783     9.531298     6.387464    14.652607   -37.798141  -142.615046
   43.985636     9.458612     6.271503    14.563648   -32.687250  -137.832952
   44.404074     9.470835     6.057932    14.678229   -45.393202  -139.123379
   43.951847     9.147034     6.057294    14.661364   -30.328925  -152.344068
   44.788785     9.833171     6.077228    14.598721   -55.799046  -128.901057
   44.010731     9.670706     6.409195    14.570176   -47.279129  -146.004426
   44.123976     9.314295     5.969411    14.563977   -40.406216  -148.108152
   44.212003     9.223302     6.000220    14.742194   -43.235832  -142.525395
   43.887628     9.188494     6.048649    14.591594   -40.149600  -133.659052
   44.591362     9.570451     6.099060    14.708750   -42.201478  -132.218181
   44.335585     9.530859     6.153831    14.688930   -55.539911  -125.845745
   44.333235     9.475976     6.108413    14.669487   -46.900504  -130.635467
   43.981596     9.349245     6.289752    14.778932   -56.862054  -131.237249
   44.124883     9.630623     6.419844    14.716418   -57.280126  -135.115826
   44.435048     9.613942     6.196263    14.646317   -37.365831  -140.532765
   44.332662     9.617669     5.991499    14.431001   -41.199982  -155.225701
   44.020702     9.681070     6.433300    14.606814   -57.044655  -125.628295
   44.030074     9.575744     6.357480    14.590268   -42.407545  -129.152417
   44.160048     9.582421     6.270590    14.681652   -69.309770  -114.514293
   44.259031     9.335271     6.035598    14.663245   -39.142769  -132.028252
   44.314124     9.429541     6.063026    14.596564   -27.796027  -144.927577
   44.118869     9.521184     6.125821    14.510805   -43.923761  -144.489625
   44.381053     9.609708     6.321979    14.729968   -37.685382  -142.703702
   44.180665     9.338323     6.152546    14.746250   -42.028392  -146.791251
   44.381047     9.427854     6.096769    14.731005   -35.644596  -159.721309
   44.145043     9.608776     6.284634    14.542215   -32.954479  -148.079073
   44.085421     9.503888     5.998233    14.386588   -46.585700  -134.387635
   43.946145     9.454421     6.105007    14.465479   -52.565315  -128.525077
   44.487804     9.556300     5.953942    14.568288   -54.335499  -115.102964
   43.877896     9.639395     6.288491    14.415167   -52.119608  -135.565070
   44.075318     9.376856     5.915840    14.409850   -41.932520  -133.201064
   43.932355     9.310368     6.158415    14.530071   -21.672668  -126.102784
   44.312619     9.398572     6.119477    14.766067   -55.096209  -112.284826
   43.962381     9.715925     6.200895    14.212245   -28.907633  -134.077784
   44.363537     9.942606     6.261700    14.304929   -32.356731  -144.415387
   44.205122     9.510426     6.160138    14.589636   -41.103088  -141.409378
   44.283977     9.607327     6.275431    14.684462   -49.793950  -142.105741
   44.418251     9.561958     6.074876    14.611070   -47.857129  -128.458402
   44.072344     9.322787     6.238722    14.781029   -49.602423  -116.799298
   44.045790     9.516259     6.142422    14.506233   -52.291101  -133.234670
   43.742234     9.367761     6.368816    14.654141   -47.965861  -139.314848
   44.104442     9.814508     6.362265    14.419403   -44.885428  -138.985019
   43.830588     9.379144     6.355201    14.670943   -44.660135  -138.377305
   43.914906     9.495625     6.015635    14.229873   -26.112067  -147.779926
   44.622569     9.693445     6.127485    14.678335   -53.448148  -131.667814
   44.423419     9.277970     5.965781    14.752042   -36.412842  -132.760341
   44.039056     9.509364     6.075610    14.412519   -37.891140  -154.000922
   44.382972     9.462222     6.137484    14.803491   -61.066036  -133.282722
   44.038044     9.441814     6.075616    14.523929   -51.658581  -144.496250
   44.701961     9.492390     5.848263    14.632143   -35.502538  -146.016568
   44.074762     9.254338     5.995605    14.578458   -34.448660  -139.985566
   44.595464     9.659512     6.064647    14.569187   -34.739751  -136.288381
   43.955307     9.270189     6.060556    14.584826   -43.936334  -139.315335
   44.493381     9.471882     5.913386    14.603195   -46.149675  -134.504850
   44.084378     9.300016     5.916916    14.469113   -36.990600  -124.783616
   44.093067     9.679236     6.253486    14.387940   -28.393452  -144.144050
   44.350090     9.506913     5.973671    14.494682   -39.440362  -126.122899
   44.672745     9.383673     5.999281    14.902310   -54.139621  -122.393436
   44.368295     9.362995     6.037535    14.734401   -43.669412  -138.879431
   44.211997     9.374201     5.910596    14.544142   -56.868443  -112.269959
   44.225823     9.699157     6.282577    14.476359   -29.383617  -141.060186
   44.160253     9.550489     6.133586    14.472360   -37.994861  -129.293464
   44.411565     9.194096     5.849156    14.714139   -33.643135  -132.413395
   44.214121     9.463602     5.998276    14.493776   -42.530537  -135.300442
   43.957285     9.413585     6.082370    14.436705   -37.937884  -135.171175
   44.469080     9.685112     6.335486    14.715091   -41.775203  -122.805610
   44.300390     9.529123     6.053087    14.626515   -70.446462   -95.471550
   43.747033     9.327844     6.171537    14.462755   -35.443089  -116.597891
   44.602928     9.472270     6.021238    14.751028   -44.332684  -128.206448
   44.510384     9.378312     5.821088    14.635642   -50.123847  -129.733259
   44.095226     9.214990     5.974770    14.664476   -50.165764  -121.502633
   43.794148     9.514261     6.005193    14.125396   -29.327002  -138.307045
   44.259179     9.319504     5.887351    14.588186   -48.829749  -133.326859
   44.443999     9.502154     5.993350    14.563177   -29.601209  -150.092749
   43.705176     9.554948     6.164260    14.234570   -44.727717  -129.364671
   44.427148     9.566354     5.993567    14.588112   -59.706091  -129.576598
   44.322269     9.596383     6.000610    14.416216   -38.300018  -134.761527
   44.404960     9.687087     6.467992    14.825558   -47.413775  -134.463321
   43.955223     9.294758     6.054164    14.541840   -42.907489  -129.635256
   44.377390     9.309399     5.814626    14.553961   -35.829644  -130.863995
   44.357178     9.754009     6.324425    14.596819   -48.965267  -117.549217
   44.203528     9.256428     5.981515    14.657071   -39.633863  -126.033205
   44.400386     9.562805     6.164504    14.688215   -47.399816  -138.732104
   44.302997     9.540168     6.125321    14.585653   -40.371598  -138.715248
   44.231868     9.629001     6.493503    14.730909   -25.912978  -148.918638
   43.988413     9.521452     6.415085    14.657910   -37.893153  -137.315923
   44.456480     9.671417     5.993212    14.484937   -55.622344  -131.242375
   44.180292     9.735537     6.374907    14.538187   -40.080260  -139.407744
   44.350338     9.407798     6.181388    14.870877   -61.346185  -127.465277
   44.131694     9.531264     6.188962    14.582760   -48.018401  -143.688404
   44.372369     9.680943     6.486325    14.852639   -54.834644  -126.743393
   44.274189     9.381991     6.167354    14.759241   -39.801243  -142.253772
   44.106682     9.508553     6.035851    14.443382   -48.764834  -137.350425
   43.885207     9.406352     6.103344    14.464548   -45.497280  -147.545250
   44.340765     9.686703     6.245302    14.536555   -32.527350  -139.081212
   44.070378     9.663089     6.554312    14.685933   -35.207374  -138.254909
   43.721764     9.431252     6.118871    14.325577   -43.996581  -132.482085
   43.879525     9.566719     6.287671    14.461169   -42.497463  -146.755469
   43.902202     9.274280     6.130618    14.658781   -58.437684  -124.671005
   43.989006     9.316580     6.242345    14.695301   -38.207158  -123.875127
   44.403891     9.428361     6.070061    14.716075   -40.064823  -145.650742
   44.263762     9.555071     6.383028    14.825546   -54.435398  -131.107179
   44.424151     9.447966     5.801395    14.469159   -43.342782  -134.105117
   44.016801     9.674698     6.419233    14.524002   -29.780786  -159.505967
   44.166918     9.399741     6.168600    14.721756   -55.475517  -120.025410
   44.491784     9.430403     6.078100    14.794146   -48.265928  -132.315600
   44.536595     9.786366     6.477380    14.876881   -60.847778  -142.987073
   44.099922     9.530703     6.016128    14.361185   -40.650211  -134.028605
   44.086849     9.561210     6.382610    14.637146   -35.916554  -132.249780
   43.910069     9.253406     5.994412    14.543336   -50.368627  -141.619424
   44.018769     9.347039     6.098536    14.602979   -51.775373  -122.429164
   44.515850     9.828322     6.623605    14.907674   -53.219065  -138.429894
   44.155683     9.326345     5.850642    14.489383   -50.651154  -134.261677
   44.095616     9.233366     5.977954    14.647189   -44.367878  -145.837039
   44.339780     9.694710     6.179974    14.573122   -57.919358  -138.124536
   44.448135     9.683752     6.280723    14.597711   -21.064497  -149.413115
   44.351341     9.727342     6.220792    14.565540   -51.910013  -143.185503
   44.110843     9.540479     6.230510    14.561414   -43.386014  -129.336712
   44.399845     9.250534     5.698867    14.517267   -34.612647  -124.721704
   43.778848     9.386255     6.356319    14.601189   -37.443031  -134.635841
   44.365186     9.802022     6.408869    14.619689   -47.095442  -117.696631
   44.333066     9.304438     5.963406    14.619169   -23.398490  -140.463422
   44.271528     9.608492     6.312459    14.634497   -36.559189  -121.989262
   44.048560     9.520202     6.545076    14.798001   -32.089501  -145.665990
   44.087201     9.369922     5.851724    14.308641   -27.024084  -136.275273
   44.436130     9.727175     6.229964    14.539796   -34.451349  -131.425068
   44.367476     9.472710     6.173429    14.739201   -45.359414  -124.761668
   44.447174     9.719253     6.355440    14.673290   -34.150735  -142.537301
   44.203291     9.554049     5.928990    14.284065   -29.349290  -140.438076
   44.412463     9.698222     6.210690    14.565421   -36.773102  -146.084550
   44.413076     9.775906     6.204062    14.402367   -23.162090  -110.865214
   44.250255     9.689532     6.407696    14.508785    -3.174997  -146.610575
   44.270907     9.497320     6.147885    14.534322   -17.542552  -144.378626
   44.286286     9.426839     6.207560    14.779208   -48.277342  -127.404423
   44.568892     9.618669     6.260382    14.779827   -35.981614  -147.042997
   44.143757     9.768160     6.249462    14.357877   -37.364027  -139.950407
   44.032296     9.492482     6.144137    14.404888   -22.086209  -143.192569
   44.176672     9.259329     6.020276    14.630558   -27.900343  -136.242548
   44.718575     9.630633     6.402621    14.893250   -14.736812  -154.540851
   43.607736     9.373353     6.259590    14.368989   -23.877952  -128.383619
   44.045935     9.428922     6.032687    14.421330   -37.036295  -119.383637
   44.084412     9.561405     6.161710    14.396420   -24.650381  -142.230310
   44.095583     9.442992     6.100453    14.477443   -30.650716  -119.208592
   44.074492     9.224751     6.142935    14.735920   -28.962235  -154.056638
   44.191397     9.652675     6.343397    14.526340   -24.583377  -124.707007
   44.032166     9.506944     5.971535    14.219996   -21.035716  -130.835335
   44.236481     9.629282     6.416073    14.658522   -25.985110  -143.740479
   44.268333     9.716248     6.225042    14.405843   -24.418602  -133.496449
   44.066840     9.307218     6.156695    14.680694   -40.019616  -126.573529
   44.195349     9.599468     6.140978    14.477573   -44.392876  -126.713737
   44.128205     9.252829     5.839964    14.431747   -24.773908  -133.085205
   43.960551     9.512842     6.172184    14.371224   -23.980246  -140.275640
   44.254015     9.524001     6.191387    14.644888   -48.775349  -112.418495
   43.966927     9.502544     6.437531    14.618268   -20.076290  -144.750012
   44.119448     9.404948     5.952858    14.390421   -29.348428  -126.442109
   44.224070     9.615551     6.300191    14.582102   -34.768957  -123.951017
   44.439950     9.480501     6.061699    14.603269   -25.612715  -135.181208
   44.012291     9.253473     5.983950    14.495802   -25.178872  -144.412706
   44.149294     9.572273     6.262710    14.568219   -40.494489  -123.041141
   44.465348     9.268841     5.938787    14.786001   -42.807388  -126.115908
   44.485779     9.298943     5.755035    14.580237   -36.156114  -125.881868
   44.116286     9.388076     6.312103    14.774548   -38.349467  -138.644552
   44.114529     9.203678     6.123953    14.732628   -24.497101  -142.911750
   44.259541     9.400561     6.005568    14.584825   -37.409654  -147.397494
   44.490657     9.462539     5.809545    14.457069   -28.694508  -143.715540
   44.071450     9.447613     6.015626    14.484985   -55.781955  -131.662320
   43.876673     9.324799     5.975611    14.351771   -25.783149  -157.527630
   44.316714     9.698265     6.098944    14.391887   -37.146851  -132.080706
   44.546708     9.696348     6.197492    14.658916   -43.964773  -139.112185
   44.297437     9.520952     5.833983    14.350588   -48.162185  -121.188631
   44.219861     9.714528     6.205104    14.489408   -58.512936  -124.730497
   44.226767     9.496734     6.056176    14.449792   -22.258294  -147.336324
   43.935737     9.627548     6.506022    14.578534   -30.181613  -139.253097
   44.156995     9.822626     6.425235    14.416496   -23.974792  -140.182271
   43.879415     9.241442     5.847926    14.346288   -37.053901  -141.999735
   44.340799     9.512247     5.980052    14.503242   -39.371218  -139.943994
   44.177962     9.798400     6.280748    14.332802   -25.571600  -144.367375
   44.625385     9.752955     6.003612    14.414563   -26.340847  -142.102043
   44.278869     9.724764     6.588426    14.723917   -23.009870  -138.581758
   44.244020     9.775678     6.176933    14.359287   -43.021469  -130.446880
   44.261954     9.766013     6.471904    14.657747   -48.038964  -104.832451
   44.336626     9.759855     6.356960    14.538320   -28.750916  -135.138456
   44.561591     9.606334     6.039545    14.509842   -16.900219  -142.631522
   44.118419     9.538516     6.285601    14.548494   -23.910847  -142.142595
   43.930814     9.632222     6.441875    14.557221   -43.846926  -123.106696
   44.361938     9.471298     6.073649    14.619634   -37.096803  -131.130754
   44.797279     9.614196     5.953372    14.606851   -29.056543  -122.984763
   44.133661     9.577374     6.221191    14.514030   -37.170629  -138.216354
   44.391568     9.462790     6.060404    14.660285   -38.504473  -146.197983
   44.084685     9.653091     6.476991    14.685202   -50.882048  -118.986577
   44.269229     9.666094     6.185871    14.484326   -41.820433  -122.915613
   44.532358     9.436926     5.792845    14.490789   -31.230777  -130.086810
   44.291351     9.638261     6.178150    14.463259   -27.871744  -123.141088
   44.785872     9.577468     5.920890    14.624247   -32.039714  -126.355027
   44.175145     9.466197     6.279932    14.743235   -50.793633  -116.537433
   44.363550     9.382074     5.969615    14.678885   -54.961298  -109.325996
   44.335513     9.550497     6.122618    14.569867   -38.733532  -122.864898
   43.764903     9.486769     6.128379    14.231914   -24.317501  -137.765507
   43.926324     9.438923     6.361302    14.624926   -31.873055  -121.421150
   44.199925     9.253977     6.055588    14.713823   -34.810059  -139.909365
   44.392976     9.611478     6.216367    14.552129   -14.190190  -150.802677
   44.047692     9.683729     6.221146    14.348365   -35.752613  -136.922363
   44.118928     9.237535     5.943849    14.515509   -19.653027  -127.301934
   44.378406     9.637881     6.255577    14.553338   -18.012361  -138.590844
   44.226360     9.689668     6.224418    14.475437   -38.483954  -143.371407
   44.402042     9.592719     6.364621    14.693334   -13.883952  -141.970392
   44.099911     9.645325     6.559916    14.783132   -52.265728  -119.718892
   44.100682     9.527732     6.284772    14.569159   -31.608840  -125.987058
   44.192640     9.805296     6.508631    14.634231   -52.923615  -125.534062
   44.302898     9.689581     6.336306    14.586478   -32.118130  -137.115043
   44.134252     9.829441     6.207828    14.239509   -37.153821  -130.688230
   44.287151     9.574699     6.242936    14.628230   -39.370381  -126.339707
   44.109208     9.555827     6.089422    14.384123   -35.523259  -127.951727
   44.179790     9.442661     6.127574    14.557064   -30.609698  -135.391617
   44.201066     9.712951     6.228632    14.503532   -59.591794  -122.665784
   45.382472     9.970573     6.219971    14.815158   -21.907301  -156.569737
   44.599779     9.633967     6.261704    14.823922   -51.194907  -127.127016
   44.419759     9.300892     5.866941    14.638129   -35.432850  -135.443533
   44.203707     9.755079     6.316576    14.530290   -51.052130  -144.035657
   44.198072     9.354082     6.030038    14.625528   -43.833339  -136.468242
   43.657737     9.385191     6.167557    14.338190   -32.392515  -143.868609
   44.696522     9.604603     6.170247    14.784362   -31.071846  -153.490682
   44.174930     9.557978     6.308318    14.729543   -58.876784  -138.660695
   44.236192     9.758928     6.383942    14.590314   -50.356016  -132.276249
   44.433536     9.430228     6.116645    14.775402   -44.572267  -132.352471
   44.177217     9.362157     6.027219    14.582152   -39.430284  -135.762645
   44.180047     9.550534     6.203741    14.610347   -53.476539  -126.817373
   44.372519     9.722383     6.362137    14.709330   -58.438848  -118.317967
   44.047566     9.246322     5.992398    14.557707   -34.098808  -126.897632
   44.438954     9.309443     6.035336    14.806805   -41.180059  -125.273653
   44.612882     9.395080     5.886043    14.650696   -26.580477  -137.282878
   44.285706     9.213804     5.873864    14.679475   -44.918636  -129.893172
   44.168518     9.385773     6.361968    14.870050   -39.161796  -148.035680
   44.150996     9.269243     6.047011    14.735816   -52.539024  -139.378054
   44.401665     9.494289     5.968958    14.517929   -29.864415  -146.401710
   44.569001     9.533024     5.804823    14.419772   -26.873601  -136.572162
   44.377737     9.302838     5.822648    14.549272   -26.364641  -149.266640
   44.656396     9.712503     5.980248    14.503603   -40.003720  -135.411499
   44.645807     9.884387     6.425914    14.725969   -47.678233  -135.818721
   44.224753     9.577772     6.037599    14.424917   -46.502713  -114.705796
   43.974745     9.197315     6.150759    14.682169   -27.117903  -137.883459
   43.930380     9.273246     6.127360    14.563332   -29.220461  -135.854498
   44.199690     9.510343     6.164895    14.563786   -35.984019  -139.524734
   44.116632     9.699667     6.367323    14.527522   -41.773169  -130.097851
   44.082598     9.711490     6.202557    14.324161   -37.157910  -129.741233
   44.419613     9.548052     5.990241    14.520896   -35.995858  -145.536435
   44.038592     9.623550     6.438235    14.572650   -26.455288  -146.826082
   44.535751     9.495702     6.097479    14.674785   -22.390766  -143.975586
   44.351778     9.374908     6.092774    14.686797   -26.438821  -139.276511
   44.406214     9.850891     6.312089    14.539682   -54.513265  -122.623558
   44.071581     9.182709     6.133344    14.743968   -27.646326  -137.344937
   44.134070     9.464814     5.870582    14.253110   -25.151431  -135.294524
   44.183074     9.310865     5.991734    14.612168   -43.408713  -117.719042
   44.074102     9.506413     6.316890    14.563703   -19.938462  -139.676887
   44.609934     9.963831     6.413984    14.529807   -22.373154  -153.821054
   44.434041     9.588666     6.102003    14.553173   -24.261953  -155.927960
   44.299504     9.509504     6.091787    14.517757   -22.749139  -147.841749
   44.506443     9.654663     6.196698    14.625263   -27.539922  -153.671263
   43.905976     9.470391     6.241267    14.506109   -42.014257  -124.617906
   44.625174     9.725969     6.163315    14.563713   -22.553687  -145.457600
   44.315659     9.223868     5.757616    14.457055    -9.427429  -145.252292
   44.291535     9.475748     6.077454    14.506224   -13.346302  -157.259489
   44.260395     9.716366     6.326014    14.489645   -19.782623  -150.999515
   44.665959     9.639400     6.021956    14.597365   -32.652228  -143.374337
   44.190577     9.895475     6.446052    14.446439   -39.816108  -142.453969
   44.098088     9.421469     6.039417    14.552002   -53.378097  -141.400986
   44.683156     9.604953     5.992328    14.606708   -30.385146  -143.243924
   43.912791     9.330286     6.248244    14.673813   -47.349950  -123.800944
   44.092790     9.246362     5.928694    14.552277   -40.412063  -125.001196
   44.359395     9.708417     6.347380    14.660697   -45.097476  -132.751004
   43.976941     9.069317     6.047848    14.656862    -6.091759  -158.729143
   44.180664     9.323884     6.028256    14.540826   -18.222187  -140.646196
   44.582018     9.380007     5.961821    14.814938   -52.262511  -130.588059
   44.346914     9.292922     6.019810    14.737920   -38.028570  -117.285112
   44.217606     9.585472     6.203264    14.545551   -39.553247  -132.248320
   43.909611     9.334112     6.407126    14.809446   -45.564119  -124.754191
   43.805822     9.368740     6.080654    14.379147   -36.739384  -136.815633
   44.393697     9.770763     6.451091    14.747409   -51.676192  -142.693914
   44.647351     9.663222     6.307802    14.787698   -26.796419  -151.339019
   44.211088     9.723861     6.244095    14.459123   -44.277033  -130.551146
   44.184077     9.466456     6.011642    14.540178   -60.682633  -108.139711
   44.815439     9.441643     5.882989    14.789803   -39.622428  -137.421229
   44.508704     9.556414     6.053202    14.601002   -29.294095  -149.323659
   44.480077     9.438468     5.797719    14.498517   -39.231823  -136.933787
   44.398862     9.550307     6.061633    14.500739   -22.991270  -136.027525
   44.221774     9.603024     6.371263    14.720209   -45.816198  -143.234146
   44.063768     9.609645     6.195026    14.445473   -48.169085  -118.913982
   44.464300     9.831651     6.403113    14.622442   -40.593125  -129.491021
   44.372464     9.544589     6.241869    14.734748   -45.944176  -125.093672
   44.628322     9.645469     5.976557    14.547370   -40.182469  -132.573999
   44.326598     9.575055     6.166888    14.555014   -28.827035  -140.561018
   44.504824     9.573540     6.293317    14.819301   -42.116464  -130.646095
   43.791980     9.176654     6.170176    14.659853   -41.240756  -137.531474
   43.884498     9.351358     6.156038    14.490015   -26.388562  -152.677473
   44.263512     9.199365     5.871518    14.619923   -26.087345  -149.081719
   44.665144     9.583194     6.181297    14.694390   -14.776323  -132.906189
   44.495675     9.702852     6.030988    14.447720   -33.104636  -152.536330
   44.194808     9.663269     6.126669    14.436409   -52.566357  -130.930777
   43.965627     9.278135     6.298094    14.627086     2.190803  -149.272135
   43.987100     9.378919     5.954120    14.263806    -8.972646  -142.343321
   43.872633     9.587711     6.201947    14.297798   -32.699398  -118.636743
   44.324654     9.582656     6.342085    14.671908   -24.510949  -126.721498
   44.094287     9.319710     6.078552    14.551316   -15.079689  -162.444414
   44.084023     9.412088     6.054662    14.384418    -7.764546  -150.228242
   44.060281     9.474385     6.238774    14.595321   -33.254461  -157.626750
   44.254435     9.389223     6.407110    14.874828   -22.101476  -132.513372
   44.555092     9.749460     6.059740    14.380816   -12.820210  -154.711892
   43.712916     9.413687     6.226972    14.342905   -17.233648  -147.469487
   44.121802     9.822052     6.269090    14.318336   -40.025804  -141.542782
   44.226688     9.834897     6.307978    14.352416   -25.134187  -148.412201
   44.386999     9.305324     5.824481    14.511480   -16.693453  -147.446022
   44.499447     9.754469     6.287653    14.585427   -29.184052  -139.391254
   43.828766     9.632961     6.431066    14.435443   -25.721669  -153.173590
   44.259674     9.538694     6.095137    14.558317   -51.299522  -118.457403
   43.889967     9.288682     6.159921    14.634827   -51.261427  -125.455281
   44.095350     9.378236     6.120256    14.568690   -33.297897  -123.153613
   44.421147     9.744570     6.269048    14.584569   -44.819123  -125.618046
   44.545668     9.630129     6.094979    14.661137   -52.205078  -131.108671
   44.147261     9.508444     6.124453    14.505386   -40.990523  -122.317433
   44.442707     9.437012     6.112357    14.729777   -32.271371  -142.863199
   43.967150     9.485229     6.390568    14.575421   -16.870752  -134.448744
   44.308087     9.473470     6.032676    14.577903   -43.112173  -135.428129
   44.249708     9.463687     6.035546    14.552077   -46.379823  -113.456491
   44.190500     9.375441     5.987837    14.512806   -33.060034  -132.030056
   44.317686     9.486525     5.722548    14.259137   -36.867455  -130.979931
   44.283178     9.561946     6.118412    14.539110   -43.379843  -117.630868
   44.614348     9.764452     6.083603    14.547361   -43.449230  -152.048938
   44.130588     9.407876     5.986013    14.448954   -32.958346  -140.492599
   44.515222     9.614503     6.009370    14.468280   -21.002222  -144.835450
   44.263760     9.794251     6.337050    14.436717   -24.283806  -146.539547
   44.189403     9.373451     5.960086    14.559314   -52.537726  -111.948314
