   45.261481     9.933444     5.769255    14.472510   -35.107540  -139.967435
   45.367979     9.751571     6.219800    15.023375   -23.360353  -142.133735
   45.374398     9.660574     5.828988    14.918612   -46.648610  -137.464085
   45.881608    10.122375     6.014389    14.871035   -43.884471  -147.019702
   45.138801     9.525779     5.840871    14.862243   -35.282998  -137.918990
   45.485934     9.758672     5.951897    15.021079   -58.820208  -128.235404
   45.486871     9.508545     5.862294    15.197106   -55.090119  -120.342992
   45.235194     9.543089     5.932676    15.058423   -48.229065  -147.088672
   44.996613     9.833012     6.143344    14.768995   -52.584615  -131.266935
   45.671294     9.846033     5.974111    14.966559   -30.592356  -147.935123
   45.083684     9.465431     5.758116    14.881294   -48.593258  -139.743953
   45.477333     9.565066     5.781286    15.054352   -46.986612  -139.336157
   45.718105     9.837907     5.767695    14.832652   -30.303034  -133.689853
   45.116808     9.826308     6.076413    14.770262   -46.135179  -132.999188
   45.393856    10.062105     6.365530    14.809128   -22.371565  -144.782813
   45.198625     9.826511     5.866601    14.638986   -41.691102  -132.557305
   45.342997     9.839807     6.218140    14.998731   -39.418400  -149.838184
   45.358957     9.679927     5.976703    14.991567   -48.646325  -122.017722
   45.237957     9.457593     5.771091    14.963875   -45.718946  -117.881841
   45.500233     9.760109     5.880097    14.958856   -59.404270  -110.206978
   45.591039     9.665109     6.039311    15.258158   -50.217770  -148.670339
   45.587556     9.762322     6.118805    15.066571   -23.304531  -138.064422
   45.359625     9.526860     5.979048    15.130573   -37.787931  -139.113440
   45.037172     9.466403     6.022211    15.061098   -50.408993  -128.129763
   45.179482     9.504509     5.823553    14.943559   -47.538567  -132.750446
   45.586373     9.862946     6.162186    15.079185   -42.125886  -144.180461
   45.005507     9.609988     5.830946    14.731464   -45.326249  -139.761254
   45.519746     9.686201     5.761596    14.933910   -42.525289  -146.963190
   45.183944     9.654746     6.257622    15.105781   -37.858506  -138.716016
   45.333927     9.718599     5.962154    14.936707   -52.925114  -115.900666
   45.058313     9.790768     6.399827    14.965462   -32.877710  -129.941005
   45.154672     9.740136     6.248609    14.948605   -24.565351  -150.091717
   44.835659     9.893326     6.295144    14.751058   -59.396211  -122.961329
   45.363818     9.848191     6.109637    14.965880   -51.235884  -146.379447
   45.416791     9.613685     5.950146    15.105292   -50.048995  -136.894109
   44.892049     9.647599     6.475160    15.116377   -37.897647  -137.336135
   45.648200     9.822356     6.156140    15.201266   -45.430914  -155.835736
   45.147325     9.680283     5.912087    14.841939   -42.858726  -158.882064
   45.230731     9.639036     6.080134    15.011801   -35.093160  -147.037736
   45.131193     9.885252     6.320162    14.937437   -43.967529  -156.281600
   45.396331     9.865959     6.393220    15.206837   -57.810674  -141.051370
   45.226947     9.719827     6.186057    15.048144   -45.854648  -141.977612
   45.271210     9.918666     6.263995    14.900197   -46.906567  -125.876542
   45.296868     9.432514     5.779112    15.003335   -31.452333  -142.895183
   45.517472     9.656623     6.053337    15.202329   -45.741241  -145.706401
   44.996657     9.716250     6.101879    14.773217   -25.966103  -151.891469
   45.259735     9.946386     6.154380    14.764004   -29.608956  -160.980091
   45.346448     9.938094     6.248976    14.857235   -28.341341  -144.866162
   45.498717     9.692292     5.998029    14.985142   -19.886101  -142.341773
   46.112178     9.908410     6.018164    15.252276   -39.055694  -146.422855
   45.218236     9.596080     6.006312    14.995246   -30.059197  -160.199884
   45.338878     9.662276     5.999336    14.931097   -16.993418  -157.559342
   45.330037     9.891658     6.008376    14.793868   -42.666077  -151.941091
   45.286988     9.809259     5.912732    14.755942   -37.331442  -150.317677
   45.313384     9.920376     6.196601    14.902613   -45.569283  -149.042945
   45.610161     9.773031     5.734709    14.916626   -57.361410  -129.162407
   45.033099     9.691388     6.205017    14.882191   -20.834709  -153.834662
   45.827870     9.791698     5.871179    15.079000   -35.331485  -150.273075
   45.416757     9.633628     5.544290    14.733225   -35.356449  -153.236149
   45.142414     9.598969     5.669036    14.686016   -36.074028  -154.799114
   45.433652     9.886253     6.030046    14.849013   -36.927295  -149.386087
   45.073069     9.764457     5.889345    14.648262   -39.917494  -142.720335
   45.048815     9.796020     5.977442    14.643108   -32.738375  -143.871191
   45.400782     9.643865     5.854579    14.903095   -25.352910  -151.114187
   45.059221     9.652423     5.784416    14.669228   -38.182735  -148.579561
   45.185120     9.531944     5.796060    14.866451   -34.577119  -148.815514
   45.155888     9.697174     6.072882    14.945285   -47.309500  -141.958685
   45.575862     9.661615     5.785483    15.032703   -47.606801  -144.023252
   45.288154     9.648143     5.907102    14.968030   -45.786423  -155.012002
   45.343907     9.831695     6.178282    15.002343   -47.027177  -144.799878
   45.259442     9.759500     6.253384    15.084066   -44.471312  -148.292738
   45.857866     9.864028     5.807584    15.045739   -59.302091  -132.956959
   45.503354     9.778719     6.078001    15.072005   -43.538085  -148.029108
   45.533824     9.684000     6.025126    15.240881   -59.792758  -151.086769
   45.725289     9.907468     6.233674    15.215918   -53.967974  -139.859327
   45.108837     9.668420     6.219190    15.061678   -43.102022  -150.608765
   45.503426     9.975720     5.981786    14.811961   -54.898919  -135.633544
   45.009513     9.884414     6.361514    14.858512   -42.488270  -136.932057
   45.347985     9.618678     5.996042    15.102912   -46.797205  -150.128860
   45.324991     9.679689     6.176961    15.128380   -36.463243  -155.291573
   45.229697     9.714197     5.841277    14.694767   -17.788691  -159.437302
   45.037294     9.508100     5.806516    14.817990   -37.197576  -151.340173
   45.422848     9.985959     6.180871    14.912061   -52.491164  -147.784705
   45.561674     9.676679     5.969931    15.158615   -50.401180  -142.172964
   45.153504     9.632271     5.742956    14.687294   -26.746913  -158.640907
   45.090089     9.632327     5.946660    14.817838   -27.634868  -160.610622
   45.550541     9.778165     5.676947    14.838503   -58.548039  -132.072590
   45.400554     9.663051     5.694486    14.829122   -49.847921  -127.538215
   45.573385     9.856594     5.873425    14.817825   -37.274962  -125.800313
   44.989359     9.821802     6.401062    14.951294   -37.793197  -152.313581
   45.203219     9.825715     6.171278    14.877841   -33.932304  -153.994015
   45.583360     9.800628     6.100908    15.138029   -55.469923  -130.129467
   45.199790     9.782288     6.111557    14.901850   -41.203133  -150.668654
   44.891469     9.638948     6.108826    14.919499   -58.515546  -140.913765
   44.888156     9.639323     6.250349    15.055750   -70.539572  -115.844349
   45.238991     9.608385     5.768819    14.872141   -50.037227  -149.016721
   45.174880     9.720675     6.196431    15.047684   -53.386552  -135.733669
   45.471166     9.850409     5.844842    14.821415   -51.893283  -140.702784
   45.729451     9.888436     6.015776    15.005512   -40.495850  -133.340989
   45.231633     9.927887     6.161647    14.756837   -34.625525  -140.355334
   45.071494     9.708569     5.678110    14.508973   -39.461133  -125.146148
   45.062183     9.492241     5.726126    14.783058   -39.811587  -144.646787
   45.784913    10.065815     6.248981    15.007103   -36.460238  -143.876234
   45.379999     9.719188     5.732843    14.780028   -41.744242  -145.490378
   45.124474     9.824159     6.093634    14.868999   -65.136046  -131.502290
   45.120026     9.504558     5.918797    14.930563   -35.853689  -133.750348
   45.052523     9.785878     5.990942    14.733154   -51.721538  -135.745193
   45.634759     9.872228     6.154951    15.051362   -36.091248  -135.083858
   44.997254     9.571721     6.151890    14.940782   -25.904855  -141.430731
   45.772716     9.742962     5.908330    15.106419   -38.005533  -131.771827
   45.273530     9.662620     5.969962    14.872202   -29.165013  -128.491822
   45.107922     9.943991     5.933520    14.461310   -27.138650  -139.765617
   44.929306     9.933804     6.113933    14.486954   -23.520629  -137.405459
   45.211737     9.752980     5.894223    14.724493   -36.196517  -135.620256
   44.979638    10.053028     6.154999    14.544782   -58.254440  -123.935868
   45.210957     9.899687     5.739230    14.403219   -22.439421  -141.804018
   45.236786     9.910910     5.859075    14.579049   -44.121391  -133.500952
   45.064545     9.757712     6.103495    14.743528   -25.686666  -134.834308
   44.960711     9.739188     5.990624    14.601046   -20.804117  -141.173088
   45.052696     9.988877     5.935910    14.421743   -39.172320  -134.580728
   44.996761     9.819295     5.933086    14.610599   -47.795545  -143.618310
   45.447834    10.089981     6.115003    14.700235   -37.182076  -150.575775
   44.899263     9.704951     6.009682    14.667234   -35.843801  -132.749536
   44.924480     9.772305     6.040238    14.728010   -59.157809  -127.581712
   45.378840     9.683156     5.855261    14.878865   -37.642069  -137.139129
   45.088468     9.852140     5.939341    14.611471   -40.469325  -144.598485
   45.233712     9.780173     6.057336    14.862403   -42.363253  -136.646858
   45.262700     9.855232     5.939583    14.697920   -39.303582  -134.875254
   44.849979     9.721196     6.092618    14.741105   -51.609007  -122.181366
   45.871347     9.959068     6.069162    15.098473   -53.548246  -123.652817
   45.379889     9.612925     5.639970    14.772172   -29.212461  -151.043072
   45.262211     9.946930     6.264352    14.909530   -49.993685  -146.229795
   44.855651     9.692141     6.160034    14.823028   -41.209296  -149.431413
   45.181208     9.607109     6.009443    15.045706   -52.390373  -150.650000
   45.545992     9.772782     6.003366    15.070803   -44.040968  -156.591137
   45.154320     9.751195     5.940213    14.764152   -42.046056  -144.177613
   45.668912     9.768030     5.977528    15.100379   -36.089925  -157.434169
   45.000066     9.654876     6.102022    14.898241   -47.211254  -130.705863
   45.302806     9.757628     6.163344    15.009441   -42.844948  -134.699959
   45.527882     9.725902     5.661215    14.764688   -37.974805  -118.456670
   45.672746     9.945633     6.170333    14.984685   -30.224123  -139.707864
   45.193761     9.685515     5.777254    14.713160   -41.232646  -137.194403
   45.300647     9.617385     5.676826    14.760935   -40.206421  -132.496979
   45.207944     9.651311     5.832278    14.808684   -43.157822  -137.572032
   45.139750     9.405716     5.829164    15.004466   -38.557964  -146.243251
   45.687377     9.661316     5.597282    14.921384   -33.161185  -153.006261
   45.009438     9.664769     5.901726    14.677631   -30.524407  -141.819094
   45.359598    10.047071     6.418884    14.904279   -34.359639  -147.397688
   45.226544     9.900294     6.262416    14.914125   -51.305574  -127.363996
   44.944655     9.558754     5.947218    14.813801   -43.174230  -128.521736
   45.250015     9.824380     6.267963    14.932648   -25.924917  -147.897662
   45.361725     9.794293     6.119990    14.991981   -46.100824  -137.784192
   45.248924     9.635949     5.803783    14.777240   -31.883148  -136.179669
   45.308509     9.781632     5.911879    14.730713   -21.466147  -151.185218
   45.620090     9.994963     6.066843    14.855189   -35.674304  -145.344667
   45.229898     9.635002     6.051879    15.033157   -51.325395  -125.903157
   45.201765     9.713779     5.965257    14.820642   -33.523942  -147.828446
   45.022555     9.820400     6.138143    14.732727   -30.845503  -152.228647
   45.329063     9.812188     5.917527    14.798886   -51.805163  -118.131208
   45.455375     9.793008     6.221387    15.124366   -43.655300  -141.571268
   45.680098     9.670146     5.893889    15.119009   -40.025084  -128.565978
   44.962447     9.474478     5.746265    14.731545   -36.938423  -140.294378
   44.932678     9.943958     6.350857    14.744402   -40.166021  -144.748188
   45.247189     9.752107     5.939492    14.817659   -43.369902  -139.071733
   45.274270     9.870680     5.950511    14.746740   -54.431817  -125.047392
   44.744078     9.762942     6.048875    14.589148   -46.209007  -134.091722
   45.581371     9.938949     6.256351    15.051087   -42.474151  -137.589038
   45.136989     9.768507     5.769143    14.576430   -37.979546  -139.903478
   45.722709     9.922900     6.119441    15.052687   -46.471132  -122.776895
   45.276811     9.817946     5.834048    14.670532   -37.239474  -144.938357
   45.837503     9.795119     5.769635    14.951143   -31.547871  -117.458546
   45.371323     9.682322     5.620446    14.732743   -51.988411  -118.909722
   45.243937     9.804866     6.032239    14.786580   -38.088571  -121.289636
   45.168781     9.642942     5.974377    14.774967   -11.820848  -143.959227
   45.068656     9.480653     5.615430    14.660963   -33.649250  -129.442883
   44.974769     9.869198     6.237212    14.670415   -20.575713  -143.062907
   45.610515    10.113286     6.169093    14.877324   -65.168538  -113.288689
   45.488052     9.919041     6.134822    14.896085   -31.403391  -147.971321
   45.141459     9.649758     5.736205    14.727460   -57.146132  -119.919882
   45.430910     9.654920     5.903652    14.962406   -35.061497  -134.026563
   45.094448     9.710099     5.833140    14.609757   -27.328035  -135.955067
   45.367767     9.896457     5.803403    14.619594   -35.087739  -149.037510
   45.227546     9.552253     5.867709    14.837091   -13.227673  -150.135949
   44.827144     9.347747     5.730309    14.702537   -21.173969  -151.881029
   45.163351     9.784718     6.133880    14.772084   -17.445310  -141.863140
   45.148820     9.597999     5.782817    14.705475   -28.493532  -123.929296
   44.970563     9.656509     6.149237    14.815723   -21.834923  -140.368984
   45.312115     9.939740     5.970175    14.724456   -59.803694  -116.823604
   45.266533     9.621473     5.807049    14.846331   -45.951711  -119.330076
   45.002477     9.717102     5.924012    14.670717   -37.473407  -143.161768
   44.984578     9.666524     5.847726    14.613391   -32.262386  -134.056587
   45.538268     9.807416     5.883428    14.899170   -36.927452  -154.084655
   45.264371     9.954177     5.913921    14.557625   -30.190685  -149.211618
   45.219290     9.850960     5.996280    14.696930   -32.062823  -140.860432
   45.432234    10.087720     6.224224    14.737599   -36.515397  -129.581740
   45.119184     9.689878     5.877749    14.753916   -51.459575  -108.197069
   45.100132     9.988574     6.071136    14.556419   -42.005623  -123.221313
   45.102656    10.089502     6.301364    14.617571   -32.384898  -149.001775
   45.166113     9.875224     6.084555    14.759233   -52.056152  -114.646284
   45.701105     9.957998     5.700781    14.662223   -34.968913  -133.572661
   45.720188     9.731002     5.896988    15.101079   -47.431194  -115.483060
   45.389044     9.601967     5.796791    14.932557   -43.656081  -123.743359
   45.278907     9.855390     6.011426    14.706325   -19.273361  -153.987397
   45.417621     9.708836     6.113390    15.040930   -32.760945  -128.280267
   45.548928    10.000947     6.124783    14.792454   -17.489347  -157.266449
   45.197229     9.644434     5.604647    14.564486   -29.749508  -131.820413
   45.928629     9.700306     5.916802    15.240106   -24.509747  -148.080803
   45.164733     9.629446     5.899778    14.791575   -30.532040  -130.940472
   45.304169     9.740154     6.128203    14.957139   -36.186973  -122.515024
   45.427907     9.707372     5.675366    14.784807   -48.264472  -131.066125
   45.319961     9.484828     5.687463    14.902961   -36.480435  -135.404395
   45.056574     9.654742     5.859240    14.742382   -49.873716  -124.876111
   45.266341     9.702231     5.891169    14.799454   -37.265863  -126.052871
   45.316194     9.601564     5.751753    14.824337   -38.161206  -121.116356
   45.557839     9.673436     5.745822    14.925552   -43.329607  -118.786361
   44.975828     9.503992     5.973211    14.910449   -43.416811  -128.400446
   45.688301     9.741550     5.501124    14.824975   -58.499032  -121.403055
   44.822816     9.615884     6.275270    14.928933   -30.884280  -149.502135
   45.511921     9.633247     5.976624    15.149657   -49.779227  -125.392890
   45.446829     9.474633     5.651300    14.991075   -37.659199  -143.440866
   44.780663     9.679863     6.303135    14.929967   -50.999039  -135.565921
   45.375673     9.883986     6.008990    14.864236   -56.242467  -138.147859
   45.114060     9.651061     5.849762    14.733999   -36.364807  -137.611761
   45.413051     9.788540     5.702087    14.755819   -57.682083  -134.461511
   45.368170     9.649245     5.662484    14.815390   -56.506206  -118.263075
   45.060570     9.941908     5.887517    14.469938   -45.131155  -141.628711
   45.171598     9.874135     6.190967    14.782350   -36.301881  -118.848130
   45.749472     9.849216     5.812786    14.974820   -58.379261  -119.356259
   45.127628     9.623790     5.792073    14.746676   -39.392977  -144.102432
   45.247339     9.615147     5.518868    14.669986   -59.728798  -121.479029
   45.311800     9.997169     6.001084    14.657918   -51.605234  -122.654890
   45.395997     9.883133     6.043867    14.864614   -45.774873  -141.875704
   45.385044     9.730376     5.710535    14.732209   -43.899830  -122.296134
   45.619248    10.012830     6.005646    14.804159   -45.955134  -123.197738
   45.183554     9.641587     5.865922    14.829552   -45.989669  -128.913391
   45.510085     9.729119     5.665079    14.761254   -32.798020  -143.255209
   45.375119     9.623090     5.988044    15.068745   -37.191654  -152.248000
   45.722734     9.664395     5.635699    14.935934   -33.318837  -131.675511
   45.329973     9.741733     5.792056    14.771563   -51.056572  -116.042977
   45.381622     9.598520     5.713274    14.817415   -26.690581  -142.004569
   45.414845     9.658537     5.673100    14.785482   -39.516972  -129.517216
   45.788946    10.095585     6.214614    14.943930   -37.940659  -136.388977
   45.561370     9.938827     5.894502    14.750597   -33.434181  -146.568437
   45.310421     9.909250     5.963900    14.725041   -46.705023  -139.538863
   45.476494     9.466818     5.749937    15.003546   -18.506696  -136.575432
   45.378697     9.996865     6.099626    14.798028   -58.798360  -119.825069
   45.008226     9.811895     5.928643    14.600013   -45.283218  -133.736832
   45.272975     9.937611     6.128360    14.701304   -25.977845  -135.116607
   45.310358     9.796007     5.874217    14.752263   -42.875838  -133.768454
   45.554349     9.619155     5.581513    14.887568   -51.115453  -117.878044
   45.221555     9.605449     5.900169    14.846180   -31.176295  -122.538961
   45.367997     9.707805     6.070488    14.958773   -30.182292  -119.215015
   44.783215     9.722899     6.206374    14.709060   -32.118595  -121.747798
   45.237757    10.088249     6.373934    14.838503   -57.908272  -134.768953
   45.144264     9.595881     5.837576    14.723140   -17.503861  -142.677080
   45.389441     9.846866     6.238416    15.007685   -41.281022  -129.025704
   45.217637     9.617969     5.741913    14.743700   -37.736828  -130.136176
   45.394724     9.703475     5.645495    14.741253   -52.094820  -112.366398
   45.765345     9.909311     5.961122    14.959335   -41.788158  -122.641346
   45.607772     9.710469     5.619116    14.861183   -48.851207  -131.074873
   45.303523     9.786947     6.062000    14.904676   -34.396574  -157.028644
   45.302749     9.722302     6.120238    14.992266   -42.451395  -117.694808
   45.266911     9.849089     5.927073    14.724584   -49.491319  -122.845238
   45.721248    10.064005     5.720668    14.608948   -44.510381  -131.671248
   45.227073     9.965203     6.215953    14.808109   -46.789677  -140.946183
   45.311508     9.717831     5.835181    14.820166   -40.237991  -150.966238
   45.141709     9.755591     6.184171    15.003671   -54.961430  -144.881231
   45.819771     9.892856     6.137572    15.175579   -46.971236  -132.196389
   45.535628    10.103971     6.212134    14.756161   -33.103993  -130.149693
   45.295862     9.801261     6.309868    15.078789   -43.781432  -136.080529
   45.464166     9.915747     6.206622    14.963915   -36.991554  -148.067833
   45.472368     9.870694     6.089001    14.902171   -39.001043  -122.322599
   45.093695     9.928174     6.266829    14.763713   -35.090348  -143.616229
   45.765358     9.969619     5.914250    14.854809   -35.097778  -142.639021
   45.253891     9.579583     5.783984    14.818661   -31.217988  -136.631706
   45.437037     9.660807     5.798261    14.852191   -27.692235  -136.834254
   45.289665     9.932551     6.108820    14.820457   -51.010902  -142.776047
   45.543343    10.038900     6.104960    14.867844   -50.314236  -151.874250
   45.084240     9.594607     6.035653    15.004952   -60.651653  -119.193559
   45.316756     9.682608     6.081454    15.082886   -54.298861  -132.022115
   45.013055     9.676741     6.103263    14.956437   -67.721413  -114.408937
   44.999036     9.659994     6.130917    14.907922   -46.107626  -128.665193
   45.725724     9.865042     5.900589    14.977078   -51.766306  -117.986655
   45.571187    10.040548     5.939553    14.676768   -40.810791  -123.377663
   45.100903     9.625231     6.090242    14.961209   -40.723845  -137.127067
   45.213390     9.770538     6.053647    14.901796   -59.586830  -109.081115
   45.452563     9.701371     5.713741    14.728011   -23.688535  -126.149544
   45.337761     9.733214     5.849210    14.819585   -45.471127  -129.252128
   45.366879     9.868248     6.185216    14.973347   -54.261260  -115.861156
   45.463022     9.934742     6.290289    15.065982   -56.957711  -130.651406
   44.995167     9.454402     5.796691    14.844543   -48.500336  -124.465205
   45.584605     9.866082     5.820433    14.833803   -54.070246  -113.360628
   45.194482     9.578229     5.986172    14.897470   -22.925640  -131.640606
   45.233851     9.569598     5.911089    14.970170   -48.282944  -118.891649
   45.571317     9.642284     5.999758    15.194051   -51.275920  -113.602559
   45.596593     9.883369     6.030631    14.902813   -34.693922  -121.278419
   45.528268     9.779604     6.053325    15.049046   -45.935680  -131.241779
   45.505167     9.942339     6.042911    14.827738   -42.300847  -125.699546
   44.905865     9.485828     6.019969    14.935568   -49.339219  -108.174341
   45.501030     9.889410     6.104332    14.852226   -21.418698  -136.420532
   45.396505     9.569711     5.774234    14.915558   -35.578372  -119.543528
   45.766046     9.757532     5.852070    14.971852   -19.605744  -134.573471
   45.176035     9.700243     5.812182    14.676662   -36.095042  -123.843782
   45.661122    10.060007     6.206894    14.866389   -29.491323  -135.846859
   45.628866     9.868497     6.054511    15.032304   -51.844522  -124.826166
   44.817614     9.531292     5.851644    14.603946   -24.561532  -129.831920
   45.179964     9.679526     6.168686    15.014350   -43.818905  -125.832820
   45.453035     9.916598     5.867280    14.703225   -45.022102  -121.912568
   45.158309     9.747227     6.176803    14.920474   -42.665645  -113.182897
   45.624189     9.894084     6.034954    14.924706   -37.585377  -123.012310
   45.483653     9.815080     6.137815    14.952876   -21.339846  -141.007950
   45.523603     9.755858     5.723283    14.871081   -57.554172  -129.510791
   45.393558     9.693155     6.068651    15.022637   -30.862061  -144.026630
   45.275569     9.598454     5.897867    14.981519   -50.470900  -131.725034
   45.311528     9.618650     5.860087    14.950888   -51.742097  -125.117673
   45.192810     9.331239     5.861129    15.060066   -19.963725  -147.434247
   45.230127     9.909449     6.030961    14.682320   -35.572923  -140.393651
   45.397511     9.665099     6.020422    15.073601   -51.206604  -117.930369
   45.571884     9.751252     5.989286    15.043782   -44.728370  -122.069235
   45.020723     9.566295     5.819031    14.772927   -49.078096  -126.267752
   45.461596     9.930841     6.104273    14.835578   -35.138609  -131.543726
   45.363176     9.824015     6.175764    15.009487   -53.546444  -116.274967
   45.185688    10.073376     6.095644    14.575318   -49.846256  -133.081771
   45.576908     9.684113     5.757974    14.988636   -49.873481  -138.784957
   45.313216     9.486185     5.762866    14.919448   -28.495564  -133.656255
   45.416732     9.928512     6.381387    15.065338   -46.832037  -126.581402
   45.333956     9.566599     6.046861    15.103632   -34.347310  -135.225096
   45.129931     9.713918     6.331504    15.100401   -43.831302  -140.721482
   44.784467     9.640940     5.890484    14.559066   -34.830771  -135.329073
   45.110528     9.749737     6.369417    14.996771   -25.083625  -142.265811
   45.415538     9.910140     6.211571    14.940410   -36.635429  -146.577925
   45.254788     9.953060     6.024908    14.695812   -49.753796  -134.511747
   44.760170     9.641859     6.360811    15.023177   -54.502829  -136.517960
   45.722536     9.733222     5.718303    14.968306   -43.121507  -135.568863
   44.986502     9.706113     6.215311    14.953217   -53.586973  -127.449502
   44.982010     9.494852     5.847630    14.828201   -38.327301  -148.260044
   45.027817     9.534380     6.070208    14.970461   -36.773658  -134.558683
   45.487407     9.376966     5.634506    15.119471   -41.850515  -137.816116
   45.419293     9.544311     5.872645    15.019198   -23.742034  -148.030995
   45.088107     9.498253     5.861673    14.887765   -41.222310  -129.005812
   45.286597     9.831978     5.947982    14.782659   -45.330341  -144.549488
   45.625498     9.852743     6.110665    15.035051   -32.214354  -145.928614
   45.295462     9.895713     6.067120    14.853010   -58.603508  -135.514456
   45.238325     9.897841     6.310210    14.966225   -41.926523  -154.816147
   45.162449     9.697065     6.087786    14.955245   -41.806359  -151.719240
   45.524755     9.708836     5.781739    14.890113   -37.467467  -137.788251
   45.273285     9.773711     6.301481    15.119138   -55.713103  -116.390054
   45.282478     9.650653     6.159770    15.120349   -45.739438  -133.159731
   45.441104     9.657217     6.021740    15.154632   -54.303436  -139.135823
   44.958858     9.763141     6.191806    14.860323   -51.157706  -136.692626
   45.656335     9.916399     6.066248    15.038192   -59.737305  -124.184697
   45.149776     9.753876     6.266742    14.943955   -23.269999  -152.386779
   45.286562     9.782798     6.176229    15.047956   -51.514264  -148.565179
   44.790527     9.642103     6.253068    14.912097   -44.469575  -141.043099
   45.350997     9.880416     6.230336    14.905130   -23.960859  -153.375625
   45.529199     9.796592     6.115880    15.132931   -52.308412  -145.397049
   45.274750     9.856574     5.972845    14.785471   -47.624267  -148.797741
   45.453844     9.492065     5.764713    15.095215   -42.129236  -147.020686
   45.516789     9.687154     5.943704    15.078109   -43.989035  -147.344642
   45.998832     9.963403     6.076826    15.146408   -35.750910  -151.049144
   45.168326     9.816490     6.115621    14.808845   -38.692363  -133.041128
   45.292242     9.690969     6.038669    14.927533   -36.026560  -117.321517
   45.201705     9.461626     5.815497    14.906189   -27.448120  -133.033168
   45.291093     9.756068     6.314762    15.105562   -38.826281  -135.285277
   45.152460     9.500053     5.996863    15.097642   -51.995219  -135.230699
   44.849141     9.557443     6.057858    14.850662   -44.247733  -127.979399
   44.997431     9.541342     5.998392    14.849535   -26.407557  -141.964432
   45.373782     9.796181     6.019361    14.861563   -33.233251  -135.358326
   45.151654     9.556914     6.113260    15.029217   -27.540612  -141.678092
   44.975396     9.666342     6.032130    14.794103   -46.005057  -116.243935
   45.538916     9.696990     5.984361    15.043353   -32.779669  -136.677192
   45.356213     9.879965     5.895112    14.694324   -37.266049  -139.942408
   45.030198     9.578758     5.985749    14.898636   -42.371602  -143.487323
   45.396622     9.816184     6.359552    15.101996   -28.471871  -142.252554
   45.394039     9.513459     5.879189    15.072449   -33.856200  -140.731450
   45.846607     9.864816     5.815700    14.957937   -42.420937  -121.427557
   45.253013     9.701096     6.303706    15.165616   -49.194210  -122.931798
   45.427934     9.662834     5.957118    14.981049   -31.252268  -137.151016
   45.173626     9.690203     5.718821    14.609586   -30.026531  -142.276357
   44.982952     9.393258     5.785185    14.832956   -30.067963  -144.161768
   45.499502     9.587482     5.785509    14.980607   -31.644867  -139.571600
   45.322694     9.703897     5.906995    14.865618   -42.793448  -123.021224
   45.149280     9.513937     5.694079    14.771575   -40.109876  -128.438579
   44.980809     9.652195     5.962452    14.842688   -59.675000  -139.928839
   44.856577     9.554509     6.053505    14.932284   -63.112929  -122.546534
   45.348115     9.810902     5.932474    14.846626   -53.553534  -132.065274
   45.688089    10.012353     6.040604    14.920004   -51.299672  -141.663402
   44.984284     9.459642     5.818529    14.826544   -33.987793  -151.233475
   45.060626     9.562868     5.823722    14.763632   -34.579289  -141.202775
   44.853574     9.689042     6.152707    14.881962   -56.464054  -147.257903
   45.213219     9.621301     6.077299    15.091168   -53.645492  -140.224734
   45.007861     9.588577     6.211158    15.090325   -49.144723  -142.658714
   45.172852     9.494914     5.888244    15.018345   -45.208913  -147.867175
   45.249054     9.672126     5.889757    14.913786   -53.952572  -141.938721
   45.237455     9.493250     5.835182    15.043253   -48.851587  -150.867257
   45.084256     9.490787     5.861600    14.948905   -39.617989  -162.696086
   45.363317     9.907610     6.112087    14.920990   -55.474203  -146.182280
   45.325652     9.772623     5.968692    14.968005   -57.584752  -157.238527
   45.290523     9.694741     6.133852    15.104725   -48.983463  -150.276697
   45.086880     9.700183     5.991502    14.874682   -50.098319  -156.931017
   45.144868     9.669697     5.849570    14.795745   -41.720527  -158.988434
   45.401028     9.762793     5.969773    14.983110   -50.400176  -152.373581
   45.126855     9.540107     5.870320    14.915360   -40.193657  -153.477996
   45.462259     9.673878     5.815387    14.983397   -43.000283  -160.323494
   44.862779     9.630180     6.109740    14.921691   -56.118744  -152.518082
   45.514823     9.795417     6.075952    15.095809   -51.502249  -147.732969
   45.484894     9.685268     6.037813    15.144031   -52.102161  -133.157602
   45.317380     9.697642     5.922466    14.985176   -56.951991  -149.164488
   45.326415     9.516383     5.877899    15.069764   -42.601195  -144.127390
   45.211115     9.893758     6.171090    14.881904   -60.874793  -126.367384
   45.673985     9.837003     6.140055    15.141465   -32.874310  -160.799301
   45.113622     9.475556     5.794320    14.973243   -58.907871  -142.537304
   45.372351     9.840063     6.012405    14.918032   -54.375526  -145.690363
   45.458126     9.948134     5.921595    14.791526   -53.580553  -150.491319
   44.965564     9.762206     5.808278    14.569657   -56.112041  -136.867775
   45.285750     9.739232     5.998855    14.981052   -55.564570  -152.151383
   45.632312     9.678298     5.839811    15.103245   -51.042225  -140.698747
   45.493692     9.777516     5.927175    14.960527   -43.793134  -151.232716
   44.759189     9.529493     5.918354    14.728418   -38.262637  -159.281008
   45.458939    10.000814     5.772809    14.564568   -38.979439  -152.901163
   45.202839     9.552288     5.811358    14.909721   -39.649009  -156.721683
   45.089992     9.537367     5.969010    15.017817   -51.187044  -149.315446
   45.196844     9.836999     6.089978    14.901790   -53.921987  -160.081100
   44.898279     9.660554     6.029162    14.801854   -48.111771  -148.393026
   45.446241     9.970174     6.009450    14.781600   -41.834860  -154.269737
   45.542346     9.841291     6.223203    15.072189   -35.620927  -130.266902
   45.087521     9.657787     6.092693    14.912303   -40.323880  -132.536285
   45.419645     9.672202     5.942039    14.948380   -24.612658  -150.503105
   45.071906     9.854328     6.437077    14.963477   -40.178886  -126.668614
   45.609088     9.793325     6.043565    15.136653   -60.441695  -126.751483
   45.599778     9.663193     5.692218    14.970239   -50.281046  -133.712511
   45.367117     9.874174     6.188891    14.910550   -28.248547  -153.737237
   45.513421     9.663079     6.136817    15.234837   -43.581843  -138.833829
   45.425001     9.662219     5.864786    14.921034   -35.665144  -131.891655
   45.816661     9.754233     5.927986    15.147361   -35.266062  -145.725440
   45.446268     9.622616     5.928894    15.142361   -62.449355  -128.510491
   45.460052     9.769931     6.183011    15.108563   -45.757427  -125.339175
   45.485541     9.975487     6.078911    14.762880   -31.793661  -126.148592
   44.755788     9.465717     6.112591    14.891397   -35.708007  -125.619402
   45.369311     9.708435     6.195675    15.081552   -31.621596  -137.089558
   45.422768     9.717771     5.871779    14.870234   -38.053846  -125.416379
   45.047855     9.669095     6.150326    14.980706   -51.187956  -137.542225
   45.120630     9.462678     5.652513    14.822988   -50.138288  -136.430195
   45.085804     9.638608     6.111272    14.985326   -48.146254  -134.589599
   44.935525     9.486306     5.837236    14.842461   -58.048388  -117.857416
   45.223404     9.394846     5.962648    15.160021   -37.153375  -136.883827
   44.842393     9.347913     5.872681    14.859066   -35.309925  -125.318526
   45.266125     9.770567     6.172091    15.022331   -55.616480  -123.391167
   45.234831     9.474792     5.891612    15.001256   -32.960638  -133.697271
   45.071153     9.575370     5.774916    14.743171   -47.536917  -113.870061
   45.149810     9.930984     5.988969    14.663650   -63.913476  -114.863908
   45.341696     9.877504     6.236197    14.983744   -53.467464  -115.570485
   45.330549     9.938213     6.174576    14.863413   -52.286772  -120.823171
   45.312635     9.750972     6.052694    14.900947   -30.230898  -146.488231
   45.183288     9.794791     6.142206    14.946925   -58.775107  -131.036759
   45.413746     9.764677     5.832246    14.815216   -45.236295  -124.120847
   45.358613     9.639158     5.978951    15.105673   -60.421584  -133.591655
   45.185109     9.737806     5.843797    14.737537   -55.829356  -108.166289
   45.156700     9.604637     6.094462    15.015385   -42.876956  -126.260754
   45.296554     9.482675     5.797713    15.017971   -44.479001  -138.295586
   45.382152     9.883880     6.119094    14.934335   -50.529174  -142.508914
   45.615654     9.656475     5.910699    15.160071   -49.333002  -139.163482
   45.292574     9.527175     5.913143    15.094078   -52.014414  -136.269037
   45.504891     9.810435     6.058083    15.043643   -50.219100  -143.217696
   45.171680     9.488810     5.694029    14.908978   -60.793041  -133.899750
   45.381968     9.599954     5.722137    14.929406   -52.478195  -137.871004
   45.659546     9.485937     5.819084    15.270898   -40.256346  -140.780704
   45.533939     9.605154     5.845345    15.178991   -66.491519  -132.138022
   45.297104     9.693591     6.042759    14.975506   -34.607743  -152.353786
   45.171495     9.562648     5.742830    14.789637   -44.653983  -121.960466
   45.492532     9.747384     5.950885    14.951175   -42.207365  -113.917078
   45.537386     9.741229     5.945585    15.060192   -57.096035  -128.141088
   45.336390     9.646916     6.118999    15.146832   -46.668688  -142.688061
   45.703169     9.605955     5.807123    15.222657   -52.966869  -143.632347
   45.275810     9.609655     5.762848    14.893001   -49.962480  -150.278417
   45.131433     9.809240     5.908183    14.651905   -40.123390  -140.744577
   45.636057     9.833580     6.062898    15.080612   -50.044373  -130.023248
   45.124041     9.565881     5.901322    14.847903   -33.737827  -133.767049
   45.272814     9.918595     6.422974    15.037595   -46.122010  -137.703872
   45.349033     9.903187     6.000979    14.791736   -50.715335  -134.193994
   45.902593     9.957048     5.936414    15.065479   -59.733066  -134.336503
   45.325246     9.724365     6.067206    15.041265   -54.479236  -137.191154
   45.426916     9.539502     5.944850    15.192279   -54.623606  -125.549093
   45.159229     9.678382     6.147330    14.992089   -41.736854  -137.008267
   45.464796     9.823041     6.125587    15.058862   -50.506276  -143.691850
   45.255860     9.610996     5.855620    14.825241   -26.744538  -136.958449
   45.516112     9.773621     6.053192    15.043729   -38.902072  -147.273638
   45.115194     9.759867     6.194543    14.935412   -47.528132  -131.721772
   45.629866    10.106440     6.139120    14.839849   -48.546181  -142.196632
   45.117305     9.761870     6.061606    14.833394   -45.808514  -139.082955
   45.307987     9.707375     5.991988    14.973324   -56.953196  -116.415166
   44.303140     9.461678     6.046334    14.623604   -50.606935  -129.701590
   44.931087     9.672390     5.875136    14.658350   -42.995946  -147.158395
   44.799643     9.567913     5.731938    14.534843   -38.376280  -146.919015
   45.258952     9.965043     6.270708    14.892498   -53.877718  -136.436389
   45.106426     9.823069     6.171116    14.757575   -26.296540  -135.753995
   45.330572     9.521619     5.717028    14.952577   -53.790362  -118.466010
   44.939861     9.565249     5.848564    14.748818   -41.574941  -150.149290
   45.526527     9.822082     5.839467    14.799200   -37.866338  -122.358485
   45.450696     9.777147     6.220287    15.126903   -46.288304  -126.031657
   45.378145     9.540631     5.811325    15.040076   -48.588259  -136.949764
   45.177615     9.447662     5.814622    14.948877   -36.376376  -137.128798
   45.095897     9.667182     5.860010    14.717573   -33.258000  -147.855426
   45.388075     9.812124     6.186263    15.044475   -43.664850  -146.434740
   44.982601     9.664613     6.104908    14.805020   -23.770658  -149.849416
   44.803579     9.681420     6.265907    14.888591   -49.627355  -122.740389
   44.897945     9.857126     5.989225    14.484221   -28.971739  -147.247354
   45.221255     9.654840     5.781012    14.749273   -37.712348  -137.002529
   45.225092     9.530163     5.743750    14.864062   -34.051485  -155.463827
   45.109886     9.653590     6.066264    14.943502   -44.154774  -142.504350
   45.145595     9.813865     6.002261    14.722235   -38.657813  -140.416286
   45.227713     9.714749     5.962605    14.777010   -26.839877  -130.087936
   45.311552     9.760368     5.847156    14.705167   -26.401237  -137.891398
   45.859596     9.852080     5.973443    15.061338   -31.895769  -129.435113
   45.128200     9.560158     5.814329    14.780591   -26.254449  -149.882340
   44.987240     9.724936     6.103533    14.869071   -61.717709  -119.207376
   44.881440     9.645372     5.901947    14.644004   -42.312548  -124.507861
   45.447724     9.635613     5.743821    14.903673   -45.308485  -124.549392
   45.302126     9.838656     6.165860    14.930786   -45.703401  -130.698793
   45.530270     9.688928     5.802717    14.939517   -42.040893  -130.142995
   45.286002     9.602385     5.869898    14.889286   -30.808448  -141.435693
   45.309779     9.611854     6.153746    15.153193   -38.269527  -141.204894
   45.110424     9.515631     5.821416    14.835710   -36.429789  -132.570956
   45.146040     9.830447     5.846523    14.616088   -43.006807  -150.733858
   45.297538     9.747038     5.950460    14.864953   -44.968726  -135.822031
   45.654682     9.786676     6.057957    15.105373   -36.593024  -144.739426
   45.061475     9.398291     5.622138    14.834238   -51.742152  -139.943735
   45.104771     9.809327     5.978006    14.717758   -43.077829  -150.761508
   45.428323     9.573160     5.764130    14.969431   -42.775629  -132.433760
   44.907073     9.935593     6.380347    14.798775   -50.304627  -139.915209
   45.370294     9.875421     5.835197    14.729065   -49.416734  -149.699593
   45.377535     9.836121     6.211960    15.019467   -44.791551  -137.121070
   45.137920     9.508346     5.607138    14.719205   -43.417939  -133.458450
   45.735355     9.845414     5.763939    14.908299   -46.140594  -140.096526
   45.567612     9.863862     5.912782    14.935064   -60.298900  -128.216278
   45.298421     9.843725     5.791723    14.716411   -65.235708  -129.412211
   45.476838     9.950530     5.852830    14.708383   -43.184682  -152.704776
   45.770631     9.878143     5.694659    14.909291   -61.064610  -137.523515
   45.201705     9.727200     5.684613    14.610984   -39.058119  -149.131158
   45.288062     9.426429     5.585234    14.891314   -42.828167  -138.496082
   45.526124     9.688812     5.964197    15.053733   -35.146970  -145.429980
   45.083334     9.501214     5.772514    14.814727   -37.907273  -142.752943
   45.237112     9.588732     5.814584    14.877900   -39.573000  -147.406912
   45.445222     9.814766     5.951653    14.876509   -43.432224  -133.608893
   44.953741     9.803506     6.391894    14.915520   -34.106166  -146.749559
   44.946776     9.624254     5.877300    14.734336   -46.733149  -146.863129
   45.274035     9.798505     5.761121    14.693885   -55.725357  -135.801762
   45.322669     9.756211     5.930737    14.879129   -48.161172  -141.847801
   45.470017     9.761173     5.617691    14.761516   -61.818472  -124.287850
   45.352447     9.529338     5.633376    14.879248   -42.872414  -143.736787
   45.219467     9.652663     5.884282    14.863082   -47.729642  -128.862356
   45.311497     9.907668     5.920047    14.718534   -58.655545  -119.735984
   45.275751     9.540342     5.622175    14.765496   -38.563335  -127.725451
   45.144043     9.767354     5.714700    14.559165   -45.519493  -132.812167
   45.351145     9.645064     5.671520    14.816655   -54.265898  -128.377602
   45.589388     9.818465     5.710096    14.818555   -50.650541  -136.648878
   45.487597     9.982014     5.676491    14.517090   -42.308656  -136.086228
   45.153220     9.833808     6.200945    14.891760   -47.439040  -136.846229
   45.710334     9.992565     5.821251    14.792499   -53.174449  -132.980495
   45.128924     9.809552     5.804033    14.573943   -40.657478  -144.595474
   45.062929     9.415338     5.694248    14.805632   -31.860047  -148.797911
   45.651922     9.829737     5.636516    14.772501   -43.062506  -143.723491
   45.145108     9.654154     5.790181    14.766326   -51.875742  -136.044360
   45.514657     9.752106     5.746277    14.869463   -42.265071  -156.557202
   45.344667     9.684483     5.795195    14.835028   -37.094647  -152.923626
   45.442850     9.896142     5.963905    14.809383   -46.526191  -133.153131
   45.130135     9.739028     5.917842    14.705469   -27.416298  -157.988714
   45.485033     9.963523     5.910800    14.745984   -51.498024  -134.504884
   45.039991     9.751477     5.841802    14.666007   -61.295644  -126.174261
   45.312842     9.855134     6.192015    14.961835   -44.210001  -147.891025
   45.621940     9.873670     5.742765    14.796101   -51.222490  -129.036576
   45.107326     9.814415     6.113879    14.833710   -55.135185  -124.461257
   45.335360     9.893668     5.864041    14.679966   -47.016590  -137.743182
   45.159779     9.618080     5.701702    14.673979   -39.157735  -124.540707
   45.273938     9.715129     6.081530    14.967858   -42.486183  -132.126888
   45.784679     9.858646     5.812976    14.897011   -34.395349  -129.021922
   45.087531     9.772148     6.173244    14.921449   -48.857625  -147.513448
   45.530427     9.927441     6.112121    14.899622   -36.147985  -138.495941
   45.203374     9.557128     6.158800    15.144471   -36.609448  -143.265445
   45.227844     9.632081     5.817961    14.832133   -44.468031  -135.559783
   45.644589     9.728866     5.638598    14.905660   -52.485102  -136.848881
   45.347477     9.538256     5.761210    14.952845   -46.545474  -121.238464
   45.994934     9.946296     5.854570    14.950708   -30.617768  -131.062200
   45.556801     9.634612     5.819763    15.026554   -42.855176  -125.875217
   45.320823     9.592507     5.795642    14.878901   -39.220093  -125.229245
   45.199515     9.554608     5.655816    14.718560   -36.727517  -127.011683
   45.453078     9.734894     5.702332    14.783614   -42.939017  -139.774205
   45.111426     9.478234     5.748470    14.826024   -36.846747  -139.261816
   45.516219     9.625912     5.595546    14.891545   -50.176209  -141.249206
   45.246760     9.589447     5.651974    14.746615   -39.511571  -143.496794
   45.488173     9.994356     5.847738    14.677059   -48.655622  -147.287794
   45.557509     9.901935     5.877366    14.837077   -51.476369  -137.666412
   45.530524     9.855386     5.697986    14.798604   -64.539706  -139.950901
   44.812707     9.672127     5.756982    14.474761   -45.574478  -135.847186
   45.068405     9.830790     6.051672    14.754892   -49.164748  -149.714012
   45.473762     9.617474     5.582514    14.857496   -55.424062  -122.830255
   44.954026     9.605748     5.675649    14.594365   -57.130354  -116.818984
   45.738090     9.798801     5.526225    14.795112   -49.478541  -134.850410
   45.491221     9.802253     5.805671    14.860614   -57.132110  -129.024098
   45.163225     9.504130     5.836572    14.931636   -40.384462  -144.832316
   44.964494     9.533284     5.808417    14.792850   -57.176428  -124.601465
   45.143923     9.994758     6.051507    14.601693   -51.806425  -125.245354
   45.774716     9.989566     5.827758    14.818323   -47.931752  -133.843339
   45.301833    10.048076     5.918380    14.556291   -57.637323  -121.552940
   45.089630     9.717623     5.914157    14.755725   -48.242766  -139.204070
   45.203419     9.529215     5.803172    14.921803   -52.138555  -118.731119
   44.810189     9.599770     5.703883    14.480492   -41.223498  -133.535225
   45.260086     9.924040     6.108190    14.792057   -51.733971  -127.171908
   45.588003     9.741500     5.781020    14.921430   -46.190512  -128.850972
   45.429394     9.900408     5.972016    14.819155   -42.542719  -152.693584
   45.859178     9.818940     5.553351    14.886538   -54.552464  -127.891377
   44.936683     9.805108     6.271801    14.856219   -46.778740  -141.905305
   45.516910     9.680103     5.943925    15.050746   -37.631583  -144.370800
   45.283043     9.647221     5.784295    14.811098   -44.272945  -124.447394
   44.974117     9.771991     6.214936    14.878474   -57.196807  -114.448395
   45.567959     9.792019     6.023533    15.024283   -37.876189  -144.975453
   44.866671     9.567156     6.152182    14.953639   -46.379633  -137.268432
   45.488419     9.619126     6.103205    15.164854   -23.756883  -147.318231
   45.371885     9.712893     5.890662    14.916917   -52.635364  -122.856528
   45.379433     9.548155     5.913878    15.089506   -37.367461  -150.625697
   44.946228     9.671251     5.731791    14.549900   -44.524075  -144.059672
   45.179441     9.617038     5.961980    14.908037   -40.023980  -134.051827
   45.509314     9.672949     6.066760    15.208210   -51.001691  -142.682430
   45.380807     9.739127     6.115075    15.038928   -41.997493  -136.560077
   45.337366     9.595809     5.939660    15.096356   -57.890760  -134.368364
   45.485612     9.683649     5.839132    14.963563   -46.506377  -130.670942
   45.207997     9.897990     6.153741    14.813318   -48.061620  -131.098722
   45.602936     9.713576     5.755067    14.847796   -23.115736  -130.847103
   45.448043     9.503965     5.800707    15.053057   -34.186563  -137.337707
   44.998632     9.532786     5.997866    14.860298   -26.567226  -142.639833
   45.178616     9.826906     6.215783    14.845080   -25.073895  -148.439074
   45.518244     9.668686     5.710755    14.897183   -38.919898  -147.258071
   45.212035     9.804699     6.098810    14.864799   -46.318216  -130.934882
   45.189428     9.524446     5.969222    15.006426   -33.045679  -147.243229
   45.313367     9.549737     5.656687    14.853514   -49.138115  -127.609794
   45.494680     9.807437     6.078382    14.984227   -38.394930  -131.673816
   45.428330     9.902174     5.983663    14.805041   -44.501222  -136.519538
   45.312170     9.802559     6.118348    14.907991   -38.254805  -131.892763
   45.076258     9.797735     6.286309    14.940131   -43.088134  -141.421147
   45.092750     9.648620     6.001755    14.833807   -34.063631  -139.222915
   45.389111     9.719140     5.790648    14.849678   -44.556480  -149.106760
   45.166849     9.915513     6.206992    14.829164   -46.130750  -147.767364
   45.078384     9.784421     5.827447    14.585416   -41.996658  -139.920594
   45.156020     9.597563     5.728515    14.785057   -48.603699  -147.278873
   45.111991     9.800142     5.974437    14.725913   -46.584305  -139.376283
   45.140592     9.889697     6.127758    14.760315   -40.858212  -149.489263
   45.201433     9.636625     5.731540    14.779317   -58.542341  -116.617853
   45.602330    10.166763     6.317171    14.896539   -52.644924  -137.623251
   44.790486     9.405355     5.991033    14.815710   -17.342695  -147.129340
   45.201069     9.576305     5.981962    14.998903   -44.018885  -134.597795
   45.558098     9.767745     6.066915    15.155781   -61.529999  -126.689117
   45.127952     9.796054     6.354798    14.951521   -27.221479  -139.828563
   45.082090     9.630527     6.011618    14.893818   -48.779595  -118.758542
   45.088263     9.693259     5.977320    14.798671   -43.499001  -132.198114
   45.335104     9.604634     5.648795    14.750159   -35.151880  -129.879352
   45.140391     9.573261     5.792222    14.780298   -33.435484  -144.649861
   44.838049     9.623931     5.934780    14.707891   -50.588092  -131.563186
   45.444311     9.836620     6.046070    14.973395   -54.082281  -136.427344
   45.507767     9.818093     5.980868    14.955684   -49.133352  -132.920671
   45.158051     9.716246     5.855781    14.742373   -46.291947  -136.956096
   45.258752     9.898861     6.168552    14.857905   -48.645651  -132.581572
   45.534546     9.932569     5.909689    14.800863   -47.686379  -139.847266
   45.872229     9.898362     5.731035    14.902897   -45.505964  -134.703836
   45.372783     9.621904     5.699370    14.812272   -35.903625  -138.947862
   45.284670     9.750779     5.890874    14.796081   -42.387214  -135.713295
   45.071459     9.796204     6.064896    14.708223   -27.208772  -148.701353
   45.377791     9.856043     5.609070    14.541258   -44.522199  -138.803975
   45.150794     9.798273     5.904778    14.723321   -57.369490  -125.771425
   45.215791     9.689451     5.811487    14.745777   -39.972634  -137.725094
   45.868233    10.054040     6.183727    15.017036   -35.963366  -141.343695
   45.413914     9.713990     6.111959    15.080824   -43.762313  -128.550239
   45.393524     9.903336     6.316991    15.093212   -58.903946  -132.832402
   45.120075     9.718602     6.026247    14.810206   -31.194683  -151.878928
   45.463719     9.628693     5.928408    15.070259   -39.701321  -145.149840
   45.287548     9.779617     6.267378    15.077021   -46.688829  -135.745934
   45.051804     9.612162     6.129259    14.993791   -41.593599  -144.723947
   45.248452     9.438534     6.047935    15.148005   -24.862136  -139.182760
   45.213888     9.582295     5.954709    14.977937   -43.730513  -134.772537
   45.305660    10.048678     6.295674    14.814457   -47.133994  -135.246105
   44.936480     9.710106     6.059774    14.752201   -36.119335  -150.593842
   45.172286     9.621765     5.915469    14.887145   -48.051275  -126.094699
   45.444113     9.594497     5.858929    15.021139   -39.971289  -133.826906
   45.237767     9.683324     5.934839    14.827077   -31.214996  -140.413248
   45.253809     9.679811     6.215146    15.097375   -37.580031  -144.837010
   45.619820     9.566674     5.783075    15.151843   -51.133478  -126.001686
   44.945426     9.389636     5.836273    14.889798   -35.497963  -149.899155
   44.927982     9.778575     6.383364    14.940527   -41.679343  -138.185128
   45.705626     9.544835     5.615681    15.101962   -45.664330  -138.608343
   45.011112     9.404660     5.726247    14.853237   -48.508875  -130.729959
   45.089401     9.654318     5.852438    14.758224   -44.457890  -141.886921
   45.435985     9.834560     5.828230    14.750630   -37.774553  -144.700029
   45.496291     9.808721     5.875948    14.908114   -53.943354  -137.331147
   45.444491     9.895586     5.885747    14.778272   -49.082151  -142.600891
   45.459662     9.684596     5.859154    15.062496   -67.646201  -134.259566
   45.506844     9.604904     5.798567    15.002336   -38.525757  -136.243326
   45.926710     9.765302     5.609345    14.986649   -44.657643  -123.977602
   44.981434     9.752032     5.825527    14.555419   -45.320805  -129.569477
   45.585575     9.747564     5.657706    14.829878   -47.091292  -132.006532
   45.181332     9.874943     6.058049    14.771069   -53.471928  -130.642408
   45.393038     9.652244     5.908580    14.961135   -32.438178  -150.230422
   45.384230     9.790517     5.704844    14.697958   -51.391329  -124.002835
   45.400903     9.854563     5.785251    14.665467   -39.099170  -134.213648
   45.029195     9.893599     6.040560    14.624682   -46.322084  -137.068902
   45.613960     9.819159     6.044991    15.023384   -36.240759  -140.050908
   45.045815     9.755945     6.339896    14.932829   -25.106725  -144.824309
   45.067818     9.725827     5.968604    14.767623   -50.865967  -123.288977
   45.685519    10.074010     6.237429    14.953495   -44.866658  -136.062990
   45.374754     9.866974     6.190911    14.943062   -36.945976  -143.197933
   45.545422     9.719617     5.698972    14.834327   -40.698202  -130.424625
   45.104659     9.749539     6.209764    14.898484   -37.692332  -123.794578
   45.431294     9.537358     5.780582    14.972118   -33.038210  -126.068060
   45.131718     9.570913     5.900292    14.848336   -38.041739  -115.738105
   45.020655     9.612487     6.032667    14.835192   -31.368484  -137.125503
   45.319545    10.000360     6.045990    14.680137   -49.272701  -119.672308
   45.224041     9.599276     5.977835    14.901737   -22.924929  -141.500479
   45.547844    10.028884     5.991175    14.777028   -56.008997  -124.575815
   45.439274     9.853763     5.879375    14.835539   -57.023684  -134.365194
   44.674965     9.540293     5.854456    14.617442   -46.062179  -146.495393
   45.645617     9.910117     6.105327    14.996184   -39.194074  -138.172905
   45.237975    10.005230     6.349836    14.838830   -42.157249  -131.776045
   45.212668     9.895926     6.080977    14.734246   -38.996250  -137.805304
   45.118797     9.770250     6.116739    14.785677   -25.159915  -144.389162
   45.413889     9.725395     5.768397    14.816272   -39.871365  -146.263532
   45.173182     9.748806     5.701092    14.581285   -39.922684  -145.747593
   45.137582     9.578361     5.695103    14.728018   -46.638033  -127.952685
   44.883372     9.707026     6.319436    14.925715   -40.784970  -132.838160
   45.437862     9.891239     6.040668    14.922403   -61.668467  -124.646850
   45.772191     9.696836     5.705204    15.020329   -39.202736  -138.742807
   45.330229     9.559875     5.760550    14.842011   -25.363425  -134.465820
   45.353461     9.631463     5.988713    14.986629   -34.215107  -123.035765
   45.406714     9.740027     5.787879    14.803082   -44.711325  -126.572643
   45.245802     9.525146     5.671597    14.789027   -27.282471  -152.633318
   45.291376     9.870998     6.197830    14.882139   -38.871357  -129.261407
   45.146315     9.732728     5.913424    14.725888   -39.487908  -130.235759
   45.389439     9.603669     5.808311    14.972095   -51.522141  -121.670080
   45.204609     9.884834     6.187648    14.802021   -39.815898  -118.258840
   45.525573     9.779910     5.878386    14.900251   -38.886034  -141.718397
   45.194320     9.894977     5.987924    14.639556   -32.139934  -147.273709
   45.064777     9.881767     6.235794    14.868906   -60.635506  -134.267927
   44.976370     9.716509     5.968300    14.701767   -39.601152  -144.547085
   45.310607     9.796583     5.987544    14.843850   -42.659252  -138.193927
   45.080234     9.718680     5.991431    14.778800   -42.535489  -135.031010
   45.757972     9.940848     5.848394    14.787152   -22.502121  -144.850465
   45.194801     9.722555     5.928308    14.786812   -31.626165  -156.392177
   45.720109    10.000193     5.898742    14.806781   -36.912130  -151.115019
   45.671387     9.969714     6.248297    15.049378   -42.828629  -124.105913
   45.527713    10.013692     5.902237    14.649838   -30.400812  -151.207811
   45.392911     9.694396     5.957584    15.000185   -44.626507  -145.313098
   45.594312    10.031687     6.197506    14.881834   -29.450610  -153.207846
   45.373305    10.028546     6.043033    14.678296   -39.497671  -149.100908
   45.249918     9.678950     5.796256    14.749234   -33.059755  -145.647234
   45.434518     9.834270     5.827536    14.760178   -38.624815  -148.780075
   44.563357     9.607053     6.165159    14.715197   -39.566612  -142.039201
   45.290825     9.643837     5.778274    14.842314   -44.453972  -143.390250
   45.232942     9.517678     5.740846    14.818093   -28.023153  -136.220364
   45.607219    10.041453     6.013479    14.819105   -43.649921  -157.312933
   45.433726     9.690267     5.793220    14.896591   -38.643157  -154.754129
   45.507473     9.544757     5.720039    14.991813   -30.149229  -149.577154
   45.435833     9.494071     5.799539    15.075581   -34.498547  -148.403099
   44.809705     9.397126     5.929475    14.868958   -30.909433  -158.616093
   45.181764     9.738959     6.202062    14.966832   -30.783890  -154.080991
   45.529638     9.809732     6.121163    15.075374   -39.202068  -151.920596
   45.075048     9.962902     6.105070    14.615752   -40.108726  -145.999068
   44.959052     9.541140     5.785738    14.785340   -61.032165  -130.585587
   45.146444     9.761293     5.802846    14.633255   -40.198719  -145.064688
   45.224261     9.873355     5.943794    14.662344   -37.183045  -143.697936
   45.485472     9.780053     5.768181    14.729749   -27.058286  -131.721099
   45.230138     9.925880     6.049638    14.652064   -30.903082  -135.247578
   45.206917     9.690361     5.617063    14.521136   -26.774751  -130.114676
   45.208125     9.616395     5.846560    14.738970   -13.604231  -145.975705
   45.029686     9.643458     5.943135    14.765840   -41.014390  -124.766605
   45.409491     9.992665     6.068440    14.708535   -30.713370  -142.032599
   44.862544     9.615899     5.857518    14.594859   -34.864210  -125.984437
   45.121785     9.670763     5.766552    14.653895   -33.537972  -146.094010
   44.965954     9.881682     6.258376    14.726345   -35.432980  -138.061768
   45.357425     9.701296     5.641187    14.673889   -32.473666  -145.934140
   45.018827     9.735844     5.913906    14.549816   -16.759170  -131.828838
   45.138926     9.660960     5.665900    14.588728   -36.127611  -135.070222
   45.811729     9.727811     5.867086    15.043671   -18.602680  -133.843199
   45.441852     9.653732     5.721346    14.831162   -35.655909  -131.642954
   45.267166     9.592864     5.775412    14.806247   -33.723181  -127.068067
   45.282672    10.088863     6.326463    14.706861   -27.024668  -143.926745
   45.181164     9.855043     5.799501    14.521165   -33.744297  -138.734489
   45.331087     9.735761     5.697473    14.647152   -32.717017  -132.457897
   45.368746     9.867561     5.962587    14.823658   -56.271431  -124.246596
   45.145525     9.675575     5.758532    14.652626   -29.026118  -154.238780
   45.744724     9.989322     6.012645    14.840389   -25.462905  -135.449419
   45.310863     9.943321     6.147300    14.767468   -34.749452  -134.379153
   45.486517     9.826485     6.074796    14.958132   -39.691118  -129.017558
   45.280214     9.756488     5.891628    14.775508   -44.132023  -119.257829
   44.880344     9.401810     5.891435    14.787655   -20.128238  -133.470402
   45.289561     9.832476     6.129033    14.887751   -44.307351  -124.140997
   45.379432     9.810144     5.890542    14.737498   -33.188891  -121.521218
   45.193165     9.707067     5.960342    14.801357   -32.365976  -141.918504
   45.231242     9.908798     5.898398    14.596959   -42.448269  -129.496278
   45.092949     9.744984     5.818138    14.688315   -61.737865  -124.990646
   45.276623     9.751938     5.751152    14.622505   -28.001340  -136.070379
   45.562278    10.086450     6.152630    14.768213   -38.155041  -129.250026
   45.007164     9.942287     5.872140    14.378993   -34.725245  -138.875144
   45.382101     9.739541     5.757111    14.783119   -48.160706  -130.186623
   45.203106     9.857164     5.903428    14.656028   -36.908894  -157.259227
   45.446815     9.672129     6.121381    15.128439   -36.608074  -132.852749
   45.233461     9.828837     6.160781    14.834786   -31.775426  -130.065810
   45.370005     9.839150     5.850917    14.730843   -44.386495  -132.136912
   45.509118     9.875508     5.956464    14.837985   -34.926482  -146.517755
   45.137165     9.641338     5.922016    14.842738   -40.185259  -144.208753
   44.994539     9.597941     5.989464    14.857025   -38.525676  -151.362815
   45.526151     9.700538     5.734768    14.848602   -30.386245  -146.451437
   44.905230     9.684036     6.230363    14.973271   -57.233802  -138.914461
   45.199248     9.489748     5.644958    14.858013   -52.713060  -138.505447
   45.833680    10.010736     6.229298    15.107897   -35.145908  -156.406179
   45.719324     9.617659     5.769817    15.146144   -43.069197  -143.824226
   44.999544    10.082974     6.362822    14.664041   -49.881818  -132.446512
   45.177148     9.868095     6.233313    14.811444   -29.579970  -134.209404
   45.577131    10.039743     5.894759    14.622599   -33.357059  -127.243016
   44.979069     9.829192     6.204762    14.666091   -15.788068  -141.965956
   45.223712     9.783083     6.022991    14.757214   -24.117315  -142.657604
   45.103075     9.782803     6.228942    14.906426   -44.860842  -120.941816
   45.463222     9.884098     5.931002    14.787272   -40.203698  -135.358356
   45.145428     9.441642     5.707442    14.822336   -29.694715  -140.684112
   45.230112     9.707175     5.684555    14.597684   -29.521940  -140.530143
   45.455329     9.850264     5.798048    14.669676   -32.814053  -118.441755
   44.831273     9.829740     6.102815    14.489843   -12.175407  -146.008464
   45.305038     9.941682     6.292740    14.832014   -23.552461  -139.035907
   45.711633     9.978428     6.055183    14.850790   -22.677765  -135.042954
   44.837384     9.709665     6.045487    14.546313   -12.366513  -126.873757
   45.328071     9.859716     5.925945    14.634138   -23.736451  -111.117056
   45.408266     9.742795     6.136615    14.890972     0.487991  -141.417143
   45.049739     9.667424     5.672441    14.400643    -6.404400  -129.215045
   45.360281     9.860563     5.702106    14.471100   -12.264162  -143.765941
   45.396373     9.829590     6.007500    14.868757   -38.297425  -145.155720
   45.408837     9.651199     5.734028    14.787628   -29.464047  -124.049168
   44.614070     9.478441     5.847500    14.520935   -22.382471  -137.485055
   45.059294     9.491128     5.861245    14.777167   -17.142190  -134.114540
   45.344977     9.757508     6.128696    14.845154    -4.103011  -138.759732
   45.129944     9.588751     5.833075    14.750611   -30.825045  -122.724543
   44.964930     9.466238     5.860602    14.790884   -31.489144  -122.015095
   45.040203     9.870102     6.095471    14.662115   -42.359941  -118.884518
   45.061582     9.599344     5.815468    14.666328   -22.329673  -139.581468
   45.197915     9.704073     6.148165    14.919802   -26.298478  -137.550174
   45.376347     9.661948     5.664228    14.704326   -21.262606  -150.737451
   45.534218     9.731562     5.718768    14.823560   -38.922227  -131.706198
   45.490431     9.766438     5.700876    14.683536   -16.878352  -151.609060
   45.359339     9.870471     6.178852    14.903792   -38.824382  -125.301623
   45.342836     9.730500     5.906963    14.795505   -27.412794  -131.816838
   45.344087     9.849846     5.859413    14.639890   -26.139590  -136.205572
   45.738453     9.846510     5.798342    14.814695   -21.176897  -127.349491
   45.637718     9.689951     5.900619    15.027351   -25.777749  -139.859401
   45.618926     9.986861     5.909872    14.733094   -35.322355  -134.140826
   45.463108    10.045811     6.121583    14.781361   -51.438367  -122.191968
   45.049747     9.613047     5.918628    14.757368   -27.780757  -143.778152
   44.674216     9.976688     6.232315    14.489103   -48.247488  -140.834082
   45.050458     9.885417     5.934277    14.517193   -37.570779  -128.428969
   45.507527    10.037682     6.076415    14.754676   -38.724242  -141.124097
   45.348748     9.924881     5.990610    14.735839   -40.300203  -146.353299
   45.254064     9.727965     5.670939    14.567319   -30.171711  -126.776946
   45.274984     9.931471     5.949903    14.575464   -21.804167  -145.716628
   45.628954     9.926122     5.915566    14.788178   -27.923340  -141.073594
   45.202942     9.745416     5.780858    14.612526   -33.127663  -124.394673
   45.306297     9.848851     5.975955    14.730294   -35.240272  -126.466199
   45.421260     9.619914     5.637012    14.762567   -28.562420  -135.550935
   45.169713     9.752207     5.931342    14.723020   -41.360030  -109.273705
   45.263539     9.870929     5.852959    14.571130   -26.080315  -141.890748
   45.305271     9.878185     5.880512    14.660656   -44.404465  -121.968051
   45.193210     9.858752     6.093715    14.673298   -16.265829  -138.018166
   44.631042     9.952275     6.482224    14.671009   -45.324308  -123.231567
   44.843204     9.640570     6.210975    14.871690   -41.070095  -123.948422
   45.532497     9.838791     5.863123    14.842773   -46.176702  -127.852170
   45.220130     9.499148     6.030323    15.145612   -47.534742  -132.916592
   45.257535     9.654522     6.010509    14.960441   -40.769055  -133.982896
   45.597246     9.624630     5.839058    15.029422   -24.188830  -147.386806
   45.637099     9.790945     5.632464    14.840770   -49.807752  -148.562944
   45.234794     9.961198     5.966826    14.621022   -46.064842  -138.481618
   45.455408     9.772315     5.659136    14.726779   -47.391990  -136.031182
   45.044528     9.805525     6.054966    14.742188   -47.484082  -136.315511
   45.785958     9.970587     5.700177    14.681153   -27.957683  -140.355238
   44.974170     9.813870     6.179011    14.810863   -58.422075  -114.724701
   45.068570     9.469211     5.748960    14.806281   -41.729564  -120.555219
   45.017496     9.739462     6.060916    14.824686   -50.860790  -143.723224
   44.903285     9.567385     6.040823    14.946300   -61.905926  -132.958680
   45.055986     9.836486     6.140643    14.775340   -42.660369  -144.207100
   45.574418     9.922778     6.022282    14.860298   -28.877738  -152.757344
   45.541894     9.740983     5.751782    14.911901   -54.514505  -133.082096
   45.601547    10.047360     5.958537    14.720268   -48.169919  -111.340048
   44.970189     9.652917     5.758852    14.530308   -29.622555  -130.833780
   45.111586     9.934162     6.217305    14.745757   -45.574346  -121.496135
   45.326779     9.687717     6.035937    14.947090   -30.173239  -137.574760
   45.440301     9.812758     5.618284    14.578208   -31.669796  -135.721644
   45.058658     9.672428     5.983164    14.741381   -29.660301  -128.555513
   45.115227     9.632127     5.781549    14.685961   -33.459819  -136.926957
   45.100358     9.611706     5.989802    14.863623   -37.102658  -126.964262
   45.625462     9.821770     6.073273    15.036267   -37.432211  -126.109641
   45.215689     9.593530     6.003818    14.924121   -21.056777  -147.113882
   44.990902     9.782945     5.962027    14.570377   -28.495584  -128.883881
   45.153767     9.916186     6.145450    14.664939   -27.303261  -128.542866
   45.279038     9.844498     6.118048    14.846168   -39.002459  -131.319977
   45.050000     9.842892     6.138871    14.641668   -11.399338  -153.072969
   44.941590     9.679567     5.959361    14.647642   -32.610144  -118.669711
   45.666775    10.013116     5.878928    14.683190   -29.561004  -130.963947
   44.880816     9.793034     6.018553    14.589357   -40.502616  -129.544922
   45.395278     9.851309     5.900541    14.750084   -43.271027  -117.563763
   45.158591     9.961571     6.135103    14.666456   -40.272103  -128.281036
   45.295331     9.772077     6.029279    14.858503   -37.028529  -132.792838
   45.423392     9.933744     6.203682    14.931243   -42.280775  -142.744171
   45.229052    10.031461     6.055997    14.600122   -45.475677  -133.529260
   45.407958     9.555753     5.841473    14.987814   -28.950801  -142.094853
   45.338929     9.557938     5.893589    15.027374   -45.767794  -120.341088
   45.626024    10.006307     6.139381    14.932812   -39.942898  -152.587721
   45.782106    10.035633     5.973686    14.861185   -48.514174  -119.947700
   45.267261     9.763973     6.070233    14.929699   -50.258799  -125.764576
   44.993504     9.791196     6.167259    14.841133   -55.984452  -128.500289
   45.409519     9.663955     6.046401    15.062015   -36.684189  -137.536990
   45.329760     9.543837     5.690788    14.938752   -58.442595  -127.854238
   45.618466     9.851231     5.991698    15.032208   -58.994344  -127.064345
   44.922141     9.419508     5.831375    14.789849   -29.771349  -134.483185
   45.354232     9.782856     6.045460    14.977620   -58.918961  -122.198873
   45.666911     9.567547     5.527328    14.950302   -41.363812  -129.221992
   45.659097     9.749421     5.870305    15.042703   -49.402580  -131.280092
   44.889194     9.598991     6.154602    14.926187   -46.993868  -128.000979
   45.721083     9.872893     5.881755    14.899029   -39.395095  -115.406346
   45.335952     9.832221     5.775697    14.671079   -46.188995  -135.600419
   45.627698     9.861650     5.750667    14.805746   -49.076457  -125.999138
   45.545462     9.819647     5.737602    14.769911   -45.628019  -121.894934
   45.076615     9.909957     5.893673    14.504602   -42.962239  -135.957920
   45.409825     9.743998     5.653372    14.668987   -33.450421  -139.792419
   44.973391     9.886888     6.089766    14.609080   -36.898951  -144.635630
   45.164171     9.560807     5.832188    14.815763   -30.835803  -136.944757
   45.900960     9.791151     5.770178    15.147311   -57.405356  -145.409787
   45.293905     9.540713     5.937109    15.032295   -32.105805  -149.564743
   45.444526     9.864319     6.005483    14.797285   -24.607464  -143.180862
   45.342718     9.486452     5.971630    15.161959   -40.413049  -134.887562
   45.278224     9.903814     6.339925    14.993747   -52.768646  -113.220389
   45.486376     9.821377     5.779676    14.754052   -42.117178  -127.952634
   45.570824     9.917892     6.249939    15.117179   -56.174612  -131.868861
   44.989254     9.653437     6.199494    14.900581   -31.203874  -131.413177
   45.262474     9.876938     6.196610    14.939888   -57.969868  -127.955833
   45.282756     9.932262     6.251543    14.851052   -37.288471  -134.042256
   44.701961     9.630891     6.346945    14.941503   -46.077423  -130.178338
   45.118473     9.882584     6.072688    14.662806   -37.102254  -125.610901
   45.244363     9.798986     6.147343    14.920176   -46.309873  -125.135587
   45.358811    10.002019     6.001569    14.710048   -57.024209  -128.786750
   45.423317     9.822388     5.819112    14.791852   -49.422360  -141.241041
   44.882264     9.838323     5.840290    14.459243   -55.884802  -136.248234
   45.178170     9.707232     5.826801    14.696633   -41.139960  -116.579885
   45.299295     9.782043     6.153891    15.042916   -64.525447  -110.490320
   45.805480     9.903554     6.035215    15.124115   -53.693640  -142.004826
   44.955304     9.602282     6.141734    15.027698   -60.639808  -136.402985
   45.601302     9.877769     5.844729    14.885642   -57.503986  -133.092640
   45.114644     9.586558     5.844568    14.807844   -35.937770  -147.114013
   45.292748     9.782340     6.035237    14.935120   -55.544379  -135.140702
   45.297071     9.553576     5.847769    14.957362   -41.041214  -130.023368
   45.369993     9.912809     6.280765    14.942595   -32.949927  -144.629042
   44.975000     9.655978     6.173495    14.912127   -43.414765  -121.576311
   45.153020     9.565356     5.762596    14.766388   -34.336119  -138.310371
   45.593299     9.675904     5.919330    15.121398   -47.343483  -139.334186
   45.158131     9.499342     5.955457    15.066174   -50.109536  -139.411789
   45.362423     9.769355     6.234661    15.139862   -52.746755  -137.905602
   45.112493     9.590762     6.124709    14.997767   -27.223165  -152.423953
   44.940708     9.649616     6.342177    15.089857   -47.136361  -145.976044
   45.632871    10.131163     6.349290    14.927052   -41.115811  -137.972451
   45.738651     9.815385     5.851035    14.949772   -31.161876  -144.650125
   45.605076     9.891385     6.118548    15.029749   -48.289914  -129.531170
   45.523424     9.914258     6.120978    15.005187   -58.649824  -131.462336
   45.591797    10.060613     6.083458    14.811488   -51.006623  -122.925191
   45.551624     9.751186     5.761526    14.868628   -42.620895  -136.788848
   45.321990     9.634863     6.064654    15.056216   -41.926934  -122.961802
   45.167753     9.691918     5.623416    14.566216   -42.201979  -134.434570
   45.030488     9.781881     6.200722    14.819972   -40.563809  -115.764937
   45.117313    10.060994     6.164996    14.639492   -60.136989  -129.854005
   45.166576     9.761760     6.083417    14.934129   -60.167038  -132.733259
   45.238371    10.045411     6.225347    14.697905   -42.320575  -128.437032
   45.378013     9.943357     5.816781    14.627120   -55.163906  -117.847212
   45.553850    10.050157     6.354643    14.941331   -32.285271  -139.855258
   45.302810     9.683775     6.162969    15.088128   -46.328289  -121.841191
   45.341111     9.914196     5.985443    14.764649   -52.609113  -129.075611
   45.454562     9.693834     5.973901    15.044386   -50.801084  -121.280402
   45.053542     9.659598     6.110448    14.918815   -40.612788  -140.886503
   44.947929     9.680523     6.247346    14.896496   -33.781015  -129.630912
   45.659222     9.880315     5.966361    14.963988   -50.417053  -121.995688
   45.409318     9.995089     6.124462    14.758283   -40.178214  -119.349275
   45.715768     9.723880     5.670143    14.936628   -45.757515  -124.559709
   45.021776     9.529284     6.040692    14.992699   -48.540133  -127.988840
   45.433354     9.787690     5.897570    14.779514   -22.042530  -142.704470
   45.487472     9.911953     6.123780    14.804764   -15.151875  -134.229460
   45.361292     9.706017     6.133447    14.980469   -15.649228  -149.900999
   45.530538     9.739258     5.958054    14.938963   -21.727628  -145.544205
   45.489617     9.952536     6.125947    14.793535   -13.298515  -157.666719
   45.524649     9.868013     6.035315    14.834925   -14.056407  -153.026121
   45.150536     9.729508     5.897817    14.621896   -12.538079  -143.227658
   45.361138     9.761474     5.938275    14.758515    -6.830487  -161.316805
   45.784909     9.955553     5.819005    14.707517    -6.646703  -149.418550
   45.282530    10.004787     6.060904    14.564648   -15.716073  -150.141513
   44.544546     9.419980     5.996202    14.699051   -31.221376  -138.850890
   45.393210     9.805503     5.808777    14.614863    -9.191648  -142.825525
   45.084277     9.834637     5.883152    14.457158   -11.298830  -141.799918
   45.418070     9.890483     6.051328    14.705921    -2.930171  -151.302575
   45.330954     9.928356     5.885299    14.572474   -19.570832  -156.570961
   45.274644     9.901759     6.141944    14.737879   -25.788006  -125.425427
   44.914228     9.628766     5.839065    14.531740    -7.673517  -160.036544
   45.280617     9.835410     6.005618    14.717595   -27.298375  -127.074666
   45.532887    10.120257     6.284011    14.758834   -19.731673  -148.753439
   45.094805     9.602719     5.824735    14.721316   -35.432355  -114.166089
   45.334222     9.867648     6.107328    14.828799   -34.604587  -132.304604
   45.332167     9.707119     5.689171    14.660757   -28.093744  -139.777980
   45.528132    10.031523     6.043647    14.734917   -35.651841  -139.738754
   45.252975     9.902321     5.825627    14.530133   -30.694018  -142.458421
   45.639448     9.719927     5.800883    14.966287   -38.235262  -134.628389
   45.172866     9.618577     5.594862    14.582813   -33.615504  -132.744706
   45.035641     9.684471     5.731052    14.541406   -33.892120  -135.032177
   45.280877    10.035323     6.168313    14.560964    -3.950973  -151.622862
   44.770159     9.916115     6.252725    14.455972    -8.846438  -132.354339
   45.543413     9.904851     6.089750    14.822190   -15.865906  -131.969410
   45.095322     9.798915     5.784421    14.452567   -19.440744  -138.227939
   45.113890     9.735481     5.769980    14.525052   -20.505524  -141.070478
   45.353433     9.848093     5.900306    14.678336   -21.125052  -150.327574
   45.317582    10.076207     6.207814    14.675364   -34.269851  -138.448159
   45.174248     9.985787     6.122769    14.567206   -22.425479  -129.308091
   45.433131     9.920515     6.110302    14.787733   -26.734440  -120.255781
   45.498771     9.904267     6.082977    14.832234   -27.982686  -123.218830
   45.548419     9.808116     5.943760    14.805882   -13.445723  -124.220942
   45.180737     9.652611     5.881770    14.671502    -2.153507  -151.207605
   45.463034     9.728073     6.020047    14.879668    -2.828226  -150.163783
   44.821080     9.604719     6.124428    14.750061   -17.281253  -148.626717
   45.735436     9.648093     5.833725    15.067329   -14.510524  -154.481279
   45.574619    10.006132     6.110561    14.828288   -28.202394  -152.237009
   45.451070     9.968287     6.244706    14.894557   -34.369128  -136.309658
   45.102376     9.634624     5.829859    14.638683   -10.119221  -153.622131
   45.498174     9.791767     6.052666    14.837852     2.718582  -151.867425
   45.194938     9.486333     6.066552    15.031204   -14.827985  -138.209060
   45.294552     9.614248     5.824245    14.779802   -16.476070  -137.923958
   45.164644     9.526428     5.974997    14.881207    -4.613856  -156.802955
   45.214325     9.474917     5.963080    15.018957   -27.871490  -130.231285
   45.059335     9.679678     6.076183    14.794331   -27.027965  -127.051482
   44.739509     9.598812     6.013018    14.601771   -16.512906  -142.013497
   44.944584     9.767722     6.221428    14.793134   -38.864712  -113.995797
   45.506627     9.768644     5.865714    14.857291   -35.430381  -127.517580
   45.139727     9.832239     5.921004    14.665799   -50.703836  -124.502127
   45.290714     9.853409     6.220681    14.882092   -28.991314  -134.953251
   45.161434     9.535339     5.926295    14.935791   -36.477277  -134.370303
   44.960864     9.624487     6.077109    14.819895   -33.191319  -129.336454
   45.174388     9.663783     5.795149    14.688042   -33.594544  -123.926034
   45.874251     9.813987     5.768031    14.961892   -30.717121  -132.000096
   45.044084     9.776211     6.193690    14.823559   -37.711511  -124.966533
   44.788717     9.541840     6.010408    14.728324   -28.208881  -136.334092
   45.018014     9.653471     6.175523    14.868002   -21.624610  -140.586454
   45.092106     9.622308     5.980482    14.806442   -27.105164  -135.148172
   45.138587     9.549284     5.815833    14.751613   -18.721810  -141.557770
   45.438610     9.769518     5.947768    14.805680   -15.130562  -140.973591
   45.274266     9.861058     6.176885    14.846321   -33.031742  -133.048962
   45.215321     9.646381     6.092955    14.874039    -8.138000  -142.135443
   45.174080     9.904837     6.210638    14.784695   -36.987419  -133.266998
   45.199301     9.652000     6.066824    14.874565   -19.180005  -133.776742
   45.152880     9.564498     5.984100    14.885927   -19.233736  -145.008441
   45.154485     9.913887     6.484498    14.997295   -44.051121  -123.561575
   45.208596     9.754892     6.253877    14.987496   -31.557487  -142.496804
   45.066729     9.722273     6.281858    14.956537   -31.316150  -141.231878
   45.458475     9.918026     6.037373    14.801377   -27.183831  -153.842810
   45.168949     9.514182     5.827949    14.881170   -28.600652  -153.262766
   45.697029     9.860877     5.980363    14.975153   -30.383235  -150.383883
   45.579815    10.012797     6.027839    14.757905   -24.786441  -156.161686
   45.576306     9.760927     5.987761    14.981493   -22.030737  -152.485593
   45.475926     9.671721     5.814987    14.892452   -35.183627  -120.070197
   45.130874     9.681113     6.099841    14.866984   -28.755461  -131.213346
   45.337054     9.830616     6.001601    14.779727   -34.589800  -122.582059
   45.465480     9.709751     5.967509    14.910589   -19.881458  -134.098757
   45.250764     9.668140     5.951956    14.835700   -21.789402  -148.208161
   45.158170     9.601454     5.925694    14.826483   -27.064549  -135.727229
   45.314719     9.722770     6.111614    15.003064   -28.958055  -161.315628
   45.245846     9.752466     6.082569    14.821074   -19.060062  -140.625108
   45.259608     9.552105     5.925519    14.962960   -26.394978  -149.909041
   45.377756     9.812852     6.082593    14.860368   -26.388533  -133.418712
   45.155673     9.750252     6.122353    14.760761   -10.816039  -138.908927
   44.947327     9.450081     5.701738    14.742957   -45.107108  -140.063592
   45.461028     9.861336     6.023896    14.773779   -15.817731  -134.914896
   45.112512     9.569472     6.092835    14.961513   -23.386139  -145.081244
   45.501308     9.522505     5.652828    14.873864   -13.964472  -140.642521
   44.959501     9.730643     6.239119    14.852807   -34.194999  -134.358147
   45.466874     9.808860     6.120646    15.004788   -41.636910  -126.110649
   45.450799     9.751110     6.045037    14.954181   -23.970359  -147.395769
   45.308568     9.836958     6.197494    14.949832   -35.399146  -151.234418
   45.428754     9.931054     6.095755    14.760280   -22.560592  -134.431562
   45.425475    10.023360     5.940205    14.596526   -32.903380  -139.131628
   44.963553     9.661664     5.936278    14.726373   -46.762866  -124.953913
   45.581752     9.813438     5.720525    14.765272   -32.054173  -147.349948
   45.585530     9.840073     5.947410    14.930997   -44.311355  -130.720117
   45.458253    10.102976     6.118783    14.701663   -49.001173  -120.658291
   45.275379     9.634324     5.751480    14.797312   -39.383572  -142.545039
   45.480200     9.641203     5.769328    14.965342   -48.823174  -133.557858
   45.216932     9.996178     6.270572    14.792238   -44.569568  -135.684608
   45.274208     9.500139     5.668490    14.797453   -22.913239  -145.068950
   45.274986     9.746166     6.051873    14.820361    -9.118827  -163.154458
   45.572254     9.892495     5.820258    14.691048   -17.717081  -149.043241
   45.173880     9.860000     6.031872    14.685795   -28.550041  -149.463162
   45.823688     9.977937     5.735824    14.720113   -28.724239  -136.875850
   44.898441     9.955563     6.039562    14.431289   -35.095166  -135.907770
   45.210972    10.001119     6.184039    14.719457   -46.025019  -132.138800
   45.254175     9.700238     5.905056    14.846322   -43.655789  -136.831989
   45.438881     9.933619     5.884741    14.748056   -58.512405  -125.371140
   45.324378     9.859476     6.039333    14.833644   -44.792411  -138.351948
   45.159672     9.738621     6.025638    14.828892   -40.868764  -137.532120
   45.085751     9.664761     5.898337    14.726387   -30.393472  -144.787458
   45.501326     9.794587     5.915343    14.895305   -35.253352  -149.014028
   45.238484     9.934307     6.053565    14.697633   -39.672669  -142.328222
   44.982767     9.882255     6.307394    14.780911   -37.302159  -137.472168
   45.477262     9.955776     5.951335    14.750718   -48.529819  -120.741693
   45.303661     9.788094     5.867489    14.783012   -54.569617  -119.793777
   45.131300     9.839951     5.962151    14.525095    -7.291073  -142.822809
   45.288546     9.871329     6.207535    14.837804   -25.588594  -135.551090
