   46.323360    10.025675     5.967551    15.261538   -49.412156  -146.414251
   46.626126    10.139333     5.990441    15.274834   -29.730974  -148.000959
   46.296964     9.875325     5.888773    15.367672   -49.025812  -141.229718
   46.083766     9.860725     5.952557    15.230460   -42.583634  -124.467970
   46.221934     9.943275     5.810974    15.100880   -37.186731  -127.305354
   46.046300    10.016047     6.094221    15.127313   -40.111858  -141.377811
   46.143095    10.052572     6.004773    15.099449   -46.083517  -137.995978
   46.107383    10.123160     5.859428    14.857841   -40.349623  -133.922929
   45.935157     9.820315     5.973349    15.176910   -31.303697  -150.364586
   46.458825    10.007878     5.968569    15.331420   -38.736317  -137.721088
   45.940778     9.758430     5.766820    15.092620   -33.586926  -140.361449
   46.105712     9.950635     5.956243    15.170753   -52.127687  -118.189116
   46.581982    10.074573     5.834560    15.191036   -28.983699  -138.803135
   45.877118     9.940281     5.965766    15.036126   -41.778263  -149.054762
   46.029240    10.052869     6.105983    15.132161   -51.373754  -141.559985
   46.164932     9.997207     5.956362    15.097293   -24.687828  -159.078325
   46.368910    10.050480     5.975749    15.239001   -39.427832  -153.752363
   46.244094    10.167304     6.023748    15.046860   -49.358306  -132.944330
   46.308343    10.102873     5.789023    14.987440   -43.700205  -142.408264
   46.336329    10.096961     5.861269    15.114486   -56.856960  -135.512939
   46.042748    10.143812     6.236191    15.110529   -47.918069  -139.835534
   46.257926    10.118737     6.024778    15.137642   -56.904471  -121.068119
   46.138491    10.040429     5.826238    14.986148   -44.530186  -143.614302
   46.372562    10.045223     5.942489    15.211968   -44.100086  -137.532434
   46.241221    10.286261     5.995366    14.924512   -61.306202  -124.205181
   46.538682     9.927721     5.549742    15.148135   -32.567245  -126.985517
   46.243298     9.929804     5.929891    15.252424   -36.777642  -151.306355
   46.062457    10.059104     5.845367    14.902809   -40.981763  -137.463315
   46.240100    10.189659     6.116195    15.051373   -33.033766  -153.066931
   46.274044    10.079753     5.812645    15.004358   -40.358175  -146.879733
   46.386284    10.161621     5.923519    15.011322   -32.533284  -140.777784
   45.820160     9.946633     6.002652    14.995938   -44.521100  -126.192970
   46.383212    10.096872     5.750861    15.008561   -39.094882  -148.553708
   46.601169    10.204475     6.182847    15.403515   -48.777952  -146.353691
   46.591469    10.125747     5.940419    15.272743   -48.907014  -119.529274
   46.076636    10.072159     5.723125    14.818007   -41.454874  -139.457186
   45.948096     9.755642     5.589927    14.966331   -25.610157  -155.333011
   46.409238    10.222903     6.144252    15.172443   -44.228604  -141.441668
   46.127932     9.904435     5.957815    15.186224   -25.502604  -156.695145
   46.530197    10.228256     5.920887    15.101969   -57.101562  -120.426839
   46.402015    10.191859     5.903084    14.943267   -13.705428  -167.253541
   46.206848     9.909422     5.879044    15.142598   -23.751804  -135.844016
   46.761778    10.156084     5.893140    15.273697   -30.588462  -140.751228
   46.654033    10.255646     5.796680    14.970245   -33.787383  -139.595950
   46.490225    10.180071     6.064051    15.234121   -44.976468  -146.167919
   46.243270    10.041422     5.998091    15.114909   -27.154332  -148.139732
   46.053992     9.811230     5.778711    15.156627   -43.441952  -138.098176
   45.973801    10.118403     6.008556    14.890271   -32.933200  -152.949892
   46.431264     9.931727     5.559705    15.093669   -37.472549  -135.921565
   46.341934     9.978606     5.640654    15.073902   -50.746211  -130.223137
   46.207665     9.864650     5.510720    15.050524   -52.062546  -138.494207
   46.506585    10.283483     5.854211    14.981629   -54.062551  -139.262547
   45.998599     9.845627     5.827769    15.094432   -25.882077  -165.321654
   46.232177    10.154782     5.925399    15.004800   -49.637242  -143.632039
   45.973643     9.795481     5.740666    15.092399   -40.173483  -146.750434
   46.206698     9.933201     5.737315    15.114808   -52.975391  -129.882918
   46.629067    10.131569     5.695974    15.070548   -41.045201  -133.383979
   46.285182     9.967409     5.913365    15.166565   -23.810679  -149.489781
   46.045748    10.080400     5.743862    14.810568   -40.937167  -144.127618
   46.223253    10.202715     5.776743    14.791160   -41.772077  -139.307366
   46.622513    10.214296     5.827977    14.974748   -18.102977  -140.761031
   46.088142    10.200141     6.019766    14.902124   -52.833094  -114.052940
   45.908970    10.059528     6.022666    14.878515   -25.791228  -142.385756
   46.278739     9.859566     5.696557    15.161347   -31.493783  -143.263644
   46.219871    10.259259     6.179787    15.026055   -44.604342  -139.408249
   46.250712    10.025214     5.892323    15.147803   -48.181115  -145.783647
   46.356486    10.177408     5.849726    14.931152   -27.049782  -158.843532
   46.035350    10.241747     5.977431    14.786007   -45.367020  -136.539511
   46.206610     9.989605     5.576631    14.850121   -32.588834  -134.643224
   46.251713    10.278605     5.937392    14.806275   -37.057877  -137.591350
   45.914920     9.890304     5.911251    14.994786   -22.736118  -147.504633
   46.373184    10.225906     5.822052    14.857267   -34.954251  -141.019808
   46.304036     9.977580     5.728554    14.952963    -2.425643  -152.935870
   46.525726    10.014831     5.856208    15.280444   -30.546761  -156.255192
   46.264093    10.316251     6.189588    14.944053   -28.645682  -151.447872
   46.318372    10.132796     5.881894    14.923511   -13.548303  -156.666628
   46.304264    10.174129     5.720424    14.800260   -35.938361  -134.688017
   46.364558    10.224194     6.001162    15.021388   -40.486059  -146.092150
   46.405104    10.238474     5.733760    14.837343   -41.202971  -145.573565
   46.399154    10.303816     6.003014    14.996318   -52.919988  -140.633253
   46.064974     9.874380     5.968770    15.191722   -33.600586  -140.459420
   46.485850    10.086588     5.705989    14.972804   -23.500584  -132.308342
   46.275822     9.967146     5.580595    14.937303   -35.192891  -133.436237
   45.766031     9.930785     5.836106    14.848481   -42.838379  -121.113571
   46.339900    10.010979     5.731411    15.044590   -35.220301  -141.387253
   46.444127     9.892087     5.523796    15.071922   -22.776670  -133.361778
   46.099684     9.895930     5.947068    15.134337   -25.322002  -132.119216
   46.184200     9.688473     5.423407    15.097190   -31.766826  -137.224380
   46.087826     9.908816     5.801464    15.037937   -35.573253  -130.341738
   46.039330     9.820172     5.682175    15.040985   -38.810888  -134.085604
   45.800876     9.616307     5.853522    15.207750   -31.661028  -135.589510
   46.224140     9.940745     5.729742    15.069744   -43.464877  -127.351799
   46.721624    10.053236     5.630743    15.266380   -47.346781  -150.663981
   46.249924     9.847503     5.518582    15.072763   -47.447927  -129.420627
   46.180874     9.832404     5.655405    15.113752   -38.054489  -139.895520
   46.632924     9.920871     5.653878    15.327958   -30.223291  -142.057133
   46.150072     9.924046     5.971406    15.254153   -49.277171  -138.213513
   46.359736     9.930438     5.790914    15.184104   -27.126094  -143.494941
   46.209491    10.120104     6.121488    15.191368   -52.782065  -143.377266
   46.079017     9.916706     5.730066    15.055347   -53.863491  -135.710948
   45.927284     9.921650     5.918653    15.138661   -70.239119  -119.914565
   46.017193    10.049601     5.756483    14.875194   -45.822983  -150.808429
   46.488046    10.022837     5.832174    15.261187   -44.707044  -146.595343
   46.293074    10.034555     6.072395    15.260925   -42.740534  -134.111041
   46.221113     9.916061     5.983745    15.330185   -50.856591  -136.600450
   46.184949     9.836252     5.650303    15.166186   -47.320829  -148.530856
   45.980662    10.156491     6.106107    14.981753   -44.877370  -155.025561
   45.948291     9.620651     5.715327    15.237908   -30.769485  -155.313674
   46.402369    10.053669     5.763232    15.122898   -43.796340  -154.197732
   46.458473     9.886304     5.679050    15.306097   -42.213498  -148.619413
   46.166598     9.998145     5.937422    15.154284   -40.556723  -158.516482
   46.334672     9.952000     5.975310    15.375441   -38.209708  -167.889935
   45.941744     9.775303     5.608070    14.981864   -36.109478  -147.338356
   46.164664    10.059116     6.102793    15.203454   -47.363363  -146.739214
   45.971176     9.847850     5.701956    15.027178   -51.144964  -133.255601
   46.167648     9.961071     5.970816    15.223460   -47.679449  -144.336862
   46.425275    10.066873     5.862706    15.167667   -44.602913  -141.380217
   46.428741    10.109164     6.135455    15.340330   -42.270544  -151.459113
   46.186669     9.881125     5.631949    15.067786   -39.267882  -151.155919
   46.406795    10.051949     6.028908    15.378524   -60.377664  -141.319673
   46.024179     9.944905     6.135842    15.355403   -53.158031  -165.615427
   46.250800     9.777615     5.650079    15.306035   -53.068225  -143.943221
   46.247030     9.814068     5.619789    15.155674   -32.545888  -150.248544
   46.324320     9.815959     5.808836    15.443132   -59.604780  -133.587502
   46.351153    10.100587     5.906472    15.154513   -47.008662  -156.084334
   46.537939     9.840374     5.597084    15.411439   -56.530111  -133.319268
   46.165580     9.864373     5.790197    15.239453   -55.991300  -139.684032
   46.382958     9.802149     5.747459    15.428847   -51.086113  -135.026616
   46.389178     9.811798     5.711716    15.409812   -45.036404  -158.125545
   46.479500     9.989155     5.862370    15.299748   -40.220989  -142.486420
   46.122899     9.972177     5.932869    15.088474   -30.334909  -151.253633
   46.221180    10.186962     6.045857    14.992388   -44.071914  -124.323967
   46.208990    10.247287     6.163048    15.019451   -46.360807  -133.716759
   46.035798     9.976542     5.835134    14.931798   -33.341372  -123.325451
   46.115686     9.937390     5.727113    15.026321   -50.202146  -128.495746
   46.211496    10.140384     6.019207    15.068499   -54.176791  -126.224664
   45.899774    10.018341     6.102536    15.064699   -47.078917  -139.736410
   46.093740     9.974185     5.953042    15.178045   -48.779314  -155.508147
   46.641824    10.121695     5.924839    15.321731   -45.420928  -148.149687
   46.112537     9.923585     5.808993    15.139404   -48.809663  -152.515642
   46.233700    10.031751     5.950585    15.171957   -40.375878  -160.235845
   46.170283     9.860480     5.842830    15.296350   -54.015110  -148.464146
   46.160809     9.990771     5.871795    15.121776   -51.741273  -141.320793
   46.012984     9.716670     5.653819    15.132342   -38.396627  -140.797130
   46.105731    10.097598     6.071201    15.137250   -65.820891  -120.136879
   46.815538    10.275551     6.071477    15.312773   -34.468182  -142.797347
   46.350135     9.871647     5.560938    15.136656   -30.363998  -163.940699
   46.520465     9.979412     5.937360    15.456761   -56.138801  -127.971878
   45.985406     9.869172     6.108180    15.285387   -45.774054  -129.496104
   46.415989    10.114989     6.042330    15.204922   -28.359370  -159.408756
   46.491490    10.094126     5.958783    15.283291   -42.630525  -157.717821
   45.746475     9.746090     5.802780    15.047407   -39.521005  -151.728522
   46.169432     9.925144     5.843813    15.173242   -44.693083  -149.459241
   46.276723    10.152488     6.183441    15.278920   -65.812995  -127.203867
   46.138252     9.912295     5.793412    15.158474   -51.000339  -148.061307
   46.300527     9.996634     5.696576    15.143681   -61.534336  -144.580948
   46.314982    10.007100     5.990299    15.323622   -51.641584  -152.624077
   46.159948    10.030395     5.787634    15.032880   -50.508586  -150.864750
   46.483459    10.048770     5.885328    15.257862   -48.239997  -133.456408
   46.312977     9.875796     5.747893    15.264847   -42.922472  -150.574714
   46.384064    10.040764     5.742515    15.094516   -48.011480  -138.080994
   46.581841     9.983924     5.773136    15.351433   -45.357029  -148.231883
   46.133693     9.932030     5.748346    15.001633   -25.643947  -155.794803
   45.966581     9.916727     5.848279    15.042668   -43.192160  -149.119985
   46.508808    10.147310     6.013379    15.256494   -51.553638  -131.635345
   46.042450    10.012327     6.151352    15.162377   -32.716862  -152.712311
   46.238536    10.109774     5.957165    15.077875   -41.306322  -156.384085
   46.056997     9.835114     5.834463    15.179066   -42.868195  -144.479596
   46.673425    10.053901     5.896243    15.441252   -47.338001  -152.266230
   45.892933     9.679219     5.605231    15.075215   -46.329377  -133.182091
   45.915170     9.678151     5.668866    15.139724   -42.210917  -144.461656
   46.312845    10.171412     6.011258    15.065640   -39.929724  -149.464373
   46.302988    10.047683     5.742656    15.032117   -39.879759  -155.028322
   46.116213     9.834771     5.952754    15.318144   -43.546613  -146.616434
   46.340592    10.034238     5.830465    15.143600   -41.980438  -153.812177
   46.518287    10.161375     5.906025    15.167587   -44.428102  -152.721717
   45.843049     9.911810     6.119016    15.123202   -37.143897  -140.107065
   46.094486     9.726442     5.647488    15.200822   -46.435481  -133.249519
   46.050290     9.848560     6.047098    15.253662   -24.687590  -151.161500
   46.703661     9.986616     5.697336    15.396772   -47.871327  -146.229389
   47.170667    10.284715     5.926235    15.476257   -27.870861  -156.959664
   45.804874     9.921898     5.945036    15.010533   -42.617623  -153.294582
   46.585751    10.127327     5.895804    15.269859   -52.114406  -143.978124
   46.099722    10.019029     5.599894    14.885878   -65.091718  -119.946469
   46.462697    10.019670     5.550259    15.044272   -50.734348  -133.142682
   46.018006     9.832772     5.625368    15.029588   -48.684492  -143.206148
   46.015302     9.846398     5.484890    14.823668   -24.936040  -152.283831
   46.358053    10.044468     5.828236    15.139437   -45.296887  -147.039122
   46.626885    10.055945     5.516300    15.052598   -40.162874  -142.046535
   46.712552    10.144965     5.446321    14.913133   -31.628679  -151.933589
   46.601596    10.259468     6.059029    15.177176   -36.170333  -151.943149
   46.487087    10.143810     5.623986    14.916321   -36.529802  -149.674875
   46.510453    10.385790     6.013301    14.922512   -42.242322  -142.168318
   46.292892    10.298867     5.997464    14.953550   -57.740759  -139.084865
   46.448806    10.170526     5.681242    14.945329   -47.022547  -147.244476
   46.333960    10.046414     5.784974    15.109715   -48.159702  -149.297396
   46.135285     9.788270     5.795091    15.276489   -37.416174  -160.307920
   45.825829    10.016400     6.024024    14.967320   -45.684728  -144.642776
   46.224221    10.189722     5.858446    14.924315   -51.417832  -145.155610
   46.541847    10.256040     5.826606    14.989353   -42.124529  -152.362212
   46.419629    10.182305     6.001554    15.194329   -60.059425  -140.123286
   46.694740    10.053743     5.629772    15.202699   -38.755418  -150.396247
   46.936332    10.148491     5.854678    15.440627   -38.194473  -145.290185
   46.288102     9.925085     5.665816    15.079718   -28.110554  -160.233948
   46.769225    10.192674     5.618893    15.063548   -44.364381  -145.678195
   46.388143    10.170442     5.751466    14.963048   -43.952502  -155.343925
   46.170978     9.884457     5.610552    15.009847   -39.702996  -134.928741
   46.693154    10.274798     5.711126    14.968124   -48.801484  -135.058419
   46.519522    10.270707     5.728646    14.879801   -39.299087  -155.737153
   46.409855    10.079426     5.776146    15.086187   -48.540728  -136.683217
   46.396465    10.302279     6.169020    15.099349   -43.078668  -151.444279
   46.628000    10.158397     5.642398    15.026743   -49.551127  -130.241492
   46.343806    10.258552     5.955735    14.923618   -39.001571  -145.231385
   46.399474     9.915717     5.474818    15.079617   -48.980357  -136.252258
   46.276539    10.117587     6.109566    15.262307   -62.442101  -135.457827
   46.585993    10.153804     5.847814    15.178951   -45.160060  -150.857825
   46.492080    10.124261     5.713122    14.955776   -25.678265  -147.342306
   46.658645    10.241993     5.630939    14.911343   -45.811864  -132.996703
   46.048659    10.207268     5.892097    14.770045   -43.671483  -138.529925
   46.027006    10.188567     6.154519    14.916591   -23.965379  -157.819830
   46.552409    10.145916     5.991666    15.235619   -28.846400  -163.387624
   46.262638     9.943380     5.789796    15.080100   -16.268003  -161.007548
   46.178263    10.248295     6.053157    14.907679   -36.705455  -151.144791
   45.864176     9.729727     5.681274    15.043858   -36.329450  -152.363578
   46.444623    10.149174     5.858604    15.051658   -36.840920  -149.358948
   46.294185    10.228818     5.855156    14.915029   -52.284798  -141.957613
   46.583030    10.118390     5.730395    15.029034   -16.101950  -160.898205
   46.085780     9.917123     5.731123    15.030425   -44.501690  -143.077247
   46.843738    10.325655     5.779980    15.032427   -41.393155  -143.637812
   46.423116     9.993552     5.718579    15.163412   -47.576718  -136.902554
   46.222517    10.127741     6.018092    15.074963   -45.262522  -142.692258
   46.217002    10.209107     5.869301    14.853414   -34.033518  -158.776408
   46.457164    10.101442     5.743090    15.017863   -31.658778  -151.143910
   46.626983    10.185551     5.909110    15.163353   -38.311567  -143.658465
   46.395060    10.203932     5.761409    14.892613   -42.838565  -141.617549
   46.353942    10.273784     5.799975    14.808099   -38.611566  -149.902230
   46.436998    10.138858     5.995806    15.215602   -42.272778  -158.826524
   46.189305    10.075089     5.958366    15.062265   -34.284437  -158.992879
   46.621443    10.345864     6.194181    15.182831   -34.230233  -153.066169
   46.329484    10.162752     5.950806    15.035187   -35.624201  -154.699209
   46.213296     9.995961     5.953829    15.209947   -41.521105  -160.108527
   46.493981    10.177169     6.025102    15.205339   -43.999009  -146.513171
   46.235454     9.861778     5.670530    15.174415   -40.390795  -157.362328
   46.216605    10.064545     5.879222    15.062528   -44.140385  -151.428669
   46.358053     9.982413     5.728463    15.143993   -43.217494  -149.648672
   45.936032     9.900318     5.578802    14.856254   -39.089992  -159.001759
   46.016353     9.822296     5.721538    15.116129   -47.241322  -149.541449
   46.508799    10.051679     5.446033    14.954302   -43.890032  -147.744532
   46.507075    10.180346     6.293399    15.389064   -32.962005  -144.624619
   46.157607    10.052470     5.880079    15.001190   -42.438633  -138.769557
   46.740026    10.167374     5.491760    15.031406   -53.522460  -145.643890
   46.614671    10.127553     5.665719    15.131918   -55.587258  -142.508078
   46.160515     9.764407     5.588608    15.174958   -38.177017  -159.087150
   46.299017     9.987529     5.682295    15.077918   -45.491885  -150.734644
   46.364760    10.100874     6.065999    15.327791   -60.647307  -146.623981
   46.003976     9.986722     6.007196    15.112007   -44.979313  -150.674807
   46.123989    10.101573     5.697296    14.815671   -46.085918  -139.204663
   46.339034    10.032095     5.925993    15.218994   -41.834247  -155.284728
   46.300324     9.859670     5.659147    15.203790   -44.200452  -143.784203
   46.035806     9.807332     5.645303    15.059209   -41.462113  -146.483393
   46.227495     9.955719     5.760969    15.154485   -61.091692  -129.000180
   46.417237    10.361999     6.403027    15.214617   -44.980754  -141.255620
   46.483903     9.969362     5.766198    15.265853   -39.732139  -149.210034
   46.505189    10.285024     6.089174    15.130217   -48.072004  -140.042303
   45.901345    10.068042     5.907003    14.882649   -41.917215  -156.306884
   46.188244    10.055314     5.885356    15.040802   -41.943812  -148.349967
   46.599230    10.160320     5.838364    15.144605   -40.611123  -149.196308
   46.393383     9.903583     5.497773    15.095646   -42.899883  -144.701732
   46.410824    10.252634     5.759222    14.849356   -39.394556  -152.336343
   46.368127    10.031211     5.644454    15.047712   -53.455886  -135.147808
   46.125984     9.747265     5.479249    15.069229   -37.422430  -151.126294
   46.559779    10.067878     5.798370    15.241235   -43.797337  -154.063920
   46.631118    10.410747     5.972227    14.916145   -32.595356  -154.280752
   46.592682    10.142916     5.868830    15.186632   -37.208613  -154.807821
   46.535332    10.309230     6.050817    15.016528   -30.442482  -144.009858
   46.151839     9.790341     5.868111    15.347116   -45.274539  -147.848439
   46.013364     9.840178     5.727998    15.015467   -29.626519  -148.093074
   46.506503     9.846295     5.638846    15.269495   -15.841331  -145.180581
   46.054493     9.901384     5.646474    14.941085   -35.952633  -147.917054
   46.247206     9.781437     5.660062    15.231880   -31.068901  -155.754439
   45.953545     9.909392     5.976301    15.139137   -40.059866  -156.341081
   46.307427    10.231029     6.093578    15.005557   -29.299414  -150.827326
   46.799261    10.525869     6.074786    14.962947   -35.387727  -150.595081
   46.262280    10.019140     5.930096    15.183077   -45.689918  -147.406080
   46.446757     9.822226     5.705657    15.417508   -39.409432  -160.365647
   46.403481    10.058629     6.095439    15.345311   -41.263220  -148.261872
   46.266711     9.877488     5.689448    15.249319   -57.119282  -148.227198
   46.434447     9.935540     5.613985    15.173387   -39.942563  -153.769461
   46.108019     9.913625     5.903650    15.166053   -40.795633  -147.436938
   46.187543     9.728867     5.819927    15.413170   -43.474301  -149.805382
   47.031123    10.198096     5.799181    15.444689   -47.059669  -153.797051
   46.198781    10.147899     6.123062    15.085741   -38.345692  -144.240110
   46.484308    10.125701     6.107782    15.270992   -29.596296  -140.611786
   46.313465    10.023612     6.086654    15.337950   -50.685203  -136.508530
   46.647994     9.927026     5.500030    15.174135   -19.088507  -150.659961
   46.232966     9.998012     5.757275    15.020659   -36.064278  -147.562043
   46.251546    10.147980     6.062233    15.091898   -41.441310  -146.103493
   46.506157    10.026337     5.858232    15.220577   -27.733604  -143.932791
   46.474085    10.082907     5.824354    15.121458   -33.136089  -151.378269
   46.313462     9.844911     5.832852    15.267396   -17.907845  -146.674561
   46.460071    10.132343     6.009581    15.231418   -47.244801  -140.807509
   46.343903     9.919970     5.754594    15.204864   -39.105830  -143.850938
   46.162885    10.081099     5.896189    14.967241   -33.581689  -150.089824
   46.144043     9.821987     5.857258    15.245078   -36.254388  -142.768401
   46.362589     9.867786     5.740945    15.285665   -43.166050  -135.602504
   46.321164    10.037331     6.068593    15.346026   -57.469186  -138.698986
   46.269636     9.994084     5.685064    15.093969   -57.348900  -143.735657
   46.150543    10.042763     6.102346    15.214799   -43.497097  -154.638645
   46.196782     9.928179     6.046611    15.327642   -38.118397  -156.476369
   45.962059     9.718485     5.814838    15.227144   -42.937873  -138.106736
   46.306871    10.000566     6.072809    15.356939   -45.769479  -150.783343
   46.111681     9.818511     5.958040    15.265331   -25.672466  -146.344812
   46.385978     9.980554     5.609920    15.087859   -41.709540  -154.895633
   46.132881    10.044549     6.103949    15.246648   -53.836312  -152.095815
   46.401462     9.843071     5.632056    15.298216   -43.779591  -151.654374
   45.917608     9.838302     5.703610    15.005767   -39.353442  -159.467595
   46.463899     9.974698     5.889963    15.369036   -47.771565  -146.881078
   46.620692    10.191365     5.946832    15.212305   -39.884272  -153.468637
   45.943072     9.669242     5.697644    15.149906   -35.559592  -135.801183
   46.393589     9.956481     5.717560    15.217818   -48.684054  -147.979993
   46.307699    10.066831     5.882327    15.116174   -42.765689  -151.772122
   46.191255    10.126851     6.179074    15.164183   -45.650445  -132.681641
   46.123746     9.969716     5.956043    15.149026   -40.743881  -148.660547
   46.396503    10.078521     6.012620    15.282428   -46.516260  -152.915108
   46.675384    10.155766     5.932337    15.288989   -37.818860  -156.021000
   46.585883    10.125054     5.893832    15.256814   -49.190852  -143.976561
   46.373324     9.913674     5.961825    15.402685   -38.590007  -149.089351
   46.499784    10.107553     5.951782    15.266375   -53.091975  -135.866564
   46.518650    10.119114     5.783809    15.127021   -44.499482  -150.944793
   46.411224    10.045993     5.912691    15.242677   -51.467502  -133.641180
   46.093416     9.802490     5.747976    15.170800   -37.200507  -151.221573
   46.841709    10.166272     5.937744    15.419969   -42.771505  -146.410682
   46.577811     9.812375     5.581755    15.426427   -40.217843  -146.650799
   46.387004     9.944335     5.870395    15.312465   -41.924858  -148.390173
   46.137996     9.961654     5.995661    15.163399   -35.241844  -142.323533
   46.379207     9.981369     5.794559    15.190605   -36.962434  -154.213015
   46.347865     9.944854     5.890202    15.315074   -35.348270  -167.481707
   46.043550     9.695820     5.614121    15.170481   -39.190041  -149.282780
   46.612703     9.976172     5.726056    15.313775   -34.900791  -151.684754
   46.330117     9.990526     5.882388    15.238168   -47.561614  -146.194107
   46.405449     9.891035     5.787836    15.307735   -35.309086  -146.893016
   46.356565    10.062200     6.131799    15.312354   -32.136894  -156.624297
   45.982260     9.839515     5.890759    15.197709   -49.705929  -145.752179
   46.540464    10.198954     5.919756    15.130181   -49.282036  -136.431787
   46.210502     9.992136     6.104418    15.332083   -56.124210  -129.391838
   46.085979     9.782390     5.961413    15.301613   -32.231744  -128.754178
   46.318546    10.235811     6.225992    15.163224   -51.017422  -121.773251
   46.339870    10.034435     5.663072    14.971693   -38.828150  -135.528429
   45.931371    10.270263     6.010698    14.705672   -44.924922  -131.686937
   46.091149     9.949697     5.867617    15.059786   -41.042700  -130.940490
   46.320778    10.205144     5.856227    14.948424   -52.184994  -136.796123
   46.069782     9.573305     5.656514    15.303231   -21.725086  -152.165646
   46.165812     9.883914     5.689881    15.082134   -42.746563  -139.414573
   46.251578     9.921098     5.968069    15.317603   -44.493612  -143.567523
   46.358987    10.050434     6.067460    15.245511   -29.843778  -142.354368
   46.796898    10.048386     5.604640    15.295174   -43.835593  -150.019363
   46.406108    10.174200     6.278318    15.357433   -46.907358  -142.043430
   46.107427     9.926958     5.993212    15.259113   -56.382723  -131.489501
   46.104837     9.754918     5.470888    15.039006   -48.580507  -119.860353
   46.302179     9.978165     5.836055    15.154098   -38.683186  -143.146157
   45.936703     9.906819     6.252985    15.289567   -33.689550  -146.114761
   46.551410    10.111284     5.874181    15.155168   -32.948674  -133.521409
   45.849075    10.070698     6.120440    14.948936   -37.081509  -143.929223
   46.699513    10.066559     5.626751    15.213514   -55.872051  -117.100393
   45.963487     9.850124     6.002168    15.240703   -48.043932  -142.384948
   46.371572    10.133223     5.856935    15.038469   -49.913807  -120.009108
   46.388705    10.074056     5.952439    15.209414   -47.629310  -138.382346
   46.433743    10.303929     6.053935    15.018151   -40.650733  -150.319340
   46.110184    10.016217     5.744867    14.957384   -44.067721  -151.397033
   46.314591    10.023867     6.070241    15.282004   -40.436440  -135.444508
   46.159145     9.695187     5.525625    15.176370   -38.900074  -138.747789
   46.383297     9.991029     5.879077    15.240929   -46.401210  -119.224025
   46.280521    10.204748     6.140437    15.121149   -49.687824  -136.825838
   46.382325    10.040685     6.078557    15.304082   -36.479296  -135.692027
   46.351821     9.958279     5.947383    15.349880   -53.399691  -131.722030
   46.292638     9.980592     5.839775    15.206044   -58.327242  -122.271529
   46.375773    10.138401     6.117719    15.250251   -51.600905  -126.789888
   46.540794    10.058095     5.914830    15.304364   -42.879168  -143.503531
   46.488350    10.181707     5.774530    14.978721   -41.579491  -140.063177
   46.371584    10.215146     6.203219    15.171239   -37.330421  -139.736287
   46.422357    10.150789     6.188974    15.278149   -37.149763  -135.497187
   45.841148     9.783376     5.806588    15.015548   -34.715869  -129.241302
   46.189366    10.032293     6.143159    15.254198   -46.690589  -127.546875
   46.541082    10.006127     5.780198    15.233085   -33.754044  -140.498418
   46.110823     9.846152     5.635675    15.073863   -53.281236  -120.856165
   46.095941     9.931971     5.815637    15.095147   -52.734414  -130.098376
   46.262712    10.093697     6.091740    15.182801   -45.928582  -126.122001
   46.269195     9.858057     5.828086    15.276923   -40.676719  -130.799348
   46.122456     9.804178     5.723998    15.186529   -46.922083  -135.511897
   45.859107     9.604860     5.767309    15.241734   -42.865869  -132.608883
   46.161821     9.836790     5.467446    14.991840   -45.909605  -138.079047
   46.340657    10.110106     5.954100    15.207128   -59.251272  -146.373375
   46.006983     9.820822     5.868494    15.249018   -62.115761  -129.199952
   46.347385     9.919055     5.808992    15.293907   -55.394129  -123.749747
   46.767921    10.213565     6.006280    15.395420   -56.896360  -138.620681
   46.484089    10.101895     5.880318    15.206818   -54.503553  -131.887171
   46.322204     9.975368     5.733134    15.179084   -63.112715  -124.071664
   46.099870     9.896633     6.103918    15.322356   -41.831013  -137.382107
   46.485780    10.172821     6.151969    15.308672   -48.923875  -131.773051
   45.950583     9.931289     6.053753    15.171016   -47.338831  -142.814160
   46.442132    10.018043     5.908079    15.287658   -45.897864  -141.493856
   46.658928    10.299941     6.197383    15.311996   -48.056694  -138.495270
   46.020019    10.162850     6.195177    14.983132   -29.403423  -151.835056
   45.912766     9.726458     5.750876    15.120857   -42.390435  -129.145098
   46.336870     9.933804     5.625135    15.052288   -30.932499  -143.226863
   46.255557    10.010881     6.032797    15.225919   -42.333833  -126.653390
   46.378043    10.014636     5.677559    14.970005   -20.950727  -139.710110
   45.988225     9.850715     5.928152    15.153754   -42.192919  -123.634859
   46.576071    10.147915     5.880826    15.139492   -36.202138  -138.506519
   46.314448     9.968509     5.523877    14.915659   -30.457609  -143.207511
   46.264817     9.634210     5.537285    15.343958   -39.659716  -130.132126
   46.306553     9.915335     5.819026    15.241563   -45.259481  -132.790436
   46.455930     9.981968     5.773736    15.243152   -50.093608  -123.307301
   46.223407     9.938872     5.473457    14.979966   -64.329145  -126.086097
   46.149216     9.993275     5.922983    15.015491   -12.204043  -159.018416
   46.212445    10.117144     6.071301    15.084909   -42.410446  -120.496566
   46.237799     9.966005     5.642053    14.996667   -46.915186  -125.474155
   46.203573    10.122174     5.789670    14.924786   -48.144506  -144.202852
   46.517890    10.048066     5.661381    15.104492   -46.465565  -132.214887
   46.610766    10.229459     5.707861    14.920312   -36.962519  -137.370764
   46.193143    10.088797     5.653107    14.917684   -71.530830  -110.664960
   46.050469    10.027139     5.824982    14.921781   -44.688322  -127.200252
   46.381223    10.133068     5.911439    15.025347   -29.573470  -141.467500
   46.424972    10.174796     5.848895    14.982335   -33.534699  -148.703422
   46.580706    10.155428     5.821782    15.083835   -38.626023  -116.033248
   46.621496    10.238679     5.778167    15.034571   -56.041100  -121.239506
   45.835222     9.925283     5.443092    14.670170   -44.774805  -151.383009
   46.621133    10.147845     5.777409    15.095049   -34.594092  -146.744748
   46.463111     9.861140     5.695507    15.368974   -46.576724  -144.624461
   46.445658     9.930821     5.565727    15.084558   -27.655086  -145.787700
   46.081057     9.822434     5.653878    15.107042   -49.675070  -141.607231
   46.463005    10.119678     5.740779    15.060456   -56.099855  -122.689695
   46.462389    10.209542     6.004253    15.094687   -43.722769  -127.359549
   46.647124    10.116557     5.705678    15.141455   -45.415000  -140.288318
   46.017075    10.021342     5.725916    14.782399   -29.385249  -133.785523
   46.169602     9.963944     5.516756    14.889317   -49.661042  -134.295034
   46.013003    10.045032     6.011663    14.975384   -33.562845  -136.269758
   46.522969    10.130764     5.814156    15.094326   -45.075515  -117.500682
   46.272820    10.010493     5.631630    14.893675   -24.664849  -147.071418
   46.518267    10.192241     6.054778    15.286913   -62.323715  -131.594138
   46.206954     9.914732     5.772136    15.098402   -21.344155  -166.696686
   46.595077    10.342831     6.079686    15.072320   -35.184710  -151.244256
   46.077164     9.915510     5.599406    14.966350   -50.354074  -144.463376
   46.651277    10.339215     5.948756    15.004686   -32.035807  -155.634761
   46.710640    10.401837     6.071438    15.053228   -35.851305  -143.098521
   46.646309    10.268093     5.966015    15.128817   -41.520884  -144.678390
   46.540708    10.263064     5.802860    14.946886   -39.036073  -152.585455
   46.064354    10.089792     5.774155    14.837933   -40.146464  -148.538215
   46.267768    10.411002     6.140966    14.851518   -40.244537  -151.871040
   46.510823    10.178692     5.961360    15.070305   -20.696556  -147.375266
   46.404051     9.900099     5.568406    15.126251   -31.046383  -154.350596
   46.474128     9.900579     5.786900    15.358216   -36.355402  -149.416952
   46.663908    10.272072     6.237599    15.346227   -35.589878  -142.383418
   46.140905    10.107739     6.057347    15.067154   -39.742824  -150.411266
   46.167533    10.107191     6.125441    15.104235   -26.920965  -161.131869
   46.701970    10.157783     5.902825    15.288458   -46.173492  -141.401690
   46.537102     9.884029     5.459730    15.168188   -32.452525  -150.311282
   46.328090    10.198242     5.939206    14.941410   -28.945345  -150.579120
   46.185767    10.041407     6.130230    15.175575   -28.676298  -143.538155
   45.932486     9.878995     5.805188    15.029811   -42.118396  -149.774275
   46.461128    10.127459     5.709600    15.017903   -46.751734  -143.909507
   45.881647     9.999259     5.635922    14.700884   -32.866437  -149.914390
   46.582725    10.343822     6.072895    15.034520   -37.709299  -131.392692
   46.289970    10.134850     6.077885    15.154195   -37.787740  -156.595456
   46.184161    10.182280     6.057930    15.031067   -49.839112  -140.238588
   46.456161    10.156708     5.724516    15.016715   -52.142607  -144.158585
   46.448125     9.883225     5.545886    15.199163   -37.244263  -156.984459
   46.281792    10.230621     5.909062    14.953151   -50.380027  -149.640131
   46.208488    10.071299     5.792093    14.960511   -31.892894  -163.096998
   46.521346    10.186220     5.883474    15.077487   -38.956917  -146.828323
   46.611177    10.206160     5.918645    15.097846   -19.253149  -164.622785
   45.725666    10.099850     6.136756    14.894069   -41.073141  -154.187113
   46.697763    10.228722     5.818065    15.136882   -43.039679  -155.808440
   46.398195    10.059147     5.572965    14.906073   -34.015139  -143.194664
   46.057980    10.214325     5.846658    14.738495   -39.175740  -149.905531
   46.522284    10.216688     6.113653    15.208871   -34.389089  -149.209098
   46.041188    10.128977     5.917845    14.878869   -35.795870  -157.111731
   46.423940    10.134181     5.720778    14.959059   -42.012749  -138.627776
   46.287958     9.964732     5.547615    14.968626   -32.469564  -161.664143
   45.843279    10.029359     5.803730    14.763063   -31.723928  -152.735084
   46.308178    10.330116     6.146780    14.902594   -26.926430  -145.196716
   46.467237    10.171151     5.662186    14.890227   -34.228948  -151.941220
   46.473779    10.264212     5.756038    14.823405   -34.169953  -143.208972
   46.471176    10.012159     5.655090    15.057862   -18.450605  -165.216338
   46.233846    10.001131     5.855400    15.095255   -36.747694  -149.743220
   46.361002    10.099771     5.638983    14.845586   -23.855022  -150.238820
   46.294893    10.056688     5.822376    15.008697   -21.534153  -163.066623
   46.605937    10.274159     5.913923    15.000974   -23.922192  -157.885814
   46.725655    10.387842     5.944713    15.003836   -34.138612  -158.219279
   46.508023    10.312679     5.918017    15.037933   -60.449227  -143.256885
   46.842349    10.244368     5.528799    14.982896   -37.866700  -162.388725
   46.258016    10.225979     5.768676    14.821528   -40.905666  -158.938017
   46.439893    10.095191     5.462164    14.845452   -45.392190  -135.979229
   46.253403    10.052543     5.655923    14.913738   -33.787197  -158.948768
   46.348695    10.242951     5.920901    14.872100   -27.638568  -146.891968
   46.081484    10.260308     6.032574    14.811223   -41.669487  -135.055731
   46.352896    10.180700     5.804508    14.993327   -50.119485  -153.649646
   46.461341    10.307050     6.046901    15.017164   -41.049337  -145.429014
   46.545884    10.318284     5.670126    14.748879   -40.124920  -136.092717
   46.314714    10.166165     5.683776    14.858557   -45.119627  -146.939862
   46.274626    10.199406     5.866320    14.918641   -52.220590  -127.826713
   46.296513    10.187077     5.978029    15.011641   -39.941656  -149.575188
   46.254079     9.946074     5.675752    15.065172   -41.646115  -146.280514
   46.082223    10.052265     5.848712    14.985051   -45.693483  -154.149751
   46.507098    10.114835     5.660101    15.016986   -50.237564  -128.017274
   46.676794    10.199007     5.660117    15.030614   -38.982275  -158.814505
   46.489214     9.917986     5.701984    15.217534   -17.383366  -155.423848
   46.209740    10.017167     5.727031    14.929908   -32.281888  -139.111418
   46.562839    10.233631     5.759627    14.927221   -38.843962  -134.965925
   46.083556    10.147004     6.054465    14.957407   -44.426725  -119.048275
   46.596708    10.391922     6.133458    15.068467   -47.725526  -127.240905
   46.664453    10.402005     5.744579    14.733553   -29.232059  -145.500255
   45.970018     9.968605     5.656017    14.831385   -48.410924  -123.438652
   46.299262    10.145169     5.716847    14.862029   -44.498116  -130.264676
   45.913732    10.017216     5.643210    14.720645   -32.557784  -157.384279
   46.055933     9.800359     5.520846    14.903499   -18.741362  -151.233865
   46.859577    10.185212     5.565482    14.982942   -21.223625  -137.148432
   46.326618    10.256295     6.023774    14.939140   -36.860284  -135.402044
   46.464081    10.170064     5.764137    14.979484   -49.691867  -117.976932
   46.262772    10.107456     5.967500    15.025142   -33.566625  -131.391375
   46.097262     9.953475     5.921145    15.044529   -25.169675  -136.778387
   46.334514    10.140808     5.607909    14.814249   -49.119908  -117.032608
   46.118765     9.962766     5.757512    14.960373   -36.042784  -126.847444
   46.315519     9.988829     5.577491    14.940703   -38.047537  -128.715217
   46.388655    10.140407     5.728275    14.844705   -21.741819  -135.096459
   46.627031    10.313678     5.958608    14.951255   -19.312597  -142.107250
   46.304135    10.021101     5.982363    15.175469   -29.572805  -143.135023
   46.114349    10.036184     5.983845    15.032518   -29.161290  -148.978634
   46.346495    10.135369     5.941107    15.034922   -28.696646  -151.591484
   46.438377     9.856652     5.816385    15.386357   -32.937533  -134.894616
   46.108403    10.274447     5.973422    14.828307   -53.786617  -136.508015
   46.558230    10.339333     5.961120    14.994159   -51.952400  -129.267184
   46.527265    10.180929     6.111374    15.294260   -49.568075  -127.602327
   46.783673     9.995464     5.673955    15.435322   -51.346637  -137.657954
   46.178412    10.019578     6.011925    15.138621   -38.628265  -138.170474
   46.004078     9.954214     5.706416    14.777602   -14.070919  -133.726084
   46.419412     9.933592     5.778353    15.188219   -16.667626  -149.715820
   46.399550    10.154232     6.033118    15.087467   -23.609901  -144.425284
   46.444986     9.937901     5.745018    15.189751   -16.974421  -158.326888
   46.275569    10.084300     5.734976    14.952886   -50.375431  -123.327725
   46.249859    10.097745     6.121620    15.158897   -33.134118  -143.101497
   46.393956     9.918886     5.569454    15.052914   -26.258224  -141.501633
   46.266606     9.851387     5.754710    15.137226   -11.642352  -145.872535
   46.335931    10.115725     5.780931    14.855410   -16.585025  -124.795805
   46.453581    10.310803     6.242347    15.138976   -41.541927  -125.719783
   46.367025    10.163028     5.764879    14.910736   -46.743118  -114.666788
   46.345495    10.273116     6.187891    15.067373   -36.977568  -141.480958
   46.541008    10.143923     5.782073    15.000364   -24.520096  -139.531670
   46.853119    10.365148     5.849708    14.955836   -26.297498  -126.071403
   46.496607    10.350476     5.997382    14.875908   -26.207103  -143.893557
   46.579900    10.281849     5.853366    14.931129   -30.759932  -146.774044
   45.837342     9.962476     5.685705    14.742486   -40.689077  -122.998745
   46.187223     9.865066     5.545689    14.953633   -28.503619  -135.421895
   46.670023    10.339180     5.962642    14.961563   -20.186495  -148.663980
   46.258573    10.216144     5.977547    14.931372   -36.379485  -147.784998
   46.031507    10.171889     5.886759    14.750990   -31.525457  -142.953975
   46.333560     9.891668     5.625522    15.076141   -23.333621  -142.617023
   46.353054     9.879665     5.746417    15.207680   -25.471191  -142.659124
   45.838676    10.111877     6.010880    14.848136   -45.904370  -139.126003
   46.213849    10.278059     5.923949    14.820283   -46.374226  -138.686183
   46.540347    10.054585     5.657200    15.090139   -41.603984  -134.175665
   46.325498     9.983833     5.629064    14.991154   -35.188705  -137.988340
   46.314698    10.078444     5.609933    14.888115   -46.131212  -131.403206
   46.269152    10.065998     5.741728    14.987064   -40.889649  -153.217993
   46.241062    10.170282     5.645524    14.725328   -37.979771  -136.494212
   45.938258    10.138763     5.802104    14.681397   -39.063956  -125.506551
   46.504047    10.314251     5.787103    14.805552   -40.408640  -129.381603
   46.363692    10.307445     6.039825    14.955740   -48.281729  -130.918704
   46.571293    10.334195     5.892627    14.897161   -32.768919  -146.618864
   46.776184    10.484964     6.195413    15.117393   -44.757749  -132.385554
   46.090101     9.833669     5.631081    15.009153   -33.413986  -139.417130
   46.354313    10.111190     5.788456    15.024617   -52.019973  -130.594896
   46.384719    10.271922     5.810190    14.854555   -47.874709  -137.912712
   46.358297    10.299163     5.959189    14.907910   -43.210088  -145.965868
   46.626266    10.308634     5.838610    14.995684   -47.868179  -145.191237
   46.377342    10.166503     5.675020    14.813916   -33.597211  -135.980395
   46.608998    10.510143     5.922469    14.724744   -35.355870  -143.807521
   46.252999    10.046724     5.525896    14.832725   -42.061119  -143.969214
   46.669255    10.165812     5.778059    15.091928   -33.627611  -142.558301
   46.603615    10.178525     5.772743    15.126469   -52.432241  -145.814728
   46.052431    10.173906     5.800657    14.758718   -37.868918  -156.099507
   46.535266    10.287572     5.921526    15.099862   -62.626281  -142.700536
   45.967173    10.005186     5.763651    14.892163   -48.558620  -141.973974
   46.510156    10.146103     5.726166    15.040619   -47.138954  -144.265219
   46.525592    10.176786     5.936896    15.131232   -43.153495  -132.581575
   46.216726    10.216303     6.179677    15.071668   -42.450813  -142.295202
   45.959697    10.000242     5.873107    14.924674   -37.429432  -144.936855
   46.022490    10.048131     5.870357    14.939279   -52.695801  -120.504216
   46.172748    10.263080     6.188224    14.954334   -29.548651  -151.713575
   46.363605    10.068957     6.012096    15.230637   -42.570731  -143.148306
   46.738855    10.348417     5.814552    14.897576   -30.946339  -136.542656
   45.843421    10.111848     6.068144    14.848747   -37.776040  -134.296449
   46.107505     9.936743     5.607609    14.916022   -39.474761  -144.182595
   46.061383    10.159761     6.093685    14.914169   -24.171331  -151.192370
   46.013954    10.096402     5.691605    14.769683   -53.484843  -130.999660
   46.287609     9.991430     5.630253    15.028135   -44.033061  -153.177140
   46.241072    10.313314     6.052609    14.899212   -49.477695  -137.264155
   46.029673    10.021250     5.714303    14.871730   -49.992124  -134.585167
   46.211955    10.068920     5.759743    14.920876   -27.139871  -163.405546
   46.286795    10.010455     5.533776    14.901052   -39.218361  -148.298065
   47.084977    10.406557     5.824635    15.124931   -32.006606  -161.229297
   46.653082    10.055129     5.499331    15.023993   -34.805528  -134.062660
   45.939451    10.056672     5.782966    14.758924   -29.537614  -148.952719
   46.154598    10.028036     5.682975    14.827348   -22.299414  -150.304900
   46.220292    10.238199     6.064691    14.925803   -33.814050  -144.164087
   46.019701     9.997735     5.766882    14.908126   -39.090540  -149.373075
   46.381691     9.930916     5.500734    15.057983   -43.701363  -145.105513
   46.172947    10.065221     5.708695    14.888890   -41.829609  -145.111004
   46.350714    10.136413     5.985437    15.075684   -31.237048  -149.032516
   46.405655    10.090491     5.822108    15.034465   -29.466914  -144.538895
   45.929447    10.095576     5.831792    14.763293   -34.010998  -149.428664
   46.719015    10.280090     5.934311    15.074086   -24.888479  -148.458729
   45.924908     9.846532     5.657113    14.888175   -30.473320  -140.212256
   46.250586    10.002277     5.580305    14.968136   -57.466773  -128.576658
   46.038226     9.922955     5.677337    14.957359   -48.974316  -132.726790
   46.322644     9.866746     5.527082    15.099700   -43.902283  -134.357247
   46.178708     9.873958     5.701758    15.061260   -27.092061  -147.736387
   46.519173    10.280498     5.823186    14.884816   -36.544549  -140.047210
   45.968501     9.955903     5.834391    14.976975   -43.054988  -144.180516
   46.414822    10.262087     6.117106    15.065263   -34.927625  -142.485845
   46.137298    10.048195     5.579204    14.772505   -37.295112  -143.794198
   46.150504    10.075504     5.905238    14.974691   -30.708103  -156.224197
   46.263352    10.181849     5.953537    14.985704   -46.747563  -137.738366
   46.009547    10.130352     5.925306    14.854185   -41.370948  -141.932348
   46.685683    10.430783     5.791009    14.751833   -28.071729  -151.095889
   46.199123    10.258981     6.197231    15.012911   -38.722769  -146.347248
   46.171174    10.148925     5.713835    14.812288   -47.485886  -141.815379
   46.285116    10.072374     5.884947    15.030487   -31.551595  -144.792765
   46.319969    10.230914     6.008139    15.092500   -60.208147  -146.887638
   46.629825    10.390795     5.940600    14.943226   -46.573316  -135.914864
   46.237408     9.936376     5.807319    15.184844   -44.905491  -150.808954
   46.170848    10.211171     6.092443    15.039003   -49.426125  -151.514137
   46.696525    10.389507     6.008856    15.063310   -48.091128  -141.743324
   46.455131    10.209779     6.046677    15.129770   -35.719869  -153.271672
   46.285849    10.128965     5.914977    15.041767   -48.636102  -135.989985
   46.346005    10.345955     6.067152    14.958192   -49.285581  -147.699522
   45.967905    10.206457     6.060783    14.889052   -51.819971  -143.289759
   46.385108    10.265953     6.075850    15.011268   -30.737065  -153.375578
   46.568047    10.084660     5.722990    15.107507   -34.231227  -148.297125
   46.297207     9.866287     5.595412    15.216239   -59.242060  -142.643566
   46.404074    10.002407     5.717583    15.231233   -67.097922  -135.803257
   46.043484     9.902789     5.973964    15.196032   -45.311371  -141.465385
   46.138224     9.774529     5.542456    15.037297   -21.323677  -159.294725
   46.553968     9.949502     5.670416    15.319805   -49.534106  -148.481852
   46.421072    10.034950     5.529755    14.972753   -48.793226  -133.749062
   45.953291     9.935938     5.736438    14.955858   -55.980299  -129.945035
   46.004500     9.775496     5.528566    15.003511   -48.559640  -135.660213
   46.069407     9.722066     5.655040    15.201718   -47.115893  -137.594827
   46.793068    10.089105     5.761395    15.362821   -53.717840  -121.773940
   46.444271     9.883195     5.717419    15.344094   -50.990281  -135.440606
   46.198874     9.651086     5.518028    15.240728   -35.341171  -136.123972
   46.193109     9.790421     5.626435    15.222235   -60.486377  -114.999520
   46.465155     9.871365     5.686594    15.313272   -39.625463  -138.735213
   46.441927     9.948619     5.760918    15.264666   -43.304112  -144.546976
   46.516368     9.943867     5.831747    15.359075   -37.139367  -141.376056
   46.117940     9.614485     5.677377    15.393719   -49.017652  -134.301941
   45.821007     9.690220     5.882908    15.196651   -41.137549  -133.627302
   46.400561    10.051702     5.964003    15.262706   -49.976771  -135.065829
   46.384491     9.906432     5.798575    15.320401   -47.040104  -143.350858
   46.356668     9.883587     5.853631    15.371699   -44.867857  -148.536832
   46.467450    10.052051     5.834973    15.177111   -34.062889  -154.067530
   46.103531     9.737746     5.592293    15.189491   -54.066221  -134.725566
   46.825202    10.174773     5.712715    15.226728   -54.754613  -130.848435
   46.552757    10.208700     6.112539    15.284758   -52.594822  -122.201898
   46.300629    10.061112     5.889610    15.098060   -44.586738  -134.757004
   46.249883     9.899824     5.495234    15.002432   -44.370698  -144.715024
   46.322459     9.834006     5.628150    15.204369   -35.676569  -148.727423
   46.093591     9.951502     5.756671    15.072528   -49.293446  -157.235416
   46.197680     9.672842     5.455550    15.123235   -16.391621  -158.994560
   46.542495     9.895776     5.568605    15.283154   -45.004753  -144.956567
   46.295283    10.072344     5.817603    15.106309   -56.558861  -144.692986
   46.380046     9.921499     5.576498    15.169322   -54.622697  -142.332541
   46.007433    10.119760     6.007002    14.959700   -49.582232  -141.631409
   46.196653     9.929203     5.904797    15.194671   -34.648960  -152.861259
   45.985646    10.101258     5.984612    14.948689   -48.279572  -143.058281
   46.301237    10.196947     5.838371    14.956007   -43.808702  -161.757548
   46.205543     9.726140     5.846262    15.391994   -30.497583  -146.230292
   46.252720     9.940747     5.617955    15.006685   -30.560507  -158.025534
   46.251031    10.063393     5.947348    15.114666   -47.433182  -133.354102
   46.373255    10.037021     5.800292    15.143885   -42.537710  -153.962848
   46.022175     9.934415     5.890824    15.062492   -34.338906  -154.930074
   46.770740    10.176987     5.998032    15.403889   -44.279263  -147.636902
   46.619123     9.970455     5.561187    15.194222   -32.510803  -154.355387
   46.356515     9.876176     5.849890    15.344512   -41.751990  -132.000872
   46.318798     9.926962     5.753575    15.146636   -30.536552  -147.114642
   46.089758     9.848639     5.793188    15.101495   -35.548535  -121.176749
   46.301060    10.023908     6.117510    15.358182   -54.379558  -126.930530
   45.821951     9.682113     5.939797    15.240095   -37.834420  -136.565363
   46.061232     9.864506     5.509506    14.889046   -35.471310  -147.417536
   46.127395     9.890016     5.887419    15.191158   -44.391398  -134.390338
   46.266126     9.940696     5.667667    15.087524   -54.429767  -111.575322
   46.087949    10.044411     6.216517    15.170060   -27.006412  -147.786526
   46.296634    10.240834     5.855362    14.856390   -47.997641  -129.186232
   46.436212    10.002717     5.516232    15.001131   -44.836703  -135.889039
   46.410989    10.360299     5.832046    14.797755   -50.606629  -140.595815
   45.797102     9.972921     5.861689    14.838288   -39.516770  -133.326135
   46.550705     9.992687     5.680873    15.188818   -32.398393  -148.882661
   46.248038     9.798820     5.605493    15.128525   -29.194004  -132.393879
   46.538849    10.211916     5.909479    15.053976   -37.073280  -139.780363
   46.768386    10.155254     5.660401    15.105799   -38.795553  -136.450541
   46.263200    10.238262     5.813178    14.849972   -57.611908  -126.068021
   46.355397    10.010952     5.762393    15.077279   -30.694389  -151.446289
   46.754471    10.048432     5.445415    15.104872   -46.254919  -125.700564
   46.692500    10.279170     5.955389    15.145433   -43.028074  -144.840687
   46.054456    10.095972     5.811736    14.887671   -54.891642  -132.612416
   46.250211    10.008709     5.573506    14.874805   -41.056906  -123.456574
   46.077409     9.931736     5.831926    15.017807   -32.437742  -136.099749
   46.549160    10.261256     6.017428    15.065818   -34.666315  -132.378334
   46.731765    10.080400     5.396470    14.997547   -34.827449  -152.662984
   46.582694    10.025358     5.453052    14.964485   -33.630180  -126.186327
   46.066164     9.921371     5.796979    14.987423   -32.114437  -124.853039
   46.551550    10.254984     5.666054    14.794899   -30.034661  -141.866882
   46.078707     9.982649     5.619345    14.837566   -43.868565  -121.870314
   46.303781    10.027166     5.663846    14.970499   -42.696055  -133.021690
   46.453388    10.183387     5.782691    14.941724   -32.069203  -151.716733
   46.257978    10.205509     5.839665    14.851473   -44.746078  -130.349062
   46.162326    10.138835     5.847333    14.889928   -40.728407  -146.786260
   46.631225    10.108072     5.681901    15.056016   -26.032676  -148.368770
   46.168414     9.993258     5.588358    14.829940   -31.910866  -137.345741
   46.715324    10.132209     5.438861    14.915457   -32.518591  -144.391457
   46.363660    10.181625     5.791024    14.897135   -34.882431  -147.633020
   46.350798     9.947830     5.658586    15.160132   -61.489296  -109.065930
   46.599553    10.032901     5.521335    15.068323   -43.234850  -133.006237
   46.398575    10.073502     5.607734    14.974569   -49.177944  -138.604694
   46.625816     9.941111     5.510374    15.220919   -43.250065  -137.590144
   46.668264    10.270048     5.626718    14.891094   -41.400871  -149.192240
   46.597178    10.236341     5.849440    15.014819   -40.746934  -126.145810
   46.230704    10.170115     5.823131    14.952823   -71.975751   -94.638567
   46.107029     9.915558     5.824856    15.004959   -13.564487  -153.211369
   46.230522     9.952867     5.873299    15.059414    -7.869172  -151.493451
   46.669174    10.165392     5.767108    15.089018   -36.964976  -129.900718
   46.066362     9.944477     5.624599    14.924185   -53.030188  -127.033608
   46.557720    10.162264     5.864680    15.069646   -29.432027  -139.517174
   46.476831    10.016608     5.671372    15.036839   -23.452605  -129.783614
   45.900930    10.025725     6.141070    15.024991   -34.980348  -133.967397
   46.719836    10.187604     5.669204    15.008906   -37.164058  -120.718300
   46.194878    10.013455     5.666114    14.831887   -24.324719  -122.059357
   46.256517    10.207653     5.745952    14.684957   -21.592910  -133.537445
   46.666602    10.086593     5.410029    14.839315    -9.868659  -152.407839
   46.162090    10.068368     5.754581    14.782992   -14.788460  -136.070755
   46.108573    10.215951     5.968208    14.739262   -18.004232  -138.501481
   46.266409    10.203866     5.785515    14.725185   -18.232811  -143.474352
   46.239737    10.264478     5.665720    14.556571   -22.396506  -139.365789
   46.143876     9.902665     5.600946    14.862199   -13.817080  -138.373946
   47.493945    10.409996     5.574121    15.103400   -14.342254  -143.456158
   46.366649     9.838120     5.390166    15.066077   -35.454254  -153.403136
   46.540533    10.022998     5.589716    15.051261   -29.757423  -144.928095
   46.513992     9.954836     5.824051    15.287326   -22.033404  -145.677410
   46.413775     9.964761     5.976340    15.330312   -30.071886  -135.024337
   46.051653     9.948036     5.677623    14.908137   -35.704584  -149.132943
   46.129989     9.851047     5.865443    15.228501   -45.483151  -132.661202
   46.213795    10.197851     5.799971    14.815426   -43.766285  -138.520450
   46.236277    10.082690     5.833492    15.001415   -48.261141  -133.123984
   46.126900     9.890145     5.645029    14.950095   -24.784460  -144.994521
   46.677714     9.927761     5.716816    15.412555   -32.173592  -136.857712
   46.205489     9.896850     5.620214    15.086161   -52.290947  -137.848574
   46.419205    10.129624     5.905177    15.040666   -29.142644  -130.506947
   46.664922     9.995576     5.707518    15.291337   -29.738075  -150.107707
   46.711341     9.921374     5.638244    15.399895   -37.455809  -130.473722
   46.257438     9.952332     5.833509    15.114752   -32.382022  -127.109322
   46.926468    10.063236     5.649559    15.433869   -59.905674  -105.255825
   46.574023    10.056143     5.904076    15.360900   -56.281635  -125.057270
   46.647446    10.036399     5.741780    15.303175   -49.003581  -139.548846
   46.412210     9.976879     5.881024    15.306917   -49.475303  -135.395361
   46.289885    10.230437     5.923789    14.913939   -37.499638  -153.449113
   46.487563    10.106435     5.891696    15.195177   -43.050683  -150.789600
   46.548273    10.057232     5.605845    15.046433   -39.326830  -135.603057
   46.095302     9.824552     5.832901    15.159788   -33.229578  -126.775270
   46.510913     9.902443     5.866647    15.432575   -34.881742  -137.163626
   46.105117    10.012411     5.767200    15.022557   -58.496894  -142.114293
   46.705502    10.071940     5.602156    15.190904   -48.044053  -142.962724
   46.138006    10.018564     5.914714    15.035314   -38.517799  -137.362655
   46.600367    10.354264     6.067373    15.055274   -43.152737  -134.410211
   46.684304     9.976915     5.540270    15.277576   -53.792382  -133.577356
   46.229889     9.919043     6.077894    15.391693   -40.317277  -153.674445
   46.502539    10.226500     5.673190    14.899546   -47.291472  -145.518440
   46.041149     9.911060     5.840514    15.076850   -40.395045  -147.918876
   46.490042    10.187833     5.973756    15.113186   -36.618084  -146.205352
   46.689005    10.087849     5.459078    15.009193   -35.803547  -152.342189
   46.793453    10.432566     5.948676    15.020111   -45.372117  -146.927695
   46.741747    10.446783     5.777823    14.785113   -38.582471  -141.845141
   46.338315    10.286786     5.881834    14.858834   -49.959274  -132.083501
   46.575058    10.295436     5.864699    15.034253   -53.440800  -146.972649
   46.471042    10.258046     6.043462    15.096845   -43.622622  -146.202762
   46.928573    10.399358     6.066938    15.226344   -38.213956  -142.197205
   46.259553    10.246246     6.237865    15.121576   -42.139581  -149.351641
   46.427109    10.244808     6.118556    15.173769   -52.546951  -140.484371
   46.021906     9.994806     5.769493    14.922470   -42.249578  -146.424364
   46.351109    10.060287     5.690950    14.993338   -38.977154  -149.547166
   45.958194    10.059060     5.862879    14.961868   -61.371669  -144.215839
   46.666693    10.285830     5.937910    15.082212   -36.141691  -149.733217
   46.285762    10.077592     5.601440    14.827071   -31.582314  -147.221383
   46.113203    10.089401     5.709091    14.833331   -48.967095  -132.843231
   46.573032    10.051241     5.515844    15.052251   -39.713300  -156.990847
   46.258669    10.100551     5.744433    14.956312   -48.292878  -145.006954
   46.248956    10.134110     6.124054    15.093381   -25.591191  -149.274138
   46.248341    10.126462     6.011508    15.002346   -26.128598  -137.599646
   46.262191    10.016055     5.675540    14.911096   -30.057002  -130.752997
   46.217510     9.898052     5.560543    14.970450   -35.654023  -132.668068
   46.193536    10.310109     5.926951    14.699332   -27.581737  -146.051382
   46.527698    10.214756     5.570193    14.841646   -50.568228  -131.803697
   46.476103    10.002292     5.649452    15.007835   -13.244291  -135.617249
   46.168655    10.081043     5.929519    14.929514   -20.320468  -143.126380
   46.230269    10.004664     5.724771    14.889005   -17.025780  -127.815389
   46.361285     9.928091     5.629541    15.026134   -20.429442  -126.644846
   46.708342    10.216577     5.681540    14.969079   -36.493535  -126.727454
   45.827184     9.699298     5.547285    14.828469   -11.125437  -141.914674
   46.082001    10.119909     6.167256    15.056722   -39.717705  -121.018127
   46.616666    10.290797     5.806454    14.895916   -35.639506  -123.626152
   45.824346    10.091206     5.882621    14.681732   -29.297265  -122.311863
   46.855521    10.158987     5.659970    15.034768     5.912307  -157.878438
   45.986933    10.135018     5.994134    14.774811   -18.330921  -131.910835
   45.966727    10.212431     6.280588    14.883612   -18.850097  -133.337059
   46.189907    10.112956     5.845760    14.834475   -22.248752  -128.999977
   46.348938    10.120827     5.943769    14.960172    -4.902042  -144.962977
   46.476967    10.104155     5.857436    15.018108    -8.649809  -139.173832
   46.597292    10.192628     5.712936    14.857683    -6.792266  -144.490147
   46.080954    10.027309     5.920280    14.846956     0.868839  -138.623655
   45.780772     9.760282     5.777441    14.919111   -19.340839  -131.063403
   46.257304     9.991335     5.987973    15.140078   -15.448739  -148.390543
   46.399595     9.961289     5.460640    14.816312    -1.221679  -141.930635
   46.230205    10.161156     5.960856    14.876753   -19.848543  -128.412677
   46.105995    10.153044     5.929830    14.880313   -36.831351  -147.592294
   45.688596     9.839141     5.662619    14.789171   -37.287351  -148.450593
   46.259186     9.909568     5.633211    15.030714   -29.284149  -145.893973
   46.049011    10.006789     5.894696    14.945129   -28.231749  -141.904020
   46.656310    10.073081     5.499780    15.008738   -30.627847  -149.950297
   46.186836    10.018952     5.810810    15.010380   -45.027772  -126.587684
   46.321698    10.026461     5.983243    15.200151   -37.651291  -129.902286
   45.992148     9.711442     5.878756    15.226594   -17.600732  -153.534890
   46.505640    10.408221     5.972012    14.781134   -17.926438  -158.476679
   46.751598    10.079541     5.403090    14.960249   -24.274995  -148.152412
   46.062332     9.974345     5.552992    14.752858   -37.220445  -114.746077
   46.327919    10.022760     5.597739    14.950699   -40.933307  -140.915790
   46.493800    10.296932     5.960186    14.972180   -44.822614  -128.574592
   46.044538     9.930081     5.983602    15.132847   -39.569482  -130.885703
   46.122731     9.912257     5.530284    14.890631   -39.418068  -138.671627
   46.139560    10.183771     5.917000    14.793608   -26.436218  -137.971545
   46.311773    10.214985     6.031147    15.031277   -48.006094  -132.685362
   46.619806    10.385782     5.994795    14.903637   -21.852468  -151.755001
   46.124002    10.089923     6.010906    14.952041   -24.567198  -129.787896
   46.140362     9.909838     5.798292    14.973070    -6.281752  -140.637381
   45.861782     9.858072     5.886733    14.907264    -9.417091  -132.641747
   46.040798    10.013549     5.760939    14.780780   -19.142592  -123.399924
   45.959067     9.984913     5.758944    14.764951   -16.271782  -138.532805
   46.467435    10.325325     6.045632    14.883653   -19.149139  -127.808898
   46.492668    10.075094     5.802583    15.074212   -24.202862  -132.374758
   46.408168    10.258419     6.158041    15.087064   -36.104417  -128.359347
   46.185502    10.142866     6.112140    14.922620     1.809167  -145.391241
   46.140895    10.164774     6.047697    14.826575    -4.122506  -135.448388
   46.199912     9.929334     5.835036    15.028247    -4.198161  -154.112542
   46.327017    10.276745     6.147271    14.965087   -28.285496  -123.162214
   46.174675    10.216168     6.060845    14.847633   -16.259898  -143.272366
   46.365260    10.127442     6.032986    15.237390   -57.961265  -139.269540
   45.938792     9.863446     5.886735    15.132650   -56.856066  -121.609086
   46.026562     9.980758     5.960504    15.064204   -42.640725  -139.269321
   46.097835    10.153977     5.790722    14.842011   -56.601625  -133.324600
   46.012675    10.153884     6.114782    15.011795   -50.550000  -144.467419
   46.252602    10.181045     6.071144    15.079738   -45.844532  -146.110152
   46.502434     9.877517     5.694338    15.375771   -48.291936  -138.719230
   45.960804    10.247220     6.072354    14.782334   -39.122254  -141.031233
   46.507241    10.079074     5.746216    15.176015   -61.572955  -123.706241
   46.324275     9.968853     5.938630    15.286171   -46.740080  -137.360210
   46.471848    10.241493     5.897040    15.035037   -58.558245  -121.434422
   46.765722    10.048853     5.621717    15.288788   -53.217544  -127.667301
   46.329356    10.052267     5.966994    15.193163   -44.674871  -137.900307
   45.930132    10.031622     5.668811    14.673745   -25.683951  -143.110080
   46.448444     9.827021     5.506508    15.093791    -5.924870  -134.514638
   46.327399     9.966626     5.874896    15.121839   -14.949857  -124.001355
   46.205943    10.164002     5.955178    14.918664   -37.296035  -127.385340
   46.250540     9.898015     5.787133    15.116774   -19.399763  -147.125047
   46.412780    10.250936     5.967025    14.951708   -35.127505  -136.133100
   46.294711     9.884391     5.782097    15.167532   -19.175000  -149.549032
   46.105430    10.002256     5.886191    15.009202   -35.958378  -142.517700
   46.182609     9.870586     5.504551    14.986198   -49.039386  -124.822719
   46.075995     9.833563     5.618544    14.952764   -26.385632  -131.130892
   46.703022    10.059523     5.690752    15.222639   -35.601472  -143.525783
   46.580398    10.195458     5.660871    14.935223   -40.112431  -142.081467
   46.281054    10.278953     6.301309    15.161679   -54.057763  -127.241578
   46.294544     9.977212     5.842217    15.133529   -36.446370  -132.224293
   46.431127     9.911016     5.795023    15.304005   -35.107201  -145.922023
   46.012781     9.710421     5.752992    15.218828   -41.705789  -135.031277
   46.844195    10.272223     5.665965    14.980912   -34.478311  -141.837039
   45.982646     9.978824     5.917188    14.921797   -20.314917  -141.959324
   45.906934     9.909408     5.748846    14.899859   -40.044277  -132.805686
   46.227104    10.251981     5.896075    14.867944   -54.683619  -132.660962
   46.166798    10.083698     6.092175    15.146101   -46.109705  -139.574592
   45.986442     9.816886     5.675424    15.075100   -55.483141  -133.613133
   46.588053    10.084584     5.880077    15.317330   -56.453842  -130.938778
   46.371733    10.008476     5.556052    14.986210   -50.318674  -124.879640
   46.459936     9.958198     5.752702    15.202660   -29.761659  -141.575424
   46.532591    10.080184     5.830913    15.176881   -40.528093  -134.055533
   46.362957     9.884538     5.743037    15.253861   -40.771404  -134.116992
   46.335776     9.974391     5.608666    15.044276   -42.920813  -145.885818
   46.042800     9.988247     5.715886    14.903052   -48.293069  -128.777406
   46.315569    10.035133     5.711535    14.996205   -33.736750  -151.530339
   46.487271    10.019717     5.794614    15.181775   -35.076940  -135.003351
   46.113186     9.919210     5.872271    15.088136   -34.354504  -126.501976
   46.466666    10.116930     5.962333    15.184790   -42.905355  -121.875779
   46.398063    10.203091     6.007595    15.072570   -37.756813  -150.762529
   46.042697     9.985116     6.164371    15.271805   -54.782531  -135.051582
   46.169815    10.144939     5.760847    14.788191   -34.619294  -141.420316
   45.951879     9.975458     5.959586    14.974134   -27.726106  -147.212119
   46.195717     9.992312     5.865278    15.068101   -26.559570  -160.103156
   46.134058     9.822237     5.612176    15.007030   -21.231614  -149.229087
   46.481908    10.170491     6.055244    15.244531   -51.924530  -134.370980
   46.389879    10.145882     6.093837    15.169015   -35.157070  -128.472868
   45.868012     9.806536     5.786064    15.001929   -37.440562  -127.689418
   46.516516    10.230599     5.876798    15.023020   -49.333450  -123.212221
   46.082667     9.921727     6.070631    15.282434   -48.224367  -139.164542
   46.024593     9.740813     5.776812    15.200150   -37.069201  -142.814817
   46.695353    10.040985     5.816532    15.367380   -43.843459  -124.922971
   46.597466     9.923085     5.822574    15.460636   -37.741981  -145.565770
   46.232667     9.973804     5.903071    15.177255   -41.500862  -146.041460
   46.203508    10.230199     6.151057    15.017608   -42.484455  -138.405789
   46.199052     9.966935     5.639106    14.957957   -37.711093  -145.864909
   46.584297    10.274056     5.963248    15.098212   -44.782446  -147.386579
   46.631042    10.021114     5.734450    15.289931   -43.199321  -144.604925
   46.039048     9.885283     5.706345    14.978332   -31.285387  -151.386847
   46.206151    10.040260     6.028209    15.171665   -45.577154  -137.048222
   45.861570     9.825396     5.925459    15.114839   -47.576253  -121.544117
   46.376424    10.045425     6.117635    15.324089   -34.296131  -142.880517
   46.351743     9.856048     5.939390    15.421854   -37.299261  -128.302906
   45.832089     9.741075     5.767921    15.095313   -51.345435  -126.890098
   46.493304    10.179135     5.663232    14.896915   -43.460170  -129.875030
   46.246743    10.152190     5.763082    14.945720   -55.319746  -148.763089
   46.245549    10.147569     5.756582    14.999654   -76.608017  -123.873230
   46.024888     9.818419     5.752695    15.154860   -58.581686  -121.861626
   46.089520    10.009169     5.890197    15.016257   -33.389714  -156.234904
   46.137878     9.948856     5.802417    15.062441   -42.556372  -140.773291
   46.460295    10.163490     5.833467    15.062277   -47.265790  -143.732193
   46.734441    10.196823     5.893362    15.191814   -34.502089  -123.385319
   46.431249    10.285737     5.848735    14.820858   -28.849686  -146.574466
   46.477359    10.018101     5.799094    15.158085   -26.519192  -144.092621
   46.493056     9.963156     5.712295    15.209340   -37.795832  -129.218365
   46.359323     9.997548     5.782218    15.167897   -48.720425  -139.548145
   46.301394     9.865977     5.733336    15.217101   -41.112486  -124.408869
   46.287614     9.887688     5.563375    14.984758   -22.296550  -132.745889
   46.390746    10.019350     5.809658    15.154651   -41.404675  -142.396000
   46.693026    10.055935     5.742127    15.216259   -23.706564  -134.353145
   46.627590    10.268704     5.957353    15.040556   -20.426227  -156.402710
   46.559612    10.227165     6.152214    15.256542   -35.837976  -146.236426
   46.426964    10.201660     5.822091    14.876558   -23.434164  -143.334193
   45.999603     9.808622     5.529397    14.897604   -29.135644  -147.400440
   46.192328     9.990180     5.665370    14.896411   -31.351613  -132.693816
   46.238373    10.089021     5.705573    14.861143   -39.537809  -128.285603
   46.437478    10.145200     5.684926    14.928094   -47.395740  -120.832826
   45.699553     9.985076     5.800318    14.748190   -50.594197  -115.768337
   46.582065    10.396418     6.049998    14.965312   -42.905600  -129.787971
   46.688823    10.052377     5.562223    15.090088   -29.883746  -137.384791
   46.334325    10.176994     5.771784    14.885626   -42.419641  -137.547777
   45.939735    10.160296     6.026049    14.834105   -41.719755  -131.830186
   46.146716    10.164749     6.144713    15.083273   -53.485548  -121.410775
   46.265018    10.077120     5.756033    14.940516   -37.537400  -142.694862
   45.997813     9.786530     5.836365    15.107120   -22.549514  -139.208425
   45.711485     9.912499     5.837199    14.748793   -17.023902  -138.101776
   46.260714     9.926603     6.012001    15.348244   -48.465977  -126.011292
   46.895754    10.166889     5.813868    15.296040   -27.335527  -146.141436
   46.165736     9.793603     5.587584    15.070766   -25.001409  -153.317458
   46.252780     9.843026     5.720305    15.164428   -30.347252  -131.134849
   46.392278    10.135603     6.053745    15.154677   -36.040578  -127.167450
   46.051175     9.945292     5.817440    15.051869   -54.153912  -125.305944
   46.536519    10.309266     6.135502    15.141717   -44.402172  -140.334252
   46.157539    10.170304     5.740682    14.825639   -50.944542  -146.633091
   46.330334     9.971355     5.552858    14.975608   -39.751180  -137.977873
   46.319809    10.197601     5.889283    14.964012   -43.093410  -149.247775
   46.327598     9.980620     5.370327    14.780417   -27.265921  -143.078306
   45.973201     9.957965     5.763261    14.901103   -40.947570  -133.209711
   46.622568    10.149581     5.645556    14.963614   -27.510478  -145.375858
   46.243858    10.238969     6.004797    14.873588   -28.746954  -144.214601
   46.039448    10.152114     6.155472    15.012127   -42.324839  -139.715910
   46.154509    10.191265     6.113825    14.965301   -34.391913  -134.217331
   46.193301    10.085366     5.899694    14.943502   -30.228434  -131.622912
   46.596632    10.354280     5.843104    14.869721   -44.492433  -127.762073
   46.121140    10.213585     5.852988    14.739121   -36.671980  -134.093294
   46.004778     9.897607     5.709263    14.837690    -7.954734  -145.511542
   46.198730     9.991248     5.769940    14.955325   -25.380149  -135.473195
   46.549295    10.185226     5.640944    14.921629   -47.034685  -127.595305
   46.653029    10.078744     5.704762    15.132978   -29.207200  -135.203808
   46.171182    10.051618     5.612222    14.814241   -42.807075  -129.951117
   46.244227    10.147244     5.903965    15.031782   -64.847930  -112.881619
   46.282667     9.963394     5.745719    15.036675   -26.666002  -134.463418
   47.016725    10.211698     5.550980    15.167258   -47.871533  -139.492357
   46.317343     9.916841     5.544453    15.030671   -42.162121  -130.510869
   46.894379    10.274177     5.691797    14.987226   -23.809448  -138.714493
   45.931557    10.089763     5.908571    14.886879   -58.818352  -118.964879
   45.948662    10.066614     5.856451    14.738390   -20.539157  -128.533757
   46.470620    10.115304     5.727768    15.027906   -50.200436  -111.513670
   46.323961     9.929555     5.702993    15.106604   -35.517899  -126.184016
   46.418202    10.112794     5.871755    15.068263   -37.862741  -131.030631
   46.243254     9.987433     5.881252    15.067578   -24.669978  -127.236223
   46.224086    10.120527     5.695859    14.807161   -43.194515  -114.395410
   46.297901    10.077117     5.983983    15.145778   -46.628655  -122.155764
   45.819797     9.895186     5.842150    14.925229   -43.317258  -116.327897
   46.894718    10.227528     5.776522    15.182013   -37.399557  -132.099035
   46.354383    10.335259     5.838619    14.742579   -42.606049  -132.068344
   46.411495    10.183521     5.780072    14.887310   -32.724958  -136.792906
   46.491597    10.302440     5.833283    14.868076   -40.361725  -141.176619
   46.248782    10.216874     5.929704    14.785339   -11.972192  -147.558211
   46.260881    10.030076     5.689024    14.804726     1.914541  -152.111816
   46.320613    10.047220     5.837247    15.013461   -19.409009  -149.960233
   46.212643    10.131324     5.905818    14.913926   -22.997824  -156.658550
   46.195703    10.061955     5.809441    14.946702   -43.028226  -115.667995
   46.523409    10.099806     5.745562    14.952503    -4.059691  -139.302870
   46.227976    10.106187     5.989926    14.916291     3.291175  -158.198515
   46.257204    10.107380     6.096361    15.123809   -31.500177  -141.951056
   46.478317    10.034582     5.807927    15.051027     6.995550  -163.612358
   45.975698    10.070535     6.088823    14.852680     0.469054  -141.688752
   46.382694    10.362340     5.894642    14.705535   -22.068406  -149.751879
   45.711422     9.865143     5.620169    14.774274   -49.124281  -135.758899
   46.555117    10.047038     5.790728    15.188216   -34.759922  -127.939596
   46.134907     9.935079     5.706993    15.059516   -50.431518  -145.635860
   46.278557     9.974461     5.630314    14.971007   -36.555636  -133.165471
   46.084372    10.066265     6.071397    15.075322   -45.541642  -121.911280
   45.993829    10.077670     5.736841    14.722607   -30.297240  -139.935430
   45.855083     9.950378     5.691399    14.786844   -41.435116  -133.167738
   46.459715    10.336612     6.002133    14.955643   -49.622628  -129.549807
   46.586453    10.125224     5.657205    15.056523   -46.452788  -139.962891
   46.100108     9.976120     5.647100    14.941162   -47.568387  -149.023905
   45.970689     9.855627     5.639715    14.982838   -54.108357  -130.037508
   46.392145    10.115369     5.741159    14.977913   -40.429261  -142.975568
   46.289001    10.089521     5.672727    14.922912   -42.855897  -149.380337
   46.221367    10.030183     5.577406    14.905634   -46.886974  -149.749957
   46.427053    10.136886     5.828636    15.131771   -58.844230  -143.943720
   45.919612    10.203702     5.964231    14.794766   -56.528181  -131.346023
   46.352484     9.911648     5.697804    15.211383   -39.754664  -156.784942
   46.144146     9.971121     5.940810    15.208126   -55.176296  -143.990307
   46.020421    10.000431     6.105036    15.122020   -37.826847  -137.477460
   46.126865     9.946676     5.859424    15.142061   -50.842715  -142.557313
   46.378087    10.194125     5.938662    15.037523   -42.429248  -149.214350
   46.191990     9.882063     5.790835    15.212320   -54.140123  -129.616976
   46.810249    10.343027     5.881888    15.054657   -41.303139  -136.406562
   46.313354     9.965263     5.461344    14.910863   -36.261903  -148.880235
   46.590858    10.105114     5.942338    15.337185   -56.544362  -126.252608
   46.496534    10.241890     5.806300    14.969459   -47.294289  -144.434944
   46.647573    10.317375     5.828565    14.965627   -48.133691  -133.554167
   46.118524    10.199889     5.790939    14.800407   -44.466227  -158.511488
   46.124748     9.849653     5.587919    15.049587   -47.626977  -141.599112
   46.506823    10.016393     5.644708    15.149765   -49.167573  -138.435106
   45.945902     9.903894     5.534999    14.794552   -38.071853  -146.577186
   46.425820    10.184524     5.976928    15.145068   -57.531282  -130.441172
   46.553303    10.069733     5.584511    15.073582   -50.513775  -138.470227
   46.622907    10.328420     5.990263    15.018861   -39.284757  -129.681497
   46.154447    10.035857     5.994163    15.075535   -37.285592  -130.551284
   46.230959    10.278053     6.098210    14.931050   -40.384784  -140.050925
   45.978768    10.168855     6.230565    14.987432   -39.187679  -133.436103
   46.632699    10.210264     5.796050    15.077592   -49.966214  -131.256188
   46.244815     9.979017     5.782947    15.066386   -38.867143  -138.794695
   46.790144    10.254144     5.735839    15.107314   -54.497064  -133.948200
   46.238437    10.107131     5.928733    15.019182   -42.979006  -133.682330
   46.321788    10.002824     5.637060    14.996203   -41.063829  -138.799545
   46.354921    10.151697     5.941317    15.010900   -28.350571  -147.750543
   46.536587     9.980269     5.441220    15.027119   -41.230457  -133.086649
   46.557269    10.116927     5.776515    15.125036   -47.232218  -131.528808
   46.107741     9.927820     5.947116    15.174194   -42.829114  -139.021729
   46.371306    10.047733     5.674040    15.080449   -60.459461  -133.089682
   46.236792    10.044583     5.924474    15.155575   -55.805764  -136.644536
   46.032360    10.198058     6.089235    14.952079   -52.773840  -138.495534
   46.396582    10.059374     5.782650    15.165703   -60.283811  -136.583414
   46.188075    10.048819     5.927047    15.085645   -48.121162  -138.365369
   46.704192    10.104973     5.679432    15.164501   -42.052258  -139.221375
   46.217507    10.291050     6.049612    14.884375   -41.985280  -142.733146
   46.388057     9.947061     5.646245    15.198128   -57.590977  -138.620537
   46.427216    10.019871     5.700948    15.083271   -41.649724  -127.927348
   46.443234    10.103507     5.667623    14.998512   -42.462264  -149.094086
   46.386036    10.175457     5.709348    14.904569   -45.288126  -144.679077
   46.454338    10.187068     5.666942    14.891246   -43.811788  -143.027146
   46.465399    10.268711     5.898891    14.919814   -36.325235  -138.798964
   46.466964    10.211735     5.789209    14.861592   -25.420233  -135.172608
   46.069023    10.247558     6.024498    14.871366   -49.966522  -144.848602
   46.551376    10.295491     6.074124    15.094463   -40.380514  -135.513579
   46.299781     9.973816     5.669212    15.087265   -56.750495  -121.234275
   46.051040    10.002075     5.888094    14.955941   -22.595287  -158.371651
   46.396800     9.926865     5.716253    15.168917   -23.570607  -157.311946
   46.555098    10.199944     6.047595    15.148534   -20.179872  -150.566048
   45.912866    10.229435     6.085903    14.790866   -43.880193  -132.169422
   46.431336    10.362004     6.302867    15.091970   -35.636966  -135.630840
   46.274130    10.288925     5.796673    14.741449   -51.601789  -117.200890
   46.195985    10.181593     6.016924    14.914011   -21.339772  -155.883405
   45.966681    10.050708     6.211311    15.170992   -43.291958  -156.632292
   46.820194    10.189674     5.667307    15.141877   -35.736812  -162.163458
   46.084882     9.980095     5.988295    15.126631   -42.287460  -141.597127
   46.255654     9.912321     5.443924    14.865629   -23.536180  -147.721077
   45.980939    10.050135     6.114577    15.037490   -33.062045  -146.233292
   46.132557     9.829343     5.815129    15.186379   -33.955316  -142.860373
   46.316954     9.745901     5.755172    15.430360   -42.488706  -142.072747
   46.514915    10.035000     5.940399    15.323626   -40.820940  -138.555651
   46.482163    10.055703     6.143562    15.448600   -44.890615  -133.448013
   46.209685     9.789186     5.524747    15.065190   -28.418674  -146.198962
   46.511562     9.994490     5.704961    15.174728   -37.160586  -135.169965
   46.225357    10.079650     5.756762    14.885154   -31.379521  -142.055554
   45.956954    10.138158     5.914614    14.817257   -41.067268  -147.760716
   46.402025    10.324981     6.142509    15.005307   -41.062933  -130.280526
   46.030503    10.128912     6.050102    14.932471   -39.558133  -130.688160
   46.510356     9.935263     5.603740    15.232618   -52.886742  -123.732396
   45.903364     9.957162     5.814133    14.897119   -43.139564  -128.034395
   46.378067    10.082208     5.840655    15.076630   -35.063163  -151.409024
   46.062593    10.115282     5.951579    14.908428   -35.009619  -149.190040
   46.382947     9.945851     5.528338    14.982285   -27.024599  -142.908944
   46.235671    10.217278     5.899885    14.829143   -29.402926  -148.100309
   46.080346     9.957435     5.750484    14.893986   -17.843056  -150.372417
   46.168751    10.281393     5.978423    14.760465   -30.254114  -142.001202
   46.109505    10.308861     5.949081    14.676443   -32.563726  -138.674648
   46.220684     9.966900     5.756936    15.069384   -45.623429  -134.416912
   46.149562    10.100658     5.697211    14.776802   -32.681504  -142.139484
   46.457556     9.921403     5.542950    15.123078   -34.924650  -147.777221
   46.763531    10.271328     5.885402    15.203623   -52.140140  -147.614395
   45.708758     9.963596     5.983018    14.869340   -33.494587  -142.971055
