   48.006356    10.285016     5.267196    15.564310   -39.763206  -145.166537
   48.104951    10.628814     5.721777    15.593969   -42.062047  -157.849471
   48.219860    10.453145     5.580471    15.816983   -33.650844  -156.793539
   48.080824    10.507556     5.533984    15.583184   -56.229503  -128.269576
   47.863184    10.504023     5.806661    15.645187   -37.833665  -142.740988
   48.387723    10.736891     5.696917    15.596947   -40.273100  -147.539991
   48.325808    10.679308     5.532329    15.461901   -42.765358  -144.492659
   47.756218    10.407433     5.417494    15.297428   -43.859272  -135.971890
   48.465164    10.565452     5.183638    15.380952   -46.221742  -144.842453
   48.347776    10.785610     5.762948    15.540771   -47.399471  -130.837193
   47.801945    10.283729     5.385625    15.538718   -44.148487  -137.559372
   48.268814    10.773000     5.609718    15.325232   -49.031367  -134.341707
   48.150151    10.597960     5.618745    15.564044   -46.011486  -144.072178
   47.870090    10.483163     5.626872    15.466893   -33.291029  -145.825237
   48.554631    10.880304     5.744313    15.578702   -53.604722  -135.843015
   48.401495    10.866732     5.839787    15.519533   -47.263974  -125.783010
   48.172383    10.689861     5.660093    15.402994   -36.742822  -143.758951
   48.187029    10.594425     5.526337    15.467668   -45.199987  -133.171632
   47.698756    10.303979     5.571427    15.609061   -46.275148  -126.904474
   49.216872    10.850556     5.464922    15.738224   -27.077235  -145.837100
   48.516366    10.723860     5.451265    15.478713   -42.217804  -152.371888
   48.125001    10.676553     5.896056    15.650204   -29.757542  -149.730231
   48.489523    10.616979     5.450598    15.572340   -29.141056  -153.473004
   47.783451    10.458689     5.667500    15.517283   -40.375264  -150.242183
   48.328352    10.757856     5.723073    15.602841   -51.290264  -152.916962
   47.967862    10.672184     5.801378    15.426471   -47.235132  -129.145608
   48.404712    10.718242     5.697264    15.635527   -34.809110  -153.460987
   48.280951    10.627169     5.589729    15.485767   -21.084169  -151.044599
   48.190672    10.558002     5.575455    15.530686   -27.832863  -141.695750
   48.069389    10.556532     5.519476    15.277674   -15.280755  -134.495681
   48.358980    10.892020     5.790464    15.397835   -51.702035  -128.615826
   47.983037    10.680957     5.682347    15.360680   -53.606102  -146.121267
   48.417668    10.649041     5.375218    15.427969   -49.905288  -136.848773
   47.701522    10.562971     5.754459    15.285843   -36.398788  -140.568955
   48.599683    10.900853     5.785003    15.562824   -38.214424  -139.478185
   48.572066    11.007168     5.695267    15.286719   -47.588246  -137.087931
   48.240688    10.778064     5.727338    15.402678   -41.608118  -141.983613
   48.186856    10.892008     5.841618    15.225033   -33.117103  -141.656369
   48.136649    10.621556     5.450475    15.231170   -32.819946  -139.390293
   48.545461    10.754973     5.577467    15.608007   -52.812417  -138.591509
   48.320432    10.553055     5.453189    15.549435   -27.940941  -158.199266
   48.287606    10.727543     5.804005    15.601222   -27.356812  -155.983753
   48.273257    10.515252     5.342257    15.457125   -46.524202  -125.922265
   48.521513    10.732067     5.283972    15.225013   -37.736851  -143.977622
   48.599678    11.025942     5.740052    15.315197   -40.350588  -145.254350
   48.169214    10.488684     5.291487    15.350460   -40.632666  -136.226551
   48.177516    10.724986     5.848937    15.645719   -51.947618  -144.447824
   48.658802    10.682923     5.539599    15.707073   -32.911075  -147.571335
   48.634218    10.728547     5.280881    15.348127   -39.964904  -148.392280
   48.123518    10.592309     5.419442    15.293571   -44.586558  -137.173374
   48.225761    10.660129     5.607887    15.458787   -38.081197  -142.312228
   48.586415    10.688137     5.522311    15.645958   -39.554118  -144.750767
   48.214733    10.697247     5.513946    15.266499   -33.088696  -150.915779
   48.236830    10.573060     5.437306    15.441380   -30.578550  -160.751255
   48.164993    10.507906     5.397965    15.454306   -38.955619  -145.324027
   48.424710    10.621499     5.346730    15.450655   -36.150207  -162.606197
   48.275401    10.859474     5.890592    15.480031   -45.039103  -136.960738
   48.505240    10.513926     5.344283    15.650376   -36.465049  -146.618777
   47.874843    10.401510     5.578505    15.580417   -41.955851  -128.306219
   48.162236    10.579603     5.537193    15.450820   -40.351866  -128.434666
   48.083769    10.688373     5.858391    15.577740   -36.487383  -152.713093
   47.771138    10.532818     5.687920    15.348625   -40.032372  -135.042335
   48.214438    10.506057     5.424898    15.523308   -39.915158  -139.168230
   47.977992    10.441170     5.478606    15.427462   -26.681894  -137.176173
   48.041360    10.553222     5.514067    15.419428   -48.896185  -135.593446
   47.908713    10.413984     5.504303    15.540935   -50.952253  -127.910532
   48.168506    10.460713     5.360045    15.527595   -45.909224  -143.972875
   47.925943    10.546449     5.640143    15.501900   -55.781104  -136.220335
   48.331428    10.711141     5.468570    15.170186    -8.066840  -153.266578
   48.097036    10.633443     5.835433    15.644389   -28.803268  -157.123302
   47.932816    10.642941     5.693735    15.365336   -48.602615  -144.729493
   48.425671    10.673699     5.489942    15.461492   -39.579125  -130.709841
   47.892179    10.567959     5.943735    15.655650   -22.484010  -147.426114
   48.163563    10.655437     5.775343    15.602021   -36.547797  -143.249699
   48.197512    10.747191     5.701690    15.352087   -42.425164  -119.716309
   48.269553    10.738560     5.845453    15.623506   -34.658996  -145.407543
   48.194140    10.559951     5.615898    15.595613   -32.411092  -138.851139
   48.397229    11.063387     5.873424    15.196540   -47.413499  -128.454910
   48.777152    10.784359     5.379709    15.546032   -45.792153  -156.462585
   48.541698    10.910560     5.655732    15.457328   -46.994994  -160.103105
   48.010880    10.568871     5.646072    15.545979   -48.754998  -150.858374
   48.038758    10.719320     5.615187    15.181104   -32.441759  -155.346911
   48.451211    10.631792     5.404710    15.511288   -30.648118  -167.826242
   48.583090    10.722820     5.504134    15.613099   -50.118858  -143.997808
   48.204429    10.861757     5.905397    15.427307   -36.960936  -154.319876
   48.454967    10.705451     5.350349    15.180876   -20.378810  -138.013935
   48.167371    10.648526     5.492261    15.258480   -37.583266  -129.225713
   48.307314    10.855270     5.715356    15.312170   -43.362090  -139.359800
   48.098128    10.852548     5.645241    15.038854   -40.097069  -141.973480
   48.229110    10.610195     5.553643    15.574176   -59.320163  -132.215387
   48.342577    10.697917     5.349842    15.208398   -38.507039  -144.507918
   47.961424    10.671691     5.622948    15.284646   -46.344501  -156.694536
   48.142547    10.546473     5.239732    15.190991   -42.432328  -143.638535
   48.418784    10.754280     5.500139    15.373709   -33.146404  -161.272116
   47.931998    10.617606     5.486793    15.090663   -29.991118  -145.397627
   48.291921    10.754268     5.645678    15.436403   -40.022575  -155.733987
   48.379956    10.856695     5.492542    15.144751   -35.975593  -154.826048
   48.226368    10.643053     5.610779    15.528506   -35.868292  -159.378805
   48.355418    10.601776     5.412803    15.529766   -45.507803  -155.731250
   47.680099    10.425900     5.397221    15.203886   -45.610834  -145.646348
   47.916425    10.608577     5.624819    15.333006   -50.813989  -137.595129
   48.420746    10.637366     5.547742    15.692956   -55.377431  -141.947779
   48.238334    10.797660     5.597485    15.340123   -63.266534  -143.830510
   48.274877    10.687151     5.611976    15.550681   -51.957406  -149.994737
   48.515025    10.696827     5.641506    15.772502   -49.666628  -149.919430
   48.387136    10.787844     5.662891    15.497739   -43.644040  -153.456559
   48.138595    10.701607     5.686818    15.451847   -59.779088  -122.895415
   48.275834    10.693688     5.629487    15.594128   -54.493745  -157.751070
   48.216292    10.748551     5.642714    15.462249   -55.940083  -157.652201
   48.139688    10.807007     5.899292    15.445660   -34.568194  -153.996883
   48.392654    10.847212     5.880190    15.556157   -33.583711  -139.143578
   48.586913    10.636976     5.443086    15.699117   -51.573756  -145.163440
   48.076742    10.758149     5.879175    15.455620   -35.280972  -153.864410
   48.079042    10.627875     5.788516    15.647572   -49.462147  -141.846138
   47.739765    10.504627     5.474992    15.136462   -31.099577  -153.029990
   48.210649    10.678388     5.608869    15.497180   -48.624329  -154.114553
   48.511285    10.611040     5.200597    15.344168   -40.359188  -148.190122
   48.084989    10.677881     5.442369    15.009943   -11.085981  -158.529694
   48.490902    10.923453     5.507367    15.176030   -38.532495  -158.334239
   48.315388    10.710930     5.452950    15.302252   -37.527897  -154.275320
   48.100320    10.714181     5.547202    15.239503   -42.527560  -157.952265
   48.302356    10.747425     5.496155    15.308000   -43.105810  -155.680700
   48.112347    10.703660     5.650584    15.376740   -39.555510  -161.429375
   48.070613    10.692369     5.883875    15.644074   -56.206860  -134.997611
   48.169216    10.594990     5.619470    15.624568   -49.671999  -152.004079
   48.171646    10.607867     5.685634    15.625301   -37.684270  -154.026037
   48.584109    10.904658     5.728953    15.464995   -33.775302  -144.132730
   48.265374    10.719843     5.712168    15.510334   -34.985539  -150.671298
   48.180602    10.400656     5.357965    15.632611   -44.759325  -142.788427
   48.382338    10.519022     5.517098    15.784097   -36.994195  -158.529167
   47.956978    10.582418     5.595386    15.398585   -44.725907  -154.585089
   48.117439    10.746189     5.645968    15.238907   -45.521317  -127.978176
   48.224663    10.545328     5.294070    15.291699   -40.649501  -133.184263
   48.413496    10.874801     5.656459    15.276919   -26.149659  -157.544721
   48.169077    10.883697     5.871986    15.388043   -49.704633  -155.272434
   48.131349    10.567259     5.389772    15.359213   -42.240702  -159.758640
   48.346241    10.520443     5.357290    15.539851   -28.520127  -166.571452
   47.984554    10.537884     5.740051    15.677165   -44.895062  -154.654489
   48.099718    10.684592     5.580688    15.280842   -28.055646  -168.009474
   48.176789    10.709714     5.440751    15.175760   -45.616158  -143.974822
   48.423659    10.781572     5.393528    15.189714   -27.547431  -163.870334
   48.529114    10.977809     5.551171    15.195098   -51.371650  -147.528693
   48.000659    10.692932     5.564196    15.137563   -28.581311  -161.352807
   48.490899    10.825260     5.531746    15.441783   -53.398884  -156.862563
   48.166678    10.727779     5.529046    15.231864   -37.546638  -158.609183
   48.296006    10.971983     5.883015    15.312916   -43.196339  -150.950604
   48.431534    10.791315     5.554007    15.468262   -52.721036  -156.906209
   47.952889    10.500580     5.466318    15.363861   -28.730612  -171.479370
   48.227638    10.729816     5.554074    15.342166   -43.880360  -157.070555
   48.163535    10.870584     5.681551    15.129257   -37.076606  -155.091798
   48.083763    10.802876     5.755419    15.277005   -39.949913  -158.000579
   48.253437    10.798566     5.620609    15.371575   -54.503182  -156.141951
   48.016425    10.565812     5.448551    15.249029   -31.443319  -153.226213
   47.994083    10.707722     5.495392    15.088761   -40.813381  -156.534344
   48.157561    10.675770     5.633422    15.439444   -43.190839  -150.393229
   48.046583    10.621601     5.537631    15.228040   -16.709390  -165.374931
   47.797673    10.415898     5.598499    15.563391   -44.841538  -153.672657
   48.539708    10.844676     5.445014    15.333645   -51.816305  -152.617707
   48.040499    10.707512     5.802236    15.482113   -56.695462  -131.481559
   47.695307    10.566555     5.764244    15.332110   -39.239682  -154.586600
   48.259839    10.882105     5.669414    15.210870   -40.774900  -156.515273
   48.602554    10.857780     5.650961    15.595735   -48.314343  -157.281866
   48.306527    10.913806     5.784240    15.266790   -30.859893  -156.133968
   48.608050    10.958020     5.577646    15.308116   -44.325693  -151.539549
   48.009247    10.652892     5.555224    15.309187   -53.963510  -149.259376
   47.927963    10.740437     5.650975    15.083967   -29.099896  -161.223834
   48.027671    10.856509     5.695184    15.023589   -38.245074  -145.801753
   48.664097    10.818062     5.567554    15.548426   -42.573842  -142.208620
   48.923466    10.664446     5.227280    15.583647   -45.718313  -130.863975
   48.344710    10.845166     5.588527    15.189892   -37.084444  -138.218142
   48.392012    10.630113     5.372075    15.475259   -51.162497  -149.698051
   48.256710    10.582311     5.254642    15.274693   -45.600988  -149.342929
   48.097236    10.585995     5.306103    15.148174   -32.865946  -157.991867
   48.463481    10.595450     5.189058    15.347515   -42.778552  -154.474304
   47.989582    10.558431     5.632883    15.431160   -36.241464  -133.666721
   47.714327    10.569961     5.821334    15.364729   -28.436822  -158.717576
   48.069688    10.541518     5.467923    15.381036   -47.655857  -124.393992
   48.284384    10.632394     5.601290    15.623346   -42.787204  -158.042765
   48.484536    10.808486     5.751775    15.671483   -44.032301  -158.758974
   48.231726    10.705027     5.711914    15.546021   -40.835047  -154.343915
   48.221518    10.670675     5.603903    15.517729   -51.666764  -149.072303
   48.294018    10.656766     5.676749    15.621508   -35.062712  -152.460389
   48.250221    10.731024     5.726873    15.515950   -41.027147  -148.176628
   47.806863    10.499249     5.557790    15.397178   -52.080023  -149.723195
   48.032032    10.590288     5.649216    15.517473   -50.934368  -140.914506
   48.227236    10.717204     5.809444    15.608763   -34.777952  -156.923704
   48.403248    10.781211     5.505250    15.279376   -29.058623  -156.598816
   48.781843    10.791619     5.490767    15.603496   -44.177936  -138.639008
   48.175268    10.691690     5.454363    15.195752   -43.767148  -138.239383
   48.495675    10.609533     5.426118    15.575263   -33.504798  -150.165010
   48.432962    10.529664     5.321827    15.508380   -36.256423  -134.532520
   48.058356    10.415663     5.391323    15.531854   -38.376442  -151.902027
   48.268563    10.684514     5.703999    15.573569   -36.478722  -148.283016
   47.928320    10.515844     5.733052    15.623213   -48.663157  -128.949166
   48.103869    10.564145     5.586426    15.493117   -33.537288  -147.830104
   47.942184    10.379448     5.387292    15.464583   -34.131189  -149.100464
   48.109623    10.543312     5.511651    15.487540   -41.194443  -146.852671
   48.282595    10.568129     5.513884    15.623029   -46.044164  -146.180849
   48.614552    10.614511     5.569168    15.922817   -47.207988  -157.990196
   47.992397    10.646832     5.890868    15.598757   -35.584747  -151.258144
   48.373215    10.631563     5.534646    15.606198   -39.278640  -156.412846
   48.211919    10.621456     5.553220    15.481846   -31.578863  -165.132252
   48.222150    10.692077     5.870609    15.733573   -40.073138  -149.381411
   48.499739    10.880652     5.757735    15.556525   -38.071628  -165.693586
   48.089445    10.813329     5.938227    15.448517   -39.010547  -152.377768
   47.762667    10.381808     5.693963    15.694019   -39.330531  -164.005337
   48.261444    10.542715     5.601933    15.720106   -33.266999  -158.668519
   48.043876    10.511688     5.681282    15.744931   -45.264354  -166.825394
   48.093265    10.536098     5.554748    15.540924   -37.621592  -157.254633
   48.205945    10.558960     5.600963    15.672027   -40.934693  -156.618198
   48.584351    10.775427     5.795510    15.789470   -34.992799  -145.256289
   48.404277    10.524408     5.341597    15.666215   -62.030602  -145.046658
   48.235061    10.697817     5.813207    15.714473   -45.706025  -157.425687
   48.243011    10.742517     5.797167    15.535633   -31.033492  -154.779910
   47.965477    10.757673     5.780465    15.234674   -35.766404  -153.325244
   48.260303    10.550197     5.553975    15.716677   -54.428302  -144.104063
   48.150771    10.456694     5.490203    15.616590   -29.361366  -154.324748
   48.026220    10.724000     5.758900    15.312450   -33.584917  -151.259225
   48.186334    10.542222     5.616357    15.685666   -48.131458  -133.180071
   48.524265    10.653861     5.589617    15.720769   -31.210644  -156.532535
   48.127045    10.571315     5.583080    15.522989   -30.074770  -166.116885
   47.885073    10.511752     5.707448    15.584967   -39.153103  -164.696679
   48.128940    10.735773     5.864409    15.491749   -29.946242  -147.150127
   48.099694    10.869912     5.754604    15.169652   -50.190062  -138.494517
   48.260662    10.678825     5.652530    15.585116   -45.533526  -156.643317
   48.339887    10.634101     5.586516    15.652058   -48.342037  -146.768275
   48.057707    10.678185     5.512275    15.274775   -53.706274  -153.757464
   48.374995    10.577754     5.392047    15.510916   -35.708088  -154.283690
   47.897466    10.507431     5.631352    15.458886   -29.273441  -160.090337
   48.591269    10.782919     5.781841    15.806633   -43.490091  -144.769749
   47.937895    10.564193     5.690118    15.496562   -37.731895  -159.059725
   48.104603    10.806696     5.707503    15.222506   -43.076813  -148.117954
   48.405925    10.692439     5.626069    15.667270   -44.822553  -158.791334
   48.326030    10.726640     5.779504    15.719615   -50.283488  -153.292974
   48.160182    10.499725     5.581959    15.669882   -35.240943  -147.768134
   48.342388    10.634637     5.585067    15.653060   -44.951723  -153.859041
   48.435598    10.766308     5.724814    15.598155   -38.885589  -141.866062
   47.790392    10.529134     5.467129    15.211954   -47.557053  -151.216886
   48.695067    10.809077     5.657076    15.706469   -39.340396  -152.552864
   48.369177    10.755584     5.589157    15.459575   -40.304924  -160.071359
   47.856196    10.583754     5.684395    15.359896   -35.979442  -158.231550
   48.259492    10.721260     5.558946    15.317982   -40.133465  -138.036166
   48.353575    10.810594     5.690219    15.511389   -59.330171  -145.561874
   47.992976    10.760840     5.804423    15.286385   -36.395478  -153.782331
   48.325541    10.788707     5.695544    15.520022   -48.124644  -160.298265
   48.097881    10.618598     5.805275    15.744120   -60.975740  -135.583921
   47.881628    10.357039     5.624187    15.753207   -33.368806  -166.357108
   48.240331    10.680697     5.645061    15.578732   -62.534061  -134.085184
   48.018202    10.570842     5.715981    15.608968   -42.750083  -154.779046
   48.592714    10.615675     5.478280    15.752446   -43.269796  -149.510916
   48.383441    10.571360     5.387263    15.606056   -47.207430  -163.814449
   48.269463    10.623064     5.692674    15.772342   -63.008893  -134.831615
   48.078230    10.456288     5.638979    15.726734   -32.074207  -146.516721
   48.243353    10.614602     5.565740    15.594209   -46.796861  -157.103457
   48.271172    10.665156     5.694067    15.609503   -35.546608  -153.494200
   48.499700    10.675023     5.572502    15.658045   -39.145142  -147.031166
   48.255638    10.825400     5.917730    15.614407   -49.478051  -150.147702
   48.091996    10.475938     5.617686    15.736871   -40.713924  -155.989562
   48.348821    10.636703     5.582074    15.661946   -51.650878  -145.175915
   48.372178    10.887305     5.722507    15.426982   -58.260858  -147.302291
   48.709098    10.739428     5.552760    15.700480   -37.132528  -151.093328
   48.073496    10.566056     5.729009    15.669961   -34.941733  -163.758862
   48.471598    10.966892     5.920481    15.562238   -41.259460  -162.236835
   48.205690    10.667475     5.426381    15.298826   -46.474173  -155.186513
   48.417798    10.704576     5.635654    15.639990   -41.807769  -154.530843
   48.298190    10.601933     5.579951    15.615004   -34.356657  -154.496190
   48.354069    10.797652     5.773795    15.540273   -38.385327  -151.292567
   47.992929    10.535688     5.572661    15.464784   -40.816828  -148.817992
   48.279052    10.590783     5.472534    15.399725   -15.925402  -156.984241
   48.393805    10.509174     5.417586    15.666009   -39.434895  -143.275546
   48.553564    10.904539     5.654129    15.469616   -50.421490  -153.075000
   48.180605    10.616469     5.627598    15.600813   -50.846635  -148.005721
   48.125209    10.551230     5.632101    15.561577   -22.385509  -159.615582
   48.126653    10.681006     5.820284    15.623361   -38.468639  -161.780035
   47.910932    10.473419     5.627023    15.540550   -34.195562  -151.171177
   48.359746    10.580752     5.271738    15.368484   -41.264740  -151.113425
   48.130813    10.798358     5.830639    15.428065   -41.815636  -159.070966
   47.808567    10.491444     5.533319    15.317213   -41.951349  -141.521363
   48.079337    10.593817     5.731011    15.618375   -31.112853  -168.584932
   48.230506    10.639689     5.714556    15.713146   -45.870332  -160.743466
   48.273561    10.711057     5.642892    15.463360   -32.018590  -159.281340
   48.689165    10.507985     5.147587    15.532199   -25.226059  -158.575864
   48.076238    10.468733     5.334209    15.406716   -50.246774  -137.000048
   48.209333    10.554144     5.728187    15.832382   -42.525225  -152.793739
   48.112331    10.447413     5.503038    15.626531   -27.538581  -164.086265
   47.501354    10.293220     5.609163    15.533282   -47.104640  -155.363139
   48.323963    10.548835     5.284905    15.401749   -41.823440  -147.321937
   48.201091    10.541593     5.431918    15.511728   -46.194515  -149.851904
   48.454105    10.769256     5.432536    15.306598   -39.183604  -152.267559
   48.223448    10.680049     5.630805    15.505032   -39.245154  -161.874436
   48.105405    10.558941     5.538644    15.584341   -64.355617  -141.911220
   47.923149    10.401113     5.604296    15.701847   -43.877563  -147.502941
   48.335274    10.627087     5.677207    15.773762   -46.432445  -153.541352
   48.287631    10.528456     5.569221    15.749572   -43.168052  -146.194673
   48.512880    10.576726     5.206812    15.425038   -47.928091  -140.488842
   48.339327    10.595284     5.357197    15.463434   -54.456903  -140.231405
   48.822101    10.965796     5.797828    15.693490   -39.492589  -148.163639
   48.608198    10.628072     5.277941    15.462702   -44.143470  -132.053362
   48.229583    10.825994     5.698987    15.302457   -34.005923  -164.302997
   48.472798    10.671692     5.444383    15.549248   -46.578085  -154.340095
   48.099822    10.508315     5.572628    15.612217   -35.028272  -159.718624
   48.364554    10.792151     5.611564    15.500512   -66.907014  -144.485432
   48.156109    10.596049     5.452529    15.405456   -58.060326  -130.651715
   47.975605    10.635539     5.845773    15.572176   -38.483384  -155.100626
   48.424453    10.764849     5.570989    15.532803   -51.230793  -160.995233
   47.881357    10.570079     5.628241    15.460950   -58.203810  -155.660015
   48.514142    10.857785     5.540023    15.337226   -49.261311  -138.477823
   48.410349    10.551622     5.334716    15.519195   -37.634058  -151.531778
   47.982881    10.637813     5.837701    15.538351   -33.326070  -154.423970
   48.247955    10.710371     5.792930    15.678533   -46.517193  -155.576609
   48.487008    10.635022     5.490795    15.672125   -51.622078  -143.150477
   48.081942    10.529337     5.442432    15.417271   -39.270768  -155.535618
   48.276850    10.815387     5.647748    15.258410   -30.725999  -154.832268
   48.179920    10.593115     5.402761    15.305440   -44.376565  -130.073740
   47.759134    10.502164     5.743787    15.380760   -12.440226  -157.796534
   48.301313    10.599972     5.286686    15.331283   -53.214054  -139.826295
   48.495336    10.825855     5.650630    15.537553   -52.764752  -145.242312
   48.366936    10.636040     5.714004    15.781537   -40.064629  -146.436608
   47.802908    10.331102     5.325082    15.320313   -19.323116  -166.203600
   48.197163    10.432254     5.339342    15.570886   -52.061093  -129.210907
   47.898722    10.478434     5.710750    15.661375   -44.246523  -150.368023
   47.828899    10.333515     5.558993    15.659462   -41.317908  -137.881019
   47.975722    10.389723     5.446960    15.584346   -45.127387  -142.444377
   48.224940    10.715840     5.668589    15.457318   -49.123150  -133.402845
   48.277113    10.649782     5.640973    15.586326   -41.449942  -142.955634
   48.381708    10.726226     5.755011    15.650504   -32.983600  -150.677027
   48.308192    10.565034     5.371484    15.521729   -54.157273  -146.656739
   48.477450    10.790509     5.423141    15.284717   -46.273497  -141.876076
   47.902213    10.499144     5.557360    15.419812   -34.751761  -158.806558
   48.203895    10.565409     5.319824    15.260198   -39.819065  -131.658607
   47.939612    10.540734     5.563829    15.396202   -40.042493  -152.224073
   48.273453    10.908294     5.596825    15.060479   -45.482244  -135.375551
   48.754472    10.698076     5.260718    15.474734   -45.662825  -140.631918
   48.215483    10.845916     5.499836    15.019422   -46.867036  -134.912972
   48.271416    10.893010     5.828201    15.351472   -37.024210  -155.675387
   48.244612    10.915429     5.795932    15.252595   -42.696042  -147.036829
   47.987712    10.685249     5.667129    15.213412   -28.644337  -149.106090
   48.216960    10.789314     5.818261    15.416189   -34.845277  -134.256021
   48.185876    10.727820     5.598783    15.277190   -30.378085  -155.902096
   47.883048    10.488219     5.350938    15.103221   -17.286090  -158.078318
   48.519770    10.932572     5.570932    15.163346   -27.529591  -149.241375
   48.251826    10.636181     5.532018    15.435537   -30.561180  -155.399505
   48.373411    10.815745     5.755646    15.411517   -23.848339  -145.179228
   48.370065    10.946247     5.828426    15.359083   -42.937311  -148.557385
   48.077256    10.783974     5.805033    15.318293   -40.678526  -143.004161
   48.359066    10.622203     5.336188    15.291906   -24.808395  -153.241266
   48.222800    10.541824     5.577322    15.611530   -29.490729  -146.592625
   48.500866    10.778310     5.664807    15.616459   -56.956123  -125.144344
   48.466760    10.774763     5.564208    15.451778   -49.640163  -130.265542
   48.002739    10.587908     5.455840    15.227038   -41.666178  -141.369352
   48.169878    10.695296     5.736398    15.498971   -47.879406  -123.585408
   47.772190    10.552877     5.572694    15.192236   -43.101425  -131.832258
   48.108442    10.541511     5.654229    15.640077   -44.054135  -132.745211
   48.173646    10.568990     5.422078    15.406215   -40.118885  -154.266911
   47.940698    10.484958     5.431122    15.377317   -50.536935  -139.914794
   48.272466    10.944895     5.993912    15.491537   -41.375318  -161.590201
   48.576780    10.722993     5.354995    15.439276   -45.292493  -153.697411
   48.149837    10.457214     5.347182    15.484067   -42.526993  -143.083568
   48.337824    10.854998     5.672921    15.335441   -50.330819  -140.717772
   48.188141    10.722457     5.469340    15.222349   -43.224751  -157.001753
   48.326143    10.780772     5.547127    15.320739   -42.373268  -154.754419
   47.680790    10.464892     5.409229    15.023166   -18.248167  -151.526440
   48.100625    10.727152     5.675045    15.376195   -46.819873  -157.183084
   47.942971    10.676444     5.664632    15.262540   -54.150205  -125.017523
   47.773567    10.516858     5.547881    15.260815   -42.808425  -144.341878
   48.311540    10.819621     5.858171    15.560806   -40.814434  -148.468210
   47.807157    10.453418     5.762743    15.641553   -43.318442  -131.028472
   48.757290    10.678726     5.366322    15.585977   -37.896747  -137.660136
   47.933318    10.567022     5.390081    15.124835   -45.592909  -130.576877
   48.346700    10.589344     5.475772    15.599276   -54.934278  -130.053669
   48.480083    10.835047     5.854140    15.683376   -38.138741  -150.888660
   48.111336    10.713821     5.789364    15.401721   -29.365361  -135.923587
   48.274170    10.827974     5.779721    15.379527   -39.646795  -136.639483
   48.301440    10.601166     5.278776    15.234250   -33.653704  -144.649856
   48.029774    10.541902     5.468076    15.368820   -45.579074  -139.196939
   48.452817    10.721482     5.706181    15.671401   -43.422847  -129.380257
   48.244577    10.493915     5.315041    15.487723   -48.503740  -142.495569
   47.941921    10.398352     5.477362    15.575280   -52.111723  -128.362861
   48.099797    10.531776     5.434845    15.359009   -33.553984  -141.805526
   48.261306    10.645881     5.406406    15.296505   -35.236272  -151.848859
   48.511988    10.900136     5.703060    15.495028   -59.417825  -139.697165
   48.371674    10.568473     5.414650    15.545200   -44.339847  -134.737889
   48.564256    10.547754     5.341042    15.624393   -34.861130  -145.286998
   47.935735    10.629236     5.805973    15.463996   -43.704823  -125.812866
   48.464399    10.825958     5.574028    15.357683   -42.327149  -140.567895
   48.617014    10.782304     5.541961    15.508343   -34.923906  -144.955118
   48.397894    10.632638     5.401627    15.476997   -43.650790  -150.581271
   48.243138    10.677177     5.567539    15.408960   -44.300850  -134.247648
   48.225688    10.917463     5.987045    15.477654   -51.169390  -141.501179
   48.129487    10.898666     5.934792    15.394227   -56.696617  -143.370092
   48.128777    10.649489     5.674483    15.511529   -46.833761  -143.676757
   48.106343    10.607529     5.661788    15.520940   -44.344923  -133.095730
   48.433755    10.869293     5.704437    15.343836   -29.033935  -147.885236
   47.884175    10.601992     5.579588    15.255312   -38.317610  -159.358759
   48.145335    10.866929     5.826653    15.279177   -34.927640  -159.992044
   47.869357    10.755429     5.879470    15.296839   -51.871093  -134.432560
   48.423508    11.090220     5.939029    15.260296   -28.795843  -164.773129
   48.048412    10.819961     5.778438    15.209188   -42.863411  -143.549229
   48.299178    10.855333     5.850548    15.485842   -45.321976  -145.249655
   48.042408    10.912981     5.911286    15.213868   -43.784267  -150.431842
   48.531866    10.854961     5.529870    15.288266   -28.560639  -154.740919
   47.948136    10.431695     5.612030    15.690765   -45.213920  -151.637581
   48.766253    10.938960     5.452265    15.309461   -44.253634  -139.968102
   48.310329    10.871460     5.603350    15.149854   -26.996775  -162.177586
   48.442278    10.708226     5.396060    15.329183   -32.825753  -153.207427
   48.207708    10.548916     5.424134    15.388078   -26.541634  -147.160505
   48.359875    10.611061     5.372319    15.390413   -29.280573  -157.144729
   48.413921    10.950034     5.660800    15.198339   -39.356222  -150.241578
   47.980190    10.631385     5.569338    15.318075   -48.050875  -154.063405
   48.430513    10.863246     5.817056    15.579981   -43.956312  -154.178047
   48.085488    10.596072     5.432133    15.317783   -47.899163  -150.522128
   48.120061    10.571659     5.420655    15.258435   -21.805337  -155.957053
   48.170373    10.608146     5.320939    15.146232   -29.615629  -148.846209
   48.304638    10.703292     5.660306    15.480081   -22.555609  -160.331409
   48.720861    10.931222     5.790922    15.604985   -26.674570  -153.490892
   48.299002    10.851798     5.661183    15.171067   -14.897986  -163.046349
   48.305488    10.746225     5.500634    15.337326   -51.670445  -147.532985
   48.309036    10.901057     5.588353    15.108773   -32.563835  -160.772113
   48.453627    10.666166     5.453121    15.530282   -37.391229  -162.539938
   48.391902    10.824926     5.724797    15.422885   -30.600219  -149.722793
   47.868617    10.652395     5.817094    15.471575   -52.879846  -153.798599
   48.151471    10.619250     5.478885    15.384971   -44.307599  -155.832328
   48.623003    10.965423     5.700521    15.421799   -46.600287  -141.910237
   48.396025    10.979058     5.805926    15.327301   -41.705567  -157.851943
   47.941087    10.795363     5.882549    15.253326   -39.964074  -143.297007
   47.933668    10.680669     5.671482    15.211846   -25.630981  -166.561677
   48.309347    10.785044     5.819630    15.582125   -39.965736  -151.111881
   48.286251    10.867739     5.866012    15.455587   -37.538893  -154.842720
   48.358300    10.703926     5.639907    15.595487   -51.092006  -138.293136
   48.205381    10.549356     5.496187    15.566071   -42.270204  -153.401665
   48.183224    10.831539     5.847482    15.482917   -54.129763  -152.518863
   48.196281    10.867928     5.967641    15.489088   -34.647907  -160.699888
   47.953223    10.622769     5.806174    15.544619   -46.103906  -145.905388
   48.214169    10.799953     5.632731    15.212804   -29.349544  -157.928397
   48.543076    10.769440     5.569660    15.447586   -29.114615  -137.016852
   48.421730    10.785018     5.626153    15.370430   -25.254148  -144.747393
   48.152762    10.718587     5.805213    15.584110   -50.176890  -148.747835
   48.286972    10.872073     5.718747    15.249037   -42.403530  -134.549362
   48.075282    10.704053     5.841025    15.558906   -44.492267  -152.947139
   48.261057    10.588639     5.556155    15.565763   -40.554425  -136.052208
   48.314096    10.582838     5.354843    15.339314   -32.501508  -135.526743
   48.130431    10.534976     5.289175    15.218463   -39.362527  -134.044689
   48.644317    10.820453     5.514583    15.406798   -34.911040  -133.802635
   48.283759    10.844569     5.573308    15.120688   -36.681594  -140.172981
   48.362950    10.746230     5.627772    15.437117   -27.629030  -157.339384
   48.485230    10.958475     5.645369    15.204079   -48.624030  -120.902477
   48.043445    10.742928     5.766113    15.235534   -24.267276  -142.357403
   48.019589    10.738812     5.771304    15.335919   -47.873014  -138.729922
   48.747553    10.801520     5.620815    15.590659   -21.297043  -139.441825
   48.200838    10.671694     5.519733    15.301039   -41.201922  -131.442670
   48.596276    10.913553     5.373854    15.090434   -43.259585  -134.887151
   48.264140    10.685052     5.440676    15.269125   -45.783655  -132.108390
   48.546951    10.751681     5.481977    15.408924   -42.677084  -118.647804
   48.094076    10.649801     5.469954    15.129880   -36.104281  -114.422353
   48.299317    10.663883     5.548448    15.398011   -28.195043  -140.856887
   48.293139    10.777170     5.724935    15.414944   -40.918563  -123.732435
   48.442161    10.587215     5.318394    15.442700   -39.499907  -139.542512
   48.233838    10.692294     5.521302    15.315925   -44.176905  -133.819611
   48.404271    10.759494     5.369869    15.239772   -50.358240  -144.347567
   48.160202    10.800874     5.695971    15.270754   -40.836287  -151.509024
   47.992850    10.806945     5.866319    15.255518   -35.159491  -150.127470
   48.542990    10.756979     5.473154    15.406019   -43.836509  -125.281768
   47.966553    10.741396     5.701054    15.095811   -27.127940  -137.268608
   48.277485    10.527599     5.334975    15.413184   -39.271557  -133.770487
   48.544183    10.796250     5.609191    15.492406   -42.795398  -125.664065
   48.619847    10.780372     5.539532    15.536390   -48.207526  -127.415205
   48.547584    10.776829     5.722005    15.617381   -23.345031  -149.678657
   48.307066    10.814594     5.689205    15.287824   -32.369753  -132.726737
   48.255665    10.680897     5.526228    15.355695   -38.506683  -142.580056
   48.056788    10.708814     5.798848    15.431898   -42.971114  -135.674246
   48.418703    10.937002     5.600518    15.098899   -35.811547  -135.926349
   48.072299    10.640191     5.491337    15.206811   -46.559197  -118.312507
   47.973771    10.610495     5.581920    15.247575   -29.247292  -147.403120
   48.307650    10.878193     5.720699    15.247056   -42.621187  -127.568806
   48.790182    11.042695     5.530399    15.268980   -41.349230  -152.065148
   48.669116    10.760813     5.371495    15.345374   -24.910874  -147.036553
   47.909816    10.615182     5.690021    15.315120   -37.503222  -135.544280
   48.018736    10.790302     5.683073    15.082312   -37.354300  -135.183174
   48.689615    10.873898     5.583596    15.470194   -37.476274  -144.419903
   48.289027    10.724823     5.233003    14.981293   -37.011158  -145.845555
   48.275749    10.947010     5.953145    15.330459   -32.227576  -139.224780
   48.151258    10.712792     5.924115    15.650363   -35.210740  -142.431026
   48.389876    10.891700     5.726923    15.319291   -41.190423  -136.278897
   48.894208    10.714096     5.302628    15.585298   -43.840531  -136.774181
   48.330603    10.659838     5.390893    15.361372   -44.738840  -150.227077
   48.149227    10.471919     5.470424    15.510571   -26.609910  -136.246579
   48.096923    10.680242     5.681959    15.335941   -33.907565  -130.412963
   48.129400    10.686594     5.469415    15.132774   -31.518950  -145.015715
   48.267990    10.785474     5.671875    15.301625   -36.912736  -129.748085
   48.164464    10.816741     5.812398    15.277764   -26.190916  -142.865165
   48.193192    10.807996     5.645358    15.129174   -28.103119  -137.610191
   48.547906    10.886000     5.513609    15.212402   -35.547974  -136.215681
   48.151843    10.817990     5.665330    15.161796   -42.665777  -134.714040
   48.678631    11.012476     5.499779    15.143565   -38.249248  -144.971646
   47.914950    10.628109     5.655310    15.204254   -27.409937  -133.649386
   47.973784    10.611368     5.831800    15.608585   -40.094256  -154.851174
   48.384686    10.666835     5.585484    15.590053   -32.776928  -160.406243
   48.118883    10.666057     5.790443    15.570970   -34.056724  -155.869093
   48.118649    10.540382     5.610542    15.627646   -41.451886  -151.418961
   48.141893    10.541791     5.409004    15.337203   -22.709434  -160.748859
   47.997996    10.429435     5.472982    15.518880   -28.231462  -161.747540
   48.591288    10.679626     5.500110    15.679711   -37.303335  -162.841107
   48.508482    10.902526     5.600106    15.326786   -44.041385  -149.456802
   48.253695    10.747989     5.552501    15.397332   -63.354627  -145.351187
   48.221289    10.700880     5.812998    15.652041   -43.608111  -144.451611
   48.078870    10.709874     5.830534    15.579475   -55.646906  -146.510665
   48.001862    10.499820     5.461817    15.371908   -33.858310  -145.759424
   47.686130    10.432968     5.575996    15.300016   -32.148029  -134.078885
   47.700370    10.614537     5.495350    14.984581   -46.373450  -140.231537
   47.934383    10.753545     5.623615    15.091540   -51.105568  -138.324653
   48.127007    10.662488     5.301861    15.024552   -41.124360  -138.358449
   48.158352    10.632639     5.393886    15.203345   -35.820508  -147.602425
   48.408356    10.841275     5.463156    15.172489   -48.775311  -135.617690
   48.109243    10.778398     5.603043    15.114434   -37.044227  -141.866299
   48.482619    10.533905     5.370599    15.701783   -56.544467  -136.279352
   48.221039    10.503989     5.557192    15.752938   -52.070455  -141.736498
   48.142541    10.397489     5.337517    15.544636   -36.486592  -143.805089
   48.604674    10.828751     5.697870    15.626302   -40.501693  -146.125580
   48.275990    10.659993     5.542433    15.440787   -40.291490  -141.249587
   48.228204    10.811713     5.938306    15.644291   -53.251386  -145.511256
   48.009231    10.590591     5.687674    15.496743   -43.348139  -138.763837
   48.300743    10.620161     5.536844    15.466567   -27.805185  -141.210700
   48.432049    10.910832     5.613379    15.226472   -40.745099  -146.243279
   48.150795    10.716867     5.559547    15.271436   -56.162485  -123.174206
   48.146087    10.713279     5.434641    15.131665   -53.233397  -127.819583
   48.655743    10.858992     5.449555    15.354883   -55.191800  -124.995371
   48.454722    10.828299     5.665542    15.353985   -26.384433  -136.323671
   47.910279    10.543820     5.633113    15.465034   -46.099308  -149.570089
   48.168850    10.555995     5.478423    15.423609   -36.623681  -133.165322
   48.655011    10.751396     5.488196    15.633355   -57.040447  -142.071853
   47.997772    10.481128     5.434631    15.431562   -44.693411  -148.470678
   48.007302    10.551010     5.325240    15.181458   -47.736067  -140.036745
   48.105190    10.618769     5.651179    15.528450   -43.165571  -154.365769
   48.096281    10.708703     5.595066    15.277343   -40.641228  -155.260643
   48.098712    10.656730     5.723606    15.517417   -36.654319  -161.107844
   47.901651    10.435737     5.459393    15.485757   -53.159776  -143.177351
   48.212402    10.641639     5.610605    15.537930   -42.632175  -153.885515
   47.898041    10.444193     5.748605    15.763633   -42.754549  -150.512970
   48.298149    10.671669     5.588312    15.538860   -45.562207  -148.719224
   48.348491    10.577599     5.312790    15.451811   -46.061345  -156.435505
   47.958720    10.709602     5.760948    15.304974   -36.122668  -156.408900
   48.281267    10.612839     5.489939    15.582550   -58.333896  -150.642172
   48.430200    10.550631     5.495850    15.749287   -45.568740  -143.843271
   48.380474    10.501712     5.459749    15.770654   -46.014704  -151.751110
   47.872201    10.453080     5.493129    15.417679   -43.370983  -143.147157
   48.448587    10.819840     5.510979    15.322125   -43.696471  -151.343638
   48.606951    10.696540     5.435607    15.581625   -40.935402  -154.023772
   48.227593    10.652691     5.268314    15.174457   -47.924983  -155.058222
   48.224797    10.647256     5.435477    15.351084   -48.872892  -146.878939
   48.203112    10.580065     5.567243    15.601253   -41.041262  -160.335131
   48.235100    10.551572     5.634864    15.700954   -36.455922  -143.540108
   48.090551    10.510161     5.581654    15.662178   -42.835101  -165.543653
   47.963263    10.431545     5.699048    15.752955   -36.588254  -143.385733
   48.681216    10.690814     5.434329    15.545244   -31.511980  -133.874800
   48.141155    10.533598     5.474400    15.425252   -26.096823  -151.981113
   48.168452    10.461120     5.384459    15.445768   -17.152769  -159.158764
   47.988607    10.578488     5.588847    15.422051   -42.034791  -157.333813
   48.323901    10.613043     5.395028    15.493652   -54.264959  -151.959723
   48.129771    10.623618     5.651313    15.610476   -66.160800  -135.831540
   48.461286    10.641818     5.385191    15.474034   -37.281417  -154.143692
   48.132315    10.677898     5.491485    15.312724   -54.923851  -149.355405
   48.530296    10.653826     5.577271    15.723742   -38.870168  -146.522406
   48.475875    10.457468     5.354360    15.721865   -30.472413  -153.816594
   48.168321    10.427282     5.446572    15.698903   -43.918397  -152.491447
   48.383253    10.639786     5.739995    15.799095   -38.300650  -140.567162
   48.566416    10.505716     5.146858    15.511877   -48.579822  -141.206939
   48.250300    10.744253     5.869656    15.726915   -57.743941  -142.078922
   48.093822    10.604598     5.682365    15.554480   -34.756545  -161.140759
   47.869138    10.294251     5.368029    15.556616   -37.574982  -152.701115
   48.353296    10.449973     5.231924    15.491865   -30.884446  -153.989986
   48.123981    10.539570     5.703821    15.721508   -40.855232  -142.185539
   48.099525    10.711826     5.819253    15.513306   -43.885247  -142.583136
   48.030941    10.571743     5.706057    15.602205   -42.378138  -152.863353
   48.240974    10.665401     5.684271    15.647773   -50.033994  -155.755307
   48.232358    10.577422     5.420651    15.364546   -29.171251  -146.028435
   48.314375    10.630832     5.530239    15.561420   -48.083150  -143.776707
   48.038637    10.730170     5.755771    15.400457   -46.633556  -157.430880
   47.963643    10.658810     5.849478    15.471076   -33.994832  -143.532365
   48.153385    10.674697     5.753977    15.615154   -47.871659  -155.527032
   48.462937    10.916516     5.459739    15.146343   -57.114635  -140.570599
   48.212175    10.614824     5.720216    15.669348   -32.516027  -155.503205
   48.536829    10.901002     5.761797    15.566026   -45.021742  -157.282370
   47.723714    10.489949     5.578076    15.229348   -19.528194  -165.525248
   48.472245    10.511103     5.451200    15.715117   -22.244143  -157.937161
   48.128133    10.835196     5.829751    15.280727   -40.118444  -135.405156
   48.609525    10.812653     5.375615    15.221166   -29.367357  -141.748547
   47.663611    10.626891     5.931831    15.337113   -29.291928  -157.541339
   48.054376    10.602451     5.525652    15.328131   -32.331646  -161.099921
   48.464008    10.850505     5.481534    15.205834   -33.194487  -154.806061
   48.312411    10.790288     5.468800    15.148930   -33.403479  -152.437970
   48.155133    10.605108     5.719597    15.595527   -34.744653  -132.103712
   48.728583    11.022807     5.758926    15.423222   -24.114932  -159.308151
   48.608376    11.011827     5.418234    15.026548   -53.934209  -130.716338
   48.351636    10.714139     5.659970    15.533873   -34.376847  -148.123242
   48.450633    10.658009     5.419579    15.486481   -34.949382  -161.351952
   48.661847    10.824501     5.473592    15.505890   -59.460437  -140.352418
   48.454314    10.638489     5.258132    15.348740   -50.757567  -139.932103
   48.125494    10.525296     5.287958    15.337129   -52.890361  -149.365374
   48.628087    10.775501     5.437943    15.508716   -50.604587  -150.832404
   48.295656    10.824097     5.733832    15.463049   -47.559039  -158.956164
   48.567866    10.882154     5.738466    15.562378   -47.359145  -140.681817
   48.603782    10.763081     5.328322    15.337920   -44.583242  -146.176053
   48.684511    10.708407     5.355185    15.485746   -36.333008  -146.613222
   48.505920    10.743794     5.651384    15.647678   -45.590707  -140.246928
   48.269727    10.802290     5.809765    15.456119   -31.323909  -152.250707
   48.088352    10.698806     5.929227    15.699337   -54.744057  -136.106724
   48.127482    10.717171     5.634133    15.395896   -59.662807  -141.220961
   48.119179    10.616273     5.487178    15.381676   -55.611258  -138.432416
   48.351110    10.783971     5.627738    15.474472   -50.134912  -156.421445
   48.377784    10.740506     5.589359    15.516163   -49.631919  -151.403461
   48.245879    10.708399     5.656040    15.572107   -63.480902  -143.006500
   48.300609    10.718359     5.566695    15.463519   -50.197958  -152.125293
   48.498407    10.772298     5.596082    15.559306   -50.372846  -143.902793
   48.268165    10.766947     5.812001    15.702204   -72.960547  -140.371750
   48.361550    10.728771     5.666607    15.682494   -72.761769  -137.724282
   48.385356    10.649584     5.354173    15.415206   -55.156381  -143.017418
   48.198436    10.579227     5.550221    15.568428   -43.702054  -150.553089
   48.810594    10.855384     5.394017    15.493010   -54.341458  -148.971967
   48.271264    10.745579     5.641569    15.467422   -50.529144  -150.492661
   48.137073    10.654528     5.515061    15.387393   -61.225721  -138.537536
   48.299882    10.674325     5.307683    15.203925   -48.221806  -141.165487
   48.145093    10.488344     5.450832    15.584353   -43.431040  -157.667612
   48.134117    10.466846     5.531360    15.726336   -55.087786  -141.492975
   48.166615    10.716207     5.707015    15.472303   -53.771462  -135.400774
   48.499527    10.621091     5.491872    15.642590   -37.286263  -145.071023
   48.508866    10.715358     5.733415    15.812945   -48.255894  -141.111557
   47.606243    10.484125     5.774743    15.429593   -49.075218  -139.018369
   48.453376    10.674944     5.503313    15.532893   -36.262042  -150.519980
   47.987964    10.554245     5.596716    15.473912   -48.618610  -141.148370
   48.601449    10.664209     5.623176    15.870774   -52.923551  -140.034856
   48.703809    10.774780     5.356853    15.502113   -62.446674  -140.517152
   47.937358    10.380483     5.503934    15.612127   -46.846801  -128.425867
   47.448318    10.282544     5.487983    15.307615   -38.773733  -137.184920
   48.076897    10.831052     5.791251    15.252033   -40.134845  -155.364786
   48.559133    10.640531     5.291779    15.383839   -26.433809  -152.420351
   48.023521    10.808013     5.668816    15.073961   -43.920251  -134.653475
   48.335248    10.844601     5.462539    15.096766   -48.472176  -135.039272
   48.339713    10.918700     5.728008    15.271147   -48.533124  -139.643194
   47.808363    10.319037     5.371346    15.416232   -25.322762  -159.658043
   48.495165    10.869504     5.673202    15.423201   -40.686166  -145.668662
   48.226740    10.784022     5.731327    15.477001   -69.519334  -121.867228
   48.153402    10.571859     5.702952    15.729503   -54.280137  -132.804375
   48.225619    10.509758     5.298398    15.431328   -51.773123  -139.318240
   48.149613    10.550206     5.602328    15.630873   -44.974480  -144.674137
   48.115393    10.524524     5.384570    15.377294   -39.913963  -149.128770
   48.208467    10.460126     5.414739    15.647625   -46.826280  -150.843861
   48.070041    10.686415     5.547756    15.179325   -36.432560  -141.314822
   48.216352    10.772865     5.361626    14.955598   -33.510387  -144.690341
   48.422937    10.696099     5.533531    15.507358   -41.532345  -141.278945
   48.214431    10.631637     5.458114    15.364593   -37.639759  -156.599727
   48.357994    10.660709     5.328832    15.229363   -24.191904  -159.002381
   48.621792    10.886394     5.731682    15.545409   -37.485127  -139.995628
   48.237251    10.465486     5.421632    15.628761   -33.361293  -160.802966
   48.170387    10.544731     5.539750    15.606912   -43.538268  -156.579868
   48.120430    10.594801     5.560959    15.455074   -51.360105  -124.525231
   48.288687    10.853898     5.853780    15.517645   -51.999925  -145.496665
   48.248338    10.832159     5.942013    15.551531   -33.253394  -154.179410
   48.453022    10.835125     5.687082    15.498045   -47.635164  -145.733694
   48.191033    10.695581     5.741555    15.485188   -30.882364  -145.361212
   48.207546    10.540899     5.458316    15.467225   -36.143392  -136.076560
   48.388474    10.927613     5.829559    15.371147   -45.118351  -127.285486
   48.297444    10.577556     5.319774    15.390535   -49.404459  -140.563171
   48.035180    10.482702     5.536468    15.533387   -38.104263  -140.785141
   48.451725    10.773436     5.520996    15.368309   -43.531567  -133.579920
   48.410265    10.747091     5.804782    15.697844   -31.480014  -153.736573
   47.839126    10.459709     5.491733    15.350286   -37.622376  -146.472287
   48.119795    10.609077     5.663414    15.531396   -40.567636  -140.932279
   48.529195    10.747282     5.641439    15.678738   -39.541723  -160.955634
   48.207622    10.489569     5.499728    15.596083   -28.196840  -147.102726
   48.400509    10.662901     5.696545    15.737283   -36.134001  -152.655246
   48.226357    10.703283     5.638440    15.522235   -53.751266  -152.781223
   48.440389    10.792487     5.722323    15.572907   -35.642457  -156.010062
   48.310901    10.651415     5.692412    15.725910   -51.478679  -144.142605
   47.911965    10.597398     5.606670    15.362086   -50.426007  -151.315074
   48.375838    10.881961     5.774228    15.453544   -49.150891  -148.543957
   48.143828    10.575356     5.620638    15.608128   -34.160987  -170.610370
   48.343892    10.791012     5.836835    15.680674   -51.535668  -150.130370
   48.369105    10.758115     5.844261    15.733185   -45.992289  -144.116409
   48.587044    10.752826     5.342667    15.254853   -24.336676  -147.933792
   48.068978    10.675779     5.627524    15.164974   -11.777935  -138.481065
   48.026213    10.598621     5.535710    15.167524    -6.985201  -151.605442
   47.959901    10.743968     5.669143    14.997055   -10.163417  -149.359995
   48.479018    10.748214     5.589346    15.441493   -22.722719  -147.294553
   48.039717    10.747480     5.554576    14.943060    -6.535720  -157.756869
   48.162440    10.693250     5.621277    15.289819   -20.153852  -155.889737
   48.256132    10.699020     5.643642    15.357669   -13.092143  -155.314480
   48.458308    10.744610     5.412541    15.154535   -12.433471  -141.896782
   47.978918    10.881506     5.890548    15.039818   -18.856371  -141.788841
   48.320735    10.844312     5.699783    15.283245   -40.244294  -125.251748
   48.435039    10.910443     5.679244    15.196853   -15.980034  -155.665342
   48.382230    10.750431     5.461938    15.202609   -12.939503  -164.830755
   48.127353    10.663026     5.643750    15.317619   -12.174124  -162.876485
   48.028290    10.609256     5.508300    15.201157   -22.380674  -154.505055
   48.085724    10.799806     5.591703    15.079362   -41.693365  -145.058090
   48.228100    10.766473     5.628045    15.324394   -33.310993  -164.120318
   48.110668    10.851199     5.832132    15.265714   -29.062467  -165.010111
   48.045006    10.863940     5.851538    15.180535   -32.052740  -153.499702
   48.106692    10.630745     5.427822    15.154627   -22.161766  -158.325728
   48.328481    10.685410     5.422789    15.237307   -20.899072  -155.233931
   48.461215    10.731648     5.518988    15.351093   -10.131365  -163.401058
   47.934987    10.680002     5.635876    15.092190   -20.665916  -144.946083
   48.339714    10.918323     5.782061    15.218692   -17.961323  -156.205376
   48.289727    10.770527     5.426648    15.044326   -23.186543  -146.842649
   48.016077    10.566524     5.549666    15.268795   -11.048127  -157.758781
   48.095201    10.535517     5.533078    15.427707   -18.901903  -159.445528
   48.638481    10.735117     5.440442    15.401434   -12.683992  -156.461332
   47.916525    10.583964     5.575938    15.207473   -22.987608  -148.015629
   48.606703    10.715093     5.280749    15.214982   -14.972151  -149.657179
   48.272176    10.598619     5.522654    15.432847   -18.873689  -148.213088
   48.105927    10.614971     5.572824    15.257761    -8.125600  -150.816479
   47.971143    10.757792     5.758938    15.109029   -23.799110  -128.731032
   48.366966    10.634748     5.332924    15.216717   -18.341080  -145.825612
   48.137501    10.545594     5.417812    15.250879   -15.499744  -140.595747
   48.471748    10.758485     5.602518    15.331497    -2.652426  -150.159268
   48.521795    10.628592     5.572252    15.596890   -11.289389  -140.230330
   48.341237    10.769553     5.548938    15.348977   -58.022293  -122.704704
   48.087054    10.821074     5.805747    15.198058   -31.002729  -136.820090
   48.038229    10.672123     5.613182    15.297532   -57.277838  -113.822103
   48.245587    10.523897     5.370706    15.420164   -34.923907  -136.309872
   48.091478    10.699129     5.830637    15.472526   -30.704996  -138.345323
   48.776231    10.591257     5.216148    15.561036   -33.746610  -147.266968
   48.094227    10.494921     5.257514    15.268960   -49.787517  -131.976441
   48.328216    10.498399     5.381481    15.608113   -36.324835  -157.891449
   48.269779    10.607263     5.493771    15.498308   -36.608612  -157.484402
   47.953699    10.581221     5.775534    15.635451   -53.277329  -150.208095
   48.142590    10.574895     5.571759    15.555588   -38.234325  -164.417212
   47.976794    10.419037     5.433200    15.480085   -36.629057  -145.032487
   48.228506    10.458498     5.366419    15.585270   -56.116560  -121.956714
   48.030527    10.631880     5.761916    15.525492   -44.982331  -135.970448
   48.370085    10.671485     5.503137    15.483200   -46.317916  -137.783617
   48.282723    10.759212     5.951763    15.754160   -43.872957  -137.385236
   48.349074    10.636957     5.503761    15.518247   -35.800523  -155.192756
   48.383654    10.835769     5.838010    15.586536   -37.863952  -156.835150
   48.031549    10.677082     5.728103    15.434061   -42.971722  -155.277752
   48.378095    10.794970     5.760361    15.591206   -46.721314  -149.592992
   47.967488    10.475477     5.748532    15.678991   -16.101713  -166.322257
   48.079975    10.403748     5.454809    15.587849   -24.949492  -154.757568
   48.171640    10.644268     5.603995    15.500059   -43.963640  -156.452132
   48.307173    10.816207     5.865120    15.551234   -27.881585  -164.249039
   48.054057    10.741237     5.760011    15.373767   -50.184869  -142.320783
   48.380879    10.588246     5.329099    15.426390   -43.817554  -140.305728
   48.208845    10.373194     5.121159    15.358146   -22.876415  -164.225810
   48.332561    10.679896     5.655205    15.551890   -34.708993  -137.522376
   48.301654    10.402371     5.298274    15.687507   -55.577577  -135.940669
   47.959243    10.546192     5.667001    15.520461   -54.882788  -116.488043
   48.036046    10.434376     5.436051    15.523353   -48.603926  -126.505607
   48.409088    10.780596     5.708149    15.509287   -33.333309  -146.403201
   48.253000    10.468914     5.359450    15.551976   -46.243247  -130.106830
   48.830921    10.953488     5.780642    15.677120   -34.959047  -147.351527
   48.253275    10.759842     5.739242    15.476557   -51.681264  -123.526885
   48.402150    10.679332     5.544759    15.516482   -38.346698  -141.825787
   48.494218    10.925995     5.495732    15.145035   -41.799583  -148.499660
   48.745079    10.926864     5.492352    15.389146   -39.467803  -157.693555
   47.818417    10.622651     5.762712    15.299771   -38.694849  -136.074937
   48.665649    11.052111     5.624500    15.215530   -48.369953  -133.697777
   47.939803    10.743841     5.764313    15.170783   -32.773864  -141.275713
   48.169680    10.842281     5.887916    15.455623   -51.955575  -142.969453
   48.503439    10.795417     5.543575    15.462015   -50.529453  -143.130142
   48.581067    10.672075     5.493427    15.707898   -56.279108  -141.883598
   48.030575    10.578465     5.637428    15.497023   -42.504928  -146.902678
   48.495202    10.639208     5.528287    15.668513   -41.710873  -143.335682
   48.230104    10.682174     5.432207    15.247760   -46.429708  -136.470395
   48.415026    10.465677     5.465746    15.817994   -34.551347  -154.341168
   47.916587    10.394165     5.449704    15.473080   -33.990896  -142.299531
   48.248223    10.760974     5.508931    15.230819   -55.859443  -126.524681
   48.256663    10.896015     5.928323    15.489245   -54.062222  -139.774535
   48.250646    10.829007     5.791606    15.370966   -43.576117  -127.612201
   48.343188    10.918404     5.926867    15.455803   -43.008378  -130.798776
   47.950782    10.656701     5.787229    15.417379   -39.801223  -144.569915
   48.251684    10.673806     5.637249    15.490729   -33.497134  -151.031210
   48.635089    10.826535     5.705043    15.710293   -47.588249  -149.206381
   48.184689    10.841947     5.913573    15.456164   -42.175000  -145.201758
   48.785345    10.766651     5.290468    15.340789   -26.242248  -145.626997
   48.393146    10.711024     5.444970    15.332397   -35.549673  -146.688665
   48.293392    10.596606     5.268011    15.308744   -53.974514  -138.666528
   48.463313    10.648470     5.176723    15.037590   -11.355765  -139.636806
   47.765633    10.592863     5.499430    14.905221    -6.671681  -150.771600
   48.558049    10.696854     5.463713    15.522646   -39.948927  -137.473298
   47.973977    10.604961     5.526969    15.151017   -21.643125  -143.783146
   48.163784    10.594852     5.522963    15.356712   -28.436485  -133.124079
   48.209203    10.755537     5.674430    15.305200   -36.295760  -132.145108
   48.350429    10.785926     5.768363    15.491506   -31.345637  -141.359329
   48.211076    10.653908     5.544439    15.331226   -27.945365  -142.843709
   48.578835    10.752642     5.574247    15.526849   -40.236918  -115.876149
   48.455620    10.789728     5.770811    15.525187   -21.575324  -133.491583
   47.917330    10.701131     5.846314    15.259611   -18.520131  -138.453732
   48.011608    10.707667     5.802377    15.293683   -21.548537  -134.412787
   48.602473    10.875410     5.759725    15.527634   -29.401802  -134.341383
   48.064992    10.531775     5.429139    15.277170   -29.962616  -131.007435
   48.391545    10.553152     5.251273    15.229489    -9.025513  -144.784025
   47.986105    10.597871     5.471333    15.081489   -16.455959  -140.263580
   47.804789    10.576376     5.734790    15.297442   -29.491246  -130.869997
   48.428615    10.608405     5.409186    15.458762   -35.474976  -129.354481
   48.650044    10.584612     5.391269    15.595852   -14.904949  -149.840151
   47.925350    10.591304     5.646163    15.279659   -28.383800  -133.001208
   48.155203    10.632135     5.611286    15.371315   -25.522012  -134.903903
   48.527327    10.789856     5.666799    15.497314   -28.123746  -133.073668
   47.931607    10.439479     5.412672    15.273321   -18.560693  -138.595698
   48.778775    10.820283     5.632908    15.682536   -38.841791  -136.135613
   48.222447    10.504032     5.421338    15.527785   -47.393854  -123.036833
   48.215459    10.586309     5.404096    15.400052   -54.458941  -129.591550
   48.021348    10.491371     5.576709    15.560617   -41.884305  -136.718825
   47.989675    10.461050     5.481737    15.454494   -37.576194  -135.937286
   48.330746    10.718054     5.727317    15.569628   -37.140922  -134.582853
   48.142618    10.484953     5.589291    15.719380   -46.753455  -135.833439
   48.329052    10.817193     5.816117    15.471060   -36.722943  -128.881921
   48.064477    10.523042     5.628625    15.553463   -28.631754  -144.421533
   48.018669    10.576111     5.407586    15.246052   -46.009815  -146.688686
   48.156924    10.564920     5.510028    15.456977   -41.731669  -132.274474
   48.298729    10.609478     5.592637    15.680389   -48.541505  -151.956851
   48.527980    10.781185     5.771405    15.746559   -47.639552  -138.833636
   48.026074    10.438675     5.192357    15.207637   -36.824125  -146.651638
   47.958035    10.458708     5.496234    15.473298   -49.565073  -122.327314
   47.771757    10.472981     5.449277    15.228639   -38.025483  -151.773518
   48.251641    10.688637     5.709936    15.608025   -62.894291  -112.049978
   48.346459    10.611718     5.409161    15.465000   -50.807765  -132.060102
   48.643356    10.814694     5.806851    15.810989   -44.860994  -136.197102
   48.290782    10.555359     5.563934    15.560932   -10.433479  -158.996434
   48.109521    10.393027     5.534871    15.799152   -43.694488  -145.949268
   48.169644    10.656181     5.589952    15.384599   -42.559131  -128.998019
   48.382225    10.540230     5.484895    15.688883   -46.439301  -130.847549
   48.342031    10.686340     5.454178    15.290969   -34.792419  -128.847709
   48.317712    10.532868     5.395101    15.562073   -49.890602  -133.376406
   48.113880    10.605845     5.630134    15.582601   -54.076325  -150.678252
   48.187701    10.652058     5.419436    15.320169   -57.124394  -142.561175
   48.396346    10.725191     5.653541    15.564826   -44.841870  -133.041280
   48.504763    10.807208     5.683881    15.555162   -44.937391  -135.929478
   47.914041    10.449464     5.629905    15.567876   -39.885720  -123.308632
   48.128577    10.455412     5.478039    15.639885   -53.721768  -126.407067
   48.217277    10.799334     5.687503    15.295293   -49.477845  -124.026026
   47.960647    10.495961     5.707048    15.603469   -30.059056  -142.346242
   48.102395    10.640437     5.789588    15.624184   -44.029026  -143.205179
   48.258971    10.461719     5.427170    15.640067   -34.383715  -149.922477
   48.576246    10.623055     5.504853    15.754067   -41.547677  -151.064110
   48.302030    10.662375     5.584057    15.599519   -59.578211  -139.921922
   48.485766    10.817461     5.718018    15.587090   -60.007004  -114.199843
   47.686887    10.466655     5.687222    15.442824   -49.284183  -136.612377
   48.295345    10.911068     5.780623    15.251830   -42.122630  -133.370687
   48.464808    10.969183     5.788037    15.405787   -62.786403  -127.129387
   48.270378    10.782331     5.754551    15.492298   -48.861413  -141.408172
   48.080567    10.746316     5.697373    15.294441   -58.255284  -109.734900
   47.985722    10.827744     5.772101    15.061022   -24.378094  -152.731594
   47.902800    10.820516     6.012374    15.300136   -35.419990  -143.174736
   47.755815    10.565100     5.636311    15.189407   -32.370797  -142.261486
   48.034803    10.574648     5.647953    15.455045   -25.116457  -157.031368
   48.175342    10.744276     5.638100    15.328888   -41.308234  -152.204733
   48.200135    10.887965     5.936494    15.375655   -42.796779  -125.901972
   48.807610    10.843470     5.603918    15.641290   -41.183455  -134.169323
   48.243222    10.615095     5.542427    15.458705   -27.430782  -154.014779
   48.546486    10.659225     5.346785    15.465370   -47.435043  -133.768549
   48.002774    10.424976     5.426907    15.498116   -49.133427  -124.491959
   48.823250    10.948649     5.723696    15.610633   -35.148015  -145.700685
   48.475892    10.830573     5.800089    15.615176   -34.714044  -153.970769
   48.082959    10.674404     5.779241    15.535362   -49.484953  -135.564090
   48.312147    10.691987     5.545480    15.469396   -52.657767  -136.802668
   48.500371    10.538327     5.380274    15.632625   -38.078044  -136.555978
   48.217041    10.596245     5.689152    15.688829   -42.805672  -140.281085
   48.319559    10.691135     5.725919    15.629792   -39.755210  -138.540731
   47.816845    10.496642     5.757881    15.591196   -48.718053  -135.433321
   48.271331    10.555980     5.659905    15.754573   -31.239598  -154.825348
   48.566231    10.888368     5.848900    15.673671   -48.950931  -135.551994
   48.017874    10.466604     5.536392    15.508634   -26.544184  -149.355552
   47.773238    10.342472     5.559100    15.526672   -27.041422  -137.261119
   48.223554    10.746209     5.668937    15.378190   -47.064385  -129.033578
   48.024205    10.571484     5.692183    15.517028   -33.775783  -143.073280
   48.125672    10.514071     5.541974    15.546860   -35.191412  -139.666485
   48.272795    10.365956     5.302416    15.658948   -38.199975  -139.397518
   48.255066    10.430647     5.494695    15.732017   -32.253526  -135.875561
   48.351234    10.568130     5.526341    15.638313   -36.444494  -141.258504
   48.300729    10.584919     5.509249    15.537162   -30.098348  -152.055454
   48.327506    10.677366     5.532287    15.394185   -31.936322  -138.434941
   48.301654    10.705609     5.624749    15.477032   -39.487746  -143.634664
   48.207639    10.376961     5.288383    15.572110   -31.703373  -153.416087
   48.287969    10.808660     5.827635    15.533975   -49.909675  -134.422109
   48.311694    10.560619     5.550169    15.697969   -51.797691  -131.562550
   48.598761    10.542452     5.168041    15.428169   -28.620367  -149.886774
   48.236873    10.615280     5.588379    15.510530   -36.624518  -135.361947
   48.510024    10.687697     5.495930    15.535199   -41.233146  -134.647945
   48.222270    10.572936     5.438926    15.315690   -23.249386  -128.660917
   48.073884    10.451329     5.669284    15.731988   -23.947891  -147.049072
   48.406287    10.660900     5.554294    15.528115   -22.393921  -160.418276
   47.933639    10.496526     5.419270    15.193181   -13.663033  -159.396974
   48.123382    10.600128     5.712973    15.590047   -39.661666  -132.478219
   48.503529    10.693133     5.611425    15.604315   -33.825684  -127.855366
   47.988075    10.661290     5.802981    15.433637   -34.042676  -143.128880
   47.781289    10.473276     5.525768    15.337628   -54.397195  -122.713471
   48.356649    10.739488     5.792585    15.598838   -29.941210  -135.278802
   48.203503    10.673552     5.583569    15.233219    -8.473056  -141.583276
   48.209857    10.673414     5.646053    15.325234    -6.376904  -152.414408
   47.887602    10.365232     5.348330    15.250193    -7.766040  -139.385660
   48.475334    10.770728     5.511265    15.269631   -16.765183  -145.652689
   48.348945    10.878347     5.687312    15.133121   -13.399070  -142.127197
   47.969247    10.536434     5.561018    15.251030    -5.463536  -147.864626
   47.934834    10.579948     5.634366    15.154061    10.002480  -146.369400
   48.265797    10.694286     5.683651    15.467972   -21.871909  -154.668789
   48.173625    10.804729     5.681461    15.169696   -32.794908  -132.318872
   48.422719    10.877979     5.537665    15.109866   -23.426856  -149.675399
   47.956505    10.639029     5.529357    15.101086   -30.774992  -135.531615
   48.187601    10.575437     5.391918    15.312055   -34.367053  -142.469747
   48.281019    10.605248     5.495088    15.447186   -30.221809  -144.385351
   48.216405    10.761488     5.689751    15.332990   -38.364464  -134.401808
   48.565052    10.936226     5.788558    15.531686   -46.899216  -146.083122
   48.045327    10.538670     5.478977    15.419775   -53.494368  -130.482360
   48.454727    10.855685     5.628821    15.371736   -48.270586  -135.528725
   48.340373    10.784492     5.660775    15.487321   -59.785580  -135.408354
   48.097246    10.859460     5.709206    15.085515   -41.962056  -135.548430
   47.952971    10.702232     5.693049    15.240055   -50.222821  -127.331295
   48.172620    10.762749     5.566379    15.112021   -19.506403  -157.076885
   48.393061    11.008637     5.850670    15.251058   -34.024600  -149.801010
   48.322079    10.716016     5.548597    15.333520   -31.892562  -137.757793
   48.388779    10.976732     5.612763    15.088803   -51.071505  -133.313065
   48.228776    10.702397     5.505969    15.266281   -47.929100  -121.476554
   47.467933    10.642525     5.678464    14.824478   -27.126387  -133.567474
   48.108995    10.703512     5.722019    15.484473   -67.447188  -116.292502
   48.539652    10.840961     5.820202    15.726485   -54.221517  -134.742189
   48.727417    10.764021     5.552312    15.699200   -53.360361  -130.197978
   48.210544    10.562145     5.644255    15.716756   -54.762238  -124.810077
   48.446325    10.860434     5.644433    15.393966   -46.492415  -146.266515
   48.302896    10.695788     5.595758    15.531311   -51.841673  -146.040319
   48.269580    10.647663     5.534659    15.517124   -53.973389  -141.381350
   47.952645    10.838157     6.024176    15.393758   -50.327394  -138.676236
   47.735518    10.459552     5.598248    15.341183   -31.902883  -146.793926
   47.964615    10.554118     5.449247    15.253871   -39.602670  -148.205953
   48.220312    10.678755     5.593859    15.407830   -39.409456  -143.781501
   48.016536    10.815822     5.731971    15.171397   -54.809281  -131.564634
   48.334839    10.943134     5.810529    15.276210   -37.014279  -147.666102
   48.242690    10.767133     5.718664    15.440564   -52.734036  -127.765269
   48.261304    10.575967     5.442398    15.427138   -34.301611  -138.261659
   48.038515    10.621810     5.532981    15.224465   -35.995666  -127.977672
   47.869727    10.688635     5.825972    15.262387   -29.528345  -140.914127
   48.168600    10.758751     5.818984    15.570772   -64.232046  -133.382121
   48.431746    10.638671     5.482192    15.483982   -25.126435  -147.100299
   48.126731    10.873722     5.937400    15.317837   -34.007408  -141.857038
   48.079431    10.673442     5.596570    15.268284   -38.353234  -138.318073
   48.121610    10.722419     5.572824    15.179804   -39.229030  -130.971861
   47.857144    10.522295     5.532176    15.201259   -23.452902  -136.124276
   48.270023    10.769200     5.599288    15.288659   -43.638922  -132.052494
   48.127024    10.701288     5.628245    15.357356   -47.792090  -142.367651
   48.136807    10.841390     5.941184    15.394115   -32.669688  -144.843352
   48.137226    10.558552     5.620202    15.598030   -38.416188  -147.160153
   48.240106    10.925774     5.864980    15.310851   -46.969229  -140.691367
   48.099440    10.871318     5.966880    15.393828   -50.536097  -132.840499
   47.738306    10.434695     5.469024    15.243840   -31.786046  -144.014204
   48.759047    10.920175     5.664519    15.606224   -47.890306  -146.930658
   47.934314    10.560891     5.536507    15.302942   -42.477398  -138.404545
   48.035980    10.811945     5.780960    15.225701   -49.017167  -135.013336
   48.245816    10.671459     5.589514    15.458079   -37.760086  -151.653065
   48.421383    10.692849     5.414935    15.411648   -40.372846  -157.416157
   47.936494    10.430745     5.444367    15.502197   -49.467224  -148.025095
   47.849476    10.454953     5.474636    15.435657   -53.942624  -149.097951
   48.375747    10.733322     5.752860    15.614768   -33.399465  -143.928706
   48.284233    10.717538     5.636255    15.394143   -34.011376  -130.984147
   48.336103    10.684361     5.801373    15.748503   -41.505765  -133.867481
   48.099935    10.619417     5.797406    15.681305   -55.706788  -119.243802
   47.800551    10.538036     5.719332    15.436284   -47.657071  -132.424276
   48.127593    10.493795     5.526747    15.547944   -27.799173  -147.213212
   48.261233    10.673545     5.694073    15.646619   -50.816799  -147.979707
   48.343507    10.871462     5.739143    15.297156   -35.536905  -136.407053
   48.290725    10.686936     5.641551    15.453642   -29.017247  -137.511071
   48.208921    10.718167     5.576870    15.284603   -41.705361  -129.332877
   47.921979    10.425997     5.605710    15.604099   -33.261924  -146.067034
   47.866491    10.638471     5.874163    15.492143   -52.274909  -122.714514
   48.416768    10.877598     5.804614    15.524445   -50.492968  -142.586039
   48.396545    10.919432     5.779085    15.284951   -31.984565  -134.742272
   47.874494    10.453206     5.683674    15.643498   -48.196676  -134.683559
   48.280594    10.688340     5.787074    15.650921   -37.210508  -133.937389
   48.112068    10.542570     5.657993    15.704153   -55.222904  -136.001347
   48.455899    10.693465     5.726951    15.741752   -38.379609  -136.988568
   47.913242    10.653177     5.574543    15.183372   -48.079440  -139.900237
   48.244970    10.681202     5.851736    15.780614   -51.469845  -136.735578
   48.456950    10.693496     5.537122    15.574444   -50.409109  -135.604668
   48.332305    10.656801     5.684430    15.725332   -47.480449  -151.548966
   48.313454    10.656994     5.728290    15.695739   -39.336720  -141.322221
   48.101504    10.653362     5.757356    15.564774   -48.260535  -136.144646
   48.560903    10.728247     5.467795    15.471468   -35.300602  -144.973214
   48.218358    10.767684     5.455545    15.026076   -19.328042  -156.930039
   48.533681    10.926765     5.661958    15.289620   -33.505762  -139.888751
   47.694446    10.589807     5.759540    15.200076   -28.095925  -141.849034
   48.188955    10.760955     5.584864    15.153253   -23.091901  -151.791099
   48.310384    10.810644     5.739253    15.482697   -49.839741  -147.550116
   48.517645    10.842500     5.659421    15.460324   -39.284065  -141.990260
   48.167509    10.554890     5.582844    15.537998   -24.877665  -154.888889
   47.919887    10.817138     5.871547    15.209302   -35.410656  -160.093074
   48.025438    10.584426     5.466286    15.247587   -32.888594  -152.264456
   48.301638    10.691895     5.417192    15.317674   -45.091596  -152.664923
   48.617784    10.961058     5.615214    15.357416   -45.035804  -151.903640
   48.125286    10.657290     5.668628    15.465719   -37.669958  -154.436573
   48.258112    10.799555     5.677750    15.387165   -50.346865  -147.817355
   48.129616    10.693475     5.626197    15.371859   -39.091128  -158.169068
   48.559752    10.942433     5.779663    15.502801   -35.783701  -162.181529
   48.424165    10.763672     5.311064    15.190766   -53.343592  -141.975893
   48.112324    10.687885     5.770158    15.548037   -46.168716  -151.218324
   48.783139    10.699005     5.257542    15.519420   -38.176517  -161.521051
   48.386631    10.809702     5.608520    15.387191   -37.763910  -159.936272
   48.334125    10.719640     5.556093    15.426615   -41.607183  -148.284922
   48.057910    10.634945     5.504275    15.312163   -51.687091  -147.018808
   48.436416    10.864949     5.611001    15.344079   -41.093757  -156.105618
   48.241519    10.658853     5.474422    15.353403   -50.857737  -128.854567
   48.476895    10.576757     5.304643    15.532566   -54.758705  -134.442190
   48.424980    10.573586     5.327848    15.527731   -58.032461  -129.896424
   48.164265    10.679843     5.840934    15.658587   -42.136509  -142.150662
   48.454554    10.732394     5.697343    15.664789   -45.326908  -135.887286
   48.267705    10.570097     5.550929    15.541540   -27.540440  -139.328852
   48.186908    10.531184     5.555929    15.629626   -46.376289  -134.457215
   48.308371    10.573436     5.305790    15.430137   -55.395537  -144.909076
   48.122979    10.564395     5.625561    15.591827   -41.203773  -146.401287
   48.459176    10.611120     5.626924    15.791263   -40.828146  -139.633810
   48.077649    10.469527     5.354092    15.351150   -27.950604  -150.679634
   48.143553    10.415333     5.390851    15.628003   -46.268798  -145.183627
   48.056009    10.540680     5.684276    15.580673   -30.865115  -140.458857
   47.982281    10.455059     5.420401    15.440717   -55.485751  -122.451339
   48.547057    10.899963     5.798316    15.594398   -50.184383  -141.128523
   48.353325    10.873537     5.704278    15.320399   -50.814642  -127.076522
   48.535801    11.082806     5.848924    15.283659   -46.798255  -137.257255
   48.484350    10.854401     5.593578    15.372667   -52.283355  -131.711142
   48.309096    10.779029     5.504074    15.276300   -50.923586  -145.552705
   48.647336    11.042355     5.671486    15.249665   -45.422858  -133.226522
   48.635969    10.933302     5.723540    15.478933   -45.811180  -127.464724
   47.701097    10.458208     5.618585    15.388532   -53.371024  -122.258802
   48.344976    10.841900     5.833986    15.505632   -41.996796  -139.521917
   48.524454    10.720410     5.505347    15.479368   -32.090318  -144.763916
   48.203953    10.560032     5.540923    15.579499   -50.417018  -128.555313
   48.560419    10.609815     5.386949    15.583489   -37.561965  -143.457961
   47.920619    10.447278     5.487727    15.443660   -48.281904  -121.947415
   48.304815    10.487707     5.243169    15.403517   -40.444333  -135.489556
   48.324304    10.673463     5.435792    15.397740   -54.853004  -137.085661
   47.904946    10.324787     5.254600    15.358366   -34.219614  -140.919686
   48.211333    10.598264     5.634928    15.599116   -39.362283  -140.417252
   48.712085    10.648709     5.407139    15.640758   -34.338470  -141.883221
   48.050974    10.776624     5.941134    15.419255   -31.505516  -139.783205
   47.610164    10.416658     5.709423    15.432407   -37.920867  -132.356714
   48.226348    10.821213     5.796283    15.333125   -28.245232  -148.002708
   48.418361    10.995147     5.907758    15.343766   -35.150631  -140.579517
   48.237602    10.499896     5.167943    15.262087   -48.721458  -129.982037
   48.129881    10.681413     5.654323    15.440051   -54.625251  -132.559729
   48.370248    10.522817     5.332419    15.525533   -44.046873  -136.169171
   48.129869    10.603208     5.365062    15.286095   -64.496168  -125.619595
   47.793703    10.537051     5.397260    15.090638   -48.034407  -135.394120
   48.117320    10.713412     5.704415    15.409597   -48.876997  -139.255424
   48.335355    10.792334     5.646686    15.332698   -33.484333  -141.308338
   48.078530    10.457177     5.279918    15.337482   -41.622937  -143.130771
   48.031010    10.638534     5.601311    15.348418   -50.216850  -134.566585
   48.125647    10.590523     5.674261    15.573120   -34.171274  -149.493685
   48.285649    10.619282     5.486520    15.456826   -40.963808  -138.459820
   48.557797    10.530860     5.381514    15.765798   -49.918332  -143.594075
   48.353004    10.561105     5.488201    15.665280   -51.569650  -134.920217
   48.351616    10.571930     5.474333    15.661508   -58.832306  -134.923664
   47.817794    10.486526     5.532406    15.359723   -50.989630  -132.678125
   48.158030    10.686577     5.701984    15.480615   -47.383485  -134.097663
   48.375249    10.609719     5.463076    15.503752   -42.450299  -126.179284
   48.680627    10.773762     5.469597    15.540630   -51.616188  -130.211607
   47.987698    10.660770     5.671915    15.339834   -50.066828  -133.308414
   48.348921    10.812999     5.649816    15.422160   -57.094922  -137.327741
   48.621505    10.713626     5.344528    15.460992   -57.574652  -125.947854
   48.075857    10.489755     5.314235    15.374906   -63.733289  -123.418788
   47.941931    10.554778     5.706311    15.471890   -28.562574  -149.170373
   48.256566    10.558758     5.495881    15.519017   -33.442565  -140.269965
   47.847227    10.459262     5.411498    15.251434   -32.810363  -150.057827
   48.280182    10.483624     5.290909    15.363146   -20.522429  -142.227850
   48.193618    10.756410     5.855599    15.486672   -30.789597  -134.956005
   48.404753    10.838531     5.545446    15.195287   -35.501414  -135.279726
   48.273037    10.895647     5.721613    15.210915   -42.817003  -139.335108
   48.353287    10.913677     5.767914    15.330369   -50.056744  -134.079868
   48.017670    10.668953     5.727023    15.357728   -32.372568  -147.434232
   48.213524    10.437836     5.408918    15.599172   -29.041984  -151.545886
   48.204160    10.783933     5.773371    15.371632   -31.673676  -147.552197
   48.428066    10.596332     5.429068    15.603467   -55.510285  -130.391735
   47.851712    10.371105     5.428237    15.474472   -48.025226  -131.034156
   47.952730    10.638831     5.550114    15.252093   -48.712420  -150.473547
   48.397618    10.658033     5.481983    15.568241   -57.145439  -142.076288
   48.131161    10.521404     5.493829    15.522565   -52.079280  -122.250881
   47.904957    10.250516     5.406820    15.739422   -54.187271  -129.326048
   48.069106    10.399893     5.551939    15.771620   -42.278502  -149.191509
   48.428703    10.831704     5.757615    15.597559   -59.503360  -137.259186
   48.603396    10.818132     5.489929    15.348663   -38.073726  -127.808399
   48.302802    10.528726     5.426073    15.560662   -39.051566  -141.317021
   48.321520    10.785123     5.685498    15.399567   -44.835027  -124.115529
   48.483907    10.741473     5.633321    15.570782   -29.411711  -156.169766
   48.410280    10.704723     5.821347    15.755780   -25.036744  -149.587435
   48.327799    10.640776     5.420108    15.358026   -40.358610  -132.428171
   48.096520    10.631858     5.828031    15.679608   -40.322299  -150.747630
   48.647077    10.603594     5.466857    15.795173   -42.607751  -148.436599
   48.008800    10.693674     5.739936    15.410307   -59.649337  -126.963156
   48.314546    10.454548     5.247957    15.416563   -22.070005  -149.973090
   48.440794    10.366399     5.280778    15.708891   -26.137275  -144.118500
   48.243590    10.514504     5.355582    15.431655   -37.007906  -137.925135
   48.174137    10.347793     5.385881    15.738529   -45.504597  -134.638680
   48.220721    10.536486     5.396199    15.442328   -45.394445  -129.468341
   48.192709    10.725091     5.685944    15.378912   -29.133937  -155.281989
   48.255083    10.795693     5.888868    15.576805   -43.471430  -138.028832
   48.184256    10.470869     5.262316    15.379636   -43.804720  -137.955216
   47.752342    10.523762     5.650460    15.360551   -55.606569  -123.957208
   48.581886    10.784466     5.356806    15.275099   -44.600280  -131.800788
   48.168123    10.507185     5.452458    15.536448   -43.595454  -141.107135
   48.234946    10.537425     5.475404    15.564626   -46.388836  -134.178850
   48.039323    10.634235     5.402787    15.065814   -30.172923  -144.618078
   48.324992    10.718537     5.704756    15.590158   -42.992344  -145.624835
   48.001720    10.392089     5.373352    15.520890   -49.964102  -134.482918
   48.339151    10.442455     5.189142    15.481569   -40.597027  -150.977704
   48.799092    10.674942     5.315224    15.669650   -60.326974  -137.612854
   48.318452    10.616887     5.353633    15.363005   -41.491299  -149.039585
   48.615670    10.681765     5.572277    15.799926   -57.593763  -134.340236
   48.196621    10.642538     5.685005    15.550159   -39.920058  -134.838269
   48.377973    10.524517     5.418988    15.606822   -43.698250  -125.207877
   48.344035    10.838590     5.605011    15.290963   -51.259472  -137.243531
   48.328030    10.515237     5.325545    15.453423   -37.764618  -131.768594
   48.194280    10.608121     5.570001    15.519412   -50.476954  -130.452154
   48.535166    10.701524     5.762874    15.827121   -36.831833  -134.621649
