   50.266298    11.342672     5.304884    15.675129   -50.632573  -127.557106
   49.988970    11.261478     5.407822    15.706447   -53.097372  -123.977059
   50.056932    11.032728     5.183576    15.781227   -45.659907  -131.102685
   50.053011    10.928569     5.056128    15.715222   -37.114040  -130.681951
   50.177207    11.132475     5.361279    15.919164   -36.544375  -140.145673
   49.792160    11.281058     5.451789    15.535569   -31.118122  -136.653473
   50.232436    11.157855     5.453798    15.974732   -33.058745  -133.317689
   49.859387    11.269960     5.750838    15.935103   -31.183191  -147.241874
   50.309131    11.179892     5.206212    15.788305   -39.212253  -138.663483
   49.633398    11.197839     5.558296    15.699754   -28.501941  -155.950764
   50.169057    11.197554     5.455108    15.898871   -32.690271  -137.324958
   50.555018    11.259777     5.354998    15.974491   -38.633377  -130.835162
   50.191352    10.988138     5.069821    15.818688   -37.596342  -146.984141
   50.697650    11.269258     5.105849    15.755196   -34.765192  -133.210350
   50.141478    10.947055     5.033673    15.764384   -42.586136  -133.640714
   49.898213    11.077832     5.250677    15.671893   -50.407218  -117.717539
   50.478775    11.287939     5.444346    16.060050   -53.163305  -129.299447
   50.673776    11.310445     5.342775    15.992108   -45.285286  -126.822833
   50.735693    11.301417     5.310975    16.055946   -26.210379  -153.745873
   50.004008    11.006907     5.349585    15.910383   -35.930675  -131.568983
   50.547252    11.084916     5.068930    15.864901   -44.025493  -125.753495
   50.228207    11.082485     5.176661    15.684968   -24.926490  -126.958310
   50.117807    11.318030     5.752606    16.097031   -52.265518  -129.425540
   50.239468    11.315330     5.528362    15.950504   -43.342806  -140.764084
   50.395203    11.159245     5.184682    15.876397   -40.582286  -143.918453
   50.246993    10.889513     5.208364    16.095366   -30.957089  -144.336011
   50.531661    11.075186     5.265569    16.241419   -52.965862  -142.145217
   50.141707    10.907453     5.225946    16.051933   -40.814671  -139.786226
   49.939975    11.176603     5.520944    15.877656   -47.771414  -125.712380
   50.597790    11.253950     5.143688    15.864398   -47.822811  -140.090779
   50.246304    11.081254     5.060236    15.778324   -54.722335  -136.909383
   50.159925    11.095128     5.230256    15.808976   -41.801862  -133.118418
   50.431204    11.089736     5.233178    16.131727   -53.554591  -146.826529
   50.506022    11.036994     4.948456    15.934597   -52.523220  -151.948734
   50.373535    11.146845     5.397786    16.178863   -64.235056  -128.075026
   49.750015    10.955294     5.400538    15.975987   -51.457859  -136.384211
   50.232262    10.906970     4.943986    15.857609   -49.114291  -145.741284
   50.318925    11.165790     5.313402    16.075057   -46.074015  -161.705141
   50.218922    11.042950     5.245367    15.989861   -46.679964  -141.024373
   50.547634    11.045740     5.252617    16.242423   -63.866983  -122.550815
   49.723502    10.947610     5.184459    15.773844   -45.247044  -156.582945
   50.628914    11.201625     5.180764    16.024068   -54.895083  -137.582837
   50.267794    11.040689     5.195856    16.041508   -50.717549  -151.507334
   50.303501    11.313228     5.454040    15.973204   -52.779617  -141.467490
   50.086237    11.198367     5.547513    15.991236   -35.668746  -144.655046
   50.162773    10.936481     5.223774    16.122781   -43.336304  -157.120391
   49.953808    11.143859     5.426825    15.894371   -51.130725  -136.703004
   49.845924    11.112637     5.349838    15.783810   -51.497511  -136.451513
   50.124514    11.338881     5.591373    15.968159   -53.131335  -142.918372
   50.185666    10.929747     4.933235    15.749730   -57.085873  -127.275427
   50.375387    10.835519     4.911572    15.831784   -27.464261  -133.535906
   50.370275    11.164872     5.344353    15.914432   -26.352854  -136.181435
   50.200820    11.035654     5.244999    15.875626   -29.112587  -137.975682
   50.231907    11.242393     5.488347    15.988052   -50.743915  -130.195540
   50.013144    11.258623     5.487944    15.811168   -42.237857  -138.094195
   50.472119    11.114505     5.109899    15.904686   -37.033212  -149.483972
   50.245059    11.166925     5.408594    15.995556   -44.947000  -134.751316
   50.470518    11.148543     5.321884    16.092792   -39.770169  -143.317182
   50.061865    11.126165     5.398437    15.918788   -34.325596  -149.049596
   50.381596    11.470274     5.503520    15.822480   -48.908025  -135.099021
   49.981715    11.087904     5.302079    15.844075   -52.398111  -133.962051
   50.557074    11.052553     5.016356    15.924720   -39.003416  -145.770822
   50.253840    11.018066     5.313662    16.078600   -39.091015  -139.993529
   49.848074    11.157114     5.439008    15.753607   -41.320630  -132.954529
   50.357604    11.199447     5.160854    15.780997   -50.027091  -134.034385
   50.195853    11.435119     5.602188    15.877754   -55.573155  -134.962529
   50.284368    11.201574     5.466343    16.046930   -48.942946  -131.002126
   50.402741    11.159064     5.130145    15.717431   -23.193701  -142.219417
   49.998693    11.070965     5.281492    15.911694   -51.240377  -149.477560
   50.231623    11.032823     5.227621    15.962151   -41.203250  -141.404886
   50.279394    11.057485     5.190658    15.971971   -47.109608  -145.253628
   50.181430    11.144441     5.287592    15.899657   -42.341691  -149.113885
   50.284534    11.304634     5.396320    15.906287   -48.892696  -145.245615
   50.565584    11.098565     5.210863    16.189351   -60.344326  -138.212164
   50.167803    10.934064     5.045017    15.866364   -47.980513  -140.108216
   50.279512    10.978051     4.969563    15.827503   -47.337294  -147.077793
   50.517707    11.325354     5.498536    16.104088   -31.149900  -154.073241
   50.227149    11.105026     5.353888    16.138273   -51.511791  -155.790495
   50.632043    11.534426     5.534102    15.911050   -44.666078  -133.817085
   49.680422    11.014364     5.405361    15.809137   -31.029763  -152.068506
   50.812774    11.364576     5.194564    15.882719   -44.014686  -136.120226
   50.188060    10.971590     5.129398    15.860878   -37.298706  -137.858658
   50.462786    11.267046     5.411394    16.043330   -41.682118  -142.829060
   50.518410    11.153480     5.316069    16.250100   -53.412159  -154.263945
   50.541439    11.129184     4.962547    15.720305   -39.528042  -138.603747
   50.239303    11.101510     5.315262    15.976009   -30.587515  -152.907336
   50.089580    10.833622     4.935569    15.771477   -40.660044  -139.364482
   49.902957    10.771207     4.963001    15.797504   -44.306063  -143.514416
   50.413467    11.151651     5.250540    15.950574   -38.495767  -141.826930
   50.697486    11.339777     5.313252    15.983336   -35.000556  -145.790163
   49.947189    11.159148     5.331287    15.760506   -48.901347  -136.494478
   49.971001    11.097159     5.062579    15.544571   -48.152514  -134.142695
   50.741446    11.380251     5.255909    15.917937   -56.520611  -129.435311
   50.431103    11.231792     5.240204    15.842071   -47.298192  -130.135104
   50.192414    11.238646     5.497911    15.981049   -41.668620  -142.071908
   50.384175    11.373613     5.525305    15.948522   -41.819215  -137.652346
   50.063736    11.010121     5.206309    15.883338   -54.986404  -129.891348
   50.430448    10.889627     4.833373    15.826394   -47.935594  -134.994065
   50.176510    11.020230     5.339718    16.075523   -51.480093  -129.552014
   50.610635    10.930637     5.004273    16.086656   -50.588481  -127.443460
   50.358859    11.150498     5.014150    15.625349   -34.606102  -140.979958
   50.533949    11.146968     5.347832    16.195568   -43.352783  -143.317185
   50.164096    11.195879     5.512682    16.012494   -38.335140  -141.750155
   50.259351    10.936556     5.135629    15.972799   -37.855490  -140.128494
   50.288043    10.973324     5.148286    16.004004   -38.941139  -148.147238
   50.259794    11.104221     5.262193    15.943430   -58.895677  -122.564289
   50.358611    11.122498     5.347261    16.069672   -37.775226  -144.541688
   50.310559    10.963449     5.203225    16.011953   -45.395773  -121.748897
   50.369572    10.918917     5.075968    16.002389   -31.450654  -147.491779
   50.379137    11.044860     5.239629    16.137262   -52.415454  -143.332522
   49.995799    11.089881     5.313845    15.859661   -47.951514  -138.899274
   50.104688    11.210469     5.226870    15.677823   -51.594960  -131.049054
   50.615415    11.465367     5.233336    15.717289   -63.774161  -127.649653
   50.326341    10.974104     5.145181    16.059620   -44.824286  -148.153998
   50.373817    11.227028     5.381186    15.885158   -40.632868  -121.788318
   50.287905    11.251843     5.411919    15.944206   -38.370269  -147.328214
   50.610262    11.154309     5.290269    16.119846   -35.134797  -141.684409
   50.460894    11.089092     5.125369    15.884879   -36.369479  -137.535490
   50.013099    11.009864     5.351478    15.964107   -41.065486  -136.552781
   50.211288    11.166338     5.381086    15.963892   -38.939418  -146.412526
   50.293324    11.377355     5.578740    15.942348   -42.977354  -137.566481
   50.550277    11.002857     5.070430    15.960470   -34.639002  -132.641958
   50.076102    11.186701     5.436169    15.883828   -52.260486  -124.649993
   50.233631    11.088703     5.328088    15.987133   -34.365398  -145.250889
   50.000521    11.166721     5.418641    15.858201   -39.029312  -145.097671
   49.996374    10.912619     5.041079    15.695461   -44.108947  -124.453754
   50.362251    10.984130     5.071168    15.916741   -33.903995  -146.619394
   49.924852    10.871473     5.210875    15.899829   -38.216588  -134.174014
   50.601058    11.154897     5.223775    16.101134   -41.226153  -148.891306
   50.368607    10.992782     5.132507    15.972801   -26.829514  -152.644162
   50.264478    10.895466     4.977070    15.786166   -29.230162  -137.557183
   50.453540    11.312391     5.445145    16.029660   -36.451621  -151.597731
   50.743398    11.244264     5.220273    16.090442   -39.365665  -151.956555
   50.545996    10.990824     4.982898    16.032128   -48.302418  -150.135307
   50.077476    11.120895     5.347827    15.952237   -38.588411  -159.601411
   50.621009    11.088720     4.986038    15.934440   -37.357485  -156.941150
   50.355845    11.033920     5.047948    15.865214   -42.190593  -145.804779
   50.386411    11.014510     5.153738    16.066774   -35.780326  -159.525924
   50.664838    11.067882     5.016355    16.050597   -48.345386  -148.627431
   49.823091    10.925278     5.219902    15.902193   -44.399537  -156.256801
   50.145121    11.200035     5.588567    16.160383   -42.151073  -154.604840
   50.202604    10.863789     5.020015    15.955754   -41.980093  -148.999538
   50.059200    11.043326     5.290041    15.943283   -33.791698  -158.719209
   50.776562    11.023871     5.017773    16.204742   -47.524438  -149.027712
   50.627339    11.395378     5.406738    16.113470   -64.773895  -142.680291
   50.478452    10.972758     4.890826    15.850440   -32.303203  -158.586906
   50.116002    10.991970     5.001065    15.683954   -37.693530  -145.404332
   50.144579    11.035785     5.184025    15.927438   -38.228859  -161.301475
   50.508763    11.246739     5.307144    16.010545   -36.614183  -153.961273
   50.285505    10.976274     5.145185    15.968898   -41.175495  -140.042407
   50.203175    11.104277     5.166037    15.887854   -47.088260  -156.723156
   50.486787    10.960085     5.040828    16.011828   -28.073537  -155.093652
   50.279334    10.927235     5.029347    15.967799   -48.283948  -147.743012
   50.400648    11.178725     5.071228    15.824767   -51.269826  -153.090155
   50.249734    10.911496     4.974287    15.927827   -47.470303  -153.853077
   50.349326    11.153928     5.196382    15.950454   -48.263410  -153.437490
   49.956167    10.977712     5.261739    15.954504   -47.459700  -148.685538
   50.418644    11.179786     5.346222    16.133137   -47.531812  -152.909779
   50.465620    11.147115     5.372029    16.193808   -49.392610  -140.879899
   50.264909    11.277551     5.478085    15.953001   -28.627318  -155.882934
   50.446549    11.348427     5.508715    16.070170   -39.925215  -152.280913
   50.190489    11.260259     5.401686    15.853803   -47.736860  -135.304980
   50.155700    11.060483     5.223544    15.936911   -38.846743  -158.046592
   50.056796    10.881153     5.107566    15.900584   -32.598345  -152.145017
   50.439051    11.088509     5.295199    16.143632   -44.356841  -143.278111
   50.196248    10.961668     5.192373    16.052447   -55.599967  -137.612781
   50.328939    11.146330     5.354196    16.075120   -43.485051  -148.194101
   50.294775    11.013854     5.150002    16.014487   -42.970573  -154.921027
   49.939727    11.191450     5.231674    15.652195   -67.794471  -124.710739
   50.308651    11.081830     5.253583    15.989883   -44.839088  -138.682658
   50.236465    10.919199     5.023066    15.893161   -31.581197  -156.866503
   49.981025    11.080956     5.302916    15.950806   -55.879384  -153.122602
   50.276839    11.328384     5.581484    16.002344   -26.714850  -157.414774
   50.396979    11.155996     5.301551    16.052388   -31.054463  -162.561270
   50.105093    11.218007     5.476330    15.919355   -32.679768  -151.768729
   50.652415    11.272668     5.220531    15.846427   -32.292398  -133.406591
   50.692808    11.158292     5.066646    15.918322   -42.075513  -137.757933
   50.200272    11.050126     5.047547    15.759741   -46.204384  -144.278970
   50.651123    11.263618     5.326211    16.113044   -45.160122  -143.930350
   49.958845    11.172087     5.168521    15.564843   -43.894496  -139.100365
   50.044851    11.233244     5.516135    15.901567   -47.364598  -133.805127
   50.919869    11.468781     5.382869    16.067451   -46.078840  -136.739215
   50.498863    11.169659     5.278675    16.024458   -43.943766  -136.679533
   49.836014    11.126995     5.248018    15.631677   -43.162691  -141.244221
   50.192116    10.823979     5.090296    16.071133   -39.458791  -149.144448
   50.045683    11.086431     5.382657    15.974597   -48.059038  -139.550672
   50.287418    10.940490     5.195683    16.128795   -45.416125  -145.727890
   50.039011    11.034696     5.341697    16.010020   -43.355550  -149.783177
   50.519680    11.331808     5.144258    15.694439   -45.055521  -138.774438
   50.123918    11.050421     5.443215    16.155021   -60.982212  -125.024124
   50.241841    11.241841     5.485292    16.088943   -61.342030  -138.129535
   50.462265    11.309389     5.282175    15.794428   -50.657141  -123.716108
   50.034487    11.180755     5.318814    15.811625   -58.237462  -133.533483
   50.009289    11.071937     5.335145    15.906785   -48.772591  -136.302877
   50.663887    11.215323     5.203363    16.021787   -47.301978  -138.605589
   50.403299    10.974738     5.039561    15.937408   -33.183365  -150.942409
   50.301358    11.105306     5.263578    15.986946   -51.592245  -134.942806
   50.220682    11.129224     5.297143    15.866211   -37.083227  -136.052453
   50.327980    11.042600     5.182004    15.954331   -49.340732  -129.800399
   50.529371    11.149954     5.114427    15.924466   -56.541023  -131.956011
   50.331160    11.163434     5.230419    15.961731   -61.773404  -136.932492
   50.321773    11.063057     5.179960    15.954058   -31.989483  -156.746333
   50.401812    11.166206     5.283684    15.960139   -48.601478  -130.005331
   50.239946    11.163685     5.293784    15.866156   -51.642653  -125.853919
   50.250615    11.254641     5.296389    15.823976   -39.478870  -152.983478
   50.545707    11.111110     5.010563    15.835173   -37.736531  -147.118133
   50.466828    11.367466     5.413730    15.887136   -33.750585  -144.967653
   50.398000    11.097367     5.135205    15.934503   -53.778360  -136.580436
   50.451121    11.090451     5.218382    16.025385   -47.217744  -133.513295
   50.212898    11.121144     5.217727    15.842197   -34.694806  -151.467314
   50.282102    11.286365     5.448182    15.974277   -61.132686  -129.121057
   50.512756    11.055658     5.123664    16.024683   -51.858015  -132.848507
   50.215503    11.035607     4.999603    15.729891   -53.465347  -134.899287
   50.061803    11.050539     5.239703    15.899196   -49.758906  -143.690701
   50.267539    11.239446     5.356898    15.939121   -49.857839  -145.336027
   50.301927    11.275815     5.163753    15.683792   -42.349870  -148.995787
   49.997924    11.169668     5.547987    15.978825   -46.026168  -133.793043
   50.242775    11.221351     5.371484    15.913812   -33.463416  -154.375943
   50.387672    11.308470     5.144308    15.618323   -33.106485  -146.927330
   50.369068    11.298812     5.480920    16.083633   -50.681917  -147.297354
   50.524102    11.184343     5.320454    16.098749   -32.705920  -154.021525
   50.588679    10.972947     5.013352    16.000510   -22.954653  -152.998346
   49.810489    10.978541     5.197704    15.687182   -43.218865  -128.447546
   50.079195    10.947514     5.355935    16.029228   -21.617210  -145.906620
   50.188660    11.093017     5.136148    15.708093   -29.947585  -142.879331
   50.298279    11.299234     5.178704    15.628002   -30.008470  -154.147213
   50.425380    11.122491     5.309813    16.020452   -30.142983  -142.227201
   50.713662    11.112636     4.875052    15.700413   -27.375963  -142.427368
   50.113750    11.026759     5.271301    16.010780   -47.399166  -149.204231
   50.170831    11.156811     5.323816    15.962854   -47.661663  -152.938882
   50.442964    11.451842     5.558358    15.923233   -45.951440  -133.620706
   50.372578    11.505392     5.624648    15.775783   -35.536969  -127.648714
   50.610130    11.393321     5.355003    15.757025   -29.721904  -127.083521
   50.656111    11.013845     4.992694    16.057353   -43.412117  -147.969944
   50.342347    11.115596     5.345816    16.145209   -50.253999  -146.368826
   50.180514    11.196521     5.474476    16.041161   -39.382205  -153.247452
   50.260519    10.978284     5.144847    16.037872   -47.955619  -150.769341
   50.748149    11.026205     4.890237    16.020263   -45.770299  -152.269662
   49.992391    11.097082     5.378739    15.939953   -39.173530  -154.803460
   50.510427    11.298221     5.195783    15.866842   -50.126450  -149.177171
   50.858744    11.373030     5.300344    16.159943   -45.274427  -156.982922
   49.956178    11.197265     5.558362    16.004679   -42.695814  -156.267018
   50.095606    11.077418     5.313490    16.000779   -48.233515  -152.320491
   50.355477    11.208989     5.402437    16.113702   -54.244785  -145.233044
   49.993639    10.993506     5.210403    15.916373   -48.247997  -151.081334
   50.414136    11.330982     5.240884    15.861061   -59.470659  -149.847388
   50.131447    11.151135     5.246123    15.832424   -37.860311  -158.698841
   50.418771    11.061636     5.014909    15.872691   -46.168233  -149.196578
   50.363967    10.947616     5.039689    15.975654   -40.203190  -149.410059
   50.064350    10.977999     5.278351    16.032034   -39.986022  -154.643921
   50.262162    11.133360     5.128023    15.849167   -54.422207  -148.176820
   50.390765    10.982267     5.173397    16.183841   -49.589072  -153.198457
   50.488276    11.446135     5.448015    15.931378   -49.868884  -146.977866
   50.325801    11.215282     5.364545    16.047454   -47.683451  -154.240547
   50.385735    11.280241     5.175406    15.765593   -58.923384  -135.031833
   50.676466    11.160777     4.959565    15.861334   -50.916557  -145.225180
   50.471901    11.000245     5.055799    16.051067   -40.918728  -157.854329
   50.585949    11.040152     4.832439    15.819684   -57.680082  -140.547796
   50.197706    11.448336     5.608463    15.863107   -41.823436  -150.204756
   50.203744    11.327342     5.388772    15.753887   -48.381970  -131.898768
   49.884707    11.122214     5.151466    15.603604   -37.941711  -159.409809
   50.218689    11.342530     5.345563    15.746611   -35.362613  -158.395093
   50.335568    11.364737     5.551631    15.980774   -41.833318  -143.077381
   50.183880    11.255099     5.404290    15.773167   -28.629591  -139.640019
   50.362638    11.299616     5.170085    15.615041   -44.963581  -128.780418
   50.668974    11.625905     5.633591    15.896486   -38.953269  -135.865011
   50.741083    11.585194     5.511219    15.917224   -35.824783  -147.283290
   50.144559    11.362762     5.263629    15.566666   -50.558700  -136.391212
   50.643229    11.063123     4.914592    15.806127   -29.710567  -147.262149
   50.236360    11.407167     5.343491    15.575418   -38.898260  -132.651766
   50.483568    11.560922     5.386886    15.568757   -25.402634  -147.611731
   50.269677    11.130014     5.060631    15.693331   -45.546014  -138.230143
   50.539499    11.324016     5.146870    15.666712   -29.948614  -144.377019
   50.066925    11.321849     5.499339    15.811452   -39.770467  -148.618305
   50.659619    11.260218     5.058854    15.759945   -45.924291  -135.304689
   50.000850    11.346071     5.567002    15.806809   -52.804789  -133.753945
   50.958312    11.600022     5.481708    15.952785   -33.453133  -137.196871
   49.865886    11.216262     5.384708    15.719802   -50.997397  -140.643421
   50.185175    11.198605     5.486953    15.905399   -21.198367  -143.235067
   50.162848    11.295736     5.520940    15.892753   -27.899820  -154.406223
   50.566891    11.139387     4.976748    15.743045   -36.745566  -142.078255
   50.434559    11.185843     5.318227    16.045855   -50.676939  -137.571483
   49.965568    11.121556     5.314748    15.795506   -41.093673  -145.489155
   49.518417    11.076638     5.550092    15.727197   -36.314267  -132.866779
   50.570983    11.196172     5.386544    16.062578   -29.363433  -131.782249
   50.210674    11.120449     5.355680    15.906741   -41.835194  -124.226089
   50.383037    11.345339     5.337761    15.723627   -39.190023  -128.929662
   50.451087    11.282133     5.280042    15.785079   -22.269006  -147.146640
   50.532088    11.276174     5.282725    15.857490   -42.243165  -127.680564
   50.855636    11.525162     5.272992    15.759433   -28.388636  -148.453399
   50.047279    11.346202     5.427625    15.667517   -38.259955  -143.198468
   50.249984    11.548322     5.576489    15.790509   -62.221594  -140.887457
   50.173333    11.257823     5.359948    15.794976   -52.220684  -128.512735
   50.750118    11.521584     5.279735    15.726880   -40.216650  -140.889098
   50.053605    11.352243     5.456416    15.684955   -36.431282  -143.781646
   50.379999    11.477518     5.293015    15.617593   -40.684402  -152.625830
   49.806350    11.283908     5.341798    15.479124   -42.765824  -133.606360
   50.294096    11.556503     5.532192    15.735973   -45.983414  -153.242401
   49.820293    11.061339     5.107585    15.487345   -24.080792  -150.900386
   50.262759    11.116143     5.193581    15.784685   -26.850911  -145.452456
   49.858285    11.336596     5.417646    15.510047   -32.739182  -142.639327
   50.001843    11.291846     5.299153    15.544456   -26.923867  -150.013125
   50.115680    11.119986     5.222517    15.729595   -46.189265  -124.608840
   49.828780    11.341084     5.658225    15.742664   -46.513659  -131.914121
   50.234394    10.875564     4.954833    15.787202   -32.585024  -138.335977
   50.069203    11.016474     5.047457    15.628006   -27.419098  -146.314240
   50.315195    11.169748     5.137781    15.786085   -40.431531  -149.848515
   49.986011    11.060116     5.074911    15.498211   -15.506390  -147.902723
   50.628078    11.048043     5.057094    15.984222   -35.337395  -140.335492
   50.473556    11.439954     5.281631    15.720225   -49.931734  -141.730704
   50.110145    11.379651     5.501954    15.751504   -38.101412  -146.339417
   50.160047    11.430565     5.575602    15.839080   -57.011097  -134.910925
   50.264769    11.247341     5.417304    15.953559   -45.442633  -141.988029
   50.131579    11.092724     5.394049    16.022246   -44.270572  -140.980687
   50.483516    11.008020     5.117666    16.093639   -42.157188  -150.516012
   50.517946    11.257615     5.354704    16.133861   -58.298427  -145.018374
   50.650060    11.455138     5.338667    15.944271   -60.209924  -143.234975
   50.463271    11.174609     5.276918    16.085793   -62.774992  -134.494572
   50.282426    11.217959     5.417502    16.048105   -54.050708  -141.458024
   50.336546    10.978250     5.076787    15.944613   -43.576478  -142.110620
   50.725446    11.285372     5.436818    16.239133   -55.393934  -126.102013
   50.521580    11.017228     4.985577    15.934896   -48.828075  -140.089287
   50.766948    11.248126     5.225281    16.014397   -46.873277  -127.204687
   50.584699    11.428105     5.557867    16.019689   -32.169158  -140.932926
   50.676649    11.207018     5.089326    15.866890   -32.459899  -147.149587
   50.460294    11.212519     5.095596    15.729850   -52.170542  -126.944133
   50.383980    11.497810     5.418150    15.703791   -51.783451  -133.811556
   50.377088    11.126693     5.274544    16.048872   -47.069701  -145.372336
   50.536428    11.430129     5.415950    15.868814   -28.462483  -153.653989
   49.952755    11.259455     5.266912    15.647189   -60.304969  -143.534366
   50.164536    11.292358     5.492247    16.017063   -47.835368  -164.326048
   50.625980    11.314446     5.148165    15.934722   -50.812264  -163.200570
   49.971353    11.030654     5.209646    15.685869   -43.864704  -115.931654
   50.456562    11.138004     5.176187    15.865192   -32.828603  -138.567436
   50.214301    11.118510     5.087096    15.679237   -32.973218  -147.796859
   50.755396    11.474189     5.400567    15.959726   -46.192686  -137.279709
   50.519915    11.212838     5.209422    15.848055   -41.053544  -129.123325
   50.136217    11.083944     5.070693    15.577185   -24.751389  -140.777952
   50.243890    11.217702     5.500092    15.934140   -37.392899  -123.903511
   50.161862    11.378181     5.343068    15.558715   -40.913190  -129.261283
   49.876390    11.029141     5.243263    15.666837   -24.808777  -141.039212
   50.190282    11.027531     5.001103    15.570230   -37.389511  -120.267316
   50.622895    11.260178     5.381924    15.983236   -35.059293  -122.043517
   49.972704    11.117086     5.329309    15.720046   -25.787290  -141.569628
   50.380184    11.295869     5.437981    15.933702   -31.005808  -146.028659
   50.263166    11.048542     5.025606    15.778830   -48.030903  -142.543411
   50.379462    11.215681     5.327779    15.897313   -27.097342  -147.092331
   50.439370    11.257597     5.312480    15.902073   -33.312753  -146.626529
   50.775908    11.580142     5.459728    15.888731   -51.410906  -131.901596
   50.399366    11.302619     5.453451    15.925938   -37.228628  -133.403467
   50.468279    11.341864     5.243986    15.711892   -44.091790  -129.930375
   50.337423    11.289619     5.182439    15.708965   -54.736249  -134.780991
   50.409399    11.079906     4.917533    15.670618   -45.631764  -136.971174
   50.249864    11.092325     5.106454    15.760799   -29.806129  -153.228297
   50.402367    11.118118     5.165006    15.875209   -52.222530  -123.687776
   50.694868    11.241272     5.191210    15.951210   -48.944090  -128.951217
   50.443298    11.162479     5.002716    15.639633   -48.327984  -124.578207
   49.792483    10.858981     5.258086    15.894165   -45.901988  -124.718174
   50.228706    11.192860     5.283091    15.734592   -38.196141  -125.511004
   49.912694    10.961978     5.214463    15.805100   -44.357453  -131.354182
   50.493915    11.368265     5.292978    15.751011   -45.510421  -128.916083
   50.338538    10.950319     4.981411    15.729239   -25.229959  -133.178075
   50.709047    11.179379     5.184865    16.128637   -41.973539  -152.872826
   50.340333    11.114164     5.381776    16.190991   -47.305332  -150.263330
   50.450809    11.069328     5.194059    16.159235   -45.860930  -161.815094
   50.425112    11.053271     5.052178    15.888957   -40.565885  -146.921910
   50.826456    11.130166     4.923824    15.919354   -36.378873  -151.731402
   50.156003    10.900915     4.936402    15.799514   -34.578638  -161.397403
   50.256594    10.946781     4.885420    15.651875   -25.635865  -149.983566
   50.234252    11.248700     5.461026    15.980445   -43.448003  -144.880731
   50.180814    11.014993     5.066426    15.811513   -50.334335  -139.583617
   50.297628    11.038581     5.309795    16.167673   -49.925674  -145.641650
   49.976954    10.901608     5.253654    15.981211   -37.404654  -144.243164
   50.459198    11.158843     5.354488    16.183685   -52.369850  -143.820621
   50.324275    10.942028     5.150066    16.120657   -46.824601  -148.639638
   50.285979    11.060255     4.921962    15.661912   -46.457571  -144.694471
   50.530338    11.029650     5.006618    16.022083   -46.409632  -156.937473
   50.161090    10.867144     5.006533    15.927684   -51.691565  -141.565627
   50.379071    11.036760     5.004958    15.869361   -50.899575  -144.560880
   50.590459    11.022412     5.040208    16.074055   -45.767314  -149.244135
   50.517980    11.097929     5.020915    15.922402   -42.806123  -157.238002
   50.647675    11.304338     5.375079    16.172980   -49.655520  -150.518995
   50.770872    11.217969     5.048213    15.999421   -46.667308  -157.366166
   50.528973    11.235949     5.163661    15.921055   -55.054964  -143.594303
   50.487234    11.154542     5.111107    15.989035   -55.781076  -153.826273
   50.435406    11.464104     5.549941    16.053224   -58.204139  -153.453770
   50.141132    11.071628     5.105506    15.885951   -57.678296  -159.922738
   50.238394    11.355039     5.371099    15.661318   -36.119399  -133.156264
   50.212541    10.840577     4.968759    15.918075   -46.592878  -140.435226
   50.082918    11.014808     5.233686    15.955493   -37.820334  -159.067961
   50.282391    11.114614     5.035818    15.733411   -34.712710  -160.627764
   50.404464    11.062864     5.093809    15.958197   -39.285639  -158.029220
   50.146647    10.952866     5.230847    16.109345   -45.324189  -157.141596
   50.167054    11.009079     5.099689    15.935145   -52.776911  -156.359632
   50.481846    11.110899     5.141325    16.053813   -46.167313  -159.713140
   50.339284    11.200778     5.318615    16.030736   -50.833816  -152.094336
   50.543720    11.190401     5.244440    16.118371   -57.229265  -147.556447
   50.101224    10.927760     5.166621    15.966985   -37.533095  -152.221134
   50.459905    10.998586     5.086137    16.160505   -61.465160  -150.084391
   50.431866    10.958051     4.991169    15.958369   -34.714527  -156.556211
   50.512764    11.146338     5.271368    16.118147   -39.204438  -154.007979
   50.420088    11.147955     5.371389    16.114463   -32.859319  -150.998290
   50.854015    11.209239     5.069768    16.101978   -47.493505  -155.940910
   50.601500    11.128757     5.071963    16.032082   -40.145422  -165.931243
   50.864715    11.100446     4.873647    15.928862   -32.975040  -155.559528
   50.548929    11.149815     5.205829    16.061063   -39.697471  -153.369735
   50.391873    11.107175     5.204289    16.035281   -55.514985  -142.368868
   50.251603    11.079312     5.279029    16.075736   -45.566080  -157.187678
   50.292251    11.072174     5.314206    16.130153   -44.957413  -152.694339
   50.025037    11.187528     5.521830    15.928712   -28.611873  -151.811006
   50.499650    11.286280     5.387210    16.040782   -54.551417  -133.391077
   49.804543    11.076132     5.567433    16.086079   -45.024666  -156.502698
   50.252417    11.105671     5.406504    16.077442   -35.540084  -145.793615
   49.795531    11.116208     5.367253    15.805020   -50.858213  -147.976708
   49.763978    11.111052     5.447235    15.830733   -47.046964  -141.773424
   50.379230    10.942773     5.029877    16.003408   -47.005956  -146.194421
   50.517726    11.215526     5.118617    15.851654   -42.230385  -150.407406
   50.302505    11.161383     5.191087    15.888493   -64.803575  -130.555805
   50.271553    10.969843     5.165390    16.062290   -35.260420  -161.350482
   50.604964    11.280507     5.427351    16.256132   -53.446423  -150.087971
   50.296067    11.221641     5.291912    15.850378   -27.033197  -159.011634
   50.168988    11.071224     5.318666    15.989937   -39.490626  -146.755030
   50.422971    11.073250     5.101168    15.921548   -56.892969  -128.582038
   50.636947    10.900924     4.900466    16.102948   -47.104433  -147.454350
   50.175386    11.098171     5.142521    15.808511   -30.570879  -166.719185
   50.209603    11.029851     5.281501    16.007595   -33.391024  -149.553312
   49.783400    11.134851     5.523409    15.811859   -40.748026  -130.195458
   50.786087    11.348825     5.344305    16.043792   -24.741718  -150.116002
   50.691065    11.281434     5.399366    16.122192   -31.678936  -141.632087
   50.384650    11.045087     5.221539    16.069418   -50.086162  -135.902246
   50.319778    11.191812     5.409690    15.984459   -41.098319  -132.728916
   50.549968    10.959426     5.084710    16.146800   -43.253590  -144.635180
   50.113663    11.208434     5.282011    15.758867   -45.045527  -142.276359
   50.292762    11.244147     5.457865    16.024874   -34.718547  -155.344945
   50.284130    10.836900     4.960749    15.904671   -45.562922  -128.891832
   50.095750    11.004508     5.198401    15.883111   -37.015412  -148.385251
   49.745735    10.849032     5.263787    15.921224   -26.925100  -160.058141
   50.005214    10.952641     5.147979    15.899048   -43.579348  -155.538454
   50.265297    11.292082     5.338060    15.884054   -52.091197  -150.271157
   50.386991    11.308532     5.572096    16.191845   -52.783283  -145.804551
   50.440311    11.115371     5.108193    15.980319   -65.660431  -137.616639
   50.537610    11.083025     5.311837    16.270582   -43.771123  -147.904371
   50.041105    11.001121     5.402050    16.054971   -35.406484  -144.345590
   50.139072    11.087872     5.403229    16.085699   -37.734975  -157.572631
   50.251043    11.384911     5.562566    15.954474   -41.191732  -154.508700
   50.661798    11.219776     5.411995    16.315543   -59.533380  -133.035687
   50.138834    11.034702     5.358686    16.151419   -50.146013  -152.600351
   50.456644    11.146868     5.085989    15.896860   -43.070853  -157.536005
   50.089213    11.041747     4.957001    15.650202   -56.406173  -145.180289
   50.595085    11.182030     5.308103    16.248004   -48.298671  -157.356657
   50.158145    11.029435     5.141095    15.905864   -40.080590  -161.327595
   50.464977    10.981518     4.963696    15.978844   -52.214567  -148.966802
   50.345632    10.972679     5.128837    16.020455   -41.876120  -144.348495
   50.250619    10.975529     5.146571    16.011412   -69.494207  -118.363300
   50.416236    10.914462     4.904036    15.851562   -51.998812  -126.587980
   50.087141    11.020966     5.315804    15.992776   -42.519013  -142.493388
   50.639769    11.216749     4.946650    15.676225   -38.270747  -145.079232
   50.576183    11.123595     4.998041    15.873543   -50.682269  -142.675050
   50.472706    11.083007     5.147405    15.987589   -53.963570  -130.126261
   50.681776    11.181202     5.066276    16.021543   -57.214632  -148.679499
   50.430688    11.127348     4.977621    15.709722   -45.040568  -140.551080
   50.528026    11.144049     5.213156    15.994584   -40.841647  -138.736097
   50.570825    11.229955     4.959182    15.750312   -61.189530  -144.312409
   50.125544    10.978708     5.006859    15.714731   -40.062321  -143.192785
   50.461467    11.213936     5.368275    16.070382   -42.295441  -143.743778
   50.172068    11.148101     5.212643    15.851000   -57.415745  -140.884935
   50.667180    11.301056     5.241752    15.973106   -46.281296  -143.021906
   50.129665    11.004987     5.145599    15.907406   -57.823209  -136.629131
   50.369439    11.255301     5.371047    15.915854   -39.485798  -138.638498
   50.435467    11.271409     5.033937    15.646409   -70.579556  -123.823201
   50.325338    11.216636     5.354185    15.925570   -50.393939  -128.210417
   50.625170    11.141658     5.258144    16.068564   -32.599318  -136.699205
   50.277814    10.950948     4.976189    15.687314   -24.593807  -134.683463
   50.679029    10.996106     4.815891    15.864570   -30.403804  -158.953394
   50.344714    10.835674     5.024352    16.034459   -29.856750  -149.666227
   50.582567    11.073828     5.127225    16.018398   -18.691144  -161.144919
   50.480592    11.083151     5.207529    16.022476   -50.863981  -125.215565
   50.381321    10.742587     4.928936    16.064554   -30.359171  -147.754715
   50.768824    11.332318     5.266777    16.030443   -45.588249  -142.611471
   50.755324    11.183354     5.315864    16.312900   -43.252976  -147.782662
   50.486965    10.977615     4.946650    15.973715   -53.201908  -146.737248
   50.094335    10.780365     4.986568    15.911322   -37.744630  -145.710090
   50.516607    10.976746     4.909611    15.914039   -53.071395  -139.356816
   50.752661    11.118263     4.861451    15.830493   -53.039912  -139.077267
   50.363334    11.100494     5.030465    15.767248   -23.761267  -166.600473
   50.237457    10.929936     4.980517    15.876380   -37.064220  -160.052472
   50.165497    10.949738     4.992464    15.769670   -35.138786  -151.744094
   50.459654    10.942809     4.968637    16.065358   -50.780645  -157.102019
   50.449907    11.009687     4.849571    15.761922   -41.102748  -154.257650
   50.158231    11.154409     5.389093    16.015087   -52.054774  -144.429894
   50.661352    11.389417     5.431099    16.134622   -50.030859  -150.506401
   50.055870    11.023599     5.064716    15.786555   -43.845709  -163.484995
   50.267560    11.135918     5.044904    15.767047   -55.755302  -149.472555
   50.373263    11.157329     5.176310    15.946894   -55.729259  -146.378900
   50.434287    11.041572     5.105825    16.065024   -49.736095  -155.121149
   50.676251    11.138813     5.179780    16.144892   -36.875082  -156.706059
   50.176697    11.030438     5.217220    16.042690   -60.536051  -145.356808
   50.002401    11.092195     5.227911    15.840901   -45.336306  -159.673125
   50.154683    11.302014     5.555477    15.974756   -50.903509  -139.819079
   50.284540    11.010092     5.018120    15.838662   -40.980211  -152.627278
   50.333552    11.233579     5.437215    16.064835   -32.612572  -161.913882
   49.848449    10.985981     5.368515    15.949520   -39.232418  -149.225035
   50.375828    11.005526     5.177692    16.084156   -42.803995  -148.689283
   50.262623    11.006375     5.065945    15.926041   -50.493329  -150.756871
   50.515656    10.985940     4.946696    16.012802   -60.224767  -144.471379
   49.937245    10.916471     5.165857    15.927657   -56.554398  -141.095153
   50.007414    10.936108     5.214467    15.937001   -33.933958  -154.023178
   50.484235    11.095074     5.122874    16.018413   -52.272975  -145.773145
   50.311815    11.074044     5.183280    15.947642   -55.958434  -130.940804
   50.283770    11.087485     5.283427    16.029536   -46.719121  -142.742214
   50.457776    11.193489     4.994370    15.681884   -48.715481  -140.287040
   50.006884    10.881156     4.937840    15.777665   -52.727610  -151.342500
   50.463406    11.211071     5.327370    16.091646   -50.523743  -147.367387
   50.188481    11.040804     5.251304    16.011186   -51.519395  -142.148062
   50.558715    11.176390     5.195426    15.998655   -48.347639  -139.561592
   50.249940    10.934922     5.013907    15.936480   -33.094599  -168.392240
   50.282838    10.990501     4.865814    15.691893   -38.427363  -156.928689
   50.598539    11.325441     5.292170    16.083854   -55.950820  -159.325437
   50.484407    11.136486     5.031486    15.893245   -52.722411  -152.453442
   50.061268    11.118959     5.251907    15.876504   -63.149640  -138.270215
   49.988202    11.001775     5.319008    15.996028   -50.746128  -141.303825
   51.153681    11.466878     5.169665    16.055393   -41.484825  -156.572014
   50.488888    11.260459     5.390235    16.004977   -51.507338  -124.156677
   50.494773    11.151951     5.240221    16.013225   -39.563597  -144.292711
   50.464090    11.343576     5.344656    15.833805   -40.982715  -135.697726
   50.189217    11.170251     5.040575    15.627348   -49.714213  -146.768234
   50.316758    11.066194     5.062158    15.766124   -54.311898  -120.716168
   50.457071    11.127027     5.088177    15.755556   -26.241373  -141.193571
   50.595601    11.167267     5.197853    16.001039   -47.831450  -132.527053
   50.368003    11.342897     5.290572    15.749128   -52.361343  -130.697060
   50.215764    10.999184     5.188153    15.989631   -51.344969  -137.944954
   50.753819    11.289096     5.373431    16.168702   -31.929842  -148.167363
   50.372720    11.226896     5.605102    16.299511   -38.240632  -155.370800
   50.142730    10.834458     5.033633    16.053076   -60.066081  -145.103914
   50.448196    11.257732     5.402940    16.065535   -46.274075  -143.783258
   50.318415    11.245308     5.505496    16.085190   -45.977049  -140.270300
   50.528120    11.304930     5.423657    16.056384   -48.932945  -135.238611
   50.334356    11.055353     4.987719    15.666482   -19.410699  -152.447806
   50.342653    11.082679     4.959383    15.586096   -30.352765  -135.966082
   49.911486    11.024215     5.024172    15.545103   -34.391869  -149.930524
   50.305331    11.030439     5.200721    15.922280   -31.266380  -139.796191
   50.068398    10.982370     5.184159    15.846526   -50.007081  -124.530680
   50.456828    11.125290     5.337709    16.110181   -37.928877  -140.916428
   50.126578    11.159424     5.436399    15.901576   -30.429668  -140.738125
   50.869905    11.485867     5.230159    15.820935   -54.732984  -131.144916
   50.345951    11.236448     5.126344    15.726433   -52.330708  -139.441852
   50.554356    11.373289     5.168709    15.631669   -47.661603  -126.202933
   50.390554    11.149432     5.047911    15.711956   -45.296592  -134.649579
   50.256118    11.601576     5.349851    15.407544   -49.254065  -144.621346
   50.273372    11.450286     5.377713    15.672314   -47.954078  -142.166024
   50.297342    11.098332     4.883703    15.553451   -44.554843  -141.822102
   50.300927    11.332129     5.456992    15.922128   -40.863249  -149.161877
   50.148468    11.112571     5.337945    15.859313   -30.997653  -138.079194
   50.412835    11.417135     5.445986    15.855270   -41.786417  -143.049534
   50.467872    11.294228     5.230008    15.814779   -41.008713  -143.603403
   50.383938    11.405369     5.496380    15.909205   -29.326343  -159.009757
   50.457619    11.458541     5.329960    15.623764   -39.418127  -130.950636
   50.477240    11.039602     5.073917    15.970365   -44.781216  -142.781034
   50.390251    11.016035     5.086735    15.850374   -29.688721  -138.088659
   50.312803    11.472402     5.303645    15.512330   -50.279698  -126.194387
   50.187809    11.040457     5.200321    15.894382   -42.408665  -140.273937
   50.252953    11.049797     5.312522    15.954375   -35.069819  -127.493069
   50.334148    11.397520     5.612154    15.947021   -46.048121  -127.832167
   50.158223    11.549894     5.772659    15.838667   -48.181710  -138.618687
   50.730124    11.079331     5.093991    16.130979   -39.108500  -148.245732
   50.478377    11.541251     5.567210    15.784195   -26.456365  -145.004666
   50.544590    11.172630     5.229367    15.983202   -32.835798  -146.335033
   50.729851    11.547618     5.619054    16.006781   -37.078262  -131.745963
   50.090402    11.037811     5.061406    15.593287   -26.551680  -138.727460
   50.337616    11.164009     5.171763    15.813097   -43.718572  -139.033125
   50.664987    11.457012     5.263962    15.822470   -47.648370  -148.435282
   50.286641    11.243045     5.256464    15.862880   -49.443658  -151.598103
   50.247174    11.032980     5.105157    15.923509   -45.065679  -156.199635
   50.273517    10.900645     4.891542    15.803972   -47.107105  -141.952742
   50.427129    10.971289     5.056835    16.101438   -51.864780  -154.173834
   50.649987    11.370358     5.364471    16.046445   -51.334950  -143.881184
   50.384879    11.529937     5.439471    15.717192   -38.495619  -156.884290
   50.316567    11.642415     5.619683    15.647513   -32.053760  -153.601056
   50.500480    11.373371     5.489816    15.995440   -43.990588  -135.844868
   50.319633    11.241911     5.274433    15.829216   -26.727261  -160.943841
   50.390642    11.140716     5.385040    16.153786   -48.077586  -140.851490
   50.393475    11.060806     5.131013    15.933615   -53.251016  -128.919744
   50.070324    10.818042     4.929881    15.784557   -33.851787  -150.773988
   50.510190    11.167646     4.990543    15.703392   -41.699914  -139.861275
   50.411353    11.343343     5.084098    15.584123   -50.176148  -143.420940
   50.355437    10.995459     5.183304    15.974979   -29.998065  -139.830575
   49.998315    11.044938     5.248121    15.855735   -39.372746  -152.285108
   50.414631    11.306852     5.370952    15.949820   -49.061486  -141.945158
   50.627600    11.262540     5.111915    15.884508   -25.290887  -176.310888
   50.380380    11.159368     5.295048    16.026994   -39.806418  -152.414107
   50.587345    11.003473     5.071307    16.126047   -54.006476  -138.153961
   50.299488    11.575058     5.412235    15.550797   -52.631981  -138.750752
   50.657366    11.565887     5.456381    15.811720   -40.401015  -140.857496
   50.346313    11.280981     5.355907    15.856691   -43.534225  -134.900901
   50.614784    11.252559     5.277420    16.069563   -47.854745  -146.539924
   50.252912    11.376743     5.507676    15.859843   -38.867236  -145.978120
   50.367253    11.229619     5.288995    15.912624   -46.946367  -141.834842
   50.461702    11.174938     5.205429    15.923354   -29.169690  -156.385241
   50.078580    11.283168     5.596043    15.975055   -45.405618  -143.453415
   50.605294    11.246260     5.377765    16.197870   -38.473824  -157.658876
   50.065342    10.910577     5.185310    16.004717   -32.951550  -161.295346
   50.319182    11.175689     5.259794    15.898096   -46.901486  -138.441460
   50.056839    11.350490     5.374372    15.712291   -41.358285  -167.428716
   49.898849    11.472220     5.733010    15.741677   -48.684823  -143.911981
   50.332868    11.315085     5.117489    15.637397   -47.840846  -152.344475
   50.248927    11.454536     5.675991    16.024832   -53.264041  -150.799072
   50.338388    11.203276     5.320435    15.951471   -43.498378  -144.002843
   50.213158    11.190659     5.380000    15.909740   -35.523115  -145.266228
   50.132875    11.145239     5.199281    15.784631   -50.279770  -142.372344
   50.168784    11.159399     5.319440    15.899064   -38.549343  -151.697140
   50.390495    11.018825     5.168536    16.120788   -63.246668  -135.818193
   50.108611    11.177964     5.509837    16.012015   -42.130714  -140.933350
   49.817548    11.027991     5.426521    15.937992   -48.188858  -137.089038
   50.295276    11.071272     5.251412    15.984007   -41.682020  -140.806993
   50.415856    11.137115     5.333367    16.042954   -41.288930  -133.918426
   50.198762    11.161821     5.119426    15.729852   -65.386482  -127.334582
   50.289172    10.787378     4.914695    15.960596   -54.538534  -127.222173
   50.048458    11.235365     5.331877    15.765496   -64.863934  -125.461333
   50.081370    11.151939     5.385065    15.937673   -51.047707  -140.161657
   50.122464    10.936598     5.021773    15.777989   -58.680301  -119.165014
   50.685125    11.365109     5.163065    15.822292   -61.948911  -130.143472
   50.326906    11.141152     5.235318    15.944121   -40.938856  -150.953561
   50.371384    11.415996     5.138654    15.448762   -47.604107  -131.756113
   50.030331    11.272590     5.576904    15.892071   -39.237409  -141.322343
   50.083073    10.996206     5.212952    15.871696   -42.176999  -135.151481
   49.927614    11.386426     5.520531    15.659925   -45.694688  -143.250278
   50.268861    10.937754     4.849634    15.715703   -55.923578  -133.265060
   49.708643    11.179684     5.599390    15.923146   -49.286719  -154.712163
   50.437182    11.387495     5.229014    15.727985   -52.951875  -143.176561
   50.584264    11.163286     5.306143    16.261844   -59.187292  -145.028743
   50.487739    11.109416     5.037225    15.926269   -52.576811  -150.416874
   50.052977    11.451298     5.710270    15.882047   -37.469125  -162.249590
   50.274450    11.003240     5.005642    15.873451   -53.894519  -147.819198
   50.496334    11.162058     5.073610    15.941555   -58.183447  -151.106797
   50.057344    11.142075     5.351083    15.902413   -43.690482  -150.419380
   50.358773    11.210793     5.354434    16.003867   -36.862910  -153.751013
   49.822145    10.966560     5.203281    15.819595   -54.819967  -140.030707
   50.089062    11.318774     5.474528    15.785998   -35.550427  -149.182202
   50.248752    11.013078     5.133616    15.950575   -41.306302  -153.915445
   50.490511    10.980442     4.941469    15.908510   -43.364669  -146.258210
   49.733447    10.890678     5.210490    15.805755   -40.993454  -143.573596
   50.049218    11.122553     5.388861    15.953070   -44.869588  -146.931905
   50.412717    11.349904     5.393078    15.922293   -40.850149  -152.305879
   49.492612    10.940166     5.459432    15.876223   -28.645190  -163.857787
   50.302048    11.257249     5.447182    16.001735   -43.250412  -145.149893
   50.460662    11.381616     5.444458    15.954913   -46.919820  -142.080655
   49.926867    11.436290     5.631026    15.652634   -31.915062  -149.578205
   50.393756    11.289430     5.390345    15.903642   -31.086959  -146.644831
   49.963496    11.186552     5.443025    15.755155   -28.021005  -140.736348
   50.118854    11.254212     5.366684    15.733170   -48.447535  -124.699985
   50.374732    11.110647     5.019531    15.628958   -42.741427  -120.351390
   50.226095    11.220386     5.515129    15.937096   -25.530229  -138.336127
   50.408114    11.195202     5.316031    15.837638   -32.953206  -122.939815
   50.309742    11.085782     5.315348    16.006272   -19.456756  -157.311833
   49.943605    11.045073     5.393392    15.921999   -42.481790  -135.125399
   50.270833    11.052241     5.214571    15.919703   -39.962858  -136.428373
   50.331281    11.236589     5.346727    15.942027   -49.475983  -138.732854
   49.871702    11.442707     5.616599    15.670414   -54.773462  -141.770325
   50.090529    11.050681     5.410975    16.046208   -31.991296  -151.204058
   49.996536    11.286312     5.613382    15.809718   -40.472182  -122.496053
   50.149149    11.130353     5.169093    15.721641   -31.105619  -151.818019
   50.479479    11.159615     5.367925    16.102277   -43.450084  -131.921910
   50.230969    11.005810     5.132415    15.885480   -46.293672  -134.755740
   50.224553    11.199635     5.360843    15.890411   -36.896970  -144.615800
   49.755076    11.343611     5.605654    15.604744   -41.119306  -131.136646
   50.258460    11.285612     5.359591    15.842604   -45.442676  -142.244810
   50.425075    11.054146     5.025410    15.773072   -30.775242  -140.412296
   50.035614    10.836843     5.008752    15.816558   -33.472746  -148.369449
   50.075291    10.967791     5.255881    15.963789   -36.846619  -144.950920
   50.426175    10.954297     5.121188    16.043328   -35.149319  -141.638783
   50.470642    11.240512     5.366441    15.993771   -46.742588  -129.719761
   50.238919    10.930507     5.011064    15.820179   -44.577587  -131.145021
   50.479287    11.083315     5.128413    16.046125   -53.241175  -146.527437
   50.214791    11.428633     5.299549    15.504921   -20.509013  -159.305059
   49.808541    11.385829     5.695436    15.700377   -39.830952  -140.042333
   50.349605    11.094190     4.952180    15.592063   -42.245989  -127.749758
   50.065104    10.999599     5.416324    16.137200   -43.675075  -144.140648
   50.330412    11.213504     5.576892    16.197144   -32.670747  -151.072701
   50.540913    11.298099     5.477216    16.035740   -19.883711  -147.183775
   50.403300    11.110222     5.213561    16.032888   -56.409073  -137.746314
   50.516135    11.290089     5.143835    15.844590   -59.415236  -143.945381
   50.439990    11.053657     5.013706    15.815570   -26.950993  -154.076679
   50.204472    11.021024     5.336053    16.024441   -31.472057  -140.273203
   50.073741    11.062068     5.231521    15.923912   -46.909437  -156.268326
   50.401775    11.347390     5.366562    15.816171   -32.910638  -145.249035
   50.206272    11.092731     5.270218    15.908517   -38.060754  -142.952869
   50.468465    11.332234     5.375084    16.001679   -44.134833  -156.881026
   50.528899    11.386691     5.491968    16.135211   -55.885110  -149.463294
   50.280265    10.997057     5.246397    16.093628   -44.037618  -144.218606
   50.335704    10.784885     5.005926    16.009621   -29.746210  -136.115644
   50.576432    11.352012     5.422270    16.083863   -37.339842  -159.295392
   50.001788    11.213796     5.312336    15.677204   -51.196880  -126.455390
   50.574081    11.312209     5.088630    15.790603   -60.705933  -143.042031
   50.124233    11.054037     4.999092    15.712581   -62.318148  -139.353081
   49.964772    11.205964     5.176035    15.563503   -54.718941  -133.700289
   50.246807    11.239685     5.324187    15.888932   -57.959776  -135.585061
   50.125565    11.061102     5.349320    16.014125   -47.857459  -137.766289
   50.325368    11.179981     5.400233    16.053696   -51.916545  -132.577152
   50.515779    11.411238     5.279423    15.754544   -52.027302  -133.637014
   50.413806    11.296063     5.136780    15.664216   -33.560357  -151.350327
   50.354427    11.325324     5.512668    16.101886   -65.555429  -136.098347
   50.102596    11.085469     5.003713    15.610635   -55.737160  -133.902444
   50.406725    11.185106     5.290763    15.959414   -55.045273  -125.143449
   50.280127    11.213623     5.023954    15.510364   -30.776922  -145.618845
   50.315151    11.310976     5.476656    15.936664   -42.176355  -138.575071
   50.538501    11.050127     5.011100    15.804080   -28.621834  -136.246223
   50.422210    11.049051     5.040510    15.814407   -35.095669  -139.637093
   50.130544    10.958966     5.155066    15.851665   -45.442438  -123.360011
   50.392885    11.206307     5.319792    16.004583   -48.802274  -142.228188
   50.260103    11.160337     5.267830    15.861267   -49.210978  -130.104779
   50.489549    11.101577     5.110943    15.884054   -25.002741  -152.442887
   50.326507    11.406828     5.491087    15.855359   -42.557500  -141.906448
   49.983482    11.138592     5.295062    15.755173   -45.225660  -137.534930
   50.707740    11.562239     5.535353    15.933640   -43.103111  -136.297058
   50.119138    10.952794     5.289375    15.986878   -38.192641  -128.278691
   50.267154    11.403018     5.567515    15.845181   -33.904189  -141.053809
   49.887286    11.001069     5.183249    15.779191   -41.379123  -152.869497
   50.352712    11.252985     5.413096    15.974122   -52.128319  -128.640031
   50.303285    11.222248     5.440617    15.948634   -20.909295  -152.005647
   50.415729    11.252413     5.406544    15.966652   -41.521363  -131.805259
   50.554345    11.371678     5.256719    15.775228   -42.039683  -137.756919
   50.490186    11.311307     5.324689    15.872303   -35.226592  -142.248000
   50.067976    10.840402     5.073899    15.815378   -25.767243  -136.471115
   50.279851    10.942099     5.147731    15.989736   -36.508476  -140.806836
   50.461353    11.107990     5.140894    15.884079   -34.037069  -141.050362
   50.126205    11.148132     5.385678    15.967156   -55.815106  -132.902492
   50.484636    11.203717     5.312984    16.031929   -47.699662  -136.870644
   50.197411    11.112476     5.203789    15.772287   -43.688897  -128.460761
   50.205498    11.011445     5.090958    15.793883   -37.891338  -139.998169
   50.221801    11.079798     5.086343    15.724778   -46.209354  -131.451746
   50.323187    11.172258     5.051468    15.640706   -52.614559  -125.581749
   50.427271    11.062328     5.183479    15.983409   -57.803824  -116.881255
   50.145524    11.226720     5.378201    15.816891   -52.807359  -124.050809
   49.937090    11.035095     5.326382    15.891757   -42.321093  -143.651343
   50.432012    11.272687     5.217162    15.760302   -37.340759  -139.160843
   50.084788    11.424422     5.511980    15.658482   -54.428509  -122.426012
   50.491433    11.193346     5.025173    15.645171   -42.853570  -128.228522
   50.365849    11.086948     4.993398    15.702234   -50.877978  -126.777760
   50.341135    11.036771     5.277216    16.072595   -44.123417  -133.946895
   50.306403    11.097961     5.267037    15.981524   -35.872298  -148.751817
   50.605821    11.079260     4.970199    15.857176   -47.698618  -134.005135
   50.265008    11.147559     5.344972    16.048047   -55.734009  -140.065888
   50.071585    11.036815     5.266843    15.918423   -48.497590  -137.398363
   50.152532    11.194819     5.387954    15.877196   -36.946801  -144.497540
   50.231461    10.979635     5.150466    15.948389   -43.489300  -140.346090
   50.731408    11.313691     5.300295    16.156177   -56.059526  -147.993666
   50.508943    11.140662     5.305649    16.092368   -37.049876  -142.282679
   50.212755    10.891895     5.079543    15.964109   -47.137396  -135.596035
   50.417100    11.097230     5.243366    16.070254   -51.244362  -138.749699
   50.505081    11.145575     5.206700    16.011422   -48.483127  -138.863460
   50.103310    10.903981     5.134798    15.924782   -43.240818  -136.955206
   50.539323    11.136777     5.127945    15.969211   -40.871300  -150.352354
   50.285230    10.988230     5.076568    15.858885   -27.486177  -152.459270
   49.931406    10.950257     5.181651    15.859864   -48.382422  -142.207775
   50.174812    11.118964     5.386826    16.014360   -47.852920  -137.555826
   50.366514    10.980600     5.071493    15.991041   -47.330104  -145.036141
   50.517242    11.015534     5.136502    16.134783   -51.727881  -140.323813
   50.504782    11.084939     5.094749    15.893002   -42.373476  -132.676215
   50.395150    11.191410     5.347331    16.053910   -51.888990  -138.122369
   50.257698    10.907986     4.952839    15.804214   -38.789337  -140.678398
   50.205954    11.102973     5.295155    15.946569   -36.968798  -149.249898
   50.214722    11.119781     5.288822    16.035357   -54.770520  -152.065810
   50.216107    10.995179     5.125394    15.988157   -59.929785  -141.786171
   49.890425    10.943645     5.423515    16.110209   -43.893315  -145.942584
   50.457883    11.397543     5.479878    16.013734   -55.880554  -141.068996
   50.102576    10.981431     5.418840    16.167613   -38.666056  -145.094539
   50.624756    11.298590     5.384810    16.065672   -46.464080  -133.193972
   50.501494    11.137646     5.356861    16.196577   -47.483495  -139.214699
   50.362519    11.206274     5.417733    16.069102   -47.777379  -138.179800
   49.712521    10.825138     5.230998    15.902553   -35.596368  -151.450786
   50.383402    11.114117     5.260813    16.049069   -52.242897  -138.445465
   50.520473    10.990623     4.954866    15.964352   -49.930502  -145.273116
   50.261719    11.067916     5.303642    16.068373   -66.947953  -118.804343
   50.434994    11.138424     5.287139    16.062407   -47.782360  -138.990821
   50.670912    11.083549     5.083944    16.102754   -48.443903  -145.628879
   50.444202    10.904698     5.002874    15.971874   -47.380646  -125.844670
   50.423607    11.023449     5.142803    15.995349   -47.128229  -131.823960
   50.136650    11.292945     5.481125    15.855615   -37.865903  -146.217367
   50.133092    10.942928     5.292250    16.077810   -48.042968  -130.447278
   50.222967    10.975980     5.323507    16.121746   -34.544575  -144.719007
   50.667685    11.386696     5.226025    15.872105   -49.509846  -145.759395
   50.465827    11.290128     5.058793    15.620509   -39.271276  -146.791016
   50.330118    11.253955     5.305944    15.846592   -43.573838  -139.026901
   50.462705    10.945820     5.070628    15.948274   -35.868064  -126.007067
   50.263625    11.204931     5.298723    15.735449   -22.501693  -138.724641
   50.628897    11.088264     5.075395    15.942945   -36.221252  -137.438533
   50.548838    11.269561     5.387241    15.937701   -24.732273  -135.056287
   50.317602    11.347263     5.459985    15.823518   -36.491208  -134.702697
   50.389218    11.101533     4.979008    15.664283   -29.910335  -146.529995
   50.372126    11.305660     5.310285    15.746755   -42.147837  -127.538906
   50.320786    11.348011     5.612424    16.007118   -42.095898  -132.668682
   50.451902    11.385421     5.428056    15.934982   -45.379663  -145.640606
   50.769722    11.116426     5.025364    15.975253   -32.044420  -146.838763
   50.023974    11.160958     5.090543    15.529089   -41.237966  -141.641140
   50.310799    10.962624     4.999210    15.823395   -39.711663  -139.246437
   50.360290    11.609552     5.559436    15.612594   -16.835077  -160.798982
   50.429867    11.433330     5.500515    15.954942   -44.874043  -150.688475
   50.010809    11.250472     5.391274    15.689648   -42.317863  -130.484225
   50.497265    11.376971     5.336126    15.789048   -38.504023  -135.624755
   50.347735    11.443410     5.573397    15.921781   -45.023070  -142.258571
   50.729548    11.564584     5.536898    15.904141   -25.540733  -146.287054
   50.249585    11.389169     5.517337    15.840072   -29.467589  -154.803323
   50.116081    11.533812     5.699422    15.715317   -35.326249  -144.414603
   50.252347    11.273552     5.437191    15.922289   -35.252766  -151.551673
   50.263172    11.081183     5.100324    15.757342   -39.401936  -137.991403
   50.285907    11.246787     5.335073    15.754131   -48.592598  -113.520409
   50.349248    11.553817     5.467502    15.677233   -50.000609  -140.650915
   50.633802    11.263238     5.302733    15.990869   -23.104846  -151.625015
   50.099623    11.223910     5.507078    15.846049   -18.471864  -148.644867
   50.247210    11.224344     5.491259    15.971847   -21.931664  -153.000381
   50.711678    11.429552     5.407187    15.952553   -24.571105  -151.142655
   50.435555    11.427075     5.359199    15.741205   -27.751834  -154.248484
   50.572020    11.499243     5.605005    16.091383   -48.761622  -147.430380
   50.081699    11.010225     5.134801    15.770834   -37.097015  -142.144909
   50.177105    11.304383     5.145092    15.533130   -31.487913  -160.823509
   50.028170    11.013520     5.208114    15.782618   -28.146520  -146.290459
   50.194660    11.109794     5.308842    15.869355   -31.664508  -139.022516
   50.190186    11.369688     5.613913    15.903316   -40.471313  -137.702009
   50.544663    11.561000     5.436752    15.729698   -60.653429  -123.384608
   50.678839    11.455172     5.409472    15.913730   -44.564764  -133.969334
   50.188492    11.272304     5.550550    16.022945   -46.476398  -143.148885
   50.529336    11.302048     5.288711    15.922237   -39.214530  -148.627500
   50.509170    11.058480     5.087406    15.914745   -26.482157  -148.762370
   50.720772    11.501898     5.295321    15.733131   -43.499753  -133.916058
   50.700603    11.554744     5.443720    15.793731   -38.624240  -134.247598
   50.086120    11.391785     5.358672    15.552309   -47.115899  -131.412048
   50.353248    11.348934     5.408732    15.882164   -54.910640  -132.586447
   50.460527    11.247729     5.323530    16.037579   -63.305032  -132.983978
   50.705473    11.197302     5.085731    15.947308   -41.024543  -148.204972
   50.715877    11.100879     5.074541    15.992554   -32.430447  -141.788973
   50.728832    11.290709     5.251818    16.042575   -43.854450  -145.068915
   50.689041    11.372887     5.234076    15.797583   -53.647342  -120.881464
   50.339844    11.215154     5.259898    15.900286   -45.898361  -147.497315
   50.207614    11.210145     5.342048    15.824758   -55.396817  -118.336744
   49.781939    11.446215     5.524708    15.496772   -65.079416  -128.345602
   50.627880    11.525408     5.418498    15.867953   -50.593357  -142.175018
   50.378090    11.417138     5.356961    15.671468   -28.939620  -143.823231
   50.326148    11.177956     5.295345    15.966631   -41.793125  -150.251856
   50.298134    11.261304     5.310192    15.916654   -49.581410  -153.739748
   50.193407    11.249584     5.430112    15.874501   -51.676300  -125.611914
   50.125674    11.145676     5.133573    15.594138   -40.837438  -127.826463
   50.432873    11.011637     4.975921    15.859094   -36.949282  -151.242964
   50.298430    11.215003     5.247171    15.823572   -48.040923  -137.019405
   50.344835    11.035489     5.204049    16.064691   -48.161818  -144.744125
   50.413361    11.335074     5.316739    15.893382   -57.535564  -141.104364
   50.390286    11.206694     5.395705    16.095972   -50.986716  -141.171403
   50.443892    11.311459     4.950544    15.452552   -58.920365  -129.201688
   50.524751    11.110467     5.015160    15.833591   -53.446933  -131.024314
   50.607933    11.084721     4.980744    15.892135   -48.674079  -138.416283
   50.173588    11.280662     5.432072    15.830099   -42.639322  -137.162557
   50.264136    11.060578     5.200427    15.989716   -58.693097  -135.732668
   49.846200    11.447042     5.599605    15.567994   -42.764555  -140.782195
   50.342392    11.100902     5.124928    15.755623   -40.959341  -124.782720
   50.414285    11.498814     5.490632    15.726288   -42.339491  -129.873011
   50.460450    11.395445     5.226833    15.610527   -21.833848  -152.770374
   50.321550    11.470878     5.464953    15.786165   -55.462784  -137.569337
   50.688277    11.693873     5.620086    15.828701   -40.648781  -140.361567
   50.297889    11.163582     5.175768    15.760455   -48.983736  -126.259384
   50.207047    11.110589     5.302269    15.866950   -33.454591  -136.349388
   49.944820    11.110627     5.455154    15.901210   -41.006825  -135.912346
   50.644085    11.284906     5.347136    15.969694   -22.193542  -142.752922
   50.720332    11.254612     5.238112    16.013045   -39.235071  -139.334375
   49.828267    11.110018     5.617440    15.992954   -35.473896  -141.714114
   50.329572    11.375640     5.495307    15.826118   -35.837067  -134.367055
   50.307402    11.136557     5.060291    15.675658   -31.735045  -146.926721
   50.116806    11.049014     5.215740    15.746950   -24.405574  -137.828298
   49.891672    10.853633     5.252336    15.960590   -37.572307  -137.762377
   50.326493    11.054113     5.029100    15.771538   -56.849671  -122.426794
   50.028966    11.242462     5.511486    15.879512   -49.221788  -132.620667
   50.160028    10.916269     5.000516    15.834727   -48.834402  -139.551767
   50.290528    11.060819     5.280009    16.073519   -51.325176  -139.056208
   50.411949    11.175825     5.388000    16.075916   -41.442372  -138.411754
   50.549340    11.418123     5.507146    16.080002   -51.753841  -144.959238
   50.576908    11.440603     5.476394    15.903340   -30.499237  -142.245325
   50.559385    11.460018     5.326745    15.775962   -44.825309  -141.819771
   49.962195    11.032160     5.234947    15.849919   -51.513262  -140.882048
   50.399237    11.206578     5.060620    15.658753   -46.077649  -133.265636
   50.373992    11.099494     5.214003    16.012732   -63.471580  -126.279553
   50.486993    11.311895     5.361766    16.024361   -50.001968  -149.657412
   50.541001    11.135660     5.099117    15.935179   -51.818998  -137.761337
   49.973021    11.354872     5.482376    15.789561   -55.231905  -157.345193
   50.181041    10.960860     5.067191    15.918239   -43.739252  -156.295348
   50.175873    11.173566     5.182320    15.776963   -53.935749  -142.109070
   50.115604    11.124137     5.084436    15.579330   -32.021391  -142.243737
   50.166424    11.197782     5.324613    15.802046   -51.861300  -123.650495
   50.301877    11.192073     5.349784    15.935333   -39.681445  -140.483614
   50.072642    10.913745     5.096618    15.866677   -53.466328  -127.548016
   50.182836    10.920004     5.155135    15.995297   -37.420280  -147.303745
   50.679496    11.077329     4.979413    15.893172   -43.885556  -132.608690
   50.575228    11.067316     5.281639    16.191860   -48.368620  -125.184208
   50.452298    10.905841     5.016764    16.034543   -39.130982  -144.075587
   50.278911    11.019789     5.266934    16.021018   -42.457277  -132.066578
   50.398828    11.079839     5.388145    16.244881   -46.818478  -141.657373
   50.235305    10.913972     5.027246    15.873977   -49.728139  -128.558782
   50.126559    11.087791     5.312451    15.972852   -55.144431  -136.108371
   50.141137    10.873502     5.189802    16.079229   -49.948618  -133.796765
   50.561512    11.256257     5.251904    16.010019   -61.177985  -134.755866
   50.156956    11.059434     5.381231    16.066385   -49.185240  -134.313156
   50.451898    11.385139     5.576436    15.998349   -29.626215  -143.577119
   50.535021    11.160597     5.319262    16.108326   -29.814513  -151.364196
   50.415667    11.144442     5.219303    15.914331   -53.217928  -122.920289
   49.727377    10.798338     5.172442    15.873869   -35.710336  -150.026151
   50.434285    11.544306     5.619404    15.884917   -54.101862  -130.813072
   50.310382    11.297240     5.344860    15.809040   -50.399225  -128.909897
   50.051026    11.117216     5.507364    16.070469   -42.132804  -145.479315
   49.968596    10.794615     4.870801    15.636442   -36.934811  -136.262706
   49.938088    11.256056     5.580428    15.860162   -35.801974  -147.050786
   50.218687    11.078786     5.129057    15.853890   -47.841176  -148.203498
   49.693115    11.105897     5.529577    15.858501   -48.783185  -134.791241
   50.555214    11.163154     5.161260    15.925567   -41.518786  -137.552451
   50.016400    11.291891     5.560321    15.898836   -42.766126  -150.271668
   50.024696    10.949495     5.123444    15.757529   -34.155869  -137.054305
   50.128496    11.280678     5.472790    15.927110   -52.991039  -143.945561
   50.190483    11.013854     5.269699    16.104667   -50.850129  -150.481932
   50.060801    11.293558     5.453850    15.741647   -28.396392  -149.616038
   50.320893    11.091673     5.310179    16.033873   -57.082908  -120.239123
   50.446263    11.264760     5.511112    16.126159   -37.482267  -143.115544
   50.427012    10.915027     5.050420    15.990330   -27.692967  -145.860678
   50.356087    11.148301     5.290338    15.957603   -46.688705  -131.788416
   50.445650    11.132505     5.209199    15.992917   -53.140169  -134.206283
   50.294193    10.864055     4.970520    15.956643   -52.208809  -135.971317
   50.502886    11.065592     4.955250    15.770840   -41.969953  -136.712429
   50.819831    11.078134     4.972765    16.108791   -47.917174  -149.899867
   49.824488    11.047815     5.446553    15.961618   -51.725653  -137.911531
   50.318185    10.984899     4.939869    15.769788   -37.890578  -149.221310
   50.481091    11.168038     5.094248    15.735743   -34.051007  -134.404882
   50.426777    11.063490     5.135617    15.956775   -37.594580  -146.709517
   50.229646    10.972760     4.982197    15.776603   -43.799330  -142.540046
   50.101151    11.246269     5.108059    15.544971   -47.677047  -147.851953
   50.514471    11.171574     5.074407    15.868973   -51.084866  -143.843156
   50.266947    11.176388     5.391531    16.001919   -43.980951  -140.666953
   50.482509    11.319389     5.403133    16.029159   -57.842893  -134.901330
   50.383149    11.213617     5.395070    16.070450   -57.562338  -131.413779
   49.964206    10.968463     5.282664    15.973333   -45.843314  -145.723094
   50.405750    11.082128     4.932307    15.632076   -32.761788  -140.887085
   50.324172    11.316036     5.440960    15.953861   -58.210871  -131.906873
   50.083125    11.213995     5.370173    15.835667   -50.093571  -138.646689
   50.316031    11.084405     5.103652    15.745177   -27.523444  -142.047763
   50.272933    11.086792     5.282650    15.992203   -47.058670  -135.944195
   50.290024    10.934926     5.096264    15.938220   -36.630199  -139.068309
   50.723838    10.990323     4.964403    16.161684   -58.889158  -140.843258
   50.650114    11.093126     5.195727    16.174996   -46.657294  -140.085369
   50.094848    11.070258     5.345428    16.030425   -56.108101  -139.254743
   50.112649    11.142336     5.385458    15.920520   -48.707303  -131.697720
   50.419229    11.496884     5.552431    15.882268   -45.337502  -142.702934
   50.306430    11.013299     5.013157    15.785814   -49.023026  -130.556839
   50.555305    11.259200     5.385902    16.096991   -47.011930  -137.943778
   50.120571    10.878773     5.178173    16.017961   -33.461948  -148.712576
   50.319079    11.292972     5.433850    16.012041   -54.993826  -144.087889
   50.346342    11.185165     5.298577    15.972558   -47.376870  -143.269345
   50.254355    11.390465     5.631476    15.967548   -41.740894  -142.140515
   50.186246    11.206991     5.447608    15.960943   -33.114000  -151.814325
   50.205706    11.280404     5.651610    16.115220   -38.627702  -148.398913
   50.212125    11.193523     5.363957    15.936100   -57.452561  -129.414549
   50.032920    11.167767     5.495729    15.955426   -30.203602  -155.013315
   50.616170    11.083298     5.102049    16.036265   -35.151595  -150.820321
   50.211729    11.176872     5.384060    15.966086   -39.521457  -148.256092
   50.424815    11.320549     5.504242    16.048333   -38.544775  -146.091136
   50.369090    11.250800     5.316618    15.817476   -21.258666  -150.101088
   50.099911    10.984477     5.159308    15.781134   -13.616120  -157.167457
   50.507482    11.115348     5.131382    15.926112   -40.299125  -140.417494
   50.398896    11.107957     5.208967    15.989834   -34.473505  -155.015074
   50.567158    11.136621     4.993444    15.759227   -43.474572  -133.463693
   50.414510    11.158141     5.326563    16.092641   -40.327617  -152.385628
   50.181002    11.232568     5.584138    16.127319   -51.187581  -141.661694
   51.542369    11.520508     5.081518    16.172290   -42.502151  -152.323388
   50.430684    11.339025     5.235234    15.731159   -36.912221  -146.533299
   50.491780    11.156687     5.053273    15.807245   -31.451344  -157.251740
   50.339051    10.996611     4.836941    15.679826   -44.235013  -148.460044
   50.350490    11.455360     5.311315    15.644126   -35.968230  -156.998874
   50.245146    11.284537     5.400232    15.812654   -47.081340  -126.820778
   50.058126    11.099632     5.363048    15.892859   -24.661051  -156.656572
   50.317233    11.440260     5.654758    15.899623   -22.762275  -149.712067
   50.476733    11.402658     5.420115    15.882888   -30.149804  -154.935232
   49.626222    11.096470     5.499915    15.792548   -44.404704  -140.393053
   50.017392    10.980007     5.197179    15.905443   -41.830912  -152.499828
   50.532050    11.302239     5.475931    16.168908   -48.866445  -144.021716
   50.093409    10.960415     5.067776    15.791231   -26.561684  -160.985902
   50.479910    11.334901     5.401420    16.005144   -39.109044  -155.932771
   50.134455    11.212837     5.490604    15.974004   -33.447048  -153.619031
   50.487152    11.277676     5.383023    16.026182   -43.011716  -143.625088
   50.017820    11.083367     5.105104    15.693193   -48.026774  -148.093430
   49.569356    11.021182     5.197511    15.539957   -39.461566  -149.416798
   50.447579    11.173599     5.303863    16.129930   -48.675632  -155.063999
   50.038139    11.178119     5.146120    15.662050   -47.166143  -156.255800
   50.473206    11.367303     5.361744    15.904875   -46.043385  -145.741401
   50.087236    11.138391     5.173124    15.805207   -48.233554  -162.670847
   50.241699    11.159232     5.181607    15.886967   -49.457274  -159.488726
   49.906172    11.193923     5.584304    16.002377   -47.151629  -150.891915
   50.384366    11.231723     5.258232    15.998582   -41.421846  -173.365099
   50.577176    11.271394     5.207078    15.970938   -44.901498  -157.411658
   50.513812    11.419847     5.310451    15.832555   -34.292173  -166.684184
   50.275767    11.238073     5.417140    16.027349   -42.685873  -157.093039
   50.529838    11.261447     5.200157    15.878471   -30.052937  -160.438983
   50.470028    11.153683     5.053520    15.888494   -51.622917  -153.971035
   49.950039    11.087167     5.349086    15.917669   -37.921849  -162.215134
   50.099673    11.012766     5.115678    15.810094   -45.151963  -144.286688
   50.053267    10.974340     5.202912    15.922860   -41.831967  -148.165215
   50.342792    11.087478     5.148043    15.899526   -58.126604  -125.879560
   50.571133    11.051210     4.899583    15.790994   -39.485271  -143.982986
   50.365041    11.300652     5.503062    16.101997   -52.165284  -145.355583
   50.271950    11.231721     5.455135    16.070587   -53.467226  -143.378977
   50.709428    11.198140     5.236005    16.128620   -55.389885  -131.623047
   50.141941    11.109553     5.071398    15.717939   -54.168210  -144.110042
   50.741657    11.431161     5.486968    16.212325   -61.823670  -138.751214
   50.347224    11.274349     5.545279    16.149023   -28.110878  -168.404773
   50.110617    10.809738     5.069366    16.001621   -47.545934  -137.697024
   50.300908    11.167721     5.484049    16.163499   -38.647119  -151.069152
   50.269581    11.089405     5.301037    16.057535   -48.783726  -144.493245
   50.398304    11.065247     5.141147    15.956146   -50.163833  -135.367421
   50.293595    10.927485     5.096610    16.061538   -49.829556  -146.834408
   50.581250    11.238219     5.348662    16.093048   -41.379675  -142.554885
   50.795044    11.323542     5.326886    16.100207   -45.174178  -136.120215
   50.507490    11.249175     5.389819    16.080634   -37.542454  -148.549760
   50.486106    11.240354     5.438885    16.246633   -57.226583  -148.696527
   50.536859    11.045636     5.087691    16.030281   -39.635634  -150.079204
   50.310789    11.275701     5.455656    16.005148   -35.092529  -157.191525
   50.404873    11.309813     5.521993    16.105925   -37.083052  -155.554684
   50.057288    11.291531     5.402566    15.781287   -36.445192  -162.277740
   50.530325    11.250786     5.266264    15.948065   -21.955520  -165.222308
   50.618469    11.241215     5.202436    15.961559   -37.157713  -150.962669
   50.548719    11.331010     5.185697    15.788799   -46.905463  -142.015119
   50.233895    11.235930     5.074283    15.585870   -39.091217  -152.952378
   50.531453    11.415729     5.183939    15.672760   -46.185268  -145.260797
   50.429056    11.266643     5.497743    16.091277   -40.924272  -138.510906
   50.364806    10.954156     5.080904    16.042567   -49.544304  -143.940460
   50.425268    11.233287     5.110843    15.799073   -57.108143  -142.068052
   50.733302    11.263736     5.132573    15.920405   -40.997452  -145.381146
   50.387735    11.334013     5.341812    15.772639   -47.619625  -125.192437
   50.392953    11.198527     5.306118    15.928784   -33.463740  -145.008259
   50.338233    11.272239     5.469659    16.093743   -39.450088  -162.514990
   50.306642    11.240146     5.247308    15.786599   -43.664244  -139.194510
   50.315239    11.081207     5.192374    16.051718   -47.543085  -161.981588
   50.202272    11.169685     5.355577    15.943303   -58.430676  -126.643816
   50.033147    11.110129     5.489568    16.109695   -45.117871  -155.280882
   50.524706    11.187054     5.323522    16.073799   -32.733914  -148.982778
   50.461548    11.235977     5.347724    16.143999   -55.416465  -154.614095
   50.160572    11.140993     5.064435    15.656461   -33.603143  -162.647443
   50.413648    10.984053     4.926973    15.874373   -50.053432  -146.902611
   50.400014    11.161477     5.192634    15.903931   -37.771278  -151.015263
   50.437153    11.289270     5.317567    15.939140   -45.587836  -148.172329
   50.088040    11.255566     5.474823    15.887583   -37.898473  -151.778367
   50.347802    11.164210     5.276373    15.919184   -37.510581  -142.875627
   50.485002    11.258302     5.379904    16.049041   -41.868171  -145.455723
   50.365119    11.291306     5.128120    15.638118   -44.452655  -140.868396
   49.748691    11.121085     5.556571    15.931759   -56.011575  -131.759934
   49.643122    11.101191     5.543827    15.878196   -43.767799  -150.119468
   50.247138    11.065614     5.266634    15.886199   -24.811610  -141.558189
   49.896558    11.365075     5.645526    15.698541   -48.882765  -118.746801
   50.928756    11.199057     5.090886    16.062023   -41.950599  -135.855962
   50.298774    11.397892     5.515986    15.909760   -49.708386  -141.524046
   50.081845    11.154293     5.348863    15.860646   -48.507218  -135.078548
   50.621448    11.375330     5.328476    15.991231   -44.448592  -154.474136
   50.469090    11.075521     5.007737    15.729749   -34.383434  -131.501149
   50.570002    11.380478     5.294555    15.837981   -32.579180  -152.298547
   50.152661    11.368737     5.316596    15.584553   -36.752791  -142.967137
   50.130615    11.227896     5.383513    15.828288   -36.322950  -147.427558
   50.500720    11.289845     5.112583    15.766986   -51.959527  -145.509025
   50.668622    11.007423     4.850611    15.863169   -41.359955  -143.153818
   50.362482    11.318383     5.453893    15.974746   -55.069236  -132.139573
   50.530876    11.238022     5.272046    15.993782   -37.652226  -152.141855
   50.395746    11.184998     5.219261    15.911707   -44.616855  -145.209136
   50.243439    11.136812     5.232824    15.797076   -33.078738  -139.632889
   50.509900    11.445524     5.516464    15.897086   -36.579296  -136.673856
   49.835407    11.274519     5.377465    15.600246   -42.230206  -147.355949
   50.327158    11.049786     5.319624    16.098824   -46.420743  -131.830726
   50.244893    11.002615     5.211721    15.976301   -41.018466  -138.374119
   50.749465    11.297262     5.358212    16.077009   -45.320154  -125.228488
   50.340739    11.009139     5.190826    16.017559   -43.097205  -137.583218
   50.277062    11.231644     5.510214    16.029373   -38.425299  -138.920929
   50.353844    11.109374     5.347284    16.098090   -53.400171  -129.205407
   50.395171    11.091067     5.266187    16.064118   -53.109997  -131.262558
   50.283788    11.139173     5.137628    15.824713   -48.153297  -145.933058
   50.028419    11.087674     5.426310    15.999616   -52.304039  -131.617366
   50.453417    11.138620     5.135917    15.888037   -45.261362  -139.431644
   50.097371    10.873848     5.059857    15.842865   -31.046789  -145.371027
   50.257800    11.137778     5.307315    15.909524   -31.674557  -146.351021
   50.392643    11.068623     5.259043    16.168399   -56.229117  -144.823355
   50.744198    11.236564     5.106315    15.927641   -36.047846  -149.500491
   49.914676    11.023771     5.467152    16.026394   -31.393785  -152.472097
   50.474621    11.310155     5.238245    15.818519   -30.827887  -158.518622
   50.663714    11.187775     5.253084    16.161674   -31.963824  -162.558063
   50.566714    11.418346     5.544820    16.109830   -43.811740  -148.481958
   50.135449    11.073394     5.293458    16.015129   -47.150112  -154.597897
   50.361122    11.347532     5.494920    16.021731   -49.431959  -147.212375
   50.445192    11.033219     5.149321    16.108760   -52.572281  -146.474713
   50.323803    11.346550     5.489949    16.026120   -49.964481  -154.409538
   50.650048    11.134215     5.237013    16.140025   -50.370654  -130.719615
   50.145188    11.015429     5.148549    15.872500   -42.620719  -147.388528
   50.175176    11.038196     5.296494    16.042820   -47.325398  -144.085476
   50.337058    11.136111     5.240723    15.926238   -27.698638  -158.182483
   50.204238    10.985934     5.224970    16.043600   -53.458689  -135.676535
   50.185892    11.125997     5.437676    16.066132   -35.366045  -151.679165
   50.195513    11.107452     5.170533    15.832612   -40.897383  -152.403726
   50.067026    11.088732     5.444970    16.066361   -41.788054  -149.623897
   50.378420    11.037163     5.073323    15.864123   -32.941274  -147.655468
   50.292765    11.035920     5.155448    15.920796   -43.296254  -139.710359
   50.312654    11.027987     5.015053    15.785864   -45.338127  -137.499711
   49.978097    10.944783     5.265239    15.928922   -27.660956  -153.885531
   50.316907    11.575826     5.704281    15.847111   -44.863518  -141.640968
   50.121692    11.050897     5.283801    15.909935   -33.930739  -145.924197
   50.172708    10.997942     5.330899    16.031222   -18.767774  -156.154740
   50.531407    11.140613     5.082973    15.971568   -48.176182  -155.589784
   50.222909    11.065197     5.141052    15.815359   -27.520356  -156.296804
   50.066821    11.101907     5.452231    16.037724   -32.136978  -157.098938
   50.640805    11.163370     5.152652    15.957280   -19.422640  -157.218704
   50.068895    11.154416     5.133594    15.539306   -33.528238  -134.063559
   50.106300    11.248766     5.328764    15.665922   -43.300403  -125.068852
