   51.458983    11.545143     5.243940    16.280887   -50.018255  -138.907127
   51.646835    11.622724     5.152076    16.106540   -42.193771  -141.489805
   51.737252    11.443343     4.906888    16.144207   -51.152172  -133.997112
   51.421497    11.222766     4.924290    16.347018   -42.412064  -145.077596
   51.092724    11.596782     5.466641    16.119181   -42.264865  -139.074594
   51.137161    11.327093     5.239720    16.185563   -26.681715  -136.941135
   50.857343    11.215468     5.220639    16.177863   -40.447725  -141.697900
   50.891152    11.140631     5.016095    16.133546   -53.080387  -144.699749
   51.286949    11.184546     4.867479    16.176845   -46.021223  -144.426437
   51.526188    11.643410     5.303989    16.266999   -50.281210  -139.231338
   51.070247    11.398935     5.253582    16.258852   -55.560586  -149.150321
   51.576145    11.455333     5.065164    16.302412   -46.800162  -143.401280
   51.818375    11.646931     5.102857    16.119123   -38.733007  -140.586879
   51.305610    11.474186     5.277636    16.205183   -51.127130  -125.507252
   51.357997    11.132916     4.773629    16.104283   -42.844640  -133.980900
   51.292774    11.221094     4.962918    16.159335   -46.810731  -129.083646
   51.293487    11.379338     4.898474    15.816292   -38.790508  -144.828910
   50.484896    11.161761     5.312241    15.983706   -27.241230  -139.207887
   51.313750    11.482443     5.183189    16.126457   -38.889808  -146.797933
   51.610956    11.428805     5.044250    16.263974   -40.575682  -135.672383
   51.137110    11.460130     5.197377    15.963794   -34.151223  -141.723877
   51.050161    11.374238     5.244757    16.186438   -47.753819  -143.274471
   51.010184    11.271096     5.096087    15.970311   -33.700903  -134.537879
   51.202459    11.226095     5.028266    16.142925   -43.178870  -129.588640
   51.273632    11.245303     4.866998    15.940680   -35.018426  -139.379127
   51.089649    11.385909     5.034807    15.856890   -61.025921  -124.480264
   51.651541    11.463056     4.951709    15.981755   -39.859135  -132.965955
   51.481681    11.469878     5.118533    16.048508   -26.969939  -134.433233
   51.322173    11.504925     5.012967    15.694102   -36.755186  -134.459203
   51.292683    11.447491     5.222226    16.177242   -43.200526  -134.890008
   51.379738    11.271539     4.919718    16.059344   -24.416281  -143.560491
   51.263948    11.390174     5.291473    16.392593   -40.741883  -139.094693
   51.030895    11.350867     5.259257    16.058216   -54.516719  -112.771996
   51.060520    11.156817     5.028300    16.203036   -42.882968  -141.650007
   50.813293    11.265737     5.202337    16.029439   -41.695606  -137.946454
   51.318703    11.392281     5.109671    16.089612   -37.460519  -135.314965
   51.452975    11.288638     4.944741    16.232431   -29.390397  -149.086661
   50.900524    11.072340     5.094791    16.233200   -34.166122  -141.852643
   51.537740    11.550577     5.240522    16.282563   -37.511592  -138.361648
   50.995993    11.229436     4.967631    15.904407   -51.904949  -127.296121
   51.439720    11.438840     5.128189    16.237449   -41.493992  -141.471368
   51.108434    11.279772     5.184699    16.205335   -36.001333  -136.812126
   51.454864    11.378853     4.896475    15.919435   -53.831970  -127.389061
   51.290409    11.668558     5.318771    15.924379   -54.356871  -127.227492
   51.411669    11.582912     5.045725    15.755642   -16.167780  -166.629747
   51.460798    11.545175     5.228805    16.124992   -30.655132  -137.950554
   51.238535    11.464443     5.271945    16.191399   -25.737303  -151.867367
   51.490140    11.503367     5.228862    16.219934   -49.488502  -121.746345
   51.144654    11.328703     5.115520    16.097963   -44.256542  -137.074605
   51.101641    11.414185     5.288088    16.101170   -33.044773  -136.078307
   51.232889    11.246115     4.894250    15.973247   -41.839458  -137.567717
   51.041551    11.157725     5.034071    16.249290   -64.669585  -130.128349
   51.627337    11.355696     4.810790    15.949242   -46.185897  -129.766919
   51.470237    11.272008     4.786685    16.064454   -50.301703  -141.521554
   51.240239    11.338949     5.169669    16.237315   -60.506241  -120.741004
   51.207572    11.349892     5.066809    16.121286   -56.026261  -137.981424
   51.380811    11.221138     4.838410    16.145652   -58.126360  -132.230736
   51.292214    11.343364     5.071043    16.193592   -68.540246  -122.746934
   50.977513    11.469572     5.206164    15.991430   -51.081174  -152.280244
   51.138395    11.234822     5.194250    16.358973   -49.572525  -129.474555
   51.245462    11.533041     5.220554    16.024657   -44.180198  -141.946635
   51.572681    11.527147     5.197892    16.313527   -52.736501  -129.743343
   51.207283    11.300430     5.148614    16.347686   -63.522956  -132.100780
   51.034227    11.333516     5.203238    16.190846   -46.782314  -146.317349
   51.268197    11.299227     5.120959    16.314183   -43.279382  -141.017165
   51.490404    11.758006     5.393718    16.237393   -57.577977  -144.631304
   51.388658    11.519552     5.273886    16.267855   -47.275096  -136.348361
   51.380670    11.626716     5.295544    16.222403   -57.651362  -146.411702
   51.077739    11.277132     5.121823    16.062742   -32.404045  -136.481167
   51.277879    11.224270     5.014093    16.207527   -31.318446  -138.673035
   51.636683    11.460370     4.945786    16.017513   -38.852061  -139.753664
   50.754766    11.578797     5.605526    16.029201   -44.401065  -135.221648
   51.437480    11.548939     5.172781    16.014585   -42.869410  -132.914855
   51.129580    11.238188     5.066657    16.032731   -40.420744  -121.612213
   51.315858    11.562122     5.312963    16.108192   -41.404645  -133.219492
   51.346328    11.532766     5.233325    16.083574   -41.531655  -136.041479
   51.394264    11.292958     4.984339    16.166377   -45.013480  -130.902024
   51.049674    11.216749     5.163251    16.290911   -57.474846  -128.532506
   50.958931    11.214256     5.009762    15.963907   -33.396525  -145.852712
   52.089558    11.715883     5.093639    16.444217   -60.006024  -131.827583
   50.892610    11.145228     5.041250    16.066299   -47.443312  -133.994351
   51.022172    11.387555     5.280895    16.084789   -58.083081  -118.167616
   51.335549    11.296715     5.070669    16.187010   -39.215949  -128.297117
   50.936852    11.405830     5.313947    16.087419   -45.799168  -137.285772
   51.116420    11.537249     5.361688    16.071562   -48.605420  -131.253296
   51.038735    11.304963     5.246322    16.153408   -41.974232  -127.267085
   51.501195    11.616464     5.123058    15.975790   -60.452814  -133.934032
   51.065556    11.314996     5.162725    16.158943   -44.635517  -143.001102
   51.109840    11.409000     5.314289    16.260891   -36.812345  -148.590657
   51.261395    11.164526     4.920196    16.110069   -53.197461  -117.192441
   51.292948    11.321896     5.061120    16.168525   -43.480405  -137.210432
   51.066341    11.251237     5.196252    16.297155   -41.356029  -142.673938
   51.089633    11.436387     5.055367    15.737328   -41.469370  -132.813609
   51.263272    11.255001     4.962303    15.941211   -20.536618  -133.828392
   51.637261    11.555408     5.174579    16.144428   -57.305641  -114.740531
   51.077358    11.200567     4.922837    15.894682   -32.593258  -135.991432
   51.361672    11.430607     4.928807    15.748921   -51.038938  -124.739287
   51.343202    11.180254     4.851122    16.077009   -44.466413  -127.218581
   51.404976    11.394797     4.994862    15.992490   -31.301937  -142.832410
   51.687983    11.379234     4.887903    16.198190   -45.428690  -136.546979
   51.260614    11.642970     5.451156    16.097120   -21.779053  -144.923145
   51.395388    11.255116     4.830530    15.940314   -33.899133  -135.431154
   51.134011    11.333968     5.121719    16.090798   -27.641969  -151.873067
   51.524645    11.415144     4.942920    16.083601   -34.442982  -154.157724
   51.422122    11.463274     5.174808    16.201551   -25.524563  -146.775683
   51.286395    11.243544     4.884428    15.951558   -48.015510  -124.556163
   51.300216    11.589460     5.366330    16.271203   -47.924386  -146.896109
   50.998981    11.291221     5.158454    16.087032   -47.089589  -133.592375
   50.920328    11.533455     5.334471    15.878971   -19.106534  -159.226546
   51.462713    11.720702     5.442645    16.124989   -47.096631  -124.546538
   51.275018    11.680926     5.257445    15.886311   -58.239162  -136.028990
   50.963288    11.283232     4.958045    15.868588   -49.456694  -143.204574
   51.578455    11.758329     5.317173    16.043399   -46.060042  -137.892027
   51.673382    11.296787     4.697678    15.986035   -45.449322  -136.843614
   51.063609    11.252797     4.982759    15.941952   -35.487804  -142.427383
   51.279807    11.230086     4.893605    15.943429   -26.060218  -136.277936
   51.234632    11.487329     5.014462    15.798645   -57.545922  -133.038098
   51.298732    11.392945     5.036993    15.945188   -33.173691  -138.758303
   51.003289    11.379700     5.033207    15.920515   -46.122122  -158.976045
   51.350118    11.316737     5.033147    16.139164   -40.491597  -132.559260
   51.561461    11.502877     5.053421    16.209235   -50.551670  -148.844209
   51.605204    11.744737     5.379310    16.323739   -43.050303  -149.124587
   51.580877    11.648558     5.352688    16.368620   -51.602056  -131.670863
   51.425709    11.510311     5.239661    16.257448   -30.887318  -146.930041
   51.605848    11.519114     5.043724    16.095104   -39.271570  -145.423705
   51.652475    11.486769     4.972039    16.258986   -53.327556  -153.595436
   51.188189    11.400167     5.198802    16.266596   -49.585259  -151.120837
   51.380094    11.379634     4.989994    16.103054   -48.443919  -143.921270
   51.810989    11.733052     5.158810    16.070152   -42.144874  -145.627828
   51.182233    11.417794     5.244334    16.177591   -31.081149  -148.106374
   51.130417    11.283553     4.993674    15.974615   -26.114515  -152.608507
   51.299412    11.461712     5.113375    16.023546   -54.138255  -132.439960
   51.691739    11.591647     5.202395    16.313863   -35.474889  -138.989111
   51.612428    11.715611     5.340101    16.351733   -36.331817  -158.565090
   51.485221    11.520179     4.901432    15.916169   -47.826782  -166.838595
   51.231518    11.707228     5.393296    16.040805   -51.662274  -145.621797
   51.202140    11.553128     5.329332    16.112271   -43.134710  -141.437234
   51.181435    11.236734     4.949289    16.038867   -31.589434  -148.012229
   51.656733    11.591347     5.188995    16.218400   -32.441116  -140.174341
   51.272611    11.511918     5.256396    16.205989   -39.053530  -155.275101
   51.276441    11.533269     5.267818    16.174055   -52.738114  -140.624162
   51.231751    11.541649     5.331530    16.198627   -37.469415  -151.446328
   51.392009    11.414040     5.149020    16.286039   -38.496104  -145.597911
   51.296727    11.410724     5.064152    16.091286   -38.711043  -154.017919
   51.275067    11.582734     5.248415    16.033801   -38.988376  -150.944893
   50.726518    11.428497     5.256086    15.841986   -31.586352  -155.148011
   51.156544    11.362230     5.200621    16.256186   -56.055146  -137.691453
   50.864646    11.581206     5.545635    16.083106   -38.885028  -147.673906
   51.174109    11.163637     4.882728    16.104355   -36.431530  -150.545520
   51.364009    11.682355     5.423117    16.156078   -46.297077  -135.100986
   51.505491    11.626267     5.302406    16.346903   -37.572048  -158.835165
   51.078418    11.324791     5.155215    16.153931   -40.904948  -148.145690
   51.309947    11.645176     5.406311    16.204451   -51.272769  -138.787716
   51.178354    11.585313     5.431431    16.202805   -36.036582  -149.656036
   51.081686    11.542980     5.407212    16.112643   -32.932656  -147.196301
   51.089298    11.264743     4.977201    16.014849   -39.958905  -151.241371
   51.552489    11.627844     5.230722    16.160943   -26.625106  -154.659139
   51.582108    11.627750     5.151358    16.151862   -44.329310  -156.441199
   51.526215    11.706356     5.307138    16.190209   -42.869029  -153.387276
   51.554404    11.853099     5.442983    16.085884   -39.548389  -147.477785
   51.328139    11.143279     4.846981    16.256242   -32.765152  -152.967245
   51.357823    11.625298     5.373500    16.333356   -43.243335  -159.706705
   51.153452    11.696227     5.462111    16.089564   -35.940740  -160.869362
   51.353755    11.553743     5.235029    16.100838   -39.071015  -144.300859
   51.642592    11.630336     5.234046    16.258614   -37.083904  -143.403533
   51.927741    11.711338     5.155785    16.409324   -52.164802  -144.187155
   51.732168    11.473326     4.967117    16.206170   -36.460411  -145.153544
   51.064116    11.407768     5.295893    16.077860   -27.562672  -139.073097
   51.312292    11.437503     5.179398    16.246727   -43.755277  -148.482722
   51.240074    11.377546     5.115625    16.188947   -40.545199  -153.363123
   51.432921    11.206845     4.797002    16.113046   -33.065226  -146.620304
   51.366723    11.427076     5.161823    16.339855   -54.409216  -144.662881
   51.190648    11.429993     5.043945    15.884610   -27.183906  -158.171916
   51.089267    11.288275     5.136195    16.237687   -56.832838  -139.665382
   51.399316    11.645517     5.373744    16.287873   -41.914257  -152.496274
   51.042824    11.244377     5.082112    16.126563   -35.590232  -149.709123
   51.219441    11.239767     4.986647    16.154320   -30.458255  -152.406022
   51.238402    11.555855     5.344541    16.188421   -32.640459  -153.914382
   51.243019    11.615577     5.359243    16.116029   -55.885072  -134.783672
   51.180399    11.624584     5.511972    16.271834   -29.280166  -158.028497
   50.878441    11.557680     5.446468    16.021503   -61.652245  -128.607421
   51.279727    11.613531     5.364662    16.125410   -49.034129  -135.462298
   51.333675    11.678307     5.294503    15.917386   -33.761703  -146.362559
   51.356424    11.548981     5.039148    15.769425   -52.100017  -132.354180
   51.301556    11.567810     5.153838    15.882130   -39.934520  -143.266124
   51.317238    11.516194     5.135080    15.932077   -32.195850  -145.382248
   51.662207    11.524877     4.900942    15.738836   -47.728584  -127.597044
   51.106282    11.802862     5.383606    15.548104   -40.047841  -130.713019
   51.625045    11.676899     5.155536    15.674024   -28.018412  -125.769779
   51.097349    11.671265     5.384603    15.928385   -55.379294  -134.735794
   51.042490    11.513209     5.238182    15.874434   -52.463003  -127.881811
   51.566517    11.839731     5.397752    15.976908   -35.611415  -143.763638
   50.886138    11.778287     5.500274    15.674964   -36.414951  -142.650491
   51.574219    11.673603     5.067661    15.807091   -51.492396  -141.586024
   51.145671    11.602044     5.311115    15.985881   -47.880594  -142.772016
   51.432482    11.762936     5.354158    16.011467   -47.825984  -143.261902
   50.956667    11.596177     5.304215    15.851375   -41.204731  -151.667361
   51.412685    11.418415     5.139325    16.283134   -28.934462  -152.620797
   51.248797    11.613378     5.308247    16.014557   -30.524307  -153.160395
   51.171529    11.488570     4.992150    15.760526   -45.289388  -151.916055
   51.526008    11.658107     5.154436    16.013385   -41.002361  -158.171892
   51.026928    11.376716     5.141191    15.955572   -38.464923  -141.871319
   51.911028    11.766923     5.126272    16.128373   -37.612101  -160.266825
   51.732966    11.651397     5.189360    16.256527   -36.120057  -147.030246
   51.430893    11.309611     4.906663    16.211570   -46.792406  -152.346135
   50.991712    11.323565     4.945615    15.808845   -41.479223  -151.129574
   51.526453    11.515587     5.119021    16.185018   -31.175791  -153.770597
   51.334155    11.371655     4.937322    15.996954   -49.213023  -144.866712
   51.469203    11.414658     5.029896    16.272300   -42.508403  -158.747734
   51.043709    11.300546     5.235553    16.138057   -33.139215  -132.826587
   51.089637    11.481491     5.404462    16.135028   -49.117638  -121.649650
   51.686378    11.406979     4.813692    16.026407   -32.700668  -155.058943
   51.129407    11.377091     5.087347    16.008477   -37.345437  -151.267966
   50.939869    11.373857     5.359098    16.189111   -45.413310  -135.912936
   50.921502    11.416232     5.339541    16.076068   -40.083236  -139.777755
   51.060684    11.117197     4.930429    16.112906   -42.562549  -139.848333
   50.897117    11.619513     5.340370    15.710805   -25.310554  -148.927783
   51.168227    11.303020     5.221486    16.371443   -59.147525  -129.811698
   51.189554    11.462842     5.297910    16.168168   -55.930123  -124.920505
   51.029597    11.412691     5.291712    16.006878   -33.077163  -130.851408
   50.836012    11.172148     5.251994    16.301841   -43.291109  -144.887294
   51.417978    11.290075     4.970046    16.258736   -39.047674  -145.475200
   51.384417    11.477934     5.227333    16.250722   -44.356103  -136.807763
   51.043031    11.584418     5.436993    16.169356   -58.173402  -142.617939
   50.972714    11.280736     5.095731    16.107735   -37.444451  -162.790102
   51.504486    11.314500     4.924199    16.255870   -34.102590  -152.931539
   51.399277    11.218560     4.824827    16.170431   -49.786069  -142.250922
   51.174344    11.288079     5.056394    16.232970   -54.383362  -146.880977
   51.745062    11.565134     5.017557    16.198575   -38.945542  -156.940878
   51.493748    11.607557     5.211150    16.260202   -56.482554  -150.994812
   51.347279    11.293302     4.882896    16.084171   -54.125202  -141.684893
   51.768854    11.495979     4.912716    16.144361   -35.823687  -155.486877
   51.443882    11.527010     5.093367    16.020561   -40.905889  -146.720860
   51.501669    11.431701     5.030142    15.928908   -43.593515  -118.042083
   51.549935    11.402545     4.863213    15.828705   -49.246840  -124.037251
   51.512786    11.452402     5.098672    16.029999   -41.451848  -119.786269
   51.263507    11.298966     4.866234    15.841887   -65.956440  -114.068529
   51.391265    11.333943     4.928842    16.048480   -23.477683  -157.690843
   51.249440    11.453191     5.209755    16.200189   -47.479225  -145.285089
   51.505427    11.488831     4.869461    15.598556   -43.475115  -127.501412
   51.471428    11.564199     5.067198    15.924640   -37.880458  -150.684613
   51.124347    11.386128     4.896432    15.555919   -27.782967  -138.221776
   51.279971    11.568024     4.952632    15.561095   -47.727205  -140.284692
   51.663613    11.617013     5.154551    16.252724   -42.379181  -152.599396
   51.331029    11.376469     5.102480    16.167536   -57.200511  -125.822452
   51.039186    11.334627     4.963072    15.729359   -56.321986  -118.591523
   51.614595    11.377877     4.925615    15.953903   -26.678490  -127.265244
   51.039145    11.150338     4.942606    16.004194   -46.440905  -128.377192
   51.365037    11.252253     4.851057    16.003742   -43.468434  -134.313289
   51.109674    11.303946     5.156349    16.179351   -64.652926  -120.659164
   51.074193    11.091299     4.912697    16.056270   -29.140175  -138.020309
   51.555098    11.625708     5.232097    16.151416   -41.088890  -141.112828
   51.070971    11.294301     4.929063    15.860093   -38.974286  -148.422970
   51.554810    11.533357     5.158288    16.223370   -34.632031  -146.038171
   51.295683    11.212765     4.782422    15.903542   -50.288360  -128.584850
   51.093183    11.284922     4.972831    15.971517   -50.021789  -140.407008
   51.380396    11.428669     5.011732    15.953252   -28.181640  -149.001831
   51.478453    11.739899     5.180395    15.832628   -55.653516  -142.428124
   51.287032    11.237273     4.865751    16.103821   -40.587133  -154.333470
   51.569598    11.512859     4.996574    16.159385   -57.231684  -152.073256
   51.408392    11.606377     5.229320    16.123759   -55.356661  -141.598621
   51.328653    11.785997     5.319942    15.907924   -53.932376  -151.487180
   51.806750    11.334731     4.651529    15.957424   -58.924654  -127.116348
   51.556006    11.315125     4.806453    16.111204   -37.446539  -154.038354
   52.192053    11.641867     4.852632    16.279915   -45.378541  -153.456512
   51.220718    11.255973     4.977407    16.082350   -29.612790  -148.853996
   51.320651    11.443710     5.122134    16.141741   -40.152191  -151.335136
   51.019529    11.630889     5.257878    15.770382   -38.845262  -153.586604
   51.015393    11.276591     5.126213    16.146520   -50.745941  -141.121118
   51.222457    11.301497     4.960018    16.154905   -55.194083  -153.258140
   51.321469    11.517023     5.208681    16.144405   -36.318127  -154.256882
   51.792187    11.503722     4.965424    16.263313   -47.925102  -142.743656
   51.358921    11.366502     4.974454    16.110944   -56.562360  -140.520878
   51.605652    11.326092     4.814216    16.222468   -50.310952  -149.844585
   51.680125    11.747884     5.376373    16.454559   -38.404584  -156.250298
   50.822145    11.296581     5.241899    16.094538   -61.302183  -127.714952
   51.029469    11.491772     5.389182    16.185278   -48.460230  -142.940160
   51.048813    11.252524     5.116021    16.177611   -43.921837  -143.549467
   51.412621    11.729920     5.406837    16.183192   -49.638093  -145.153613
   51.402696    11.494751     5.250188    16.354762   -49.848286  -141.928435
   51.236656    11.410931     5.212041    16.275992   -46.872033  -146.787315
   50.988108    11.117404     4.985333    16.167548   -55.886813  -134.267493
   51.376753    11.727100     5.458947    16.211370   -50.245955  -140.533554
   51.206491    11.360873     4.976696    15.989923   -38.617795  -159.162285
   51.619311    11.597891     5.278991    16.482326   -50.294437  -141.414515
   51.324194    11.359924     4.942651    16.032892   -43.595949  -152.242541
   51.316926    11.546319     5.345024    16.289896   -55.493309  -134.020437
   50.668855    11.350302     5.540762    16.236804   -46.695749  -136.578777
   51.475437    11.564917     5.259528    16.289251   -64.038398  -128.104920
   51.431502    11.440696     5.034664    16.005502   -28.064274  -146.622441
   51.277135    11.302506     5.002978    15.945224   -44.131054  -118.429784
   51.598101    11.348009     4.820810    16.037161   -34.774633  -147.212526
   51.283862    11.508136     5.405232    16.418475   -40.714120  -144.439524
   51.635431    11.634929     5.186450    16.148100   -62.754252  -126.654050
   51.521607    11.695437     5.322637    16.200068   -46.654860  -144.651014
   51.202743    11.621065     5.423451    16.228993   -40.292643  -158.804513
   51.535413    11.720487     5.296283    16.196297   -64.144972  -140.113481
   51.256352    11.425592     5.124174    16.085364   -37.717313  -149.047735
   51.283077    11.512040     5.283497    16.234765   -61.522793  -131.426106
   51.170342    11.284394     4.989071    16.008868   -50.336001  -132.223924
   51.046936    11.231563     4.819498    15.907907   -53.767634  -152.983573
   51.207862    11.256438     5.046594    16.216751   -39.543445  -146.009353
   51.205215    11.230946     4.971253    16.122103   -43.395336  -140.003500
   51.305986    11.400110     5.059543    16.102854   -56.134173  -136.711874
   51.552141    11.327329     4.799975    15.959467   -48.939807  -132.095977
   51.185860    11.233871     5.030100    16.141940   -31.082861  -143.062523
   51.587884    11.337224     4.885844    16.132951   -43.082855  -134.811318
   51.074625    11.308050     5.222517    16.244824   -54.316388  -130.835024
   51.070300    11.135822     4.944520    16.036173   -22.280231  -145.781178
   51.295351    11.412567     5.075789    15.939339   -25.617334  -140.602038
   51.223447    11.328351     5.120650    16.155620   -25.195441  -148.165498
   51.394493    11.416436     5.058308    15.852567   -23.977501  -125.630010
   51.305166    11.383232     5.000046    15.855168   -20.564203  -141.836772
   51.262733    11.551367     5.248889    15.940855   -29.233729  -138.889525
   51.337896    11.328630     4.939907    15.904802   -35.653633  -131.944999
   50.805032    11.242051     4.940440    15.786133   -49.330515  -141.679076
   51.660775    11.691592     5.148479    15.977345   -49.532116  -139.698029
   51.136493    11.387471     5.186992    16.028030   -44.666194  -126.934430
   51.471031    11.727314     5.173089    15.691239   -42.605023  -136.915514
   51.077432    11.565537     5.476315    16.153844   -45.268590  -133.913522
   50.976705    11.363369     5.205286    16.043808   -34.671392  -148.741318
   51.140367    11.362869     5.099593    15.979589   -23.236604  -150.453843
   51.799340    11.664316     5.197083    16.189744   -28.969600  -137.473900
   51.411410    11.581040     5.054025    15.745568   -41.849859  -138.121875
   51.412434    11.421278     5.102742    16.117380   -47.371167  -128.088065
   51.377495    11.453915     5.003862    15.891666   -40.705255  -139.622025
   51.664785    11.750532     5.294162    16.034017   -46.581112  -130.035220
   51.794505    11.640220     5.141597    15.981394   -43.910534  -119.434059
   51.288834    11.550679     5.415095    16.314606   -36.718991  -141.801095
   51.526457    11.342036     4.983700    16.099010   -35.866494  -125.120018
   51.435669    11.222761     4.801992    16.082273   -41.837222  -138.766370
   51.299933    11.307738     4.987360    15.955873   -43.935912  -121.538719
   51.717437    11.406183     4.721580    15.940261   -62.024511  -136.118839
   51.512201    11.422160     5.059797    16.241620   -41.886248  -142.083166
   50.925112    11.266780     5.138903    16.144889   -55.800423  -143.432315
   51.369219    11.231758     4.659165    15.838271   -47.198879  -145.259124
   51.566191    11.859446     5.420539    15.978921   -44.543125  -137.024269
   51.479777    11.695273     5.264972    15.939501   -46.961432  -132.639774
   51.344360    11.637081     5.400237    16.131756   -50.688846  -125.521234
   51.390053    11.641519     5.183675    15.970056   -50.181690  -148.576537
   51.815795    11.458401     4.756250    15.831320   -43.257228  -138.478034
   51.094199    11.408645     5.091420    15.906784   -45.844163  -138.985209
   51.275304    11.482639     5.206244    16.070013   -39.607369  -138.295138
   51.490737    11.638753     5.312305    16.188993   -41.035731  -139.189560
   51.457731    11.302813     4.870326    16.082130   -20.940302  -159.162511
   51.628876    11.797426     5.412196    16.189597   -48.094105  -134.195996
   51.710320    11.389809     4.827754    16.031747   -38.621638  -138.885661
   51.447772    11.801505     5.373611    15.819153   -13.035969  -154.054926
   51.211400    11.518006     5.277774    16.063882   -36.217728  -141.599563
   51.653243    11.355566     4.878415    16.251171   -55.398917  -135.001905
   51.415755    11.506399     5.101768    16.091935   -42.258695  -151.577977
   51.789677    11.537096     5.038394    16.100062   -44.665491  -124.596589
   51.109826    11.189336     4.948680    16.091766   -28.027848  -157.715137
   51.570900    11.264654     4.884563    16.267878   -45.278702  -130.534475
   51.477707    11.394585     4.994609    16.139589   -62.271149  -126.619117
   51.508025    11.349846     4.757720    15.797227   -49.123942  -132.825431
   51.621172    11.761701     5.199777    15.876850   -47.155155  -141.889755
   50.990672    11.606465     5.197185    15.709480   -37.351777  -156.523627
   51.285478    11.336412     4.945372    15.976267   -47.772138  -138.318420
   51.750570    11.790908     5.276692    16.227969   -52.555234  -148.001126
   51.344387    11.524711     5.127223    16.014156   -57.659050  -135.312211
   50.996102    11.510635     5.399057    16.055120   -27.084453  -149.062322
   51.732758    11.505301     4.969139    15.968141   -20.664662  -141.646291
   51.402042    11.318174     4.885040    15.978143   -38.670835  -140.118701
   51.298317    11.268331     5.029050    16.266601   -43.791517  -142.328757
   51.518670    11.406831     4.938109    16.181620   -53.624660  -149.343696
   50.912875    11.393500     5.055630    15.819149   -44.457580  -152.248399
   51.384524    11.563236     5.272567    16.183641   -51.920286  -134.375770
   51.293907    11.401361     4.964972    15.927408   -53.925946  -137.222414
   51.447621    11.548223     5.250557    16.222429   -36.120461  -143.201067
   51.421141    11.455997     5.180896    16.272096   -31.916150  -147.860502
   51.517860    11.594918     5.068489    16.044200   -59.355269  -148.048386
   51.252643    11.429836     5.048132    16.041113   -48.853341  -152.568928
   51.384318    11.536769     5.101577    15.950381   -36.514283  -149.855904
   51.614171    11.363398     4.791302    15.992122   -30.694518  -155.218862
   50.955346    11.432695     5.096268    15.732277   -62.484906  -117.200955
   51.451561    11.518602     5.188712    16.255521   -50.480781  -142.466348
   50.934392    11.219426     5.141603    16.133579   -53.055101  -130.143864
   51.267635    11.477250     5.205319    16.080138   -44.395298  -135.695428
   51.424072    11.339420     4.828034    15.887726   -53.396672  -131.425656
   51.452739    11.512965     5.086418    16.007099   -41.261235  -140.980947
   51.215323    11.572382     5.263217    15.984116   -57.105547  -129.166753
   51.469969    11.529438     5.037463    15.996257   -57.080260  -139.812390
   51.575134    11.657827     5.301141    16.342348   -38.434261  -154.645277
   50.970049    11.184084     4.940364    15.937330   -45.460118  -136.586043
   50.674915    11.366600     5.278512    15.894973   -37.692214  -144.061108
   51.425804    11.336088     4.886854    15.970404   -31.053231  -146.665056
   51.233173    11.689034     5.360958    16.047501   -38.470778  -163.460923
   51.719995    11.481105     5.013891    16.337657   -39.720887  -148.416165
   51.571206    11.670997     5.232934    16.219770   -49.045790  -153.679931
   51.548639    11.421787     5.021908    16.271837   -34.893581  -154.640255
   51.206129    11.195512     4.886728    16.033330   -41.630574  -138.307183
   51.093222    11.434960     5.234078    16.124809   -52.807818  -140.969577
   51.552701    11.419951     4.894591    15.869749   -14.009856  -152.975111
   51.470144    11.497618     5.126057    16.070168   -36.940638  -136.843757
   50.869282    11.257664     4.972225    15.917802   -56.460720  -146.545535
   51.201608    11.290730     5.106511    16.216606   -32.922481  -147.535668
   51.330330    11.286368     5.021636    16.162983   -51.311113  -124.928374
   51.118122    11.348473     5.059732    16.091323   -53.005817  -149.979408
   51.228730    11.306901     5.034662    16.137870   -56.488042  -133.125198
   51.331106    11.574873     5.342495    16.214220   -53.173768  -132.028575
   51.391528    11.437976     5.086015    16.047195   -38.446670  -136.670233
   51.368862    11.197415     4.840824    16.116342   -54.628684  -126.840061
   51.402596    11.447499     5.093213    16.163939   -63.477410  -130.142479
   51.228083    11.398747     5.188532    16.091745   -36.165620  -133.059248
   51.357029    11.395996     5.100864    16.041369   -55.750399  -114.373921
   51.605994    11.617674     5.267006    16.335004   -40.603352  -143.254676
   51.204219    11.381235     5.167917    16.139424   -51.912396  -130.176689
   51.555653    11.650597     5.339562    16.336855   -40.332681  -143.485409
   51.583878    11.656761     5.237832    16.226958   -64.527440  -133.703237
   50.786301    11.727236     5.526561    15.814098   -55.336509  -139.047779
   51.503777    11.435760     5.012823    16.056970   -55.446642  -126.416812
   51.381215    11.416417     4.918485    15.919782   -64.705130  -129.721780
   51.623648    11.379276     4.912346    16.217109   -48.793326  -139.870942
   51.374774    11.164700     4.810363    16.249483   -54.207389  -140.799074
   51.331383    11.217235     4.755782    15.965764   -42.426483  -146.377100
   51.062348    11.117038     4.997228    16.116300   -39.169204  -128.155157
   51.782947    11.384994     4.744169    16.012165   -55.405489  -131.813254
   51.386421    11.156994     4.913242    16.281774   -46.362289  -125.103133
   51.380009    11.472969     5.054553    16.119838   -64.279533  -141.382766
   51.357322    11.278749     4.825203    15.987198   -51.314373  -138.797543
   51.291477    11.200121     4.900493    16.152712   -45.002284  -137.974857
   51.876229    11.568485     5.054103    16.409015   -54.210323  -134.699865
   51.353017    11.458006     5.033418    16.001493   -53.923347  -139.841968
   51.433814    11.213084     4.958263    16.393728   -48.109146  -133.828234
   51.994493    11.562087     4.796279    15.893460   -41.933697  -145.636933
   51.656881    11.473837     4.959891    16.119861   -53.694918  -136.731172
   51.581480    11.526119     5.133672    16.158250   -30.230946  -141.611648
   51.215276    11.164314     4.980605    16.171988   -47.782072  -122.887857
   51.302868    11.342282     5.120423    16.096030   -45.539389  -118.337013
   51.602529    11.626622     5.282600    16.288796   -57.714687  -126.207001
   51.043709    11.340803     5.192692    16.035265   -25.656815  -142.968674
   51.061024    11.309787     5.225693    16.177816   -26.388049  -146.446878
   50.932341    11.486963     5.345644    15.949577   -63.493756  -113.991668
   51.285327    11.180149     4.789840    16.005384   -48.104477  -135.359166
   50.740655    11.123916     5.298168    16.361482   -48.095840  -141.937318
   51.490508    11.551903     5.127006    16.114902   -52.270781  -141.784339
   51.465578    11.420159     5.158827    16.384556   -52.737904  -134.396737
   51.042414    11.190864     5.010976    16.082485   -47.329664  -134.336171
   51.671915    11.495032     5.061426    16.318762   -48.786543  -140.517475
   51.154709    11.318791     5.105183    16.064876   -44.702843  -130.417329
   51.433450    11.441686     5.029558    15.915142   -34.641312  -132.262060
   51.458015    11.353183     4.994709    16.162355   -41.519056  -137.402164
   51.134247    11.165589     4.861538    16.028137   -50.499972  -137.136451
   51.552394    11.317626     4.912807    16.127490   -36.828135  -132.368195
   51.088526    11.163930     4.721908    15.717768   -41.116926  -135.000866
   51.766503    11.387701     4.828900    16.114523   -34.031394  -141.111794
   51.661470    11.214619     4.630547    15.986334   -34.983762  -138.706939
   51.285457    11.322549     5.030698    16.114713   -50.308513  -132.564064
   51.298610    11.209202     4.941294    16.226959   -58.597066  -128.774605
   51.138941    11.177597     5.024292    16.186216   -45.949263  -130.925906
   51.384052    11.291126     4.970862    16.123498   -53.720722  -123.107027
   51.046720    11.256921     5.153505    16.226166   -32.984546  -154.054384
   50.983610    11.110589     4.823743    15.928576   -42.338217  -143.755844
   51.574936    11.369662     4.825157    16.105201   -55.519372  -145.840752
   51.271506    11.282992     5.012295    16.289506   -41.590027  -161.157308
   51.259028    11.441250     5.004145    15.927989   -28.880085  -168.820457
   51.312154    11.316364     5.044308    16.213367   -40.546397  -145.187553
   51.545459    11.615730     5.150250    16.176787   -55.311052  -151.300799
   50.843658    11.449678     5.451995    16.235613   -50.800619  -152.044547
   51.662768    11.309796     4.795214    16.136338   -36.109263  -142.199669
   51.341245    11.280267     4.875792    16.082200   -45.040130  -148.760774
   51.572128    11.346250     4.970557    16.411881   -50.209506  -145.055692
   51.679221    11.312545     4.824824    16.358997   -38.214566  -155.349587
   50.922579    11.185165     4.982704    16.049579   -45.416368  -152.916977
   51.717942    11.530745     5.033639    16.346338   -50.971145  -151.931268
   51.467875    11.351647     4.953189    16.161551   -40.223126  -146.211975
   51.395787    11.277381     4.904586    16.156534   -45.277649  -142.861699
   51.017344    11.075634     4.869665    16.043732   -52.436415  -128.845262
   51.595883    11.308203     4.826890    16.202323   -32.144854  -155.234346
   51.103730    11.185948     4.833364    15.951806   -31.677262  -159.612968
   51.316363    11.263635     5.048221    16.291745   -48.585723  -133.360207
   51.097835    11.404292     5.280496    16.184380   -29.124569  -152.007151
   51.622773    11.442797     4.947438    16.001118   -26.942361  -142.543038
   51.257904    11.377752     5.196784    16.167662   -37.311731  -131.160105
   51.553345    11.543446     5.191131    16.304491   -51.686518  -137.970664
   51.106393    11.418388     4.978622    15.794740   -43.381670  -150.771677
   51.314268    11.619700     5.208263    15.918672   -46.101483  -142.455644
   51.009379    11.271120     5.208241    16.170132   -42.803445  -132.895817
   51.096557    11.402345     5.193119    16.014479   -36.209475  -139.026629
   51.100552    11.192719     4.987213    16.077400   -48.545306  -130.249625
   51.195937    11.343070     5.098945    16.032808   -48.193658  -125.359150
   51.241824    11.242126     4.923740    16.008794   -42.427021  -133.372498
   51.755500    11.330013     4.803237    16.249220   -42.533440  -138.496452
   51.267984    11.470103     5.171210    16.079559   -41.709274  -143.848231
   51.152232    11.206408     4.994070    16.121867   -35.282410  -142.870558
   51.504071    11.547748     5.143560    15.925955   -34.027846  -128.397581
   51.615585    11.364676     4.957872    16.083322   -32.944525  -125.204871
   51.227235    11.481365     5.224886    15.992013   -47.249959  -123.992406
   51.507788    11.414171     4.807139    15.730359   -20.762229  -156.485273
   51.134434    11.302998     5.139419    16.177439   -38.719922  -142.944409
   51.391713    11.458526     5.087247    15.956319   -59.912182  -114.483547
   51.293482    11.296571     4.895681    15.897884   -55.135088  -121.360235
   51.629616    11.282121     4.743283    16.061735   -40.190954  -140.334541
   51.226257    11.233520     4.998444    16.126699   -51.273513  -125.880054
   51.476656    11.329330     4.886384    16.130628   -34.104234  -156.177873
   51.532003    11.374376     4.906287    16.026376   -35.978508  -141.498761
   51.564663    11.272704     4.803451    16.182100   -38.486120  -147.846145
   51.235746    11.125786     4.752041    15.981304   -46.115606  -134.456676
   51.365542    11.393507     4.894181    15.946636   -50.198930  -148.655152
   51.677888    11.321748     4.720463    16.149113   -62.557151  -140.039824
   51.457817    11.386806     4.974293    16.171830   -53.710387  -142.749220
   51.567310    11.562188     5.101678    15.961956   -36.499149  -135.756529
   51.362134    11.234964     4.880648    16.053873   -47.041149  -127.477240
   51.448106    11.289343     4.819330    15.915145   -27.879874  -141.931799
   51.526855    11.574624     5.155544    16.089439   -55.703676  -130.946860
   51.434684    11.115546     4.716389    16.188704   -39.011316  -143.943512
   51.299857    11.537395     5.316054    16.191697   -51.213580  -131.449281
   51.222320    11.224000     4.911535    16.019208   -29.035625  -146.580425
   51.558581    11.692291     5.305054    16.211104   -42.597551  -147.210547
   51.228567    11.224562     4.779702    15.842249   -39.845826  -140.934051
   51.313181    11.279533     4.825050    15.966633   -51.772861  -141.351129
   51.336900    11.570101     5.320959    16.201518   -53.008480  -133.238225
   51.326773    11.410111     5.236579    16.301697   -40.752729  -134.895375
   51.402925    11.713414     5.501718    16.291244   -59.554004  -126.795364
   51.162484    11.183951     4.992856    16.167682   -41.744668  -136.929469
   51.408668    11.202591     4.901508    16.181864   -30.064460  -135.668107
   51.416106    11.217503     4.851021    16.101951   -55.670619  -121.351036
   51.624737    11.406163     4.955458    16.265213   -38.639488  -150.036557
   51.011522    11.564752     5.498278    16.163516   -47.794058  -137.294533
   51.369878    11.404139     5.061367    16.116776   -40.571157  -143.564560
   50.318773    11.223079     5.383643    15.961372   -46.035721  -136.516651
   51.213426    11.438448     5.064410    15.940100   -31.660158  -157.060536
   51.153924    11.412946     5.078076    16.002542   -50.116508  -146.803359
   51.259379    11.371101     4.940602    15.888130   -51.541188  -135.556167
   51.019577    11.342710     5.162632    16.100877   -43.129429  -149.166098
   51.542802    11.381607     5.011650    16.333470   -49.004544  -142.462987
   51.594572    11.464238     4.926056    16.090047   -47.915481  -152.081442
   51.680381    11.814661     5.303224    16.122092   -52.192800  -147.103860
   51.320874    11.368157     5.051070    16.133335   -38.418498  -147.412957
   50.995681    11.517797     5.431483    16.095480   -34.944300  -143.001249
   51.919562    11.576251     5.030522    16.183239   -32.582090  -132.694347
   51.753685    11.531086     4.812022    15.714865   -49.100007  -135.288446
   51.503687    11.332174     4.783410    15.801445   -32.900975  -137.606514
   51.471792    11.170450     4.707378    15.988770   -33.606859  -136.065005
   51.106315    11.197872     4.945993    16.110112   -54.147841  -139.667528
   51.386342    11.641465     5.147557    15.839669   -57.441549  -133.064690
   51.177395    11.669704     5.304851    15.897043   -53.060864  -139.957682
   51.040435    11.265845     5.123944    16.063766   -42.328043  -130.061279
   50.828203    11.032217     4.821850    15.787853   -36.844720  -126.491580
   51.551925    11.376301     4.928464    16.062056   -21.806686  -147.949363
   51.494922    11.457868     5.077477    16.084131   -57.894661  -120.733206
   51.066751    11.372545     5.105947    15.924820   -41.740534  -136.288724
   51.278833    11.472196     4.989614    15.731608   -33.371003  -143.308006
   51.627193    11.456592     5.024935    16.126256   -52.140910  -124.121169
   51.172184    11.532146     5.226704    15.908625   -32.307949  -142.717782
   51.584460    11.760754     5.331915    16.083515   -32.496268  -149.484753
   51.097712    11.369315     4.995307    15.789465   -47.093263  -130.986897
   51.440040    11.411698     4.948685    15.882658   -41.235663  -132.410078
   51.624793    11.726837     5.059945    15.692245   -37.587106  -153.182215
   51.302377    11.676575     5.303987    15.943642   -48.226397  -138.379918
   51.612836    11.721623     5.277567    15.903442   -34.306281  -128.904303
   51.035401    11.540112     5.283888    15.898656   -34.909528  -144.631901
   51.354787    11.452315     4.857502    15.719354   -55.800562  -136.805403
   51.475466    11.630118     5.211745    16.073456   -49.753980  -141.744545
   51.606307    11.576065     5.025359    15.882198   -47.976484  -134.453615
   51.512921    11.610808     5.217033    16.059995   -48.977769  -130.357744
   51.551282    11.336583     4.858488    16.254606   -53.202837  -152.325650
   51.404677    11.372342     4.797222    15.917396   -52.651436  -153.682506
   51.550778    11.480167     4.871677    16.029062   -54.666848  -161.381110
   51.611586    11.326360     4.829102    16.240617   -46.206933  -150.965402
   51.150712    11.130956     4.795873    16.131573   -46.963763  -160.151555
   51.443025    11.468036     4.919424    15.921421   -57.506332  -142.898425
   51.562307    11.399313     4.945366    16.264441   -47.428927  -154.412903
   51.651155    11.699145     5.026732    15.845309   -48.949118  -157.505981
   50.885212    11.371310     5.216348    16.096617   -52.860308  -153.235810
   51.207694    11.299226     5.103252    16.235082   -51.722914  -136.611797
   51.282748    11.586905     5.317917    16.115916   -35.702483  -148.695681
   51.226867    11.392356     4.992748    15.988958   -40.218605  -159.687533
   51.241285    11.375654     4.998548    15.954083   -42.010714  -144.299544
   51.490730    11.268651     4.891888    16.145163   -33.493481  -136.683137
   51.433766    11.254905     4.957709    16.294548   -44.478250  -136.281856
   51.718700    11.868491     5.444285    16.186267   -46.087287  -135.001615
   51.646244    11.394722     4.957382    16.138049   -35.684698  -131.984271
   51.472909    11.309440     4.819369    15.951271   -40.307838  -138.804852
   51.419260    11.452994     5.060409    15.921067   -44.163448  -123.957071
   51.624793    11.387770     4.941605    16.105690   -31.657147  -135.855877
   51.799674    11.542341     5.054945    16.168295   -38.280088  -130.103232
   51.449680    11.442253     5.153676    16.237773   -35.541803  -139.135206
   51.281572    11.215335     4.884654    16.042518   -36.226262  -139.287440
   51.689393    11.385344     4.892284    16.222700   -32.639804  -148.186956
   51.490047    11.265083     4.909307    16.016770   -24.589469  -125.127831
   51.149853    11.244400     5.020872    16.071751   -31.600482  -142.710452
   50.958584    11.363795     5.263327    16.059477   -33.044936  -142.090075
   51.309119    11.775775     5.436387    15.981144   -30.742744  -155.140051
   51.384681    11.461833     5.155222    16.193903   -48.735273  -138.548444
   51.646072    11.570797     5.144390    16.158803   -32.103221  -140.987436
   51.139546    11.168577     4.774103    15.846100   -45.808787  -133.551320
   51.746505    11.864596     5.340851    15.970101   -39.193392  -139.182351
   51.641597    11.682017     5.060073    15.870935   -41.365119  -156.135576
   51.440198    11.660087     5.146902    15.892349   -47.709137  -148.335625
   51.501881    11.351146     4.832008    15.988374   -40.014139  -148.722119
   50.896063    11.265664     4.933899    15.850987   -50.535577  -148.442941
   51.469948    11.514666     5.163438    16.219731   -43.566783  -145.785373
   51.162599    11.434049     5.266960    16.285815   -48.579517  -151.951348
   50.753555    11.501365     5.316522    15.836793   -32.950397  -154.826772
   51.041314    11.364177     5.168634    16.073446   -43.104345  -145.654078
   51.612322    11.605191     5.068400    15.796707   -47.135214  -124.134292
   51.123275    11.287537     4.868191    15.812490   -39.373344  -146.194701
   51.304089    11.483735     5.237678    16.253215   -46.295212  -147.165387
   51.510521    11.530161     5.055087    16.086780   -38.537873  -159.901570
   51.202686    11.356965     4.951797    15.963064   -52.883802  -145.836941
   51.462768    11.522997     4.975564    15.892287   -38.273406  -158.149944
   51.596287    11.723586     5.316067    16.186904   -40.588215  -146.473969
   51.139397    11.299415     5.075267    16.204029   -54.365648  -146.443004
   51.439143    11.708048     5.283373    16.070930   -53.730485  -146.738874
   51.129785    11.580159     5.375786    16.202443   -48.341732  -158.777495
   51.209675    11.167616     4.691712    15.972301   -56.539048  -150.688522
   51.540002    11.395354     4.931281    16.296572   -68.689088  -143.864737
   51.471259    11.404424     5.032757    16.274862   -59.120754  -140.018513
   51.400944    11.229523     4.826606    16.227778   -63.731021  -139.217692
   51.051508    11.346543     5.262852    16.308397   -41.258248  -157.644936
   51.353255    11.371664     5.093907    16.373490   -45.233520  -161.395546
   51.097193    11.496124     5.179316    15.961300   -52.962785  -142.895900
   51.402022    11.417821     5.000644    16.103806   -57.393990  -140.754333
   51.665174    11.582510     5.091856    16.207369   -43.702499  -152.347136
   51.359622    11.306035     4.900186    16.112833   -42.125573  -154.747680
   51.343478    11.596462     5.301172    16.123399   -55.740250  -131.116368
   51.136820    11.803872     5.604790    16.201227   -49.112322  -166.638401
   51.329645    11.358100     5.020523    16.156945   -37.930303  -154.868858
   51.202024    11.119500     4.762436    16.037026   -29.343402  -158.877011
   51.239014    11.256633     4.963961    16.129824   -37.281458  -150.192820
   51.413320    11.335977     4.779470    15.980133   -61.759217  -145.598539
   51.431670    11.626449     5.326271    16.340045   -47.510425  -156.312427
   51.816518    11.527927     5.004317    16.366977   -46.409233  -146.704478
   51.142426    11.260140     4.964675    16.117010   -54.946929  -147.001254
   51.482164    11.256872     4.736983    16.157974   -49.352203  -160.537093
   51.508051    11.437480     4.977278    16.044224   -49.399172  -137.308145
   51.304547    11.196095     4.875832    16.240464   -45.536916  -152.505092
   51.634594    11.570143     5.156022    16.183456   -43.062751  -135.118430
   51.190468    11.616240     5.324816    16.067197   -52.368655  -145.896441
   51.408239    11.312382     4.906898    16.180347   -52.228416  -147.423283
   51.265628    11.076138     4.728866    16.149167   -34.783987  -156.071605
   51.136988    11.217098     4.914341    16.049480   -38.454880  -153.228718
   51.527461    11.395623     4.925909    16.156408   -65.118534  -134.073984
   51.120566    11.185163     4.894102    16.108122   -66.847631  -132.823321
   51.027756    11.207807     5.057280    16.212907   -41.942606  -156.652907
   51.407857    11.421177     5.067046    16.258054   -75.066314  -129.091739
   51.356990    11.293194     4.860629    16.089087   -51.892473  -148.170326
   50.823200    11.151393     4.982944    15.959410   -33.899327  -153.661288
   51.378478    11.524605     5.099072    16.099432   -51.009146  -155.910376
   51.480288    11.462500     4.969109    16.052154   -41.910930  -158.078577
   51.207004    11.368842     4.906744    15.837058   -40.753753  -151.628706
   51.190245    11.129637     4.906535    16.205810   -38.238370  -146.424842
   51.484712    11.279170     4.890169    16.253859   -57.591882  -135.040230
   51.093971    11.161715     4.965920    16.171626   -45.181864  -145.350622
   51.011003    11.209194     4.871208    15.928350   -42.473204  -155.124321
   51.487744    11.414488     5.053124    16.329245   -58.954164  -142.220638
   51.484073    11.282119     4.818168    16.046540   -49.907986  -133.813587
   51.560288    11.247566     4.823719    16.347264   -47.081375  -148.700437
   51.155878    11.147672     4.872751    16.171946   -51.713941  -147.414411
   51.136656    11.589617     5.338874    16.099782   -46.137577  -154.386966
   51.345505    11.531194     5.066686    15.949129   -43.671409  -155.561631
   51.232603    11.283659     4.917508    16.023752   -51.216005  -141.074094
   51.412084    11.461130     5.065906    15.980923   -33.907063  -139.847335
   51.306022    11.641518     5.405285    16.250743   -41.411623  -154.145324
   51.369350    11.238941     4.828997    15.954206   -39.969371  -131.800650
   51.539161    11.531893     5.033619    16.028602   -43.246166  -149.744472
   51.182475    11.187249     4.903211    16.101647   -44.323648  -143.418297
   51.467550    11.438293     5.136222    16.347537   -42.773925  -147.576018
   51.350999    11.199322     4.850291    16.169561   -46.825018  -140.881574
   51.665030    11.494126     4.998704    16.338979   -54.376188  -155.177912
   51.471392    11.429220     4.947107    16.128859   -57.364362  -149.974886
   51.514794    11.506549     5.120261    16.258602   -49.353308  -147.432900
   51.441756    11.418632     4.979532    16.108928   -42.982622  -154.614833
   51.429593    11.320732     4.794337    15.875829   -60.324341  -125.436026
   51.255306    11.211913     4.834432    16.017838   -50.057499  -137.817897
   51.729365    11.604488     5.114554    16.316367   -52.436992  -147.082125
   51.254124    11.258192     4.887221    16.101012   -47.730450  -152.939373
   51.520804    11.577669     5.041246    16.145858   -60.586362  -161.780356
   51.409628    11.206604     4.812521    16.207364   -46.253948  -148.069941
   51.798944    11.464101     4.803455    16.097766   -60.250348  -142.012747
   51.644067    11.486489     4.876642    16.006263   -34.761460  -166.798366
   51.422516    11.306280     4.813872    16.060631   -40.611457  -160.828735
   51.327787    11.425425     5.104592    16.205298   -56.941511  -143.308351
   51.670710    11.467773     4.814048    15.923582   -43.864026  -153.789982
   51.251140    11.353736     5.018397    16.147166   -46.931888  -156.812349
   51.298093    11.272193     4.862475    16.046377   -54.280803  -141.854721
   51.670550    11.583487     4.973381    15.969398   -48.693409  -150.061312
   51.325927    11.355245     5.096164    16.309197   -50.556862  -146.326209
   51.748634    11.378711     4.807075    16.230419   -45.050507  -149.897973
   51.076970    11.276223     4.980466    16.090883   -60.128875  -147.336886
   51.202458    11.497188     5.170657    16.149521   -57.780321  -156.588099
   51.142821    11.322488     5.051555    16.059095   -33.834578  -154.335175
   51.220163    11.558266     5.315663    16.138945   -46.634084  -144.378437
   51.698863    11.444588     4.806518    16.042972   -44.569206  -158.373249
   51.249107    11.722900     5.392916    16.131569   -55.598249  -158.689539
   51.269468    11.592797     5.110035    15.819094   -50.938252  -144.517454
   51.884247    12.049894     5.476399    16.118988   -34.996881  -160.774464
   51.336513    11.623138     5.198188    15.963393   -47.153471  -148.610810
   50.844650    11.495019     5.071665    15.586119   -37.338603  -150.574403
   51.251228    11.744223     5.271847    15.713183   -30.035128  -155.982681
   51.453509    11.608597     5.187870    16.040618   -41.787250  -147.165719
   51.407732    11.509132     5.119282    16.092316   -46.350568  -145.323203
   51.571344    11.642375     5.070947    16.008281   -43.275207  -166.751944
   51.264767    11.674307     5.292683    15.921745   -36.305539  -153.201601
   51.864453    11.490274     4.909251    16.274763   -48.586435  -141.577571
   51.077714    11.708124     5.328674    15.789512   -42.471591  -151.034119
   51.373815    11.455674     4.973717    15.819332   -42.956508  -135.902394
   51.220979    11.167631     4.899438    16.101990   -42.986836  -134.642506
   51.519204    11.465178     4.984650    16.030785   -47.525921  -141.700065
   51.327540    11.612769     5.217461    15.930284   -41.362547  -142.647146
   51.172306    11.485154     5.041817    15.830773   -38.278704  -157.457699
   51.368319    11.433751     5.160673    16.198486   -48.651611  -133.046728
   51.622909    11.285225     4.726860    16.068200   -47.788092  -140.429153
   51.700592    11.770495     5.294311    16.198192   -39.337198  -152.716673
   51.543469    11.466714     5.041332    16.017425   -46.551959  -126.237113
   51.359822    11.487170     5.191499    16.144354   -34.428157  -145.153253
   51.333408    11.507532     5.358196    16.459308   -53.671951  -141.865910
   51.362041    11.769663     5.439959    16.120012   -51.840315  -145.014730
   51.519607    11.609632     5.253644    16.243408   -39.230046  -148.965020
   51.360299    11.445519     4.991039    15.805537   -52.310261  -121.831944
   51.307958    11.344261     4.957699    15.993189   -48.725247  -136.312430
   51.905139    11.768522     5.175718    16.136446   -26.662449  -156.094711
   51.307557    11.398456     5.102793    16.124798   -36.093622  -145.938221
   51.665417    11.471433     4.987504    16.207216   -47.799792  -142.072378
   51.366917    11.692141     5.269112    15.944582   -53.536177  -138.160748
   51.095473    11.298795     5.045912    15.986265   -43.884556  -135.182613
   51.246598    11.211412     4.972628    16.247610   -55.045960  -135.919213
   51.678018    11.492458     4.971954    16.178735   -41.469171  -152.458160
   51.306174    11.722450     5.347831    15.996094   -53.406016  -142.512119
   51.388104    11.479338     4.952560    15.837951   -47.697161  -143.242301
   50.977174    11.420833     5.167341    15.902247   -49.297560  -134.740535
   51.191994    11.423556     5.035709    16.010038   -43.548834  -163.132625
   51.466883    11.366407     4.846966    16.056937   -53.087305  -151.043440
   51.482792    11.581281     5.168057    16.200813   -61.405674  -143.408495
   50.865819    11.255718     5.029851    15.963556   -42.722449  -155.934431
   51.517639    11.380974     4.802382    16.097943   -63.987435  -152.444809
   51.299159    11.485200     5.087486    16.050896   -52.376806  -150.025916
   51.549898    11.459784     4.934796    16.060988   -47.244969  -151.929791
   50.963489    11.330346     5.029383    16.009588   -51.062132  -162.452631
   51.593144    11.465581     4.953690    16.159377   -56.923835  -145.793289
   51.447056    11.717158     5.253945    16.032578   -62.802319  -141.338899
   51.066827    11.331815     5.077869    16.005021   -36.951482  -149.632513
   51.611057    11.834867     5.200484    15.811449   -45.972152  -157.864135
   51.736030    11.694879     5.067801    15.966456   -53.589598  -145.825834
   50.959896    11.612529     5.194012    15.718913   -54.065891  -146.492837
   51.413005    11.589640     5.029184    15.760710   -33.431572  -156.358363
   51.443147    11.630075     5.133934    16.016049   -49.779258  -158.104349
   51.608420    11.446901     4.859938    16.004046   -44.100663  -154.177929
   51.536489    11.644774     5.136276    15.996082   -54.460906  -142.182288
   51.028740    11.448803     5.135581    15.851978   -66.284552  -119.435902
   51.114006    11.201441     4.887864    15.997065   -40.824262  -147.812270
   51.482230    11.590970     5.062715    16.001554   -58.158633  -148.456027
   51.800020    11.868829     5.339741    16.298545   -54.921824  -152.818041
   51.101404    11.447958     5.157457    15.960871   -43.526166  -143.840091
   51.613736    11.573883     5.114109    16.104412   -56.581431  -130.302986
   50.847175    11.160560     4.883523    15.844543   -54.054413  -134.365684
   51.375587    11.617354     5.210055    15.864644   -41.334493  -132.101050
   50.922186    11.250954     4.864389    15.704429   -51.846833  -131.108998
   51.174396    11.431698     5.033583    15.846537   -43.027767  -141.989281
   51.289108    11.743091     5.361794    15.947147   -48.778401  -144.466220
   51.784087    11.791608     5.282909    16.242232   -58.953717  -137.915449
   51.013513    11.245083     4.966029    15.943955   -40.591996  -146.606886
   51.758310    11.612154     5.166193    16.370968   -36.644997  -147.550306
   51.081448    11.460801     5.300371    16.119682   -65.153240  -122.572351
   51.485536    11.406163     4.913631    16.010552   -60.284181  -132.022110
   51.412312    11.195136     4.724860    15.851380   -25.204569  -136.795449
   51.476010    11.426751     4.984778    15.982177   -54.780184  -125.323210
   51.509043    11.719877     5.363250    16.184602   -54.230628  -135.529716
   51.298869    11.292182     5.040046    16.103477   -38.348690  -129.102353
   51.275959    11.486144     5.113440    15.998649   -36.884330  -153.994695
   51.451980    11.518619     5.232690    16.163916   -51.198747  -122.206660
   51.544902    11.355742     4.895343    16.037018   -29.650986  -142.764924
   51.017132    11.463778     5.308312    16.098680   -41.296773  -148.567186
   51.509308    11.446228     5.074892    16.121460   -41.064244  -132.767637
   50.828511    11.621524     5.276263    15.612187   -41.581191  -139.316096
   51.166870    11.611281     5.307937    15.984671   -52.519259  -138.790801
   50.987016    10.979001     4.875328    16.180627   -44.761508  -135.787561
   51.039613    11.326841     4.987267    15.832645   -42.474477  -139.463449
   51.272078    11.551887     5.038773    15.745357   -50.595091  -139.518719
   51.217091    11.329086     4.987043    16.006957   -39.251868  -147.973698
   51.583699    11.326450     4.768080    15.934168   -53.382956  -128.462157
   51.330462    11.275431     4.915033    16.054356   -33.929229  -145.171675
   51.029343    11.327976     5.095618    15.928543   -39.244686  -134.856157
   51.437789    11.415538     5.006730    16.020377   -46.447758  -133.352022
   51.599829    11.858692     5.469767    16.044781   -35.547813  -136.069810
   51.521924    11.555487     5.117747    15.898226   -54.672685  -115.896612
   51.288392    11.302519     4.879048    15.810604   -37.687363  -130.312996
   51.373309    11.726472     5.347668    15.825547   -43.582470  -124.614169
   50.906492    11.503102     5.288603    15.870144   -35.533577  -144.522843
   51.303821    11.719213     5.318019    15.823692   -34.131398  -142.724379
   51.205176    11.579014     5.144974    15.731414   -42.062224  -135.833177
   51.065657    11.459336     5.280706    16.017018   -28.939695  -144.706906
   51.422341    11.573242     5.023936    15.658535   -49.811219  -124.709293
   51.396196    11.482477     5.200109    16.187084   -45.500013  -133.852303
   51.444394    11.589166     5.075639    15.743060   -36.774607  -136.424674
   51.620405    11.719781     5.195078    15.902541   -49.203198  -133.326341
   51.703091    11.732059     5.216548    16.014356   -31.373927  -147.419610
   51.560744    11.724774     5.203669    15.795072   -40.919664  -134.220673
   51.243966    11.320590     4.950340    15.964440   -36.663235  -146.505666
   51.402079    11.393024     4.871050    15.861367   -35.020302  -152.036561
   50.983716    11.716658     5.363373    15.804842   -57.422523  -144.123584
   51.528816    11.860016     5.448164    16.088940   -50.038663  -143.007153
   51.780180    11.816372     5.244838    15.820906   -46.435315  -126.419322
   51.597274    11.613416     5.017304    15.952138   -60.038093  -143.238929
   51.065337    11.618086     5.323702    15.835324   -46.790907  -132.259722
   51.494556    11.635671     5.173568    15.787704   -38.468517  -126.618855
   51.659970    11.893378     5.306430    15.828003   -60.850031  -131.594447
   51.555139    11.431702     4.950640    16.042834   -49.796344  -135.364233
   51.117596    11.373003     4.938356    15.707523   -34.653858  -141.474940
   51.094320    11.577585     5.141656    15.638105   -45.003019  -131.541482
   51.422489    11.373744     4.879340    15.922272   -48.476778  -138.186651
   51.595229    11.393446     5.015585    16.257314   -39.245883  -135.168413
   51.254517    11.549564     5.371577    16.173149   -37.927594  -136.654759
   51.170713    11.473155     5.137735    15.708257   -36.882710  -118.514363
   51.391739    11.553760     5.163493    15.925680   -52.926062  -123.119090
   51.333893    11.676302     5.329267    15.916588   -48.110941  -126.809316
   51.386632    11.640674     5.365279    16.087599   -40.767636  -130.618088
   51.467759    11.635576     5.248962    15.948240   -34.073362  -133.604544
   51.123686    11.307793     5.111979    16.099126   -35.191159  -143.294961
   51.193523    11.352315     4.918134    15.800218   -44.837974  -136.700809
   51.143421    11.493684     5.282181    15.983148   -40.514495  -128.780344
   50.856230    11.548514     5.458839    16.046019   -52.765471  -139.061958
   51.334991    11.550174     5.312114    16.248377   -54.004259  -135.568071
   51.430194    11.463159     5.038689    15.973620   -46.004225  -134.146581
   51.303917    11.509051     5.118033    15.995474   -57.998009  -135.345972
   51.582236    11.633180     5.154865    16.075477   -39.922146  -151.196140
   51.661208    11.943246     5.456217    15.987411   -48.092505  -138.380230
   51.673401    11.629915     5.078074    16.066160   -57.921758  -140.100463
   51.447913    11.449159     5.194724    16.339232   -42.392891  -138.920677
   51.337268    11.751911     5.458753    15.930584   -36.008768  -129.800295
   51.321180    11.326825     5.010709    16.069443   -24.812502  -147.177001
   51.381837    11.620537     5.332729    16.111031   -47.341172  -130.812147
   51.396077    11.660119     5.384081    16.122770   -40.385025  -134.403998
   51.484784    11.512367     5.161243    16.170559   -57.231032  -127.377489
   51.202166    11.760066     5.484346    15.941035   -28.057813  -150.142476
   51.625349    11.419659     4.985167    16.147397   -34.324823  -136.974225
   51.170253    11.526515     5.012254    15.660522   -39.871692  -147.639131
   51.141445    11.546306     5.211033    15.865879   -64.167118  -119.586183
   51.096425    11.233474     4.989386    16.003319   -40.571129  -136.571375
   51.263495    11.525875     5.087774    15.783620   -35.389964  -142.015111
   50.973661    10.988154     4.713622    15.847006   -38.340775  -129.201190
   51.171103    11.386329     5.089444    15.890495   -38.984883  -128.849012
   51.706669    11.480837     4.979882    16.203330   -56.769292  -133.290381
   50.799411    11.283676     5.063537    15.764913   -40.790618  -130.106413
   51.791781    11.562465     4.951831    16.024122   -64.696628  -126.583642
   51.338437    11.559408     5.063169    15.792096   -38.082508  -147.442506
   51.457541    11.593025     5.289360    16.047043   -36.893006  -125.263537
   51.454550    11.848926     5.354435    15.864435   -62.404871  -132.539682
   51.022550    11.752494     5.423731    15.791130   -42.098839  -148.707413
   51.108787    11.695595     5.579100    16.121196   -42.829239  -137.837418
   51.514006    11.929390     5.425923    15.877381   -55.541484  -139.541347
   51.384595    11.678725     5.337121    16.179264   -61.835897  -140.204509
   51.583362    11.634335     5.133835    15.985995   -64.657511  -124.954454
   51.111878    11.613692     5.244785    15.784122   -38.750067  -142.747349
   51.276799    11.577599     5.220692    15.969860   -58.295195  -129.545122
   51.529382    11.269560     4.802095    16.093664   -36.749536  -143.629363
   50.960589    11.347679     5.271533    16.169292   -50.619580  -137.784092
   51.609849    11.695788     5.252361    15.929327   -44.837668  -123.314068
   51.531262    11.742481     5.330472    16.018270   -43.913746  -135.492777
   51.390969    11.414501     4.833071    15.779512   -57.207491  -135.264394
   51.633583    11.313094     4.763642    15.981617   -48.630148  -129.201044
   51.236917    11.293384     4.904769    15.986750   -39.178085  -151.933605
   51.215368    11.244600     4.835231    15.877616   -44.796342  -136.066398
   51.341034    11.376925     4.848839    15.695030   -26.416261  -144.753662
   51.735503    11.333569     4.844332    16.326259   -32.213937  -146.672412
   51.618855    11.374137     4.763366    15.876809   -29.209355  -152.274925
   51.318687    11.256151     4.732983    15.761064   -41.406374  -136.503376
   51.392563    11.464619     5.082606    16.125569   -54.237313  -141.527045
   51.255871    11.369632     5.118442    16.149125   -38.661682  -143.353927
   51.420861    11.361315     5.027079    16.108220   -37.344848  -134.214417
   50.981989    11.336313     5.071640    15.905936   -28.795798  -154.997719
   51.548799    11.586417     5.227038    16.151966   -34.346498  -137.507618
   51.706950    11.611472     5.153790    16.137115   -27.133763  -142.429290
   51.207305    11.520204     5.298299    16.098641   -28.973186  -149.281081
   51.422791    11.180932     4.792059    16.037535   -30.622076  -134.829010
   51.944357    11.643304     5.065235    16.262469   -33.804109  -144.611297
   51.490044    11.408695     4.833286    15.717558   -30.295427  -140.713576
   51.591332    11.573614     5.074035    16.011683   -31.385989  -152.330908
   51.513025    11.386912     4.855996    15.860228   -47.417407  -130.148670
   51.506761    11.560848     5.216356    16.276113   -50.394433  -141.565493
   51.359611    11.615177     4.999661    15.556448   -31.619041  -150.253095
   51.311677    11.648943     5.186966    15.773806   -45.638509  -136.215803
   51.105572    11.229213     5.064927    16.077408   -39.584547  -129.494080
   51.468631    11.496370     4.944685    15.882558   -49.806105  -144.498273
   51.131182    11.126884     4.785756    16.020251   -50.508678  -142.982813
   51.424754    11.282986     4.858029    15.960674   -48.107953  -124.716470
   51.416334    11.805422     5.360137    15.885159   -45.416240  -141.605809
   50.921116    11.368033     5.221612    15.912980   -37.877842  -129.484800
   51.248924    11.749041     5.419075    16.009385   -54.914526  -141.013023
   51.735323    11.577030     4.995507    15.945887   -41.859761  -139.193878
   51.282576    11.774141     5.462788    15.998190   -31.909402  -153.160380
   51.032575    11.417127     5.042595    15.725621   -41.213172  -135.085878
   51.530492    11.872486     5.416214    15.858292   -44.436660  -132.902262
   51.409701    11.768166     5.255514    15.734056   -53.107832  -130.954573
   51.372832    11.427599     4.811800    15.641906   -50.228766  -134.238676
   51.456925    11.284956     4.806898    15.940508   -55.257919  -123.599913
   51.339682    11.478745     5.054467    15.897494   -50.838147  -131.172866
   51.897234    11.677055     4.958886    15.941490   -51.817656  -147.054408
   51.651887    11.624928     5.229223    16.336414   -47.477279  -142.458060
   51.102741    11.534594     5.390085    16.173761   -50.676057  -139.395874
   51.847447    11.877026     5.322524    16.157812   -38.991466  -151.986699
   51.374760    11.430099     4.893532    15.840600   -48.086926  -144.888955
   51.268975    11.672106     5.369323    16.033409   -51.478150  -136.078320
   51.362712    11.272737     4.862624    16.030423   -41.004704  -142.999241
   50.959156    11.680257     5.486043    15.900686   -37.133355  -144.967006
   51.820018    11.528144     4.923872    16.018567   -31.866625  -145.403723
   50.887985    11.335103     5.207797    16.000870   -40.274951  -140.243623
   51.563956    11.468140     5.084096    16.168034   -50.841667  -127.395994
   51.346469    11.437934     5.106562    16.035020   -56.788059  -122.163285
   51.333003    11.495877     5.148135    16.098413   -54.088865  -139.151420
   51.494675    11.621961     5.113972    15.924026   -27.791713  -162.439985
   51.292563    11.350758     5.048338    16.064991   -29.294102  -144.989564
   51.365195    11.393210     5.107518    16.060761   -29.466221  -132.278670
   51.609666    11.486046     4.968375    16.015980   -46.341296  -139.264604
   51.567914    11.562923     5.130976    16.215898   -49.462950  -147.581929
   51.534647    11.380407     4.945537    16.157926   -43.732167  -143.025467
   51.382442    11.601009     5.364735    16.239105   -36.319478  -142.539420
   51.305815    11.548468     5.259095    16.098011   -44.954994  -138.673085
   51.377618    11.640358     5.315318    16.097635   -41.924900  -142.615508
   51.272989    11.192572     4.820257    16.053947   -66.747463  -123.218505
   51.270386    11.283925     4.995350    16.028682   -38.565494  -130.602576
   51.479718    11.528016     5.253270    16.231310   -43.392523  -128.997836
   51.273375    11.510259     5.260239    16.080516   -37.570773  -136.577074
   51.213307    11.362454     5.241495    16.190740   -43.387780  -122.814663
   51.657233    11.845842     5.396603    16.031422   -48.068506  -131.230579
   51.514836    11.472695     5.141730    16.197247   -64.109472  -116.143144
   51.023343    11.114985     5.030850    16.265605   -44.655464  -144.048068
   50.809154    11.638067     5.439656    15.871146   -56.683241  -138.851675
   51.301635    11.558259     5.025863    15.748174   -45.270565  -146.764801
   51.568820    11.641805     5.151709    15.920492   -49.678932  -130.288115
   51.377657    11.614544     5.235364    15.941590   -32.331257  -141.911773
   51.573778    11.556059     5.141873    16.026894   -28.598709  -136.422213
   51.382365    11.325649     5.032543    16.217852   -38.389637  -141.614857
   51.339051    11.334118     4.769496    15.725544   -38.737430  -144.325474
   51.587433    11.369745     4.903704    16.178456   -50.572339  -138.961354
   51.205760    11.344469     5.111122    16.040239   -53.344370  -118.985486
   51.327339    11.720848     5.276898    15.878757   -59.295284  -134.357115
   50.997634    11.339372     5.199066    16.066788   -47.650166  -133.035777
   51.922593    11.589327     5.025632    16.425368   -34.428784  -154.375642
   51.576882    11.493424     5.119596    16.206681   -29.542964  -142.103455
   51.140397    11.285411     4.971301    15.989956   -30.752562  -155.661895
   50.599866    11.471722     5.345011    15.943679   -52.120280  -164.395805
   51.397411    11.371003     4.824484    15.961545   -61.816395  -144.400398
   51.203055    11.257239     4.888183    16.021680   -30.385943  -164.867568
   51.631392    11.391858     4.867676    16.157397   -49.051638  -146.207529
   51.742209    11.507386     5.056634    16.262961   -45.455380  -131.663080
   51.179832    11.077038     4.798162    15.998575   -46.041821  -122.473784
   51.216215    11.565033     5.230956    15.984248   -66.343419  -125.738426
   51.260550    11.261659     4.997268    16.170733   -46.797188  -138.109201
   51.069673    11.156966     4.979848    16.026324   -56.587092  -112.887252
   51.485864    11.303485     5.018667    16.382829   -37.729597  -141.850214
   51.100572    11.300868     5.160700    16.233550   -43.718929  -147.045301
   51.433647    11.377043     5.051656    16.295955   -53.198320  -141.579765
   51.168456    11.443193     5.221501    16.180897   -61.420057  -136.045144
   51.904601    11.498695     4.859757    16.154922   -62.946080  -128.966292
   51.452638    11.308580     4.936142    16.129103   -36.774748  -138.906355
   51.837078    11.450390     4.761187    15.845123   -42.930998  -134.685208
   51.841039    11.559441     4.981012    16.045801   -57.484010  -122.799004
   51.696895    11.518877     4.896701    15.935532   -65.378400  -127.624294
   51.418950    11.602072     5.152251    15.857412   -29.297710  -145.010098
   51.576851    11.772657     5.216054    15.714075   -40.956917  -133.792770
   51.516286    11.301472     4.900509    16.212494   -46.062565  -138.491830
   51.533218    11.694978     5.309866    16.120750   -49.958618  -134.271937
   51.692144    11.655953     5.101120    15.982664   -47.918517  -139.714861
   51.210113    11.359691     4.908895    15.774987   -43.321984  -136.581648
   50.935038    11.439705     5.422109    16.192014   -52.846360  -132.944220
   51.315832    11.265912     4.920998    15.969594   -39.019525  -128.445993
   51.322661    11.344153     4.922150    15.973463   -39.606733  -147.846184
   51.451006    11.655234     5.353374    16.084423   -35.031786  -132.535505
   51.130697    11.381545     5.179065    16.080795   -32.538016  -145.550209
   51.538333    11.580889     5.189009    16.072869   -47.901848  -128.355544
   51.254411    11.157279     4.759110    16.041744   -44.000096  -149.285542
   51.121571    11.191072     4.905335    16.014429   -29.989984  -152.523514
   50.226257    11.084800     5.284412    15.947096   -43.312981  -136.520909
   51.094137    11.515762     5.283758    16.050155   -40.903979  -149.822148
   51.174759    11.273311     4.870836    15.925563   -44.571265  -148.049780
   50.991203    11.155318     5.006692    16.179185   -36.408826  -159.995269
   51.261704    11.600784     5.424224    16.323459   -42.443343  -155.074517
   51.098041    11.384018     5.165203    16.038126   -40.003285  -140.891055
   51.261304    11.407023     5.133408    16.135167   -46.679306  -140.510774
   50.768973    11.277424     5.277446    16.098382   -52.336473  -131.791701
   51.562667    11.494232     5.141941    16.328447   -38.483711  -146.810443
   51.213130    11.493206     5.260246    16.200817   -36.399647  -160.569386
   51.402005    11.662690     5.338196    16.083091   -36.787001  -142.216924
   51.383242    11.472938     5.223848    16.308488   -40.875760  -146.548029
   51.383312    11.371293     4.949750    15.959719   -33.639888  -143.830630
   51.071132    11.427745     5.178814    16.000600   -48.148206  -139.357746
   51.206239    11.177491     4.727823    15.880726   -33.017511  -155.350770
   51.544627    11.806926     5.212267    15.723865   -32.432248  -156.246391
   51.793633    11.897468     5.365027    16.065085   -29.433404  -153.508951
   51.204551    11.520990     5.036386    15.761963   -37.678717  -154.550996
   51.327691    11.513574     4.908816    15.621380   -36.072809  -150.710126
   51.204322    11.542271     5.126150    15.776626   -22.613755  -155.046801
   51.441464    11.413452     4.758607    15.652695   -37.176453  -149.575920
   51.512824    11.206586     4.709433    16.054573   -40.671686  -141.863493
   51.381374    11.476141     4.879202    15.677864   -37.294896  -148.270308
   51.650578    11.435751     4.809730    15.780495   -36.089672  -138.879553
   51.627870    11.642365     5.114469    15.904854   -17.069611  -156.126046
   51.406077    11.699161     5.272801    15.893552   -31.834383  -147.026907
   51.257406    11.615780     5.177115    15.824147   -45.372278  -142.476896
   51.862244    11.457994     4.871448    16.221682   -26.333227  -151.545389
   50.987953    11.428376     5.213223    15.918633   -36.481860  -139.360352
   51.272193    11.384912     5.130874    16.025984   -46.969549  -120.172330
   50.779551    11.526748     5.598056    16.127647   -29.056239  -152.189998
   51.487671    11.337859     4.831151    15.939986   -34.074155  -145.838057
   50.928326    11.222344     5.062828    15.952179   -18.764563  -151.477748
   51.144205    11.740876     5.410998    15.786667   -17.798517  -156.602378
   51.106442    11.321200     4.948661    15.727538   -20.752795  -142.753001
   51.593807    11.816238     5.361996    15.963120   -33.313856  -142.686867
   51.378056    11.495895     5.069414    15.970882   -47.665379  -139.993680
   51.348197    11.606729     5.237870    16.004217   -27.265368  -156.424954
   51.493251    11.426868     5.030987    16.222645   -42.418137  -151.253428
   51.130150    11.255451     4.871766    15.862006   -52.581638  -131.356896
   51.456717    11.570848     5.051707    15.794868   -39.333426  -139.785697
   51.631444    11.413414     4.857540    16.014060   -40.745144  -145.794566
   51.748968    11.364037     4.799421    16.216521   -50.238378  -141.658369
   51.530962    11.412624     4.940052    16.161010   -44.106018  -154.950522
   51.420904    11.479786     5.039477    16.042975   -39.433086  -154.743766
   51.185437    11.690780     5.269345    15.827250   -57.714166  -137.976085
   51.401427    11.289457     4.807181    15.956527   -51.147274  -136.229808
   51.126040    11.652477     5.513198    16.243483   -53.950052  -146.906750
   51.577033    11.491357     4.959080    15.977779   -29.860544  -156.408719
   51.020282    11.214649     5.026312    16.073721   -46.447004  -139.555010
   51.418340    11.320197     4.797343    15.917644   -32.836849  -156.583616
   51.440526    11.431396     4.963540    15.976475   -47.824839  -140.134651
   51.332440    11.650774     5.295930    16.031576   -54.661069  -136.069619
   51.367048    11.416288     5.231007    16.342806   -50.208663  -129.751267
   51.420153    11.422156     5.109105    16.273203   -55.516998  -137.839107
   51.201059    11.498849     5.235810    16.094171   -58.233229  -133.001586
   51.013908    11.264350     5.111423    16.089503   -29.504181  -151.896800
   50.938721    11.242913     5.187653    16.272448   -57.362377  -143.716382
   51.259233    11.599989     5.359270    16.178535   -46.582850  -145.521042
   51.322595    11.255032     4.951692    16.206232   -44.254734  -144.383473
   51.085364    11.274083     4.918436    15.915349   -43.456583  -148.347343
   51.404639    11.284699     4.921269    16.083704   -37.594988  -136.621353
   50.980705    11.084273     4.833238    15.951460   -39.558601  -141.655134
   50.891948    11.334747     5.241615    16.115802   -49.164578  -143.507362
   51.669918    11.652884     5.163888    15.995825   -52.866253  -125.202685
   51.313668    11.224283     4.979808    16.284199   -46.197171  -139.613128
   51.358422    11.330137     4.981105    16.084980   -27.604020  -149.775271
   51.058413    11.284768     5.016356    15.860717   -33.850823  -132.648714
   51.450902    11.338580     4.965288    16.162993   -27.170743  -152.165962
   51.362758    11.313137     4.986505    16.052264   -45.328784  -125.987799
   51.337484    11.275459     4.978569    16.103026   -49.380430  -124.524311
   51.455550    11.434773     4.991499    16.201418   -60.963021  -149.273271
   51.031327    11.413601     5.114295    16.014221   -50.322060  -156.747570
   51.570497    11.518704     4.976695    15.980963   -54.755229  -139.193396
   51.791849    11.329954     4.749028    16.232509   -40.180970  -145.762634
   51.439235    11.337444     4.917093    16.159202   -37.241067  -158.328717
   51.665752    11.337777     4.789306    16.071082   -22.487641  -154.840767
   51.637123    11.246339     4.703393    16.035294   -28.760352  -143.915637
   51.346212    11.473985     5.140431    16.107096   -43.090151  -143.877365
   51.368691    11.307727     4.805047    15.878291   -39.171766  -146.119557
   51.168246    11.295627     5.077043    16.077832   -35.592685  -138.226976
   51.015482    11.215546     5.130953    16.163466   -50.322091  -127.539860
   51.518221    11.346027     4.907148    16.117831   -30.554612  -150.011392
   51.498135    11.369112     4.974296    16.251117   -45.250432  -148.614230
   51.244925    11.320945     4.908194    16.008558   -46.686080  -153.862084
   51.313340    11.496836     5.126024    16.023720   -52.700477  -138.039536
   51.098576    11.206271     5.075919    16.166323   -52.723860  -124.081462
   51.674108    11.419945     4.865837    16.076987   -27.730980  -157.077488
   51.026105    11.440431     5.090253    15.804093   -32.009292  -152.365955
   50.816735    11.260378     5.165775    16.023110   -46.593791  -138.571364
   51.229863    11.215388     4.922482    16.083670   -57.145380  -126.036812
   51.062149    11.286654     5.045784    16.081034   -45.134680  -150.691402
   51.662040    11.234560     4.784414    16.254275   -63.948402  -116.603788
   51.182833    11.572680     5.371284    16.130055   -49.534444  -136.768296
   51.414767    11.499823     5.164365    16.076270   -50.599671  -126.811572
   51.357033    11.532394     5.136217    15.958133   -49.429946  -133.816847
   51.471944    11.345494     4.860117    16.015121   -54.006711  -135.625684
   51.171099    11.322541     5.199044    16.258743   -35.429000  -143.253600
   50.583268    11.462161     5.466538    15.944089   -55.539902  -130.549238
   51.082082    11.373707     5.282642    16.289499   -46.018516  -147.401133
   51.860171    11.481112     4.838748    16.154100   -49.716390  -145.246502
   51.146994    11.446225     5.146928    16.070699   -60.785557  -140.553137
   51.286681    11.656809     5.396626    16.210929   -42.202253  -157.639244
   51.778677    11.509101     4.900247    16.110757   -47.362982  -148.402403
   51.429626    11.302592     4.834997    15.970151   -50.923955  -132.316432
   51.210862    11.344387     5.167797    16.254330   -65.818494  -123.859467
   50.899810    11.064598     4.912524    15.970149   -33.920670  -138.287313
   51.127837    11.486648     5.370147    16.261272   -35.577976  -155.077110
   51.820670    11.728872     5.181133    16.146846   -37.245989  -148.007528
   51.167734    11.290338     5.114655    16.232966   -40.045746  -147.575996
   51.215721    11.733700     5.354769    15.891986   -45.158534  -148.164081
   51.087909    11.536002     5.361866    16.042171   -43.471800  -134.552467
   51.157101    11.430055     5.299992    16.256163   -55.376423  -133.244337
   51.916140    11.548349     4.856774    16.032526   -33.137029  -156.160899
   51.261420    11.211600     4.845675    16.121084   -52.928067  -146.419308
   51.580861    11.780832     5.344427    16.097502   -47.824545  -141.758575
   51.367615    11.506499     5.120090    16.056217   -50.439681  -141.375933
   51.400522    11.700747     5.335874    16.148142   -50.502978  -150.841920
   51.156046    11.449762     5.072690    15.967375   -61.690514  -140.161333
   51.340273    11.534061     5.173071    16.069676   -50.081815  -142.073423
   51.621670    11.568660     5.210611    16.273642   -61.276562  -120.989803
   51.525116    11.208453     4.778954    16.191552   -26.061296  -151.346812
   51.305451    11.479455     5.062533    15.988736   -57.643050  -139.299622
   51.595974    11.681582     5.149913    15.936789   -43.073627  -145.199866
   51.411055    11.672044     5.355893    16.112291   -33.928116  -145.333627
   51.516750    11.446935     4.874274    15.902260   -52.171938  -141.787268
   51.139385    11.160248     4.893330    16.035203   -49.670439  -130.040451
   51.461542    11.425834     5.018385    15.921531   -50.617233  -116.973889
   51.516118    11.330172     4.971142    16.324632   -53.396044  -137.450463
   51.152669    11.518344     5.345486    16.059789   -51.724184  -122.017748
   51.427471    11.599764     5.138500    15.982161   -43.248512  -151.601907
   51.725025    11.419710     4.873742    16.179237   -22.487697  -161.538861
   51.529763    11.321039     4.757853    15.833148   -40.877972  -134.432905
   51.142390    11.459953     5.228478    16.058135   -31.124706  -151.130811
   51.281544    11.147699     4.738015    15.956739   -22.901810  -154.131705
   51.497323    11.441528     4.813742    15.707433   -34.055616  -148.806070
   51.249346    11.735795     5.361993    15.868913   -37.799993  -146.346696
   51.371877    11.586878     5.223150    16.028742   -48.381368  -136.347774
   51.410568    11.391514     4.825890    15.783589   -34.523132  -151.069782
   51.472554    11.801489     5.238311    15.671724   -30.364250  -151.043117
   51.053835    11.249288     4.867644    15.773268   -12.554583  -164.807686
   51.432495    11.474787     4.918119    15.815130   -36.865877  -152.344731
   51.708313    11.598935     4.941044    15.881898   -31.153563  -164.691202
