   52.811924    11.903295     4.847803    15.922192   -36.371501  -144.683687
   52.486188    11.993320     5.189527    16.416034   -46.289762  -136.344996
   52.233544    11.503786     4.708583    16.186864   -44.559349  -135.219063
   52.391249    11.719958     4.933057    16.221982   -43.527866  -126.811896
   52.209209    11.916102     5.251580    16.128714   -29.808618  -137.007657
   52.183941    11.535485     4.842559    16.464429   -46.784360  -132.572300
   52.588170    11.798305     4.830801    16.244422   -50.629620  -140.652977
   52.224688    11.744974     5.040007    16.365375   -44.139797  -137.635259
   52.366618    11.754761     4.913996    16.197185   -39.289638  -146.401599
   52.589683    11.733864     4.759183    16.301462   -46.679161  -141.450589
   52.375410    11.661901     4.830715    16.213651   -48.001279  -132.342745
   52.425451    11.739735     4.892566    16.338209   -58.484777  -130.572039
   52.554544    11.687051     4.731545    16.346655   -57.298407  -133.197171
   52.260199    11.828578     5.054325    16.345439   -60.399058  -141.529674
   52.170553    11.854778     5.155544    16.109031   -55.485538  -128.982096
   52.382954    11.577865     4.783266    16.163230   -44.977972  -119.182501
   52.171559    11.750401     5.064370    16.194364   -29.775224  -141.341803
   52.251141    11.647963     4.925809    16.108219   -48.327428  -120.190166
   52.179526    11.658122     4.897699    16.177997   -41.507110  -146.073791
   52.656500    11.846692     4.839517    16.053532   -48.879806  -141.261200
   52.459148    11.916747     5.075162    16.246722   -49.968504  -137.623283
   52.471351    11.727720     4.921762    16.152199   -54.481875  -113.432340
   52.818775    11.848698     4.788639    16.094228   -31.297935  -144.656674
   52.093853    11.848360     5.186991    16.151704   -36.054344  -144.932571
   52.667789    11.628176     4.650481    16.165353   -20.872173  -137.210821
   52.187672    11.704308     5.074216    16.305574   -42.382026  -123.123242
   52.605487    11.764556     4.870059    15.931682   -39.134580  -122.902553
   52.501196    11.777573     4.971740    16.103389   -50.152907  -114.133962
   52.350893    11.634340     4.875983    16.102843   -35.605118  -122.148935
   52.523013    11.688672     4.785860    15.929909   -19.614202  -140.719592
   52.315059    11.616947     4.810305    16.309874   -45.143649  -137.756650
   52.163960    11.674527     5.019072    16.278699   -59.234091  -119.246145
   51.919484    11.472568     4.855865    16.078395   -37.241544  -133.522539
   52.248343    11.502748     4.665459    15.871550   -28.834638  -137.556853
   52.778863    11.698586     4.684570    15.962014   -33.184653  -127.659651
   52.305090    11.910155     5.155655    16.247093   -46.078731  -140.315269
   52.365081    11.886816     5.094983    16.360242   -45.776781  -143.980876
   52.368454    11.929410     5.204082    16.298904   -70.897886  -113.167795
   52.288283    12.019734     5.280544    16.323981   -43.888760  -149.810972
   52.487237    11.753430     4.922549    16.075782   -40.490698  -124.325985
   52.245272    11.642757     4.927697    16.111779   -39.241380  -124.418201
   52.547668    11.797765     4.929531    16.075715   -54.101458  -119.179007
   52.491661    11.822046     5.034241    16.217745   -50.412018  -116.390433
   52.112514    11.517619     4.982584    16.332357   -49.110587  -104.312217
   52.230380    11.640626     4.887464    16.254763   -41.203561  -139.348884
   52.655753    11.779888     4.830218    16.095722   -40.657142  -130.951157
   52.223742    11.594269     4.883491    16.321408   -44.386184  -129.085603
   52.280580    11.895266     5.123132    15.954677   -45.114573  -134.395976
   52.046523    11.699277     5.078880    16.212107   -67.274556  -118.276476
   52.375085    11.907511     5.132789    16.243951   -41.737813  -138.109885
   52.512129    11.880692     5.036290    16.053171   -48.253324  -126.053575
   52.643945    12.076672     5.179016    16.370620   -48.376129  -138.089358
   52.605645    11.600924     4.553435    16.075469   -53.784497  -136.220705
   52.037616    11.778003     5.178743    16.213174   -51.200876  -128.838426
   52.226226    11.886876     5.108519    16.009587   -56.567404  -134.910883
   52.393762    11.652128     4.764291    15.903199   -41.418593  -135.006216
   52.397929    11.835119     5.075021    16.038284   -52.680752  -115.672033
   52.692169    11.777954     4.810349    16.170652   -40.057546  -130.952623
   52.689146    11.847543     4.896813    16.298172   -33.185752  -137.216738
   52.548307    11.771549     4.821463    15.776920   -38.871295  -136.631646
   52.432554    11.647416     4.718978    15.830404   -43.221219  -134.540443
   52.368861    11.831239     5.073737    16.258291   -45.975214  -128.999607
   52.496874    11.747059     4.857333    15.969124   -48.098036  -127.558296
   52.724654    11.875627     4.876545    16.296210   -41.941882  -139.387405
   52.118413    11.460607     4.738096    16.097903   -45.557512  -126.887593
   52.166192    11.880183     5.168552    16.137206   -37.942306  -147.332452
   52.603946    11.921996     5.010549    16.341491   -41.139697  -141.216809
   52.444651    11.994761     5.185275    15.956178   -42.343078  -132.688664
   52.847881    11.724902     4.685084    16.143082   -66.783113  -104.872034
   52.599591    11.880300     5.081342    16.235496   -46.834931  -111.671819
   52.610886    12.031214     5.153918    16.196920   -42.697494  -136.433499
   52.251530    11.543793     4.814536    16.121664   -35.922518  -123.488559
   52.424686    11.703360     4.853778    16.274569   -51.860888  -131.491599
   52.514971    11.710078     4.788517    15.945351   -45.958967  -130.747857
   52.384024    11.719809     4.934018    16.377744   -27.579977  -140.362994
   51.963796    11.596042     5.057888    16.298678   -31.317563  -133.757600
   52.345045    11.846978     5.050301    16.280578   -46.320808  -142.613587
   52.568940    11.695401     4.709256    16.122215   -69.309815  -123.977856
   52.232220    11.602320     4.868675    16.115752   -53.400050  -119.524672
   52.051408    11.447511     4.740199    16.145205   -60.133464  -123.932154
   52.304649    11.781895     5.019586    16.268577   -51.517028  -132.963082
   52.554186    11.519777     4.568390    16.040508   -43.714557  -123.616980
   52.150373    11.683589     5.003706    16.097874   -54.973549  -120.070367
   52.215301    11.856557     5.166662    16.265915   -39.830123  -139.271411
   52.426974    11.607551     4.688797    16.088996   -46.674335  -138.177529
   52.395855    11.820290     4.948469    15.708662   -57.282542  -119.481187
   51.958082    11.468242     4.613724    15.661035   -50.771693  -135.004429
   52.492458    11.605997     4.699062    16.059544   -45.665189  -127.182766
   52.515588    11.741912     4.830903    16.227839   -41.392356  -140.179160
   52.392315    11.764150     4.918416    15.895366   -40.530207  -133.080156
   52.624579    11.692948     4.694228    16.106483   -28.737311  -147.791529
   52.125470    11.876985     5.236068    16.319199   -36.175194  -146.480672
   52.416742    11.633889     4.639502    15.805873   -36.522909  -153.042036
   52.845163    11.896043     4.835972    16.307271   -44.068266  -135.428513
   52.134825    11.698990     5.020882    16.138328   -36.631141  -135.294762
   52.374156    11.763179     4.940227    16.118109   -43.018044  -136.214363
   52.366436    11.657069     4.784737    15.897172   -28.512099  -143.637655
   51.873181    11.839717     5.297135    16.175117   -53.865830  -134.139170
   52.221370    11.705280     4.946694    16.237336   -50.643088  -138.952467
   52.467188    12.040621     5.249458    16.095360   -46.517778  -130.162542
   52.468759    11.701243     4.833744    15.934273   -35.614323  -130.481274
   52.585393    11.798990     4.921647    16.427374   -41.834454  -129.348901
   52.689697    11.814596     4.886817    16.187255   -35.880206  -127.887279
   52.166838    11.641333     4.887665    16.262266   -42.856732  -148.966837
   52.386408    11.775521     4.939037    16.152770   -60.488569  -127.858145
   51.878433    11.591207     4.979668    16.180511   -34.616994  -155.111002
   51.846686    11.745707     5.167866    16.077120   -44.541024  -141.112387
   52.566095    11.811434     4.835347    16.296278   -32.400160  -160.905770
   52.109643    11.919588     5.243468    16.087651   -36.426713  -145.769136
   52.327375    11.759479     4.904429    16.195123   -42.629734  -154.068246
   52.252353    11.945085     5.213317    16.230819   -42.225483  -145.761369
   52.435043    11.768342     4.883574    16.401043   -48.377186  -148.259779
   52.306808    11.707943     4.883057    16.187439   -31.089722  -153.621244
   52.425612    11.563747     4.632545    16.035895   -32.995805  -145.662888
   52.215993    11.671795     4.855928    15.873680   -38.194598  -140.567231
   52.255402    11.830647     5.057640    16.047800   -34.990965  -145.928948
   52.470264    11.958124     5.122947    16.324460   -29.763625  -152.143769
   52.181967    11.544968     4.753288    16.122051   -37.610114  -145.691734
   52.367352    11.815041     5.010423    16.132304   -31.142101  -143.731901
   52.111114    11.757239     5.084044    16.276191   -33.732638  -149.933409
   52.590878    11.985244     5.095460    16.142058   -51.873224  -131.886060
   52.376061    11.863218     5.088371    16.304148   -39.660968  -138.678464
   52.628116    11.775962     4.846581    16.248502   -39.962458  -131.861584
   52.399423    11.833675     5.052200    16.342538   -47.772259  -131.718014
   52.347596    11.637608     4.859071    16.253511   -39.550817  -129.251652
   52.160619    11.514585     4.773825    16.224369   -38.691406  -139.151818
   52.423191    11.950522     5.185380    16.272452   -33.356499  -137.776879
   52.189929    11.677054     4.991878    16.322696   -55.961395  -126.012202
   52.421530    11.725281     4.899163    16.299754   -40.552028  -135.286349
   52.027773    11.443306     4.816957    16.217075   -47.997210  -122.761190
   52.269850    11.910622     5.240640    16.359940   -44.461422  -131.435995
   52.350023    11.921086     5.142214    16.236711   -60.909943  -130.016642
   51.976422    11.765280     4.974922    15.686647   -27.867859  -158.858744
   52.425622    11.557953     4.634222    16.019490   -49.769291  -131.318758
   52.368617    11.691220     4.863989    16.206118   -39.187345  -139.174412
   52.492329    11.680985     4.794000    16.210359   -40.347351  -134.370930
   52.370671    11.741759     4.958949    16.416135   -55.483292  -128.790197
   52.506360    11.912565     5.063449    16.239452   -50.058034  -132.636438
   52.215797    11.903608     5.152006    16.167536   -42.312480  -150.604512
   52.240478    11.754070     5.034614    16.298965   -49.538159  -133.153151
   52.376948    11.574070     4.728277    16.236990   -31.504567  -140.285616
   52.479346    11.817080     4.975607    16.387204   -48.318359  -133.525208
   52.480886    11.946640     5.107872    16.267965   -55.494371  -132.677500
   52.170869    11.777808     5.038147    16.192966   -62.065883  -133.997537
   52.572016    11.825427     4.913760    16.308339   -50.585745  -133.317471
   52.205070    11.558935     4.750617    15.917916   -40.904343  -133.991412
   52.636312    11.634860     4.694506    16.144166   -48.608910  -117.910806
   52.001678    11.775003     5.193965    16.249438   -45.105877  -135.242570
   52.704368    11.852500     4.857051    16.261544   -43.507474  -138.731340
   52.628280    11.773640     4.792450    15.758280   -43.293958  -131.534876
   52.315810    11.527502     4.681622    16.174452   -43.353484  -136.977448
   51.912390    11.650070     4.985007    16.030073   -42.069078  -148.212089
   52.313956    11.800784     5.019609    16.335818   -36.155300  -149.447886
   52.229490    11.831863     5.128412    16.285572   -28.167601  -146.993946
   52.341889    11.957990     5.222456    16.250462   -45.162413  -134.305860
   52.629487    11.647188     4.596082    15.926006   -52.396673  -134.491232
   52.488233    11.641868     4.666452    15.985167   -46.116726  -141.709327
   52.324237    11.679447     4.783799    15.823795   -50.396670  -134.275321
   52.354222    11.484833     4.562599    15.723616   -40.205468  -127.147938
   52.545614    11.904076     5.072555    16.089939   -57.133410  -116.183484
   52.307731    11.979369     5.292695    16.411465   -50.224475  -131.931708
   52.292797    11.660963     4.901518    16.320263   -43.815606  -133.890340
   52.654643    11.777170     4.827665    16.073594   -53.271452  -122.508757
   52.273978    11.864314     5.164309    16.069547   -35.579788  -129.175880
   52.663188    11.641987     4.651287    16.084646   -44.995741  -126.684935
   52.581724    11.939433     5.078485    16.294718   -38.692475  -134.866414
   52.050456    11.738927     5.108456    16.161346   -37.472538  -137.853694
   52.488050    11.521102     4.628864    16.185064   -47.607742  -121.137603
   52.816980    11.890532     4.875904    16.216980   -34.452355  -135.681694
   52.187259    11.925230     5.287123    16.318955   -44.398576  -134.325827
   52.761613    11.846096     4.849471    16.146161   -50.973165  -125.598340
   52.034562    11.710670     5.116125    16.276758   -44.457057  -133.215703
   52.099616    11.458346     4.739267    16.164598   -55.660896  -125.398431
   52.112660    11.747145     5.069320    16.048901   -52.180049  -125.627788
   52.289893    11.507476     4.789069    16.416872   -49.509337  -117.715162
   52.576652    11.688293     4.689601    16.322780   -46.424384  -146.502646
   52.409378    11.606552     4.713760    15.947342   -42.570475  -132.404315
   52.579597    11.661888     4.759795    16.043744   -38.090542  -123.564879
   52.380904    11.668571     4.855741    16.309645   -37.288050  -136.853318
   52.187042    11.684357     4.986939    16.202842   -48.297569  -128.564162
   52.840216    11.953295     4.944365    16.262558   -44.238972  -129.558147
   52.415779    11.697722     4.886550    16.073447   -31.509108  -130.336186
   52.258961    11.591196     4.813438    16.144514   -32.373601  -138.509082
   52.494318    11.909385     4.995563    16.117011   -37.065742  -155.086409
   52.496180    11.953170     5.036617    16.100037   -34.588308  -159.714276
   52.499530    11.881550     5.003078    16.255335   -37.082730  -147.163090
   52.333174    11.694823     4.838192    16.275055   -42.247214  -153.092993
   52.557535    11.867531     4.960289    16.089701   -22.476505  -150.939281
   52.227585    11.920219     5.175435    16.334518   -48.864215  -152.299660
   52.312149    11.864242     5.013245    16.156637   -54.217342  -149.927064
   52.202032    11.693724     4.956633    16.440260   -46.064881  -149.203394
   52.716915    11.740737     4.648114    16.004880   -34.752435  -154.487144
   52.652112    11.872858     4.869756    16.319050   -39.917761  -152.894910
   52.529124    12.055834     5.201440    16.288771   -37.427101  -148.663727
   52.408816    11.862955     5.021104    16.011339   -35.848437  -143.235878
   52.661784    12.024080     5.071245    16.221276   -45.593674  -144.812400
   52.158955    11.851908     5.191168    16.251531   -53.871633  -130.442429
   52.232006    11.936455     5.235588    16.195642   -34.538366  -143.789285
   52.341617    11.523862     4.624243    16.126245   -42.591828  -143.900597
   52.242354    11.834739     5.017968    16.000389   -62.545048  -133.510720
   52.460808    12.166356     5.319645    16.107130   -50.074963  -147.405980
   52.476905    11.926065     5.091170    16.307654   -50.056030  -135.794069
   52.107684    11.887434     5.226214    15.955594   -40.836769  -130.576309
   52.009100    11.706574     5.117007    16.390581   -54.129940  -136.592001
   51.947272    11.562992     5.000501    16.131458   -51.817032  -118.216117
   52.228004    11.751288     5.039983    16.315139   -50.515650  -133.018193
   52.652932    11.729082     4.742584    16.231567   -42.523722  -136.191583
   52.005778    11.721822     5.108378    16.056207   -25.822443  -139.167042
   52.507707    11.722111     4.777350    15.847222   -18.197574  -153.472845
   52.299682    11.707615     4.922046    16.226010   -40.982051  -139.810571
   52.267912    11.669649     4.947991    16.271924   -57.235501  -120.247730
   51.864674    11.571214     5.059606    16.186004   -48.394283  -123.693323
   52.531605    11.979092     5.135886    16.248019   -33.664054  -142.272105
   52.178129    11.626462     4.942442    16.138524   -38.305519  -126.731326
   52.197975    11.833306     5.161042    16.109046   -24.042049  -138.352483
   52.195898    11.749074     5.045096    16.375167   -18.152718  -158.192780
   52.201939    11.672007     4.989257    16.278829   -34.625925  -133.445829
   52.065497    11.750835     5.084963    15.994119   -43.252293  -131.107568
   52.740857    11.805524     4.752943    16.266867   -30.961474  -151.271277
   52.336340    11.876105     5.077899    16.143946   -41.574790  -143.708525
   52.651512    11.779306     4.829000    16.264046   -31.224453  -138.706122
   52.505295    11.726969     4.809595    16.258152   -38.046571  -145.034905
   52.157012    11.763104     5.110161    16.298758   -31.081935  -140.476968
   52.311298    11.681865     4.960121    15.976764   -34.596533  -118.181959
   52.233119    11.582343     4.871905    16.376890   -34.323459  -134.345892
   52.097100    11.623033     4.872149    16.043603   -41.483347  -145.106986
   52.225391    11.809254     5.055199    15.990105   -58.193532  -124.525008
   52.394089    11.671598     4.816713    16.177119   -48.062032  -134.430398
   52.500034    11.822346     4.957357    16.037000   -40.241912  -133.214342
   52.501810    11.633543     4.656546    16.124115   -35.884927  -151.688328
   52.069068    11.912744     5.263949    16.068321   -36.153391  -142.748687
   52.769362    12.075322     5.142455    16.070319   -27.950869  -140.719535
   52.305891    11.780822     4.999765    16.040912   -33.584280  -139.362534
   52.232366    11.999550     5.237924    16.031566   -46.874886  -144.446607
   52.458435    12.152698     5.358538    16.127582   -38.528586  -143.923875
   52.194312    11.756227     5.086382    16.244734   -54.891425  -123.106642
   52.107871    11.817502     5.187434    16.164983   -50.976413  -126.093402
   52.910452    11.672831     4.507256    15.974872   -40.586411  -135.423977
   52.356804    11.637643     4.774968    15.769461   -32.245752  -133.077087
   52.494038    12.029366     5.226924    16.448523   -43.247422  -139.641745
   52.436068    11.561623     4.651991    15.952844   -42.868566  -129.908472
   52.645538    11.628883     4.641020    15.892373   -33.704738  -131.437296
   52.017394    11.799338     5.163139    15.966915   -51.201396  -124.436012
   52.679716    11.752243     4.784202    16.130690   -41.467388  -129.859040
   52.404674    11.873185     4.997356    16.062111   -32.292608  -157.312372
   52.750395    11.797831     4.784096    15.874601   -49.079715  -126.041580
   52.241712    11.779109     5.061475    15.854156   -44.507617  -117.559211
   52.243289    11.710538     4.978621    15.812232   -37.425402  -119.619350
   52.306799    11.882570     5.120696    15.792957   -36.848860  -127.585460
   52.339618    11.870371     5.154141    16.145612   -29.653648  -131.462417
   52.372919    11.559583     4.638632    15.858242   -42.202312  -135.421074
   52.560056    11.965609     5.103715    15.751911   -44.955553  -123.067126
   52.461923    11.892519     5.034521    15.944623   -28.688693  -145.200946
   52.527290    11.595934     4.635186    15.881157   -27.437233  -140.624089
   52.657740    11.737001     4.652767    15.733228   -41.574641  -147.147369
   52.691021    11.816354     4.831422    16.280363   -32.275688  -142.927121
   52.376096    11.698271     4.813099    15.987662   -34.565799  -147.742031
   52.535100    12.033838     5.138201    15.810799   -54.213030  -130.182528
   52.111490    11.897929     5.163795    15.969603   -54.635539  -136.728205
   53.235182    12.140309     4.956467    15.826357   -33.574578  -145.423834
   52.284512    11.713897     4.954514    15.969798   -52.034732  -118.992608
   52.025906    11.679929     5.008299    15.847769   -60.253958  -111.538642
   52.355012    11.763256     4.947083    15.858067   -42.065320  -127.922088
   52.158012    11.991327     5.327528    15.942585   -50.197914  -123.540581
   52.662032    11.839915     4.891545    16.066314   -48.070509  -128.702195
   52.385834    11.856307     5.117169    16.154395   -51.789247  -118.054873
   52.372304    11.890372     5.051106    16.021744   -51.257173  -137.516019
   52.639075    12.072210     5.221782    16.241965   -33.204076  -135.976185
   52.290066    12.011175     5.279169    15.965832   -49.781911  -127.291361
   51.997190    11.294965     4.613157    16.288985   -30.006277  -145.345984
   52.331492    11.772216     4.990844    16.390794   -50.747503  -137.987402
   52.195374    11.561817     4.770577    16.182159   -52.941631  -137.260245
   52.234230    11.792172     5.085476    16.495518   -37.385634  -149.229590
   52.040262    11.624965     4.986434    16.156447   -38.619927  -134.825279
   52.613736    11.828573     4.894584    16.080074   -47.503077  -131.362843
   52.111705    11.692025     4.919734    15.972914   -44.583667  -144.876683
   52.462607    11.581188     4.691416    16.076457   -49.036076  -123.959709
   52.400595    11.672167     4.764218    15.912839   -48.898785  -134.403589
   52.262480    11.680236     4.937575    16.420406   -40.847253  -141.292636
   52.466532    11.552461     4.565686    15.893926   -46.812397  -136.204057
   52.444508    11.667907     4.801635    16.420249   -57.954528  -130.362965
   52.305887    11.655652     4.900603    16.322769   -34.753313  -135.622064
   52.213366    11.460292     4.653704    16.231343   -48.983803  -136.992879
   52.140113    11.378681     4.614067    16.136174   -50.397135  -126.786402
   52.200914    11.637501     4.937605    16.236145   -46.670551  -127.365438
   52.251508    11.733965     5.037384    16.189493   -49.242767  -121.791889
   51.989906    11.687730     5.046514    16.325652   -35.847427  -161.408877
   51.932715    11.747921     5.178566    16.265713   -47.635116  -140.454954
   52.015352    11.544044     4.881027    16.448074   -43.075118  -157.876882
   52.256426    11.769684     5.057260    16.370309   -47.664781  -134.141980
   52.197148    11.595933     4.805094    16.234957   -26.547912  -160.529141
   52.535639    11.586097     4.708912    16.146503   -39.465443  -120.070928
   52.202710    11.675328     5.038614    16.363592   -31.001007  -129.018299
   52.276385    11.805350     5.129965    16.215267   -31.404529  -128.478583
   52.018735    11.569506     5.029431    16.317281   -48.981235  -117.903809
   52.504587    11.656390     4.803644    15.944892   -47.839602  -113.509570
   52.169121    11.619147     4.893696    16.075517   -34.823010  -135.517840
   52.042789    11.722000     5.120226    16.052537   -41.661541  -123.410261
   52.173727    11.718677     5.018158    16.024991   -31.587892  -133.926022
   52.594496    11.846961     4.910938    16.192754   -36.016301  -144.428514
   52.223803    11.587741     4.861854    16.284559   -49.264989  -127.773681
   52.228913    11.931890     5.194125    16.004772   -41.032701  -139.151260
   52.451648    11.890711     5.018212    15.875444   -37.209857  -141.255464
   52.708873    11.801949     4.784778    16.022370   -48.072461  -134.450075
   52.432992    11.910138     5.120388    16.179987   -52.872545  -125.540104
   52.429500    11.753246     4.895311    16.121854   -28.625348  -145.646272
   52.905002    12.051555     5.065718    15.806189   -41.672884  -126.052270
   52.028290    11.748621     5.151105    16.187268   -44.677786  -130.951447
   52.149508    11.566198     4.830359    16.111457   -44.196343  -133.553510
   52.462599    11.955394     5.073939    16.231432   -47.196072  -150.377374
   52.309478    11.706073     4.826946    15.740719   -50.174379  -129.436331
   52.762930    11.764249     4.666758    15.757361   -39.966052  -143.507722
   52.595908    11.738219     4.750187    16.030217   -47.384970  -138.291042
   52.693524    11.990465     5.012739    16.011298   -36.938100  -147.694963
   52.726922    11.793834     4.750981    15.751362   -40.208799  -137.999295
   52.412763    11.625544     4.824479    16.105818   -38.804926  -121.413076
   52.344311    11.673429     4.897864    16.274942   -26.009024  -138.810490
   52.153784    11.670524     4.964468    16.130090   -38.206195  -136.603363
   52.346012    11.534800     4.709120    16.180766   -34.319710  -134.236081
   52.303506    11.687997     4.943789    16.261225   -42.514861  -129.179659
   52.667781    11.873346     4.924619    16.163360   -40.487969  -136.000336
   52.118302    11.518488     4.824865    16.036131   -35.973256  -126.667924
   52.361769    11.552354     4.683960    16.156669   -36.506806  -140.969994
   52.695007    11.727816     4.806047    16.432915   -54.737723  -111.751424
   52.895597    11.819385     4.813146    16.080863   -29.344456  -123.114766
   52.709185    11.879459     4.987957    16.066844   -41.627020  -118.221720
   52.006813    11.675571     5.053879    16.294226   -43.987912  -143.553967
   52.235654    11.867250     5.118635    16.201484   -46.535711  -143.870896
   52.367292    11.721386     4.886208    16.136073   -48.531470  -134.671260
   52.646042    11.769272     4.765089    16.101021   -46.216551  -139.745352
   52.354355    11.711541     4.865756    15.916011   -59.361892  -120.906612
   52.669246    12.000863     5.070680    16.031245   -38.893458  -139.557377
   52.621624    11.635285     4.630768    16.307130   -48.230987  -135.638859
   52.377521    11.652348     4.785010    15.977679   -38.966308  -137.158688
   52.277001    11.640044     4.905665    16.285801   -56.286002  -121.253276
   52.465400    11.563517     4.733299    16.355096   -42.984852  -120.595235
   52.493911    11.594193     4.678002    15.972364   -46.233019  -125.234475
   52.087664    11.752897     5.139577    16.144089   -47.691621  -123.401030
   52.509811    11.849442     5.012641    16.049041   -26.280023  -136.078600
   52.428774    11.698697     4.823475    16.102333   -37.017236  -140.744572
   52.471494    11.827077     4.997088    16.365921   -42.013193  -135.840658
   52.408166    11.682898     4.790420    16.001840   -14.625162  -157.875291
   52.309724    11.805811     5.089594    16.245457   -59.432301  -118.182940
   52.376513    11.745847     4.916290    15.760236   -35.298414  -128.135918
   52.362683    11.530470     4.652195    16.034592   -41.531569  -133.885529
   52.523588    11.679497     4.746367    15.972527   -38.669893  -136.107391
   52.709403    12.041250     5.068174    16.172458   -44.075635  -144.732367
   52.537464    11.826699     4.942723    16.327018   -51.708405  -131.840962
   52.680451    11.819448     4.801971    16.044994   -49.705339  -138.091295
   52.365358    11.733550     4.976780    16.154140   -52.458109  -117.491802
   52.525803    12.059319     5.192311    16.199430   -49.522076  -141.761125
   52.401539    11.695890     4.782242    15.933485   -32.268081  -150.507939
   52.737814    11.644373     4.525481    15.958437   -60.318735  -129.723960
   52.310084    11.619978     4.793107    16.237004   -38.897040  -144.694083
   52.277880    11.720510     4.907903    16.117252   -52.411699  -137.630877
   51.992821    11.619796     5.065178    16.247994   -46.554672  -123.608109
   52.562413    11.775096     4.853472    16.237617   -48.494520  -133.827457
   52.392866    12.038823     5.272209    16.254576   -46.285110  -138.410261
   52.157930    11.822352     5.161805    16.081680   -36.854219  -131.427215
   52.323560    11.493709     4.644502    16.031814   -59.407396  -117.639304
   52.432049    11.737791     4.922788    16.345249   -53.546928  -125.920252
   52.372678    11.521718     4.610386    16.086936   -42.134911  -140.855467
   52.113004    11.690575     4.932205    15.770429   -34.044038  -135.878187
   52.512432    11.489013     4.471775    16.073449   -45.482500  -139.848957
   52.596098    11.659645     4.750847    16.278524   -27.462725  -131.730286
   52.370330    11.615117     4.775908    16.175708   -44.149970  -133.146321
   52.753294    11.888949     4.863066    16.246139   -52.761822  -134.788010
   52.622305    11.961383     5.076089    16.201070   -52.255584  -126.607427
   52.621308    11.997326     5.084868    16.243495   -60.673004  -129.405918
   52.320677    11.901475     5.189764    16.380874   -60.116360  -124.668473
   52.293869    11.942136     5.212077    16.308164   -30.212690  -150.405016
   52.471082    11.660289     4.766402    16.113147   -58.131308  -123.544783
   52.168442    11.555229     4.823012    16.151975   -40.164042  -134.108811
   52.280648    11.549077     4.748380    16.056009   -49.179053  -124.520541
   52.522031    11.881742     4.967232    16.177226   -41.692371  -147.839787
   52.141407    11.646239     4.926509    16.237554   -48.133350  -139.706369
   52.243950    12.059117     5.350034    16.079761   -50.582360  -133.753786
   52.606089    11.735818     4.813683    16.112750   -38.915234  -129.706803
   52.557161    11.758279     4.818870    16.026707   -49.220339  -132.544226
   52.583138    11.658012     4.655726    16.061429   -47.677700  -138.046128
   52.433728    11.539243     4.621552    16.149584   -49.416964  -132.601357
   52.498798    11.998670     5.149476    16.251730   -63.625741  -129.255032
   52.266399    11.643570     4.862951    16.189884   -44.202274  -136.281301
   52.526983    11.813702     4.886153    16.117197   -48.362426  -139.726936
   52.612828    11.758476     4.709616    15.797109   -55.876830  -136.162017
   52.466552    11.934115     5.089751    16.221604   -39.595248  -144.421695
   52.505221    11.904348     5.071662    16.425781   -44.717801  -135.964334
   52.148345    11.777573     5.030656    16.290475   -66.758198  -140.325325
   52.357509    11.611936     4.669848    15.815899   -49.601170  -136.468633
   52.546772    11.807889     4.813962    16.061883   -58.208253  -141.901261
   52.118470    11.550820     4.813301    16.152076   -29.755178  -148.562132
   52.644737    11.631405     4.628082    16.000343   -51.753754  -124.711020
   52.620647    12.027812     5.087460    16.029681   -50.794388  -140.050542
   52.610605    12.018289     5.084406    16.206621   -64.643759  -132.639559
   52.356495    11.582736     4.735337    16.280180   -48.722503  -135.580625
   52.875679    12.030711     4.990886    16.095910   -50.314952  -133.131645
   52.719826    11.849288     4.853223    16.177907   -31.903575  -143.401938
   52.509290    11.947963     5.085134    16.011922   -53.619396  -128.801119
   52.566252    11.539555     4.531027    16.143601   -37.892431  -141.605420
   52.655146    11.638213     4.554992    16.323824   -56.023068  -142.703639
   52.359992    11.563017     4.657750    16.354070   -55.452028  -145.189896
   52.401974    11.637313     4.702383    15.971434   -51.830524  -137.820962
   52.732190    11.793469     4.744667    16.372246   -60.688023  -131.681936
   52.602849    11.820406     4.850815    16.526012   -45.910131  -148.029295
   52.245248    11.527427     4.733248    16.409568   -49.952078  -141.386220
   52.423181    11.623053     4.722048    16.128992   -33.177786  -146.001084
   52.101985    11.571146     4.806886    16.104056   -57.107786  -136.074831
   52.133982    11.437433     4.662911    16.033330   -44.054818  -131.777405
   52.063307    11.562927     4.891036    16.349376   -46.449016  -142.925937
   52.112998    11.528591     4.781887    15.929916   -36.709827  -132.732096
   52.480488    11.620641     4.771701    16.322152   -47.316055  -122.664200
   52.303977    11.524898     4.746686    16.265345   -34.953303  -131.403527
   52.448653    11.471704     4.559551    16.174050   -46.756201  -127.286850
   52.043351    11.477615     4.768442    16.235994   -61.408777  -131.714751
   53.089916    11.769289     4.517215    16.299619   -54.644047  -122.561361
   52.255418    11.547809     4.729889    16.194839   -43.180690  -141.461250
   51.906048    11.392705     4.760475    16.149730   -60.156636  -123.788468
   52.229400    11.637041     4.942201    16.347560   -57.100489  -121.237961
   52.381556    11.659255     4.830496    16.236823   -37.106071  -137.869627
   52.199474    11.591218     4.836259    16.048138   -44.269066  -129.754587
   52.190158    11.502108     4.712598    16.041097   -45.053694  -132.004832
   52.455444    11.649983     4.765334    16.253804   -30.858508  -143.657434
   52.476186    11.757111     4.900476    16.152206   -45.507048  -129.984774
   51.871314    11.420703     4.957719    16.655665   -55.586163  -134.020446
   52.557289    11.864130     4.956921    16.426011   -48.644090  -140.249634
   52.267531    11.495621     4.634388    15.972222   -38.423021  -138.725164
   52.046166    11.415408     4.715565    16.237911   -43.811363  -137.959040
   52.479756    11.722752     4.827239    16.101381   -40.093007  -138.174938
   52.667784    11.675872     4.650998    16.254387   -47.096522  -136.186915
   52.354433    11.654852     4.902957    16.299908   -51.073218  -119.079153
   52.491216    11.705803     4.833500    16.162137   -59.110636  -120.168840
   51.882120    11.341590     4.753025    16.388147   -41.527789  -145.531997
   52.149880    11.522930     4.823825    16.474265   -47.778234  -138.794395
   52.513932    11.951822     5.137147    16.485275   -56.013910  -128.144110
   52.473825    11.893056     5.049729    16.359468   -53.011796  -135.664158
   52.660850    11.633230     4.591180    16.293172   -43.117222  -140.919255
   51.664332    11.389480     4.880073    16.183326   -31.394204  -153.930660
   52.364125    11.416606     4.517049    16.267464   -42.180660  -138.484995
   51.639611    11.560850     5.185349    16.397379   -53.749341  -138.846961
   52.263771    11.853943     5.101356    16.236584   -45.441433  -142.666693
   52.171909    11.551527     4.818158    16.319374   -55.170995  -132.600444
   52.201352    11.456776     4.677012    16.287803   -46.504616  -136.834109
   52.500165    11.898408     4.975354    16.157313   -44.798896  -151.207906
   52.216262    11.629367     4.877961    16.314655   -33.353296  -147.818492
   52.484907    11.815328     4.894391    16.425546   -52.981747  -149.433813
   51.914938    11.388556     4.758693    16.219263   -37.604938  -142.329693
   52.244493    11.663992     4.934748    16.457800   -34.053855  -145.350851
   52.505593    11.897189     5.002694    16.250647   -32.218787  -154.572890
   52.280198    11.605728     4.834465    16.017877   -38.819007  -126.619101
   52.006879    11.483916     4.830106    16.329175   -25.236250  -154.876098
   52.574033    11.906293     4.981948    16.416509   -49.022429  -144.007972
   52.652955    11.770747     4.809537    16.203667   -35.225994  -137.487240
   52.514872    11.610910     4.619483    16.325646   -47.680582  -148.431344
   52.364308    11.603767     4.768597    16.069681   -59.653712  -118.411003
   52.004354    11.769357     5.166646    16.116916   -51.340361  -127.216351
   52.301196    11.805057     4.975120    16.179774   -39.427042  -156.102128
   52.259637    11.763220     5.016763    16.427318   -55.754724  -138.699712
   52.467408    11.642480     4.656505    16.184554   -36.347232  -161.449210
   52.379692    11.694741     4.822336    16.125501   -53.987744  -135.566338
   51.919573    11.619219     5.018602    16.228170   -56.211519  -135.433341
   51.869166    11.508178     4.914057    16.246605   -45.008075  -145.303954
   52.168277    11.666723     5.005861    16.528631   -62.121528  -129.128845
   52.488512    11.877988     5.008536    16.331257   -41.323181  -145.481213
   52.153674    11.543234     4.778843    16.159913   -41.691374  -142.384420
   52.394317    11.659863     4.830573    16.221666   -33.639455  -137.689928
   52.454688    12.111966     5.280957    16.089669   -45.391485  -144.570982
   52.394361    11.712240     4.858399    16.396664   -55.226761  -139.044111
   52.327183    11.812165     5.034773    16.260602   -40.631158  -141.347703
   52.573761    11.770441     4.794187    15.863130   -46.110280  -136.715347
   52.500806    12.050851     5.202135    16.147407   -54.035176  -135.534448
   52.459712    11.708495     4.806442    16.332397   -45.056117  -144.658243
   52.373057    11.870462     5.090908    16.344158   -48.129981  -136.847434
   52.299170    11.768811     5.033287    16.398625   -40.108786  -138.401927
   52.001545    11.529545     4.854349    16.152139   -48.654302  -136.695505
   52.412165    11.826331     4.983135    16.313647   -59.614036  -134.841219
   52.384389    11.599647     4.748715    16.299306   -40.786560  -138.690924
   52.370172    11.826348     4.997187    16.188226   -34.643256  -150.152464
   52.520979    11.724739     4.790039    16.361105   -54.422667  -138.287282
   52.493150    11.620574     4.720506    16.157963   -44.631322  -129.661998
   52.487323    11.769846     4.883099    16.337256   -50.823341  -137.054351
   52.655831    11.737992     4.758010    15.956558   -35.570580  -136.301953
   52.766232    11.894154     4.878520    16.402196   -46.149738  -135.925204
   52.437815    11.723414     4.805136    15.921062   -36.772744  -145.247471
   52.230758    11.562493     4.782174    16.176532   -53.230097  -129.835243
   52.279558    11.706184     4.906869    16.238181   -47.503254  -142.443760
   51.989341    11.665373     5.077820    16.388727   -59.804289  -133.343352
   52.273099    11.786111     5.051530    16.331816   -31.758670  -145.347871
   52.187893    11.710717     5.070986    16.512409   -50.094617  -129.895941
   52.328845    11.807988     5.054997    16.234888   -46.560381  -130.833976
   52.333115    11.629140     4.828824    16.398706   -44.462512  -137.733188
   52.088629    11.776858     5.159712    16.239045   -49.132498  -129.075008
   52.468628    11.817119     4.944989    16.512822   -52.334300  -143.063590
   52.713521    11.916898     4.905960    16.321326   -51.353364  -140.484542
   52.444745    11.896428     5.077848    16.464193   -66.520650  -128.612176
   52.054613    11.497333     4.862562    16.283160   -50.566582  -125.905496
   52.368152    11.777635     5.014041    16.518760   -36.205635  -140.845324
   52.621551    11.762940     4.839107    16.302514   -30.419884  -136.791260
   52.240836    11.739483     5.084679    16.322485   -27.436997  -131.143258
   52.294825    11.834609     5.112555    16.335598   -35.437745  -139.830435
   52.157622    11.656066     4.956464    16.285311   -49.378111  -134.808331
   52.038354    11.560492     4.927166    16.210176   -52.763211  -125.525302
   52.060675    11.384210     4.683725    16.187800   -42.357363  -132.052410
   52.258188    11.853777     5.010897    15.982163   -50.117373  -148.073694
   52.105070    11.860065     5.149530    16.127086   -57.129175  -138.841468
   52.384451    11.562879     4.649181    16.162832   -48.375466  -141.186038
   51.959627    11.511568     4.809286    15.974174   -44.916974  -136.707442
   52.448491    11.675642     4.730811    16.182877   -58.413087  -139.770594
   52.420681    11.765860     4.849174    16.206534   -50.217632  -150.253679
   52.741557    11.875128     4.803934    16.263382   -51.767948  -146.069277
   52.142249    11.546385     4.822083    16.300903   -50.152388  -136.914124
   52.435856    11.630483     4.763972    16.255413   -43.957722  -133.534233
   52.405198    11.540606     4.679446    16.194127   -53.691901  -123.302007
   52.496512    11.991862     5.241959    16.469188   -63.612992  -114.849159
   52.879758    11.826248     4.716613    16.056083   -37.893949  -141.452739
   52.278571    11.737314     4.960017    15.846545   -43.578010  -124.324170
   52.317862    11.767648     4.974796    16.336694   -53.346190  -138.802247
   52.231896    11.523735     4.680799    16.027804   -46.107950  -138.284852
   52.827721    11.701263     4.598289    16.334526   -62.021187  -121.448303
   52.671937    11.842249     4.866101    16.304655   -53.759144  -132.224193
   52.139628    11.413060     4.665549    16.306819   -58.836571  -128.895970
   52.085111    11.554135     4.900788    16.011052   -49.789282  -114.637397
   52.418904    11.589398     4.649456    16.267312   -59.329235  -139.562260
   52.641409    11.922931     4.938499    16.207041   -64.644829  -133.880437
   52.333625    11.602429     4.686209    16.011444   -43.601425  -148.107871
   52.200406    11.550682     4.705643    16.114693   -49.105082  -147.152195
   52.426560    11.570501     4.562523    16.278974   -53.876598  -157.215817
   52.573012    11.615967     4.603042    16.332237   -51.111928  -142.136112
   52.383475    11.810049     4.891949    15.955148   -36.809197  -158.425383
   52.289635    11.519322     4.613029    16.025013   -58.709328  -134.119351
   52.657946    11.824159     4.841556    16.304908   -46.286473  -139.287127
   52.550773    11.622303     4.682128    16.206592   -50.693032  -127.874064
   52.562594    11.825067     4.887114    16.464406   -51.369578  -143.053055
   52.312886    11.786481     5.000741    16.382019   -45.854965  -145.682114
   52.649223    11.651381     4.571567    16.196198   -55.182243  -142.234195
   52.572996    11.718372     4.767911    16.147570   -36.206780  -141.438205
   52.082076    11.536967     4.797935    16.170658   -33.848370  -152.562889
   52.422314    11.684094     4.838176    16.261575   -39.041123  -137.084265
   52.632831    11.505759     4.485579    15.890249   -38.504054  -126.721140
   52.426185    11.619209     4.717972    16.280993   -57.892762  -133.664161
   52.631972    11.699915     4.692970    16.140074   -47.236768  -137.439934
   52.299248    11.736448     4.975847    16.276420   -57.188934  -127.724509
   52.395584    11.537830     4.673098    16.402109   -54.327780  -131.125430
   52.258948    11.433117     4.586284    16.025049   -54.745693  -123.600461
   52.264078    11.702429     4.875563    16.083366   -63.254652  -130.946645
   52.128085    11.461590     4.627431    16.012963   -46.646168  -143.638401
   52.544385    11.678593     4.750443    16.415099   -61.688544  -126.822271
   52.414377    11.491063     4.519876    16.173878   -57.997892  -137.496077
   52.668298    11.714204     4.657484    16.359868   -55.019844  -141.536876
   52.152878    11.530042     4.728855    16.258369   -56.139192  -145.413960
   52.356059    11.585287     4.699082    16.265071   -48.341206  -144.535127
   52.359099    11.866029     5.005934    16.057876   -59.046542  -137.556784
   52.710374    11.738219     4.647632    16.472341   -63.342156  -139.136245
   52.362960    11.603077     4.722383    16.178833   -50.078648  -138.876454
   52.454035    11.666555     4.733323    16.229242   -56.336504  -139.145572
   52.351365    11.673226     4.726502    16.067193   -45.185615  -159.011292
   52.453416    11.610922     4.662950    15.991146   -44.913632  -139.136946
   52.246791    11.683404     4.916101    16.389520   -40.726454  -149.452956
   52.098477    11.928437     5.243203    16.081907   -42.467761  -145.077130
   52.137818    11.879352     5.155620    15.938675   -34.553364  -144.502136
   52.139198    11.903775     5.237096    16.074567   -45.589621  -132.408175
   52.091081    11.839878     5.234458    16.172015   -26.718090  -138.336160
   52.560462    11.971318     5.147632    16.179306   -39.310827  -129.279066
   52.117500    11.893592     5.243310    16.120563   -41.915791  -135.711922
   52.386499    11.937865     5.103627    15.939229   -51.594880  -133.502355
   52.443467    11.806351     4.933258    16.130252   -51.023371  -136.209392
   52.120745    11.728666     5.103391    16.263647   -47.560380  -126.943033
   52.173531    11.640113     4.939113    16.128079   -46.664675  -126.375548
   52.316863    11.534278     4.653188    15.960992   -39.670513  -138.369598
   52.539466    11.773940     4.844940    16.063827   -54.617964  -130.392799
   52.384550    12.028446     5.225043    16.111335   -63.927604  -128.936993
   52.131606    11.586384     4.863442    15.981351   -49.071774  -123.737730
   52.048741    11.766507     5.164775    16.101544   -38.748859  -128.825433
   52.115485    11.840887     5.234872    16.252915   -49.845509  -126.405951
   52.467964    11.910456     5.091475    16.045529   -52.406886  -124.122041
   52.112644    11.590983     4.911412    16.219951   -47.525812  -130.962772
   52.447428    11.985412     5.121797    15.979623   -38.670020  -147.485062
   52.170434    11.839994     5.116927    15.956037   -22.956360  -147.558481
   52.619655    11.791309     4.872524    16.148654   -56.519302  -120.336763
   52.349997    11.969824     5.124808    16.039362   -46.574553  -149.824847
   52.274206    11.706304     4.898611    16.023821   -53.167124  -131.183726
   52.431882    11.796936     4.866074    15.872242   -41.325542  -147.484920
   52.373107    11.783327     4.806792    15.684949   -47.753027  -146.684301
   52.158481    11.967175     5.203467    15.968723   -46.598650  -148.228276
   51.979203    11.742434     4.975966    15.736752   -34.951144  -149.676571
   52.400711    11.957334     5.115111    15.981596   -53.757769  -134.753252
   51.999448    11.680316     5.047186    16.216244   -47.835756  -139.855633
   52.396131    11.782223     5.007598    16.302555   -39.560540  -131.310398
   52.542144    11.996460     5.188086    15.970901   -33.488413  -128.970632
   52.267587    11.632913     4.869968    16.036464   -35.853522  -130.274664
   52.577461    11.628711     4.645513    16.067726   -46.306420  -133.892110
   52.165837    11.750184     5.128337    16.381506   -47.700141  -126.704788
   52.302188    11.642876     4.842034    16.114458   -36.009194  -137.939598
   52.377968    11.967465     5.195017    16.217346   -40.116647  -140.621366
   52.571602    11.842941     4.941248    16.352273   -50.131804  -133.281580
   52.250086    11.699516     4.944163    16.065728   -25.205773  -141.540512
   52.216662    11.713667     5.012803    16.171325   -45.777908  -127.115566
   52.164374    11.763832     5.002351    15.889600   -64.056554  -119.371032
   52.392014    11.633444     4.751764    16.315013   -47.921016  -143.175369
   52.440412    11.936327     5.105012    16.048637   -43.179946  -137.393321
   52.553774    11.805255     4.876518    15.786064   -54.023380  -122.477409
   52.650885    11.858889     4.925621    16.106965   -38.626537  -134.471891
   52.396408    12.070093     5.338316    16.188494   -43.796259  -131.376343
   52.376097    11.714501     4.877070    16.328555   -41.274480  -144.801821
   52.483965    11.523790     4.550326    15.830206   -15.362023  -149.031670
   51.995825    11.635422     5.013122    16.070527   -44.647477  -128.535273
   52.236312    11.696646     4.926081    16.047887   -38.255367  -138.753897
   52.263250    11.909297     5.175364    16.237257   -42.694099  -142.869279
   52.686518    11.596657     4.551085    16.136591   -42.289702  -134.142605
   52.092779    11.704310     5.059099    16.184336   -58.782073  -122.456800
   52.754825    11.727575     4.702318    15.558345   -43.920292  -118.650950
   52.675441    11.738384     4.734465    16.007292   -33.663757  -141.094176
   52.590970    11.746550     4.781630    16.116642   -14.931400  -157.110523
   52.582461    11.823196     4.893193    16.158607   -50.103792  -133.572674
   52.306841    12.059403     5.242664    15.881062   -51.139229  -140.600346
   52.355548    11.819822     4.959829    15.893330   -47.586644  -137.341778
   52.400397    11.901782     5.081859    16.144784   -39.567801  -143.283834
   52.581358    12.036835     5.132625    15.899467   -55.905669  -129.573830
   52.730957    11.807933     4.737353    15.780412   -20.563050  -159.497591
   52.438794    11.982055     5.197174    16.102341   -30.118795  -139.450178
   52.411055    11.840003     4.952367    16.087135   -33.037891  -157.795496
   52.589156    11.827664     4.857368    15.970891   -33.775601  -149.491973
   52.339421    11.812137     5.038216    16.086649   -42.128381  -131.840069
   52.410963    11.889034     5.075883    16.193997   -41.341095  -139.940060
   52.382017    11.600163     4.716044    16.009046   -30.362815  -143.791733
   52.457886    11.720739     4.858884    16.284754   -32.622155  -142.123160
   52.445144    11.683024     4.746120    15.971476   -37.318786  -147.449886
   52.808717    11.901266     4.882458    16.149498   -33.107472  -139.380332
   52.416383    11.682479     4.776808    15.946401   -47.897260  -135.091974
   52.330798    11.728093     4.912406    16.183724   -33.932844  -146.625290
   52.279383    11.636512     4.749093    15.967714   -48.415792  -144.235386
   52.437852    11.848808     5.029181    16.186231   -43.837959  -133.844657
   52.613008    11.849162     4.905289    16.198773   -35.216898  -144.385612
   52.562160    11.872448     4.985911    16.216132   -44.041510  -134.490147
   52.773264    12.073560     5.056024    16.059932   -50.644149  -142.729723
   52.559435    11.933232     4.965932    16.138731   -47.625058  -152.991251
   52.389301    11.849385     4.928798    16.047070   -45.105707  -158.016237
   51.861191    11.971387     5.388218    15.999258   -54.263815  -134.962580
   52.334044    11.690034     4.812600    15.945486   -34.292290  -148.948424
   52.296708    11.964533     5.180094    15.979276   -49.056423  -136.736802
   52.273233    11.947455     5.148489    15.885839   -25.564578  -155.130208
   52.196533    12.049454     5.310388    15.809176   -49.287365  -131.189875
   52.409130    11.952909     5.117229    15.942484   -34.044690  -145.463085
   52.534963    12.036744     5.178264    16.290413   -45.797160  -142.079351
   52.196957    11.817646     5.128795    16.250657   -49.697438  -132.914539
   52.718397    11.645102     4.644612    16.220816   -38.396433  -126.769058
   52.270490    11.795181     5.047609    16.387957   -41.092998  -146.651002
   52.796028    11.900420     4.884995    15.971408   -38.114404  -136.958477
   52.296351    12.004451     5.266094    16.070463   -48.704819  -132.985984
   52.418528    11.778607     4.958461    15.808970   -27.508200  -131.059022
   52.344524    11.697029     4.897938    15.928324   -34.364006  -129.675915
   51.904472    11.706831     5.228613    16.239074   -26.275558  -132.873872
   52.029517    11.783416     5.146213    16.007585   -50.547712  -125.903749
   52.075161    11.865623     5.277349    16.174015   -42.964578  -128.468155
   52.431885    11.886787     5.088919    15.857243   -49.761409  -117.828114
   51.831021    11.909068     5.380655    15.933323   -40.158467  -129.854270
   52.562130    11.858208     4.939492    16.081314   -21.643682  -152.944583
   52.270653    11.815267     5.000703    15.781361   -38.608588  -136.808218
   52.116000    11.749198     5.095037    16.329639   -37.729845  -144.245411
   52.143200    11.701678     4.988775    16.269075   -37.318219  -149.646577
   52.440313    11.725017     4.863872    16.172785   -36.435661  -139.767037
   52.119448    11.635176     4.806342    15.831536   -47.432740  -140.796230
   52.176803    11.649041     4.825775    16.009139   -39.847828  -152.593774
   52.298056    11.759594     4.909187    16.072058   -13.032460  -173.828396
   52.268741    11.833381     5.010137    15.945461   -42.478759  -145.755989
   52.371221    11.788418     4.923446    15.926562   -31.269817  -148.900754
   52.562038    11.617030     4.677348    16.066336   -56.010330  -119.417788
   52.230776    11.618885     4.740353    15.799819   -37.634809  -145.382547
   52.363112    11.812209     4.943117    15.902879   -30.676752  -151.629032
   52.249293    11.919171     5.219338    16.170190   -19.276392  -148.473615
   52.473661    11.699072     4.830406    15.989757   -28.811676  -135.581058
   52.200260    11.945251     5.233634    16.149766   -26.951677  -154.419389
   52.163899    11.921144     5.205110    16.149415   -37.151930  -152.300343
   52.021105    11.737613     5.017606    15.883629   -33.096407  -147.600242
   52.013552    11.723650     4.962094    15.752459   -44.313221  -137.728467
   52.133263    11.662124     4.881490    15.924454   -22.818976  -155.629788
   53.052319    11.822218     4.641237    15.948272   -59.208363  -119.810211
   52.268894    11.718901     4.996583    16.220221   -26.178310  -137.785282
   52.323245    11.788061     4.978833    16.108075   -35.244142  -146.009416
   52.234078    11.843081     5.123662    16.103813   -35.020301  -138.689219
   52.404426    11.935147     5.138520    16.013801   -30.275582  -140.848028
   52.455578    12.030613     5.255587    16.131773   -30.991747  -138.216045
   52.295559    11.945918     5.229758    16.207820   -32.131274  -141.538062
   52.472015    11.631854     4.817906    16.211646   -39.036807  -119.590072
   52.607163    11.768380     4.821127    16.278522   -39.195610  -139.108844
   52.505330    11.852299     4.966139    16.115283   -40.186992  -140.938676
   52.221494    11.660391     4.951250    16.167259   -20.316203  -138.905408
   52.761370    12.016042     5.040279    16.324181   -42.615511  -138.460379
   52.406335    11.727344     4.927227    16.032202   -47.314320  -120.493260
   52.860290    11.986146     5.059247    15.960997   -33.542872  -120.194773
   52.234108    11.683785     4.947445    16.177505   -26.582654  -142.036617
   52.112518    11.842874     5.102058    15.867922   -47.580920  -135.019242
   52.223159    11.826188     5.162972    16.261433   -40.863007  -130.055966
   52.532866    11.595910     4.732963    16.118728   -55.264052  -108.504689
   52.283364    11.850622     5.064997    15.816548   -39.440834  -132.414689
   52.886222    11.936760     4.918604    16.046734   -49.882597  -121.735682
   52.221027    11.785476     5.076125    16.309481   -43.997891  -138.955273
   52.567465    12.187589     5.320686    16.143491   -38.395190  -150.481768
   52.406988    11.780452     4.836676    15.920483   -52.046977  -145.046746
   52.340177    11.795185     4.905476    16.143530   -57.661002  -147.813410
   52.454102    11.744851     4.768670    16.005877   -41.505948  -157.321885
   52.169389    11.455963     4.617096    16.133124   -36.172510  -154.746379
   52.580393    12.083271     5.107980    15.970046   -59.665189  -145.938329
   52.326925    11.931663     5.031388    15.944170   -51.722726  -153.946763
   52.330816    11.730365     4.894156    15.990539   -29.720881  -147.104805
   52.161960    11.797692     5.156806    16.218213   -60.321576  -118.227086
   52.372030    11.703851     4.907540    16.138553   -42.446670  -128.522902
   52.842090    11.910658     4.899313    16.286609   -28.224712  -136.838553
   52.369382    11.817866     5.005156    16.045859   -20.196708  -149.445164
   52.324959    11.619263     4.838906    16.261240   -27.517606  -138.239876
   52.159444    11.619313     4.931469    16.037320   -45.165196  -120.848405
   51.974684    11.579031     4.993340    16.256983   -40.403420  -134.614925
   52.090669    11.575852     4.834285    15.978419   -53.904063  -127.477598
   52.190501    11.682505     4.935987    15.979439   -42.402896  -131.699470
   52.407369    11.618223     4.793749    16.073111   -35.220004  -127.513866
   52.249245    11.863169     5.017056    15.726695   -47.968928  -136.833483
   52.475256    12.039032     5.157868    15.841805   -40.667470  -144.650491
   52.541990    11.919357     5.106848    16.215483   -40.309295  -126.266177
   52.721040    11.983996     5.068650    15.826318   -44.199479  -123.279284
   52.184990    11.664247     4.974052    16.203987   -42.804708  -129.453366
   52.166102    11.909037     5.293084    16.298502   -37.672111  -134.472246
   52.102490    11.517007     4.810788    15.972084   -42.519584  -123.590180
   52.302396    11.918499     5.177088    16.111349   -34.883815  -139.687987
   52.226096    11.831366     5.086083    15.922893   -35.209647  -136.499848
   52.700612    11.999583     5.102476    15.952696   -31.432789  -132.772169
   52.230201    11.691298     4.878083    15.787672   -14.965182  -150.837007
   52.044001    11.450892     4.746519    16.133625   -43.448091  -135.211252
   52.169732    11.820198     5.054725    15.969147   -47.663494  -140.061822
   52.329344    11.694738     4.860322    15.923013   -33.856809  -139.144666
   52.322783    11.590754     4.701458    15.912135   -36.908618  -142.918518
   52.517871    11.864105     4.983258    15.926288   -36.505841  -136.860240
   52.181350    11.893603     5.229653    16.110694   -35.126380  -135.076719
   52.587917    11.983690     5.192664    16.120248   -56.663158  -109.030257
   52.629773    11.848656     5.011529    16.077698   -46.224613  -111.940029
   52.509658    11.891022     5.044253    16.223927   -29.875778  -142.271064
   52.657556    11.937964     4.980831    16.166036   -38.450704  -144.921629
   52.731959    11.798227     4.837131    16.068276   -41.957866  -124.249251
   52.627785    11.782810     4.905177    16.021351   -29.012770  -125.407458
   52.193559    11.955197     5.171322    15.944026   -38.329099  -154.137789
   52.354377    11.654353     4.798842    16.045262   -22.011845  -150.749714
   52.265860    11.784413     5.046997    16.241441   -52.158965  -131.235102
   52.561305    11.874213     4.956557    16.328301   -32.823180  -151.115644
   52.226931    11.520088     4.777471    16.330274   -43.913591  -131.995508
   52.410005    11.770911     4.900437    16.168597   -38.329205  -148.084160
   52.636562    11.794837     4.824628    15.975094   -47.805564  -132.035217
   52.636699    11.680930     4.704648    16.208811   -44.629034  -131.493733
   52.325598    11.880578     5.099759    16.013108   -22.217808  -148.422421
   52.420493    11.992673     5.149812    15.997542   -45.341235  -141.677399
   52.193640    11.931076     5.229492    16.220287   -32.958987  -151.582097
   52.234572    11.939955     5.227532    16.192639   -28.401743  -150.441424
   52.680208    11.903295     4.936267    16.021112   -53.251888  -129.983439
   52.329652    12.086013     5.295620    16.085959   -51.162792  -143.593193
   51.950792    11.626773     4.949942    16.031569   -34.414297  -150.814825
   52.513802    11.902440     5.064137    16.346209   -40.989867  -136.403861
   52.346274    11.735509     4.898763    16.202458   -48.468106  -141.260495
   52.571989    11.810206     4.942553    16.086819   -27.351209  -133.119151
   52.634995    11.645684     4.662129    16.006851   -27.923163  -138.604851
   52.542757    12.004205     5.146895    16.193602   -40.998281  -139.938576
   52.383240    11.638823     4.829505    16.259980   -50.684473  -125.119959
   52.493592    11.655143     4.689986    15.810466   -35.658520  -141.273922
   52.523915    12.073460     5.245977    16.326089   -39.979238  -143.119169
   52.674247    11.931389     5.007408    16.325692   -40.868874  -134.638546
   52.219819    11.749102     4.964027    16.064705   -41.814497  -145.635635
   52.276651    11.592585     4.761037    16.029918   -35.968702  -141.882182
   52.205439    11.554089     4.832639    16.055150   -29.155283  -128.804396
   52.667590    11.929653     5.041594    16.106154   -31.119769  -131.753203
   52.535517    12.036761     5.161058    15.895645   -48.371845  -133.644045
   52.265516    11.428973     4.627338    16.295850   -45.199093  -131.552966
   52.705034    11.700974     4.624900    16.285559   -34.687916  -152.301377
   52.330989    11.728105     4.931872    16.286157   -54.207755  -133.021026
   52.641226    11.880735     4.903054    16.415385   -44.770594  -146.911114
   52.430418    11.442586     4.473074    15.985094   -37.193446  -139.565351
   52.141639    11.756845     5.084059    16.541613   -60.184486  -142.811836
   52.292366    11.594148     4.798303    16.337074   -69.470319  -122.545942
   52.560162    11.643245     4.687635    16.219264   -62.124191  -123.744791
   52.118309    11.594118     4.899980    16.387177   -66.555594  -129.828208
   52.487050    11.913627     5.025346    16.147152   -68.487401  -127.494487
   52.542104    11.877295     4.982030    16.181521   -52.662109  -133.103703
   52.510789    11.849456     4.914846    16.023667   -40.297306  -148.885864
   52.326590    11.882416     5.064687    16.365909   -49.263673  -154.652653
   52.463001    11.986725     5.118633    16.043389   -45.474728  -143.928796
   52.436035    11.744639     4.812698    16.069580   -61.080419  -136.253780
   52.400318    11.699509     4.769007    16.017507   -46.039636  -147.656520
   52.470904    11.867917     4.954413    15.984595   -40.149518  -148.809844
   52.048328    11.917477     5.241972    16.005989   -60.783068  -128.830329
   52.048700    11.476899     4.657291    15.737838   -41.752069  -134.470507
   52.194109    11.760215     5.037434    16.066772   -45.252901  -132.397528
   52.135446    11.735037     5.029553    16.320543   -52.782356  -143.248327
   52.671021    11.674467     4.678923    16.025006   -32.172179  -136.388291
   52.523984    11.622309     4.719968    15.962532   -33.251379  -128.791514
   52.381927    11.510181     4.620784    16.056765   -36.420124  -136.609032
   52.307160    11.869141     5.122329    16.256642   -48.408916  -135.039644
   52.425314    11.900546     5.068361    15.989746   -61.510484  -122.081249
   52.569262    11.919919     5.037034    16.103551   -49.883898  -129.875871
   52.359614    11.904688     5.133404    15.956951   -43.591544  -127.947501
   52.483996    11.933743     5.114632    16.238658   -57.339119  -125.500979
   52.353830    11.962379     5.202576    16.164700   -50.516702  -131.865055
   52.194136    11.869460     5.160679    16.195019   -50.435283  -136.882535
   51.935777    11.437735     4.823162    16.236745   -38.097312  -139.403754
   52.356181    11.603954     4.782522    16.258545   -32.415087  -139.682762
   52.373157    11.837206     5.093949    16.192359   -51.588940  -120.633766
   52.095877    11.788292     5.084866    16.023361   -40.509368  -141.488234
   52.727531    11.965647     4.926077    16.206290   -51.529689  -146.929376
   52.377737    11.988130     5.280300    16.119208   -46.459815  -120.923341
   52.270905    11.686332     4.807050    15.806363   -51.399008  -134.508109
   52.668856    11.742027     4.739238    15.852507   -42.066117  -133.318315
   52.594919    11.883818     5.042028    16.233304   -67.471596  -107.945124
   52.359260    11.747525     4.940136    16.269794   -40.648310  -140.411524
   52.538050    11.960141     5.048998    15.914295   -45.128749  -140.003348
   52.653666    11.734090     4.774617    16.373550   -44.061745  -130.903225
   52.638747    11.986803     5.076437    15.949037   -52.357079  -126.833156
   52.482471    11.789353     4.900304    16.242771   -53.432672  -135.359906
   52.367852    11.454906     4.547258    16.092613   -44.449337  -134.542182
   52.693446    11.855968     4.908925    15.959374   -44.921966  -126.551005
   52.637967    11.998138     5.055058    16.052801   -49.081563  -138.834971
   52.604180    11.825251     4.798071    15.983916   -53.502789  -144.798259
   52.262534    11.818230     4.965009    15.865501   -54.935405  -137.150484
   52.331094    11.718805     4.871336    16.068311   -47.671548  -139.868664
   52.367336    11.716251     4.907858    16.195689   -53.231632  -127.675249
   52.132126    11.990538     5.270741    16.075506   -45.274874  -149.813696
   52.669896    11.678528     4.713075    16.028550   -33.766689  -129.379859
   52.507110    11.824621     4.941720    15.949443   -47.037875  -129.591763
   52.698446    11.795445     4.783840    15.959068   -29.750373  -145.969056
   52.144066    11.786460     5.120618    16.223703   -50.514509  -131.397905
   52.783120    11.719693     4.729600    15.888419   -52.449602  -110.387928
   52.410479    12.059310     5.210075    15.930349   -42.029478  -147.431634
   52.267268    11.730962     4.915692    15.776254   -39.164898  -132.338099
   52.609150    11.713437     4.768321    16.122010   -36.611160  -134.370178
   52.356553    11.562157     4.695305    16.218015   -32.883458  -146.428272
   52.488750    11.599787     4.609176    15.997746   -52.810400  -137.099099
   52.068817    11.552043     4.793813    15.750949   -33.000817  -132.080170
   52.238572    11.553071     4.731337    16.032737   -48.288175  -133.502693
   52.463599    11.839056     5.047809    16.008134   -34.864271  -125.158156
   52.274665    11.597447     4.728586    16.125093   -38.906978  -154.167352
   52.342854    11.805735     4.947887    16.091369   -61.783682  -135.212305
   52.321221    11.640759     4.757941    15.967584   -53.447812  -134.783560
   52.403939    11.708787     4.779459    15.978006   -61.374241  -133.075619
   52.414790    11.877844     5.088919    16.183704   -70.150574  -114.416168
   52.563631    11.855403     4.914198    16.083250   -54.806318  -135.157082
   52.433728    11.980765     5.097675    15.966676   -47.546958  -145.702711
   52.360538    11.799130     5.029010    16.193837   -53.353369  -124.649513
   52.397084    11.995719     5.209879    16.206394   -45.645470  -138.819385
   52.240192    11.677107     4.847111    15.895404   -41.463633  -140.156843
   52.492255    11.842875     4.843618    15.575076   -57.578003  -130.683889
   52.367633    11.711691     4.754979    15.861457   -46.369038  -149.801183
   52.409328    11.782773     4.924587    15.956461   -43.146103  -135.417939
   52.590503    11.985434     4.992538    16.059232   -43.231911  -159.632571
   52.596552    11.830992     4.839850    16.236628   -69.198517  -132.591471
   52.290694    11.777363     4.934782    15.882483   -50.628238  -134.936932
   52.234936    11.954866     5.161193    16.141799   -58.993922  -145.770911
   51.944206    11.957412     5.359571    16.210173   -47.780040  -150.483051
   52.365686    11.755618     4.848844    15.985327   -33.752626  -158.494869
   52.682024    11.633552     4.547760    16.298844   -51.416235  -141.751800
   52.545828    11.786779     4.827978    16.131970   -64.247316  -130.936692
   51.933355    11.662002     4.961259    15.944171   -52.081473  -138.661457
   52.737045    11.968246     4.923918    15.908983   -35.924837  -155.154828
   52.425344    11.694950     4.776858    15.909238   -57.203471  -128.423012
   52.283802    11.764874     4.941301    15.908591   -49.304488  -133.538288
   52.512593    11.888245     5.028451    15.890676   -51.015364  -123.045593
   52.531869    11.742373     4.790874    15.957015   -55.163830  -130.337146
   52.328289    11.753973     4.890348    15.773665   -24.444427  -148.947985
   52.249813    11.746567     5.020994    16.211650   -33.949490  -138.172645
   52.395573    11.601553     4.725521    16.018293   -59.528869  -120.749776
   52.282063    11.557862     4.718649    16.155993   -57.313867  -131.512509
   52.449444    11.646048     4.705967    15.862697   -46.191791  -134.182257
   52.278563    11.907633     5.234181    15.964128   -44.092756  -116.353369
   52.629176    11.714937     4.733752    15.652775   -36.704638  -128.928447
   52.425812    11.685154     4.782249    15.817021   -42.190789  -132.590303
   52.587119    11.784121     4.817898    16.086291   -32.290138  -149.206095
   52.454958    11.650970     4.736728    15.868145   -45.266375  -129.698088
   52.786801    11.797539     4.776087    16.288967   -38.076865  -132.482864
   52.827136    11.668589     4.573046    16.293553   -40.519389  -131.568535
   52.231832    11.500377     4.635754    16.088924   -56.954527  -136.191769
   52.196138    11.677209     4.973382    16.182503   -43.932521  -130.062391
   52.361181    11.781044     4.990911    16.330703   -39.993452  -140.355590
   52.492518    11.589744     4.639762    16.401456   -48.935078  -141.810682
   52.329436    11.905339     5.117764    15.898012   -43.966895  -131.618246
   52.118222    11.431046     4.648730    15.949481   -28.933294  -140.078151
   52.340022    11.959813     5.164444    16.208703   -52.071188  -142.071872
   52.359550    11.633732     4.764627    16.233276   -38.764147  -148.458454
   52.384284    12.033811     5.221648    15.987653   -52.819371  -134.556899
   52.204198    11.903701     5.141233    15.950300   -53.453554  -133.666972
   52.262301    11.747366     5.060060    16.169122   -34.685341  -126.423708
   52.651255    11.908690     4.953592    16.320827   -57.646169  -132.442267
   52.376509    11.446312     4.534961    16.019237   -26.020614  -142.653700
   52.226173    11.843482     5.150247    16.228904   -45.739668  -132.776569
   52.415482    11.826213     5.047444    16.196514   -43.787068  -126.943545
   52.519887    11.977144     5.108900    15.829232   -47.847171  -128.806776
   52.424385    11.667324     4.795368    16.151009   -56.014712  -127.805123
   52.426841    11.798641     4.850169    15.854426   -50.719207  -143.086046
   52.691778    12.018636     5.043022    16.210963   -38.608180  -150.377966
   52.600573    11.966793     5.028683    16.061979   -44.333448  -143.916973
   52.442472    11.798457     4.898989    15.919993   -53.949245  -131.840753
   52.274943    12.055437     5.293967    16.110420   -44.965205  -147.806796
   52.453594    11.806601     4.880845    15.976026   -39.920315  -149.882321
   52.258760    11.566892     4.771195    16.193370   -25.248179  -147.459486
   52.468988    11.908481     5.066318    16.335662   -54.514139  -135.368413
   52.465873    11.591023     4.662195    15.932620   -38.596543  -134.738623
   52.323110    11.616911     4.836261    16.052774   -47.499945  -120.458437
   52.543304    11.736103     4.869086    16.179581   -52.485767  -119.123285
   52.086075    11.668255     4.892022    15.983007   -43.423372  -149.201630
   52.487248    12.110599     5.237576    16.008705   -43.206023  -149.482258
   52.505007    11.755819     4.824907    15.886514   -48.544162  -132.536811
   52.400986    11.979732     5.184767    15.968909   -53.556527  -125.711402
   52.517930    11.776437     4.881420    16.175570   -28.279583  -145.176406
   52.098805    11.748259     5.018963    16.081616   -48.552073  -143.362651
   52.418554    11.589901     4.646627    16.037615   -54.456706  -135.326533
   52.323845    11.941152     5.148401    16.119402   -46.530614  -142.821298
   52.581843    11.739107     4.720580    16.390445   -65.582658  -141.046440
   52.414708    11.751098     4.908455    16.459259   -53.729284  -138.448349
   52.392140    11.697538     4.824544    16.180422   -64.191954  -128.736326
   51.966018    11.810601     5.138732    16.199009   -55.820948  -152.339780
   52.548230    11.898415     5.032936    16.454348   -36.981814  -141.693211
   52.422701    11.642334     4.804737    16.227617   -35.164848  -133.863119
   52.180397    11.787272     5.088213    16.094499   -67.224446  -116.104232
   52.169022    11.926246     5.194987    16.208282   -44.999398  -153.595911
   52.367417    11.613785     4.729408    16.158577   -53.809808  -136.270396
   52.453948    11.682445     4.691701    15.921443   -44.236218  -150.507734
   52.614779    11.695176     4.631812    16.019755   -53.949063  -143.190710
   52.219295    11.503979     4.770195    16.188895   -44.017389  -124.423067
   52.608573    11.589221     4.604965    16.042624   -41.248143  -130.257584
   52.455664    11.882325     5.022143    16.255374   -31.315439  -153.088360
   52.716158    11.516204     4.462864    16.297238   -45.220536  -124.962010
   52.363271    11.569456     4.761829    15.967302   -51.944724  -112.571455
   52.629653    11.597331     4.562286    16.029712   -44.378248  -136.352145
   52.450858    11.544116     4.659773    16.027499   -40.359593  -125.878487
   52.227773    11.618166     4.857779    16.374951   -53.244654  -138.130240
   52.198410    11.773483     4.999735    16.176086   -32.143528  -160.416986
   51.862316    11.669077     5.176837    16.343883   -49.473968  -134.141289
   52.304255    11.805422     5.007392    16.285538   -38.812576  -152.212133
   52.333923    11.663697     4.835070    16.122912   -39.390027  -139.713599
   52.612207    11.851382     4.953972    16.372112   -44.296271  -130.885242
   52.557704    11.720339     4.777796    15.990337   -40.175299  -136.207279
   52.391708    11.624456     4.727724    15.998387   -44.981001  -136.699569
   52.300970    11.676531     4.887113    16.457098   -39.653283  -148.649547
   52.349937    11.687265     4.762253    16.014622   -55.309332  -143.750803
   52.373686    11.628228     4.666424    15.992605   -33.614024  -162.378666
   52.102252    11.553090     4.649639    15.897378   -46.920535  -159.386413
   52.388612    11.674580     4.701136    16.093434   -56.209735  -151.678227
   52.497667    11.846310     4.932738    16.270869   -39.503178  -152.866991
   52.184009    11.885799     5.104209    16.152902   -46.791036  -157.762407
   51.946695    11.687323     5.056737    16.259625   -40.141719  -157.173328
   52.353366    11.673015     4.746925    16.036471   -43.562579  -153.787638
   51.907144    11.578716     4.893555    16.080986   -45.872171  -151.458185
   52.215596    11.796823     4.995915    16.230533   -41.302756  -162.972200
   52.544814    12.011565     5.059884    16.122093   -67.662657  -138.840933
   52.425780    11.580138     4.681677    16.098660   -37.177855  -138.627615
   52.460273    11.654165     4.729548    16.147696   -46.044632  -140.475260
   52.640951    11.880081     4.905874    16.561692   -34.165635  -154.699380
   52.357475    11.800497     4.979093    16.153658   -53.995756  -134.118355
   52.440051    11.641370     4.726005    16.185481   -32.399926  -150.545293
   52.390247    11.647286     4.783206    16.279180   -42.957020  -142.130310
   52.164975    11.873130     5.188969    16.425105   -47.681590  -149.948882
   52.313511    11.855857     5.090786    16.275625   -44.786419  -140.782159
   52.392415    11.919591     5.109864    16.216200   -46.308210  -140.819103
   52.212073    11.531293     4.731860    16.020210   -48.006467  -130.163352
   52.028860    11.722811     5.084415    16.137090   -36.205600  -141.195631
   52.628067    11.668365     4.642597    16.269881   -37.824170  -148.111835
   51.962360    11.667792     5.050046    16.143358   -45.197458  -137.392329
   52.765247    11.921376     4.861278    16.271324   -32.954844  -156.762532
   52.110464    11.628996     4.937544    16.219907   -54.402188  -131.441365
   52.527728    11.864684     4.952496    16.215813   -31.581797  -153.023671
   52.734536    11.982673     5.052111    16.247623   -44.613756  -128.688287
   52.416921    11.554061     4.601073    16.310089   -47.895612  -150.536944
   52.224778    11.784421     5.074956    16.469063   -46.919696  -144.079089
   52.268939    11.553503     4.724429    16.121993   -31.233927  -146.923077
   52.419433    11.718622     4.821494    16.146238   -42.607812  -146.255656
   52.395211    11.764489     4.953027    16.341155   -47.857648  -135.041990
   52.481615    11.663977     4.782129    16.144234   -38.967028  -132.987672
   52.588708    11.606348     4.602344    16.150177   -57.060135  -129.390663
   52.512642    11.838777     4.922597    16.164387   -64.455715  -129.953051
   52.303222    11.484318     4.583386    15.977504   -45.325358  -137.372729
   52.093347    11.562206     4.778752    15.979281   -41.222240  -145.193486
   52.183598    11.834848     5.146855    16.443969   -57.683324  -139.835134
   52.472334    11.869097     4.983268    16.379298   -61.533880  -138.864595
   52.616125    11.628147     4.572468    16.105703   -70.082191  -126.274131
   52.380115    11.582642     4.683406    16.051771   -49.445457  -134.801697
   52.488671    11.897218     5.049582    16.430917   -44.226152  -141.938302
   52.530782    11.875217     4.970373    16.388919   -49.497523  -143.320587
   52.445788    11.693937     4.712288    15.829059   -49.244923  -141.812747
   52.753408    12.000521     5.018032    16.101850   -39.543673  -141.224024
   52.411905    11.740633     4.862429    16.265227   -49.917612  -143.118249
   52.584984    11.885138     4.945233    16.300618   -58.752547  -135.806436
   52.471322    11.716336     4.727071    16.122327   -47.439396  -155.794776
   52.900714    12.121144     5.026469    16.091242   -52.447562  -145.950531
   52.243008    11.953384     5.218632    16.105120   -57.524223  -130.920654
   52.435740    11.746432     4.897150    15.938394   -42.565118  -128.484943
   52.171683    11.923207     5.190415    16.108646   -45.779816  -146.550061
   52.746728    11.721098     4.680027    15.929110   -49.308402  -127.288582
   52.497402    11.792690     4.878320    16.041748   -28.251862  -151.151852
   52.727503    11.762986     4.754489    16.079755   -35.128568  -136.780391
   52.323261    11.839460     5.046480    16.118699   -49.117273  -136.064464
   51.915264    11.505000     4.856439    16.061934   -53.778860  -130.136472
   52.296301    11.690547     4.779018    15.790864   -43.141109  -145.037928
   52.388760    11.870610     5.044444    16.056787   -29.228163  -148.342730
   52.397970    11.885625     5.065881    16.067504   -57.927235  -127.250756
   52.337088    11.802048     5.047541    16.097336   -66.777326  -111.913885
   52.233321    11.908794     5.213586    16.232923   -47.550097  -134.388199
   52.519027    11.635202     4.673848    16.190690   -48.607457  -138.672148
   52.025309    11.819678     5.075314    15.894219   -60.565842  -133.751309
   52.778038    11.905886     4.849820    16.312282   -53.747214  -138.463452
   52.785000    11.839007     4.714708    16.202236   -56.861080  -144.494791
   52.212365    11.695182     4.832246    15.761679   -55.562951  -130.597785
   52.696771    11.993862     5.063311    16.200630   -62.177450  -122.187939
   52.250156    11.699167     4.873456    16.149136   -53.632237  -143.516816
   52.347434    11.686905     4.853973    16.235149   -40.443592  -143.709354
   51.986386    11.873149     5.235462    16.112406   -45.517797  -144.947890
   52.607151    11.892475     4.962569    16.258403   -41.285950  -141.823224
   52.403296    11.836879     4.957912    16.009637   -60.379446  -132.126923
   52.481538    11.851129     4.946312    16.151498   -55.080390  -138.737664
   52.612244    11.634085     4.596635    16.070392   -53.647205  -135.711775
   52.590251    11.856836     4.819760    16.293019   -68.757339  -146.336579
   52.559077    11.738247     4.747357    16.363964   -62.065007  -140.511064
   52.818066    11.936809     4.828093    15.701955   -48.617375  -144.338066
   52.087153    11.627590     4.875353    15.908477   -48.252769  -132.476004
   52.317031    11.776643     4.924062    16.062365   -47.265071  -146.070258
   52.062132    11.788139     5.059579    15.892379   -50.702249  -134.095769
   52.650127    11.947364     5.041742    16.019906   -32.504057  -137.019002
   52.268315    11.746822     4.941464    16.138023   -33.502896  -153.154756
   52.872230    12.206021     5.202442    16.071138   -42.668612  -142.643342
   52.552673    11.958973     5.158405    15.977862   -42.310258  -119.136347
   52.652863    11.972785     5.057688    15.945275   -57.016169  -122.133191
   51.895917    11.538395     4.961830    16.226146   -38.963604  -140.667388
   52.224430    11.638016     4.803075    15.878144   -39.428934  -141.195140
   52.477258    11.695290     4.767903    15.856987   -51.047991  -127.936317
   53.106415    11.960171     4.739997    16.080695   -48.768048  -137.321827
   52.137791    11.431880     4.700416    16.244359   -51.523569  -128.492848
   52.323049    11.897374     5.152101    16.192885   -40.206469  -136.731657
   52.558351    11.728073     4.808315    16.284471   -42.633524  -135.394327
   52.078327    11.504197     4.815248    16.160535   -47.976122  -129.264424
   52.498144    11.839079     4.953651    16.082241   -37.196473  -142.001726
   52.569201    11.735224     4.758601    15.860244   -40.593000  -139.189199
   52.593131    11.790000     4.885982    16.218500   -31.348740  -136.558347
   52.206452    11.745475     5.021581    16.133195   -46.666943  -132.749968
   52.436559    11.945597     5.141541    16.344592   -54.400579  -133.692414
   52.698363    11.815482     4.803394    16.114576   -44.064537  -139.527248
   52.361065    11.811829     4.937167    15.940438   -55.431510  -135.267715
   51.819645    11.739385     5.240290    16.383168   -44.428628  -152.854875
   52.123640    11.863161     5.140864    16.249798   -61.773466  -143.484648
   52.355468    11.757125     4.949113    16.232322   -38.189889  -141.902124
   52.546059    11.938634     5.061542    15.970087   -50.623355  -128.511478
   52.293407    11.877422     5.158537    16.158214   -67.328892  -114.913267
   52.264663    11.924400     5.177959    16.185860   -47.482526  -140.819145
   52.584145    11.873839     4.987493    16.345353   -45.073356  -132.988114
   52.718379    11.946851     4.973860    16.324213   -53.043871  -132.463408
   51.889424    11.596589     5.075755    16.419922   -51.739203  -137.798269
   52.554317    11.887545     5.008892    16.127719   -50.686323  -128.851675
   51.995134    11.641680     4.990156    16.170381   -43.427994  -142.932659
   51.863875    11.630519     5.001254    15.913586   -29.916719  -143.231553
   51.960509    11.971581     5.372040    16.046573   -49.622677  -135.203553
   52.397376    11.945111     5.135145    16.031124   -52.761677  -130.474668
   52.179696    11.813997     5.100090    16.390331   -52.281263  -146.815020
   52.094585    11.591260     4.920471    16.117039   -28.557986  -136.584746
   52.307400    11.954374     5.226848    16.335253   -32.064522  -148.325556
   52.297516    11.510907     4.660492    16.084032   -40.913182  -137.189771
   52.277496    11.713396     4.943101    16.175413   -31.833326  -142.969894
   52.018985    11.712125     4.943684    16.003747   -55.705441  -147.987775
   52.108644    11.648951     4.898354    15.946077   -40.754311  -139.217321
   52.653074    11.867996     4.875981    16.238794   -46.514904  -144.220055
   52.177014    11.646855     4.945309    16.496080   -47.071380  -143.693054
   52.701147    11.892363     4.914594    16.114567   -52.250761  -131.122976
   52.224967    11.785704     5.087084    16.445455   -46.809517  -140.325708
   52.403379    12.004413     5.191182    16.216989   -41.979262  -147.949936
   52.412996    11.723188     4.836901    15.862044   -48.981423  -129.486391
   52.317781    11.871313     5.105355    16.425185   -48.784042  -144.686165
   52.714812    11.967252     4.955901    16.275520   -48.697858  -145.292242
   52.348502    11.837830     5.050567    15.997392   -48.291152  -127.673351
   52.371423    11.720232     4.822673    16.060995   -50.062667  -143.892555
   52.223417    11.482429     4.578842    15.883437   -47.034458  -140.035069
   52.294912    11.945806     5.166588    16.170171   -49.453140  -143.615690
   52.285795    11.985645     5.203407    15.876148   -64.302048  -121.301431
   52.533341    11.908101     4.935212    16.033752   -49.379574  -151.397841
   52.336228    11.740881     4.849179    15.732042   -56.426455  -125.767085
   52.233615    11.557340     4.711954    15.981930   -55.916013  -130.539562
   52.463303    11.765253     4.861484    15.989279   -37.600741  -143.293971
   52.420850    11.927479     5.115479    16.346209   -57.039161  -134.941693
   52.478731    11.924979     5.004354    15.834349   -52.037055  -137.344813
   52.621695    11.779815     4.794332    15.766224   -32.368835  -141.868473
   52.811677    12.157949     5.155491    15.923907   -28.859527  -155.359662
   52.280008    11.930863     5.096803    15.780223   -44.536504  -140.857793
   52.580101    12.005503     5.072424    15.891449   -38.696545  -147.247935
   52.706993    11.839323     4.836425    15.676080   -33.610839  -137.858572
   51.961082    11.483267     4.821396    15.925287   -28.904646  -133.468198
   52.710635    11.899667     4.956594    15.909046   -53.898995  -119.508546
   52.180570    11.917837     5.191695    16.036074   -38.774615  -144.572837
   52.650338    11.898040     4.882908    15.875131   -29.251394  -158.207286
   52.338934    11.566309     4.717265    16.194969   -49.755476  -133.654923
   52.582637    11.810778     4.879892    16.196954   -31.099813  -145.545655
   52.320896    11.622636     4.789103    16.103842   -45.997249  -135.073778
   52.361539    11.824484     4.970412    16.168932   -47.249939  -147.990975
   52.475683    11.907026     5.017556    16.253991   -43.002416  -151.245982
   52.671254    11.878697     4.928138    16.288007   -49.861900  -131.495228
   52.609513    11.919085     4.992120    16.077478   -57.790583  -128.289669
   52.554458    11.912313     5.036842    16.404388   -46.224806  -137.537214
   52.736730    11.943485     4.882784    15.979643   -57.901798  -140.755420
   52.277112    11.591405     4.694932    16.006751   -56.855038  -138.619761
   52.613666    12.064346     5.194240    16.230636   -31.369175  -144.142066
   52.126774    11.659553     4.916214    16.103413   -46.175722  -142.040915
   52.542625    11.824564     4.965508    16.186047   -37.258509  -131.604084
   52.411596    12.004047     5.192593    16.139602   -35.445010  -148.208586
   52.530041    11.819192     4.983069    16.102743   -40.817598  -124.547217
   52.579378    11.922694     4.978614    15.921832   -42.108023  -143.259379
   52.270582    11.758548     5.013154    16.187521   -32.323349  -140.627705
   52.387677    11.710965     4.844102    16.032209   -55.356873  -129.722232
   52.336650    11.976610     5.190427    16.141225   -40.477074  -146.768629
   52.323790    11.783167     4.967528    16.189092   -30.392705  -153.857795
   52.358162    11.903425     5.086755    15.903118   -46.035858  -133.633535
   52.284554    11.529849     4.679691    16.214562   -43.840028  -144.039841
   52.344003    11.798859     5.042808    16.238153   -39.863455  -132.988282
