   53.548407    12.208788     4.692254    16.247592   -53.668285  -147.875810
   53.566178    11.970771     4.356898    16.165789   -45.933632  -151.436157
   53.401194    11.966811     4.512210    16.228430   -36.519319  -147.439889
   53.400562    12.096693     4.697218    16.121987   -65.594760  -132.316392
   53.196463    12.011715     4.673298    16.186803   -56.452830  -144.738441
   53.439049    12.179414     4.761756    16.351574   -47.951754  -140.556177
   53.447498    12.167993     4.732951    16.306598   -43.501439  -146.742933
   53.675839    12.243805     4.690364    16.394435   -45.476616  -138.056319
   53.421993    11.958716     4.464772    16.358455   -32.225538  -149.786356
   53.357335    12.202772     4.868555    16.341159   -50.880509  -136.445855
   53.325401    11.995686     4.535753    16.311268   -46.365289  -152.328656
   53.186465    11.940502     4.668107    16.237728   -47.002562  -132.928713
   53.315214    12.084497     4.725458    16.556794   -34.865115  -143.241054
   53.550827    12.192652     4.763912    16.167448   -34.192556  -146.798503
   53.456725    11.996416     4.608680    15.941986   -33.260328  -144.028023
   53.179131    12.114606     4.883558    16.055248   -36.250475  -151.928312
   53.057309    11.892557     4.648303    16.226669   -50.168102  -139.590619
   53.498382    12.060693     4.562954    16.382197   -51.287052  -132.928212
   53.381566    12.085372     4.707227    16.152772   -34.989028  -150.015323
   53.166034    12.045423     4.704498    16.531759   -47.771830  -150.636090
   53.521457    12.242264     4.791037    16.237036   -46.587180  -147.029827
   53.332207    12.016080     4.608351    16.156972   -29.986034  -160.053581
   53.216547    12.133826     4.831430    16.296579   -58.610544  -140.115205
   53.315783    12.322684     5.066972    16.314575   -47.997444  -139.857704
   53.618925    12.371337     4.989289    16.006747   -29.283941  -156.996947
   53.370552    11.993907     4.584368    16.173236   -39.803511  -145.179851
   53.311788    11.844408     4.442599    15.892390   -55.803482  -136.377887
   52.952344    11.842816     4.626740    16.071795   -56.891943  -141.079088
   53.135327    11.877623     4.613188    16.128941   -47.432729  -135.549557
   53.510418    12.173235     4.742470    16.248328   -46.791671  -137.657976
   53.538220    12.278468     4.815213    16.330760   -48.512821  -144.542777
   53.466570    11.909022     4.395256    16.105164   -55.277842  -135.877120
   53.373871    12.188342     4.834197    16.264928   -51.652032  -138.799279
   53.563517    11.987824     4.387620    16.158121   -46.013726  -151.041991
   53.481865    12.201945     4.792296    16.179459   -32.776409  -153.509159
   53.219042    11.882399     4.588169    16.118472   -49.904289  -128.915184
   53.352074    12.223213     4.884080    16.124161   -47.678540  -150.417872
   53.411018    12.235952     4.945502    16.339480   -52.006035  -123.237739
   53.289065    11.936875     4.553855    16.079260   -46.623277  -144.704394
   53.161205    11.828930     4.544705    15.899705   -42.924757  -139.767672
   53.226549    12.175324     4.880166    16.475263   -47.452269  -144.138089
   53.569491    12.019794     4.496385    16.053454   -39.885752  -147.413712
   53.398952    12.256463     4.916553    16.179592   -49.720506  -143.373506
   53.388472    12.002639     4.587260    16.267526   -50.404640  -133.333032
   53.340102    12.007873     4.634126    15.868290   -52.275115  -146.129002
   53.330927    12.129155     4.753689    16.265367   -44.825062  -148.893599
   53.327722    12.285789     4.928916    16.407140   -37.768278  -160.284676
   53.459799    12.107715     4.578775    16.321254   -58.012280  -147.392119
   53.060779    11.857778     4.581845    16.264860   -50.057289  -142.159906
   53.488437    12.266377     4.832155    16.154412   -39.228233  -160.534315
   53.547623    12.114014     4.646153    16.040401   -50.672897  -142.191971
   53.166259    12.075323     4.807400    16.193832   -43.680037  -148.969662
   53.190877    11.992069     4.692792    16.024882   -45.325534  -148.388050
   53.131963    11.957972     4.728426    16.030337   -53.658313  -133.226845
   53.042582    11.950916     4.753089    16.250192   -40.802989  -143.026738
   53.363504    11.903119     4.501566    16.121210   -59.677546  -124.253815
   53.402013    11.936310     4.471478    16.197456   -48.912755  -138.606738
   52.958597    11.905525     4.673591    16.378260   -50.556058  -150.713053
   53.348077    11.905591     4.492092    16.300343   -48.880401  -130.491532
   53.598893    12.323574     4.930268    15.938554   -52.602249  -145.440602
   53.222749    11.915669     4.595918    16.151315   -67.174977  -122.808910
   53.405263    12.026747     4.600255    16.159091   -35.774329  -150.048979
   53.772440    12.250119     4.675748    16.296355   -42.895262  -135.952901
   53.504528    12.323003     4.933619    16.360468   -40.287814  -144.065837
   53.530336    12.050127     4.509573    16.222797   -34.988434  -154.515963
   53.187818    11.999871     4.722791    16.410298   -50.788881  -131.548508
   53.311953    11.857461     4.457146    16.133055   -56.210827  -129.175858
   53.419000    11.933488     4.435740    16.124475   -48.893727  -145.625765
   52.966355    12.050976     4.894253    16.419592   -39.734778  -151.912535
   52.970184    12.144190     5.020168    16.187369   -49.500403  -146.813369
   53.493193    12.277707     4.815042    16.407683   -46.292364  -149.340430
   53.414507    12.161133     4.761450    16.205451   -49.606102  -143.542080
   53.193998    11.966090     4.616675    16.366671   -52.197936  -141.782580
   53.098096    12.085841     4.901660    16.295915   -46.388843  -138.272215
   53.306709    11.942224     4.519487    16.217439   -43.297468  -148.221218
   53.576521    12.234935     4.741992    16.226214   -35.894560  -155.388755
   52.966127    12.158832     5.030291    16.333580   -45.985948  -150.601693
   53.332201    12.002203     4.594276    16.243838   -40.197861  -148.218011
   53.433946    12.056219     4.549554    16.482527   -47.527344  -143.037942
   53.423555    12.233561     4.831655    16.313596   -50.853120  -143.832894
   53.520325    12.172575     4.693699    16.141951   -53.960568  -146.164629
   53.294053    12.270671     4.933410    16.290741   -50.225921  -154.571998
   53.575209    12.060570     4.524154    16.296835   -37.973891  -142.618084
   53.567738    12.098447     4.507937    16.377832   -37.223418  -154.615240
   53.198575    11.826041     4.462073    16.099631   -41.507183  -146.787887
   53.281163    11.829396     4.489082    16.090427   -48.723156  -126.232084
   53.350449    11.951681     4.614572    16.153385   -35.661307  -134.708483
   53.353096    12.291849     5.001240    16.346446   -50.530683  -136.201468
   53.100796    11.946497     4.648560    16.240975   -42.498206  -153.778772
   53.289857    12.103629     4.726674    16.339539   -44.750774  -150.613298
   53.528256    12.140285     4.603191    16.362553   -34.511236  -156.892522
   53.169622    12.096032     4.867491    16.265331   -45.059094  -139.691179
   53.200072    12.065353     4.818812    16.291465   -51.286584  -131.568457
   53.279728    11.947756     4.616139    15.958196   -51.057422  -137.694327
   53.523295    12.188565     4.742995    16.168702   -34.950911  -152.532155
   53.349732    12.176126     4.835724    16.051053   -50.159668  -148.035760
   53.263447    11.942183     4.599453    15.937405   -47.348044  -144.616895
   53.320058    12.150324     4.791121    16.205895   -50.019766  -147.449071
   53.283797    12.246900     4.966909    16.167467   -46.551192  -148.569019
   53.349025    12.069442     4.612949    16.284417   -54.468229  -149.884006
   53.360939    12.121561     4.716391    16.223233   -59.600889  -140.939921
   53.401614    12.058370     4.606800    16.198947   -45.377791  -149.786778
   53.031703    11.939982     4.749877    16.297343   -64.402332  -125.004719
   53.724332    12.024388     4.468245    16.153363   -34.912781  -131.157383
   53.201025    12.164262     4.947349    16.250717   -38.238827  -143.856225
   53.533387    12.116933     4.675295    16.244854   -41.549945  -135.954591
   53.615436    12.364520     4.918932    16.213937   -41.424560  -149.602427
   53.651831    12.110414     4.713741    15.761155   -29.219672  -144.590583
   53.435028    12.082544     4.700729    16.244455   -27.830342  -145.674935
   53.314860    12.073131     4.773935    16.286296   -42.112679  -133.592836
   53.408584    12.270475     5.007335    15.945244   -53.363156  -135.153412
   53.082985    11.768811     4.557921    15.895767   -31.243676  -138.077664
   52.818037    12.138579     5.163834    16.154605   -40.834401  -139.949386
   53.316551    12.099983     4.824240    16.239881   -43.343431  -131.711903
   53.363940    12.157900     4.872674    16.266509   -40.059398  -133.581764
   53.412691    12.285704     5.008095    16.302815   -35.464835  -138.048532
   52.867705    12.065150     5.058830    16.294308   -36.980253  -137.712136
   53.583105    11.997241     4.460909    16.122127   -69.361384  -121.926181
   53.447354    11.965761     4.592884    16.045273   -51.125099  -122.375781
   53.536056    12.139070     4.702889    16.255583   -45.692340  -132.897964
   53.431726    12.202529     4.952188    16.273925   -43.570006  -119.197727
   53.067952    11.968744     4.854603    16.038175   -19.648178  -142.334967
   53.379455    12.126847     4.882612    16.067466   -21.058739  -142.068931
   53.296269    12.040478     4.796054    15.801162   -29.082370  -146.837197
   53.245185    11.996973     4.783953    16.223260   -34.572157  -127.984735
   53.373651    12.060934     4.714763    16.244596   -43.653967  -133.541971
   53.203172    12.184837     5.037857    15.910354   -36.217471  -141.060998
   53.496286    11.830855     4.431250    15.918564   -41.061113  -119.971136
   53.483853    12.261921     4.956941    15.994718   -41.386941  -140.332499
   53.086569    11.892172     4.607256    16.283582   -48.558511  -143.595824
   53.144952    12.105515     4.933921    15.788812   -34.777735  -149.219301
   53.270104    12.172616     4.930024    16.215954   -52.690133  -131.021505
   53.550172    12.063716     4.675388    16.013245   -40.762932  -130.574412
   53.375161    12.043810     4.693102    16.111693   -45.119596  -136.264559
   53.248152    11.879479     4.546919    16.068147   -43.115643  -138.276489
   53.326964    12.403222     5.227622    16.085405   -51.646138  -133.390547
   53.201860    12.104758     4.989974    15.759769   -35.019319  -132.300714
   53.179145    12.085827     4.957275    16.092907   -48.611857  -120.108053
   53.701742    12.103401     4.548182    16.253257   -38.218303  -134.316392
   53.590865    12.189227     4.823402    16.169567   -35.151999  -129.765845
   53.279773    12.041480     4.768339    15.991365   -38.343473  -142.645507
   53.454749    12.089667     4.766211    16.231481   -39.758933  -124.929648
   53.324132    12.079246     4.873871    16.070957   -47.229147  -118.452710
   53.110941    12.114408     5.031136    15.911348   -46.740448  -125.570628
   53.187946    12.020642     4.753840    16.065063   -34.830962  -151.165106
   53.220701    11.880361     4.622558    15.727522   -44.088953  -134.274655
   53.550527    12.084362     4.632675    16.292808   -44.966310  -128.015293
   53.272379    11.793917     4.450210    15.898384   -36.363071  -138.850271
   53.348815    12.272938     5.015013    16.050879   -56.646884  -135.010280
   53.381675    12.023021     4.667394    16.013717   -50.218223  -134.892936
   53.284551    11.988110     4.727366    15.855515   -37.267241  -139.926965
   53.247693    11.859363     4.499814    15.936415   -52.359453  -138.828522
   53.387665    11.762428     4.321827    15.857771   -42.177279  -136.689977
   53.228125    11.772804     4.446024    15.851949   -39.577400  -137.923476
   53.058560    11.815738     4.562258    16.044895   -42.007584  -143.909583
   53.407836    12.106859     4.868213    15.755494   -40.747082  -132.568334
   52.825513    11.999226     4.915093    16.350013   -62.461916  -137.902819
   53.222063    12.294612     5.083383    16.108698   -50.336251  -145.297294
   53.244462    12.214487     5.027363    16.297758   -44.466731  -130.705958
   53.606460    12.057347     4.523613    15.849142   -56.771243  -149.200342
   53.283791    11.914754     4.525958    16.175735   -46.693122  -141.356747
   53.575004    11.978754     4.500809    15.937523   -33.003288  -144.504765
   53.218631    11.780476     4.402558    16.102353   -56.481088  -131.933571
   53.845729    12.100050     4.474749    16.144839   -39.085459  -131.635685
   53.164962    11.791817     4.549597    15.843411   -30.347662  -137.690702
   53.126842    11.959153     4.771254    15.738754   -38.867724  -140.765002
   53.181844    11.815441     4.544603    15.805133   -31.174745  -143.372126
   53.320800    12.069116     4.847153    15.760446   -54.510003  -124.784451
   53.838471    12.201709     4.548822    16.104601   -71.577010  -131.733686
   53.295198    12.019070     4.698200    16.013451   -48.575473  -139.899411
   52.977724    11.972343     4.843331    16.035848   -49.187648  -135.983854
   53.295366    11.922520     4.743934    15.890862   -34.250939  -117.773559
   53.397212    12.065109     4.779834    15.978736   -46.889604  -127.110009
   53.360952    11.985891     4.740194    15.952801   -33.789998  -127.512646
   53.201237    11.855010     4.538655    15.921676   -41.456346  -143.989597
   53.806819    12.266382     4.842038    15.854924   -39.583714  -134.865463
   53.290919    12.039002     4.725762    16.127984   -30.611566  -149.698409
   53.717900    11.991253     4.442776    16.043665   -49.424961  -122.253250
   53.553835    12.235078     4.966997    15.854970   -38.628443  -130.972640
   53.366825    12.273443     5.059777    16.052222   -32.827146  -140.922149
   53.345894    12.255233     5.047758    15.957840   -62.666485  -122.562685
   53.489122    12.179347     4.797072    16.354333   -63.287870  -115.854150
   53.416207    12.095965     4.813334    15.798097   -30.379633  -145.266810
   53.499143    12.088080     4.718338    15.888571   -52.271358  -133.339931
   53.109747    12.112068     5.024107    15.866976   -49.939775  -124.625232
   53.159088    11.924731     4.654954    16.317611   -34.769485  -141.858140
   53.578081    12.055045     4.646880    15.820061   -46.178973  -135.588876
   53.587180    12.300268     4.870642    16.394886   -39.535173  -137.574309
   53.166525    11.873660     4.625342    15.950226   -32.688544  -142.415149
   53.267603    12.244303     5.024421    16.068166   -50.903714  -138.319290
   53.548996    12.252962     4.851043    16.133308   -55.539974  -133.452991
   52.951852    12.127805     5.017890    15.936505   -52.079894  -144.188661
   53.165050    11.870203     4.653957    15.996273   -42.946680  -127.995501
   53.578180    12.033292     4.574634    16.105018   -54.705911  -121.869448
   53.309583    12.126051     4.926937    15.860239   -36.843101  -136.636786
   53.285240    12.189572     4.973606    16.268455   -37.675507  -134.823974
   53.732574    12.162844     4.718867    16.052513   -48.221027  -119.010306
   53.093662    12.178209     4.996234    16.308048   -29.088585  -157.771825
   52.967857    11.839583     4.678471    15.890136   -44.369761  -138.244592
   53.391049    12.052633     4.775044    15.887619   -28.953623  -141.493853
   53.511187    12.178435     4.782096    16.210510   -31.451884  -145.098338
   53.369138    12.303705     5.055702    16.011764   -41.145288  -145.389460
   53.457117    12.246316     4.874396    16.130990   -39.786227  -150.387489
   53.823043    12.311879     4.750242    16.272418   -46.150934  -131.417488
   53.521938    12.061333     4.534550    16.356170   -46.725677  -139.376365
   53.287148    12.101393     4.735910    16.328179   -63.121243  -135.507833
   53.159421    12.131924     4.906693    16.446146   -49.902143  -135.801811
   53.104716    11.919307     4.743613    16.063673   -37.734054  -133.893338
   53.195812    12.037244     4.891968    16.084487   -43.770306  -121.305696
   53.404110    12.013542     4.664297    16.009585   -44.734184  -134.044254
   53.295637    12.028417     4.667786    16.240692   -32.589468  -152.267653
   53.260816    12.335212     5.142059    16.288234   -36.937239  -144.404337
   53.323631    12.147026     4.935793    16.201175   -48.098691  -120.289656
   53.348878    12.068047     4.651992    16.319726   -46.577718  -145.753599
   53.391993    12.095957     4.746437    16.191664   -34.398937  -143.385904
   53.362605    12.221554     4.976108    16.035150   -40.357626  -138.908263
   53.255371    12.085092     4.744016    16.333113   -50.661808  -142.795865
   53.508422    11.989591     4.544689    16.061244   -32.168105  -143.021494
   53.088077    12.020353     4.759908    16.293125   -46.313238  -150.029978
   53.311643    12.091076     4.706432    16.418650   -44.614758  -145.511640
   53.300660    12.076708     4.795227    15.888312   -47.284883  -141.479050
   52.840501    11.906914     4.779885    16.399617   -42.426745  -152.557275
   53.606535    12.249387     4.783535    16.528501   -35.778999  -134.457177
   53.461941    12.132902     4.847471    16.005036   -42.368698  -127.434109
   53.636069    12.182394     4.791143    16.032003   -34.664687  -135.358977
   52.975777    11.916963     4.793168    16.085394   -42.183130  -135.380626
   53.364321    12.278003     4.983994    16.397661   -46.564286  -135.509281
   53.419650    12.072180     4.676743    16.331128   -36.577615  -139.661473
   52.797615    12.024049     4.999139    16.165824   -42.920459  -144.358271
   53.538323    12.045609     4.623152    16.166688   -39.014114  -130.921328
   53.239891    11.808917     4.508936    15.847998   -48.709315  -128.300152
   53.236428    12.166586     4.937005    16.218220   -50.713266  -133.764121
   53.394438    12.260341     4.988642    16.155819   -37.166848  -141.082230
   53.309676    12.113944     4.853192    16.297832   -54.178983  -121.249871
   53.408617    11.898619     4.472615    15.985573   -36.122343  -144.229454
   53.476519    12.127712     4.692304    16.422687   -48.782438  -131.063625
   53.397445    11.824281     4.395996    16.179297   -36.315534  -132.087658
   53.059190    12.013649     4.866886    16.181898   -50.952472  -129.496929
   53.110295    12.116608     4.910655    16.265978   -45.249719  -144.698611
   53.611355    12.378471     5.030184    16.163122   -45.753094  -131.804562
   53.165869    11.879908     4.590137    15.977610   -57.558764  -132.535774
   53.220999    12.058599     4.781648    16.065808   -42.212303  -146.794064
   53.564352    12.233353     4.720095    16.246854   -47.907991  -151.369865
   53.502199    12.182167     4.725915    16.232298   -39.514767  -150.575206
   53.525017    12.265885     4.846460    16.247657   -38.251469  -148.198558
   53.459539    12.227834     4.817250    16.379056   -43.118124  -143.203028
   53.303437    12.027869     4.660602    16.299575   -47.311548  -139.660521
   53.423597    12.296094     5.081491    16.135130   -43.031682  -125.897722
   53.392133    12.227870     4.962020    16.216584   -36.041822  -136.525098
   53.408535    12.148389     4.828961    15.859841   -28.134976  -156.927622
   53.637510    12.274694     4.831508    16.167901   -40.710878  -140.635839
   53.559273    12.202147     4.796323    16.080576   -30.154519  -149.322217
   53.695443    12.129070     4.625875    16.096144   -16.417669  -152.675814
   53.516503    12.158206     4.774137    16.160747   -21.646752  -149.855207
   53.466103    11.927704     4.550612    16.118012   -28.088698  -131.457580
   53.303536    11.976269     4.783364    15.692345   -33.644519  -129.494582
   53.253935    11.979579     4.662973    15.899593   -30.163006  -157.064279
   53.374655    12.034209     4.730561    15.792618   -28.449958  -149.819848
   53.506235    11.974200     4.533738    16.020699   -44.099654  -134.197243
   53.568171    12.203243     4.775777    16.199821   -53.836356  -129.002924
   53.542280    11.958959     4.499965    16.220361   -24.619401  -137.465976
   53.410713    12.240834     4.927443    16.225194   -50.996920  -132.592652
   53.412116    12.294943     5.052239    16.191404   -59.937638  -118.391906
   53.567098    12.128380     4.686623    16.109178   -31.971827  -145.820354
   53.417051    12.066978     4.662739    16.259863   -40.291697  -140.728564
   53.764164    12.241979     4.642387    16.319567   -34.626845  -146.062024
   53.157035    12.026355     4.775980    16.464932   -46.742294  -134.768833
   53.202310    12.129188     4.942483    15.935881   -62.302749  -125.563796
   53.543034    12.392535     5.009998    16.170584   -44.254111  -149.748484
   53.287815    11.948531     4.564788    16.212085   -41.449331  -145.365756
   53.649335    12.144064     4.715045    16.154494   -42.794993  -124.328897
   53.416089    12.227506     4.865720    16.311123   -57.094382  -132.140104
   53.921422    12.458608     4.839514    16.404199   -33.311623  -144.702912
   53.143621    11.897795     4.609042    16.154605   -34.667430  -149.249784
   53.370777    11.910592     4.537924    16.162220   -58.642194  -117.754321
   52.788972    11.779123     4.726944    16.303674   -31.021008  -141.830176
   53.414880    12.296012     5.043438    16.017977   -42.692709  -138.977288
   53.834309    12.388290     4.777243    16.321572   -54.939181  -137.871756
   53.610804    12.162400     4.764318    15.913032   -40.567509  -139.479700
   53.185532    12.092755     4.870672    16.293388   -40.901230  -138.431694
   53.430778    12.125271     4.744228    16.216858   -36.559212  -144.005296
   53.118393    12.144364     4.984183    16.238946   -41.869301  -139.617558
   53.545216    12.326326     5.140747    15.825640   -47.719917  -116.566609
   53.795497    12.132222     4.613193    15.968659   -44.653898  -129.570002
   53.122382    11.967227     4.858911    15.769044   -47.746194  -119.327248
   53.357009    11.935391     4.667678    15.808761   -31.916616  -133.241647
   53.452668    12.228504     4.873386    16.273460   -37.178032  -142.419291
   53.128373    11.985080     4.794966    15.837817   -59.520125  -126.715987
   53.776041    12.197940     4.753286    15.624326   -39.798865  -147.952328
   53.660512    12.366776     5.086488    15.870536   -43.983374  -127.637078
   53.096167    11.973114     4.763736    16.011649   -41.349227  -144.026912
   53.218468    11.865535     4.646520    15.805666   -34.184752  -131.708672
   53.587958    12.262323     4.992557    16.199972   -46.849374  -107.798061
   52.971883    11.859755     4.766968    16.237371   -30.676209  -131.632586
   53.375276    12.017204     4.771845    16.039604   -45.032287  -117.176605
   53.048132    12.018878     4.939277    16.131756   -22.337849  -138.157197
   53.296998    12.016543     4.773540    16.263951   -40.097952  -123.372269
   53.614739    12.106965     4.665403    16.166896   -35.260546  -132.978974
   53.563457    11.919382     4.384661    16.187334   -36.031379  -136.869246
   53.396061    12.013164     4.700249    16.060839   -43.552328  -127.206786
   53.356929    11.931038     4.606301    16.099690   -47.405744  -122.904791
   53.187062    12.058119     4.758657    16.288772   -54.889116  -140.403621
   53.142902    11.815144     4.543448    16.002730   -42.851636  -136.627772
   53.582137    12.354134     5.053655    15.895452   -59.720538  -127.727214
   53.484453    12.119514     4.764385    16.100720   -41.510376  -132.943122
   53.306962    11.828746     4.493801    16.010021   -52.952980  -121.066662
   53.289436    11.871971     4.590210    15.765558   -50.483763  -125.283637
   53.422639    12.026554     4.748064    15.870069   -51.013983  -120.353158
   53.573449    12.097315     4.662768    15.980414   -39.810476  -141.597110
   53.354926    12.328237     5.133574    15.975367   -46.768422  -135.292745
   53.562965    12.112744     4.708579    15.791247   -42.610381  -145.968095
   53.249991    11.914537     4.618417    16.138364   -42.642557  -132.538972
   53.491841    12.152594     4.820776    16.287002   -48.760214  -117.790499
   53.459532    11.884961     4.493220    15.878434   -42.023039  -129.808858
   53.284891    12.316827     5.121172    16.060661   -34.876790  -148.480916
   53.239107    11.863722     4.608452    16.128356   -43.322340  -121.821359
   53.495652    11.968372     4.572744    16.002102   -54.708078  -119.805168
   53.630951    11.998619     4.544730    15.837075   -48.896154  -129.052248
   53.053052    11.987850     4.836945    16.043567   -48.931099  -132.823877
   53.525314    11.908275     4.404165    16.031356   -45.821150  -135.444632
   53.113822    12.099838     4.984540    16.132927   -67.608894  -112.106810
   53.660494    12.076764     4.525304    16.160253   -38.451020  -141.128104
   53.179057    12.022316     4.756172    16.185152   -46.948875  -140.591267
   53.221689    11.910227     4.661475    16.106957   -45.765964  -125.626417
   53.015373    12.126380     5.022667    16.214800   -52.645675  -133.077105
   53.338537    12.212010     4.901161    16.232824   -56.117047  -135.241413
   53.498845    12.323348     4.947259    16.265260   -59.048006  -132.618859
   53.531982    12.269723     4.971940    16.040952   -42.741351  -130.782141
   53.670268    12.249401     4.866370    16.023129   -46.069175  -126.998263
   53.473150    12.001683     4.539123    16.108095   -43.692472  -141.704606
   53.632668    12.169612     4.771180    15.935889   -28.775951  -144.598449
   53.517000    12.057977     4.706471    15.953904   -52.348161  -121.383593
   53.747676    12.313822     4.940631    15.901263   -48.000261  -127.245569
   53.193156    12.069641     4.882250    15.854936   -46.538413  -135.502586
   53.531810    12.036391     4.703699    15.916793   -38.715012  -125.731961
   53.141399    11.826684     4.606944    16.097603   -43.001750  -125.792355
   53.586342    12.132806     4.766977    15.769972   -39.382935  -140.989810
   53.300442    12.219440     4.998129    16.077893   -51.722614  -131.850925
   53.172295    11.931332     4.724308    15.986650   -40.994659  -132.224543
   53.395641    11.967956     4.563012    16.089565   -44.968401  -138.050135
   53.744834    12.334660     4.940901    15.859574   -40.362736  -141.629065
   53.494341    11.904480     4.537592    15.772367   -43.923094  -125.439263
   53.344884    12.250663     5.022163    16.202193   -36.039538  -137.513691
   53.503258    11.855581     4.446542    15.833877   -60.547746  -113.077050
   53.858493    12.358516     4.982298    15.829153   -53.290580  -119.411977
   53.558087    12.244009     4.922492    15.938043   -54.067069  -127.081254
   53.403247    12.299651     5.022885    16.115172   -40.589560  -143.146902
   53.322901    12.046197     4.818517    15.930095   -61.233000  -114.296044
   53.773330    12.136219     4.714378    15.940939   -41.424505  -118.525205
   53.413595    12.110734     4.844912    16.155797   -46.759448  -118.759786
   53.345702    12.109565     4.836136    16.087146   -46.541868  -131.002904
   53.406605    12.036805     4.766981    15.967235   -42.646580  -124.134677
   53.677751    12.091045     4.579725    16.241985   -48.939164  -120.918634
   53.314906    12.047221     4.794353    15.904247   -49.695094  -129.724164
   53.306463    12.223531     5.070364    15.973265   -34.369979  -133.509519
   53.137076    12.016284     4.839173    16.015702   -29.746013  -144.341042
   53.396525    12.181777     4.933671    15.824586   -34.360051  -144.012089
   53.639840    12.297092     4.873404    16.224051   -38.087024  -138.030086
   53.646770    12.033162     4.546091    15.935088   -41.300718  -136.970990
   53.395434    12.204393     4.953440    16.176482   -34.348660  -134.204785
   53.475563    12.381152     5.170470    15.964515   -34.160123  -138.165252
   53.225961    11.973462     4.729242    15.910967   -46.500019  -134.167435
   53.454966    11.959105     4.633310    15.904805   -42.133647  -124.245368
   53.373539    12.154640     4.905642    15.911321   -52.630993  -128.762745
   53.347791    11.946938     4.648697    16.056932   -56.156655  -115.634611
   53.772402    12.145227     4.639794    16.022050   -51.648860  -122.747206
   53.656203    12.129056     4.746269    15.852279   -21.302189  -144.405580
   53.300847    12.321429     5.112529    16.110161   -41.864004  -143.187256
   53.512204    12.280497     5.040407    16.090952   -46.655207  -117.880126
   53.554415    12.127671     4.672776    16.337688   -40.679087  -133.353744
   53.477702    12.140697     4.653533    16.272739   -38.919546  -155.079840
   53.485041    12.212903     4.892440    15.925987   -41.566680  -142.174046
   53.047291    11.896880     4.723879    15.689701   -33.460625  -144.679143
   53.866315    12.412584     5.046975    15.523417   -29.053365  -155.070308
   53.454799    12.376520     5.108612    16.106534   -31.109276  -148.453867
   53.400359    12.066177     4.675606    15.830351   -45.789401  -153.768394
   53.391182    12.161961     4.906377    15.718844   -48.332685  -137.338328
   53.427708    11.838226     4.467541    15.721468   -33.110893  -136.493225
   53.582256    12.106378     4.696571    15.855287   -47.054656  -138.242852
   53.036861    12.108233     5.005206    15.808791   -46.966360  -137.085206
   53.213939    12.214014     5.039950    16.056810   -39.360032  -141.785642
   53.357106    12.084780     4.706838    16.124050   -49.915743  -143.557094
   53.213093    12.021377     4.753055    15.950357   -52.891978  -138.538316
   53.481727    12.020974     4.558067    16.243683   -46.809220  -134.242832
   53.632373    12.088838     4.508943    16.260336   -50.086133  -137.760824
   52.817776    11.942850     4.912002    16.053625   -32.855423  -144.173939
   53.567637    12.387955     5.138395    15.844176   -50.940957  -129.801789
   53.162640    12.135946     5.026133    16.301128   -51.266895  -115.969827
   53.629380    12.380739     5.097190    15.837806   -43.428608  -135.093583
   53.472198    12.078656     4.828027    15.834377   -50.139681  -115.495105
   53.365406    11.840747     4.469622    15.798097   -45.488074  -133.450207
   53.383505    12.244267     5.001709    16.213623   -35.963633  -134.645815
   53.691439    12.306074     5.002976    15.954440   -51.376673  -113.446117
   53.693190    12.108555     4.660148    16.007949   -39.425279  -129.288090
   53.582652    12.125298     4.692041    15.843442   -52.346816  -141.633935
   53.604040    12.100251     4.801065    15.780868   -43.605604  -118.732148
   53.236848    12.143767     4.951766    15.955779   -40.445864  -139.409784
   53.280518    11.942003     4.687367    15.843980   -42.113873  -132.024262
   53.599208    12.026903     4.528947    15.932834   -32.556295  -150.711396
   53.648872    12.148929     4.596400    15.967071   -41.679067  -160.731569
   53.142409    12.144386     4.946243    16.106808   -26.712592  -157.763071
   53.241058    12.132434     4.918292    15.924655   -40.540978  -143.132548
   53.391442    12.112651     4.694253    16.117326   -35.254437  -160.520309
   53.331395    12.226289     4.903904    16.031590   -43.829091  -156.422152
   53.339577    12.123512     4.819819    16.188346   -29.062772  -147.887694
   53.362852    11.887436     4.455666    15.942053   -50.208369  -142.284664
   53.325647    11.992952     4.628636    15.978644   -20.341585  -163.224477
   53.312162    11.985433     4.643947    16.227244   -15.918516  -155.365120
   53.345267    12.057735     4.792842    15.700423   -38.641969  -142.675644
   53.072628    12.132342     5.004151    16.215968   -52.376269  -131.305706
   53.735008    12.199480     4.592105    16.131013   -44.738834  -151.784115
   53.583847    12.182071     4.709043    16.142086   -52.645404  -137.593892
   53.388989    12.109522     4.708735    16.028890   -37.726105  -158.978333
   53.334644    12.169837     4.840512    16.286388   -48.772507  -139.249770
   53.090704    12.125227     4.898988    16.153422   -41.174426  -157.573441
   52.992656    11.899209     4.741873    15.867539   -39.162273  -143.161894
   53.426396    12.189359     4.731004    16.257930   -45.904089  -157.308385
   53.329454    11.969341     4.599432    15.779637   -45.822701  -150.066548
   53.877423    12.295980     4.634612    16.189911   -45.847071  -147.433412
   53.410917    12.163744     4.757338    16.339623   -28.870348  -156.072365
   53.617837    12.051668     4.587511    15.834098   -49.775663  -138.128754
   53.028882    11.931589     4.733221    16.238170   -51.332940  -136.371642
   53.112542    12.098398     4.908648    16.132251   -38.037663  -147.681162
   52.966772    12.192148     5.085936    16.238602   -50.874600  -145.509894
   53.292147    12.246841     5.023856    16.038983   -49.615888  -138.040854
   53.137235    12.022685     4.856163    15.940301   -39.275939  -137.699571
   53.640657    12.222312     4.796178    16.207595   -43.718616  -128.509186
   53.657553    12.205847     4.857163    15.831310   -40.763790  -132.461790
   53.596958    12.112443     4.719356    15.782163   -45.833692  -138.170515
   53.312197    12.075654     4.753731    16.008787   -39.725892  -149.225727
   53.600411    12.198782     4.794248    15.885040   -37.024576  -149.011045
   53.268921    12.120736     4.829912    15.884087   -44.476222  -152.592742
   53.447240    11.976720     4.527597    16.016649   -53.763790  -137.557703
   53.306178    12.202558     4.969913    15.916741   -47.206274  -140.456435
   53.361629    12.113103     4.810600    15.939397   -45.437337  -141.304825
   53.725100    12.290289     4.738615    16.208739   -34.613791  -153.425891
   53.707258    12.215643     4.682807    15.992673   -40.515877  -154.324775
   53.463754    11.893124     4.422515    16.031244   -31.598564  -146.125905
   53.419092    12.077421     4.619328    16.446998   -47.032340  -139.592638
   53.594167    12.214586     4.720298    16.376658   -51.912040  -132.029706
   53.459050    12.088975     4.686462    15.997334   -41.702978  -146.842620
   53.197787    11.946509     4.614899    16.335397   -42.655711  -143.851020
   52.949905    11.914602     4.739079    16.228150   -42.087296  -148.157127
   53.566133    12.062915     4.565874    16.136218   -32.997269  -147.847886
   53.514808    12.279401     4.867289    16.117376   -38.511839  -155.613856
   53.374926    11.877694     4.465031    16.108719   -36.040188  -139.805500
   53.377345    12.375097     5.084722    16.345718   -27.732613  -156.622749
   53.135393    11.902837     4.645989    15.932731   -38.044328  -146.753379
   53.126701    11.867096     4.593968    15.887459   -33.617089  -151.840572
   53.064290    11.999214     4.830787    15.847478   -36.168690  -147.481652
   53.199991    11.701616     4.304082    16.008461   -57.679409  -132.550283
   53.295837    12.223914     5.012830    15.944806   -53.003522  -133.910595
   53.147801    12.202424     5.056016    15.756254   -36.131457  -149.832201
   53.241560    12.068998     4.780215    16.168159   -32.137188  -151.560278
   53.142677    11.961563     4.752561    16.120223   -49.563348  -129.388528
   53.211563    11.967083     4.695363    15.965708   -30.279937  -150.575872
   53.440919    12.340853     5.058613    16.182091   -40.349767  -140.456326
   53.426149    12.068679     4.682746    15.887157   -38.818897  -152.625642
   53.307275    11.968108     4.592485    16.162675   -56.831962  -133.316920
   53.266241    11.980862     4.647849    16.147433   -38.199171  -145.746587
   53.102709    12.073629     4.866312    16.073329   -58.936349  -136.562262
   53.388882    11.929157     4.527460    15.888076   -53.565993  -136.681582
   53.006979    11.875347     4.669117    16.266437   -49.983204  -137.374224
   53.551312    12.198260     4.750319    16.136175   -28.012790  -156.833689
   53.486953    12.095081     4.706475    15.981130   -32.628546  -148.333599
   53.072171    12.165211     4.996711    16.264007   -52.098294  -141.177280
   53.057849    11.780750     4.526547    16.191059   -34.163348  -144.471891
   53.341084    12.150762     4.756195    16.372467   -51.996234  -144.078285
   53.348020    12.005548     4.694375    15.902770   -36.445613  -142.888986
   53.705407    12.227135     4.666691    16.172362   -31.229208  -156.224188
   53.695617    12.018906     4.485374    16.040800   -37.081928  -134.668224
   53.432387    12.093246     4.665369    16.224876   -29.188198  -154.913508
   53.063126    11.787941     4.577104    15.991030   -35.942855  -137.742323
   53.226227    11.980475     4.680867    16.241837   -31.819271  -146.714483
   53.389505    12.097096     4.646023    16.330360   -50.503943  -145.911545
   53.226763    12.268334     5.110805    16.143413   -47.051216  -133.265480
   53.655356    12.147482     4.657727    15.976422   -44.887376  -143.380830
   53.023013    12.095312     5.027028    16.481474   -53.190583  -119.433784
   53.700468    11.894803     4.253464    16.030219   -45.574958  -136.199698
   53.550336    12.227327     4.763581    16.284091   -51.702661  -137.920708
   53.156265    12.154227     4.921033    16.336415   -39.915925  -149.116542
   53.299192    12.156447     4.874137    16.242671   -44.468161  -138.626734
   53.432897    12.013918     4.717318    15.934689   -54.176755  -116.564324
   53.340695    12.152542     4.812340    16.274345   -45.028587  -142.223387
   53.305530    12.214085     4.881801    16.072625   -45.908266  -157.890725
   53.262791    12.127137     4.911989    15.821817   -45.992133  -139.101518
   53.476247    12.201558     4.791483    15.948178   -50.198168  -153.701757
   53.538275    12.098411     4.612246    16.222814   -19.294123  -159.404731
   53.448588    11.959490     4.445225    16.274933   -39.572520  -147.250577
   52.893767    12.051700     4.948838    16.064407   -35.786692  -156.162964
   53.501414    12.269742     4.887006    16.059686   -38.246057  -153.498165
   53.670487    12.134234     4.537570    16.182443   -46.283688  -147.425763
   53.005551    11.845555     4.647202    16.042221   -35.180149  -147.062195
   53.185804    11.856782     4.540375    15.912941   -29.586928  -154.626304
   53.509854    12.037254     4.545858    15.973306   -54.973072  -145.339401
   53.201281    11.828307     4.521918    15.818475   -47.670456  -137.124729
   53.712221    12.269043     4.754115    16.313461   -37.932224  -138.289416
   53.384074    12.069369     4.682587    16.290502   -53.144275  -131.495083
   53.353224    12.245788     4.990394    16.117406   -50.256561  -133.808247
   53.420801    12.119097     4.677670    16.192708   -53.410858  -145.167088
   52.846477    11.690793     4.518668    16.072098   -29.858427  -154.206840
   53.051376    11.784258     4.581703    16.011237   -22.864605  -145.733337
   53.169237    12.102744     4.830378    16.290024   -45.376556  -148.071429
   53.260626    12.084831     4.736200    16.057239   -39.854355  -160.547183
   53.045021    12.003702     4.800053    15.959142   -46.891978  -147.909374
   53.342491    12.133275     4.748556    16.207937   -38.475499  -156.333119
   53.110959    11.821101     4.565147    15.929157   -37.962366  -142.810303
   53.434957    12.286517     4.991687    16.032552   -49.778135  -138.700127
   53.205368    11.847291     4.505264    16.135189   -32.667393  -148.743678
   53.268033    12.282267     5.088224    16.116998   -37.624564  -143.987878
   53.268453    12.063321     4.871700    16.011625   -39.108492  -129.050521
   53.071557    12.136693     5.009493    16.284901   -43.839593  -136.356616
   53.180957    12.032885     4.778193    16.092639   -28.158977  -154.678475
   53.495088    12.034405     4.590671    16.235414   -35.308724  -139.306124
   53.351419    11.860758     4.435792    16.082019   -33.585700  -146.508835
   53.274113    12.178435     4.865392    16.271938   -38.747465  -153.079130
   53.173776    12.112245     4.824188    16.226402   -48.358669  -150.871746
   53.212565    11.954246     4.672753    15.977350   -32.737722  -149.261796
   53.195790    12.222554     5.053548    16.125643   -37.438282  -143.196491
   52.929616    12.084681     5.003001    16.026553   -33.812768  -151.161309
   53.525366    11.935551     4.485472    15.712054   -27.139257  -154.925359
   53.077352    11.882450     4.679815    15.886275   -16.961175  -156.421362
   53.622887    12.313892     4.917463    16.040781   -34.123459  -148.662243
   53.165903    12.269126     5.096317    16.044110   -36.420099  -153.657558
   53.140945    12.243289     5.111654    15.867536   -40.918463  -145.685457
   53.498082    11.966941     4.660695    15.798677   -31.915256  -127.382710
   53.453919    12.228025     4.951771    16.048672   -26.363736  -144.130628
   53.640774    12.182752     4.585207    16.216344   -63.389456  -144.417714
   53.633521    12.198567     4.612854    16.306614   -41.624313  -153.654393
   53.581656    12.093510     4.627610    16.028106   -59.090521  -130.093717
   53.421685    12.192412     4.798961    16.327896   -47.088852  -141.079250
   53.583740    12.175319     4.700785    16.375679   -53.636103  -125.261714
   53.536883    12.161239     4.769649    15.907567   -38.414083  -148.469172
   53.592780    12.050251     4.569721    15.988314   -52.720105  -133.730141
   53.427770    11.948222     4.544813    16.033994   -44.371037  -134.359430
   53.211183    12.011086     4.730021    16.259236   -65.083563  -123.294294
   53.387709    12.254491     5.056625    15.849110   -60.319670  -120.845091
   53.451263    12.232176     4.972201    15.922832   -45.616869  -132.945738
   53.226171    12.070729     4.846360    16.291769   -37.413819  -134.465766
   53.210522    11.804281     4.578032    15.830912   -44.691518  -120.382583
   53.194454    11.791235     4.498961    15.990397   -22.053680  -146.409566
   53.416699    11.861470     4.414323    16.154962   -41.162681  -133.556961
   53.273358    11.993163     4.756966    15.929142   -57.105855  -120.452491
   53.390063    12.232154     4.946723    16.234690   -33.636625  -141.880428
   53.316504    11.835591     4.533691    15.756062   -45.285307  -126.549990
   53.510733    11.891673     4.386688    16.069487   -20.578676  -152.421816
   53.216904    11.977491     4.773143    15.874076   -27.694768  -141.955063
   53.267713    11.987232     4.698836    15.920892   -25.021707  -153.560085
   53.623353    12.316088     4.940028    16.246669   -17.638151  -147.405922
   53.176469    12.162878     4.988140    15.885549   -36.584236  -148.108635
   52.933882    12.228148     5.159998    16.256407   -57.321937  -139.412165
   53.273579    12.194979     5.047015    16.004171   -40.146541  -129.212749
   53.443819    11.888697     4.505079    16.013529   -54.071297  -116.677788
   53.449815    12.231072     4.903531    16.111206   -51.298014  -133.933809
   53.477463    12.206013     4.923995    15.983096   -42.332261  -131.931460
   53.421870    12.097158     4.712912    16.279918   -35.643923  -141.890297
   53.285332    11.966105     4.772263    15.637370   -21.697653  -139.526022
   53.351047    12.131404     4.846885    15.883245   -24.157438  -157.002693
   53.267873    12.107181     4.913331    16.033947   -35.096970  -135.162131
   53.309494    11.991053     4.616480    16.287930   -48.870987  -136.339100
   53.576407    12.197920     4.724039    16.104427   -39.356701  -151.910684
   53.095486    12.194719     5.049167    15.965970   -44.138886  -146.451711
   52.959702    12.083620     5.014010    15.637069   -37.845221  -141.289066
   53.239168    12.194269     4.922915    16.061560   -29.698248  -163.806822
   53.042962    11.862789     4.698609    15.661680   -22.715050  -148.110979
   52.918737    11.831825     4.662429    15.947951   -28.435624  -156.398655
   53.459078    12.308051     4.981203    16.063937   -38.141361  -150.824403
   53.602669    12.217462     4.889873    16.091080   -59.486912  -108.445789
   53.173140    12.208371     5.057658    16.078072   -55.157699  -129.718781
   53.382572    12.152978     4.983576    15.695502   -28.388219  -134.672396
   53.477530    12.087547     4.715270    16.170779   -34.484125  -136.840583
   53.632710    12.339081     4.892964    15.985480   -37.845804  -161.521338
   53.618309    12.003941     4.504703    16.120430   -35.777316  -134.386493
   53.272163    11.910973     4.676167    15.912192   -27.777752  -134.697923
   53.280807    11.851747     4.563563    15.990890   -57.557150  -114.972650
   53.357510    12.016102     4.674032    16.037870   -40.454999  -140.739833
   53.371766    12.053937     4.721164    16.181013   -29.769126  -143.292027
   53.380905    12.128236     4.793797    16.167740   -46.558765  -136.428352
   53.561965    11.945010     4.504188    15.860876   -54.073016  -124.702205
   53.606547    12.030369     4.555456    16.044541   -37.569237  -136.518441
   53.687330    12.041778     4.510739    16.032175   -31.643734  -142.137014
   53.514762    11.985527     4.561466    15.990561   -38.539096  -136.552263
   53.433929    11.946010     4.565009    15.881438   -28.447137  -146.412667
   53.385253    11.976607     4.560114    16.204759   -44.853981  -138.079244
   53.719600    12.182216     4.755101    15.946669   -39.704962  -132.907517
   53.433140    12.127286     4.764426    16.151594   -43.478980  -137.786091
   53.192198    11.952930     4.716150    15.811865   -41.872277  -140.034396
   53.637723    12.040144     4.540550    15.976760   -38.396520  -140.912930
   53.546130    11.954555     4.565572    15.653044   -43.537001  -133.442279
   53.454991    12.228494     4.875074    16.174693   -42.129538  -141.871590
   53.458682    12.019457     4.650762    15.946476   -48.691418  -131.391165
   53.485933    12.258085     4.981752    16.162240   -45.239302  -124.412217
   53.139936    11.996578     4.771187    16.187619   -30.947385  -147.107930
   53.290831    11.923687     4.573284    16.327346   -30.925155  -141.045713
   53.433922    12.319141     4.960346    16.210668   -36.653366  -156.404681
   53.323130    12.079864     4.771507    15.889146   -23.960389  -160.501265
   53.664338    12.447678     5.156640    15.860220   -50.919037  -132.468788
   52.991344    12.236532     5.201106    16.023408   -35.293367  -143.364909
   53.464041    12.174853     4.809817    16.094503   -19.969532  -157.895282
   53.381826    12.011676     4.686746    15.992020   -39.748565  -136.356350
   53.353317    12.198569     4.888802    16.200993   -40.367083  -144.540411
   53.162534    11.888669     4.623264    16.275685   -35.000731  -138.408767
   53.660308    12.085384     4.601201    16.086097   -50.394151  -124.810699
   53.302089    12.083692     4.860707    15.809537   -56.997980  -125.250783
   52.966930    11.764460     4.627176    15.948046   -40.151198  -130.700294
   53.131584    11.961598     4.835906    15.889507   -38.689155  -126.714139
   53.234036    12.034504     4.819530    16.139909   -27.970148  -139.566602
   53.422072    11.993548     4.622619    16.079305   -45.352061  -130.710716
   53.450763    12.153988     4.843243    16.003382   -34.304707  -141.079780
   53.564528    12.333339     5.027790    16.002002   -23.773746  -148.869855
   53.128293    11.984693     4.845390    16.157840   -23.065132  -136.865372
   53.292661    12.118024     4.914208    16.093943   -28.160668  -138.101050
   53.218990    12.124913     4.965102    15.900541   -18.795596  -149.602678
   53.380546    11.921094     4.569685    15.761868   -23.575769  -151.938726
   53.599804    12.058553     4.605461    16.113420   -56.472755  -118.622536
   53.177224    11.909041     4.665201    16.161148   -36.694704  -135.444812
   53.748237    12.305651     4.869743    15.998449   -42.731356  -136.483064
   53.517052    12.101030     4.712677    16.007825   -40.046713  -138.715365
   53.271810    11.965839     4.659162    16.169031   -41.286589  -135.996584
   53.113766    11.934098     4.722880    16.120411   -39.766813  -138.272781
   53.298410    12.042879     4.804576    16.206916   -29.190509  -133.986417
   52.941039    11.707416     4.556784    15.948114   -46.947403  -127.040180
   53.366511    12.172569     4.922896    15.908846   -44.485657  -137.067735
   53.444015    12.186038     4.798291    16.152297   -51.467011  -140.454453
   53.571504    12.259921     4.847723    16.244529   -39.446638  -139.535881
   53.086790    11.946801     4.791496    15.821565   -41.051735  -135.408421
   53.446083    11.899994     4.475803    15.812653   -52.397172  -134.642228
   53.456959    12.155032     4.850774    16.091339   -52.863466  -121.982611
   53.741780    12.118508     4.634181    15.916419   -40.760585  -134.913316
   53.372200    12.152087     4.904182    16.263451   -28.667033  -133.791404
   53.221198    12.073235     4.843032    15.866587   -46.324418  -141.082661
   53.793108    12.125656     4.570523    16.019031   -49.370322  -129.185750
   53.411693    12.200651     5.059426    15.691839   -38.273592  -122.305659
   53.144503    12.151864     5.021863    16.261461   -46.789450  -127.086244
   53.602164    11.964930     4.515641    15.837150   -32.614053  -139.394206
   53.534744    12.245959     4.920302    16.024191   -30.042554  -143.759131
   53.263259    11.960424     4.614069    15.860452   -39.727899  -154.515827
   53.404224    12.025794     4.543293    16.253738   -51.801626  -145.717487
   53.593624    12.149154     4.724263    15.799874   -37.210635  -153.240710
   53.212311    12.178261     4.954056    16.117233   -36.907849  -149.375316
   53.323015    11.904187     4.549306    15.763922   -37.473228  -148.021691
   52.908844    11.948972     4.864779    15.864714   -39.105438  -141.118771
   53.399899    12.304049     5.090585    15.922533   -32.865199  -143.759734
   53.270930    11.761720     4.356018    16.098355   -35.654905  -143.048056
   53.072828    11.936447     4.749910    15.869558   -26.450506  -151.932439
   53.477081    12.284191     4.930790    16.034308   -33.174310  -156.745375
   53.196890    12.311968     5.118331    16.114469   -35.590203  -156.605639
   53.365453    12.271603     5.014171    16.201362   -42.402980  -137.437896
   53.380785    12.059370     4.766152    16.174548   -32.485494  -133.796882
   53.201673    12.081939     4.868526    16.315875   -37.495103  -135.798075
   52.801382    11.673800     4.583812    16.083941   -29.378231  -141.729671
   52.885856    11.943353     4.844420    16.032679   -30.531488  -152.176874
   53.284291    12.029914     4.676723    16.087889   -47.304529  -146.852137
   53.268813    11.990706     4.688782    15.931403   -36.222448  -148.322062
   52.973294    11.892184     4.756977    16.189727   -34.300424  -140.578339
   53.162413    12.035040     4.825142    15.929684   -29.730138  -150.979206
   53.279939    12.039322     4.714661    16.176535   -36.643790  -147.428451
   53.465586    12.304406     4.953452    16.147396   -53.396116  -139.918350
   53.350645    11.982432     4.709742    16.164880   -33.577942  -126.834523
   53.410337    12.301032     5.053002    16.182364   -41.192952  -133.926799
   52.966739    12.074211     5.022682    15.926818   -27.072841  -145.137109
   53.562334    12.247764     4.912081    16.128716   -48.178303  -124.343940
   53.178309    12.068049     4.906649    16.036052   -47.527094  -127.420944
   53.304024    11.988682     4.674636    16.163494   -49.669328  -129.058705
   53.336912    11.915504     4.603552    16.014957   -44.208252  -126.938224
   53.615753    12.154012     4.691765    16.236667   -26.036210  -144.441912
   52.975075    11.810395     4.623825    16.195038   -35.405930  -143.967461
   53.281045    11.999297     4.680291    16.300404   -37.290825  -138.919305
   53.691279    12.168125     4.727876    16.166201   -26.388002  -135.418603
   53.230145    12.113259     4.897074    15.939521   -27.064323  -152.230980
   53.332851    12.157989     5.011254    15.786642   -21.711525  -137.959037
   53.269507    12.078927     4.780762    16.275661   -27.823302  -150.623264
   53.319035    12.139703     4.879026    16.307264   -34.132924  -136.557173
   53.645166    12.036173     4.533624    16.148633   -54.280699  -119.145382
   53.418078    12.125406     4.737133    16.162018   -49.297589  -139.710348
   52.682826    11.712157     4.684143    15.955878   -31.195642  -144.513836
   53.086308    12.044645     4.956517    16.192472   -51.789896  -116.433920
   53.365006    12.114743     4.902965    15.950448   -22.232346  -139.527961
   52.850585    11.835944     4.756403    16.078931   -49.349129  -131.633765
   53.376603    11.880935     4.442688    16.344907   -30.892816  -140.716412
   53.447004    12.039326     4.657879    16.063216   -51.630721  -129.678496
   53.073211    11.916231     4.751332    15.875687   -37.508338  -138.389389
   53.483087    11.965446     4.606222    15.804334   -35.875698  -136.240553
   53.348207    11.758994     4.371494    15.892601   -47.485189  -126.385046
   52.956654    12.095004     5.048530    16.380923   -50.837638  -126.589703
   53.051717    11.781707     4.594612    15.893551   -47.818784  -126.609752
   53.302706    11.959727     4.616871    16.209663   -36.801850  -140.091349
   53.646627    12.019039     4.481935    15.997320   -46.354720  -137.992374
   53.556681    12.024070     4.559911    15.935358   -57.756452  -132.157980
   53.099885    12.187553     5.018152    16.176926   -36.663098  -152.085463
   53.473247    12.087936     4.691088    15.837020   -34.490734  -155.977101
   53.496040    12.254833     4.815642    16.383443   -42.961772  -145.732909
   53.132964    12.040010     4.765686    16.211526   -53.759655  -144.255492
   53.673509    12.246499     4.674205    16.399723   -53.295177  -135.926757
   53.102248    12.059905     4.849122    15.944139   -37.561820  -154.125738
   53.749739    12.151767     4.514389    16.239657   -39.767632  -146.788108
   53.471185    12.060460     4.586282    16.106616   -56.047889  -141.528565
   53.362462    12.127862     4.878544    15.898311   -46.354188  -132.934678
   53.241518    12.088868     4.939454    15.778280   -44.758493  -126.941179
   53.362254    12.194333     4.960783    16.149523   -39.568230  -131.261646
   52.958446    11.728329     4.526415    15.914531   -36.594819  -144.086779
   53.328214    11.984369     4.652782    16.068421   -42.603568  -137.138462
   53.278082    12.314379     5.196158    15.937920   -42.961906  -130.650683
   53.309563    11.977360     4.692977    16.078326   -41.190592  -130.916493
   53.284813    11.953463     4.610225    16.312259   -55.793284  -125.207700
   53.494207    12.110290     4.850528    16.051135   -45.628501  -112.122731
   53.167572    11.801979     4.581903    15.975588   -49.679938  -118.092081
   53.279607    11.843868     4.495236    16.076693   -39.339358  -136.390974
   53.268474    11.798271     4.511945    15.735828   -30.803103  -136.091397
   53.285912    12.176057     4.969172    16.049400   -54.798566  -126.120622
   53.254974    11.953966     4.661361    16.164626   -43.069861  -133.462095
   53.458160    12.058969     4.739251    16.000435   -54.194253  -119.291688
   53.365834    12.005698     4.682717    16.193812   -38.857937  -131.139852
   53.374770    11.856063     4.504440    16.225530   -36.069972  -123.039639
   53.319277    12.172396     4.946971    16.220864   -22.691580  -143.196944
   52.938171    11.874055     4.810209    16.185201   -44.639181  -122.787237
   53.122368    12.122330     4.993808    15.839815   -21.527883  -152.524094
   52.973520    11.841886     4.667207    16.052598   -51.963303  -134.047894
   53.202377    11.805515     4.429187    16.205827   -43.656130  -142.652597
   53.266057    12.197602     4.917807    16.394003   -46.979828  -139.694068
   53.389151    12.044707     4.716619    16.059255   -28.860353  -144.324210
   53.189886    12.134028     4.915355    16.093752   -18.739526  -161.047440
   53.421979    12.197460     4.843678    16.178851   -38.071506  -146.410629
   53.332758    12.036126     4.755499    16.218565   -43.867342  -125.726191
   53.493536    12.158983     4.896486    15.917674   -40.471506  -126.532726
   53.267626    11.866649     4.567629    15.918772   -42.287102  -133.069635
   53.231715    12.095185     4.786827    16.338593   -38.717376  -149.349456
   53.101812    12.210465     5.130806    16.270509   -50.060368  -124.347290
   53.142956    12.079750     4.934082    15.791072   -41.138904  -137.880883
   53.295137    12.078402     4.820317    16.056317   -32.531688  -143.023190
   53.284173    12.187060     4.875808    16.081770   -57.969650  -144.762822
   53.077077    12.058195     4.928751    15.909656   -36.548511  -141.813077
   53.507920    11.994247     4.593293    15.919459   -37.680702  -137.871218
   53.040485    11.756416     4.556944    15.941038   -31.896120  -139.036055
   52.788235    11.872946     4.877645    15.992219   -33.911692  -134.539687
   53.615827    11.957621     4.503620    15.949790   -31.565022  -133.072388
   53.303991    11.961836     4.579819    16.135623   -42.350412  -145.766476
   52.965142    11.911184     4.840925    15.901664   -36.939540  -131.118745
   53.648775    12.252533     4.870680    16.105664   -41.571796  -128.746909
   53.402804    11.979911     4.744311    16.072930   -22.960012  -123.503426
   53.432021    12.204241     4.918539    16.031957   -48.922494  -131.023333
   53.174168    11.941845     4.766918    15.757941   -43.469013  -128.578062
   53.385430    12.202294     4.892306    16.265537   -35.815586  -142.002259
   53.067458    11.885195     4.710794    16.054135   -29.716873  -141.111737
   53.474091    12.093098     4.860415    15.639173   -37.660232  -128.193342
   53.102022    11.803763     4.590050    16.054946   -37.607089  -132.445454
   53.244083    11.942615     4.710209    16.155214   -34.114144  -129.426993
   53.341035    11.856695     4.599584    15.700093   -37.582224  -123.744509
   53.178383    12.049985     4.875931    16.135756   -36.213832  -134.052348
   53.325654    12.062088     4.830601    16.191443   -42.313000  -121.720751
   53.332702    11.834431     4.465877    15.854115   -42.064853  -137.153019
   53.545936    12.031970     4.652319    15.921410   -44.764968  -127.776867
   53.542305    12.203460     4.968250    15.556509   -47.362267  -125.494748
   53.289278    12.058679     4.816895    16.041517   -44.480021  -131.104984
   53.220299    12.030212     4.748318    16.239876   -57.411160  -129.680667
   53.427719    11.919596     4.581508    15.978677   -28.315353  -133.354747
   53.483997    12.251677     5.030520    16.035908   -33.118974  -127.502383
   53.061127    12.190391     5.164839    15.986105   -39.346009  -128.339631
   53.406426    12.240137     4.939885    16.210450   -30.512847  -146.335487
   53.298501    11.913048     4.605607    15.790750   -49.034073  -133.645997
   53.521485    12.174602     4.806501    16.122648   -44.376792  -132.318273
   53.239824    11.879006     4.584941    15.943578   -59.605423  -123.483295
   53.605560    12.271813     4.876859    16.229757   -61.189363  -117.448907
   53.547988    11.986554     4.584781    15.818243   -43.007586  -133.150602
   53.441594    12.037667     4.720919    15.942611   -33.938269  -136.096418
   52.808981    11.979847     4.975606    15.790492   -34.738193  -139.346584
   53.326031    12.071500     4.887674    15.911613   -39.375906  -124.116496
   53.503969    12.238426     4.920706    16.225359   -43.599557  -126.980484
   53.326121    11.837520     4.515949    16.106659   -27.958158  -131.817616
   53.292740    12.142036     5.008824    16.201708   -33.526019  -119.364418
   53.178133    12.088272     4.936439    15.797663   -33.714196  -141.461289
   53.105413    11.968629     4.793432    16.282180   -40.063717  -131.429091
   53.579434    12.072034     4.661999    16.071609   -48.013222  -123.177479
   53.217749    12.004473     4.857751    15.869645   -41.550991  -123.006866
   53.505918    11.939050     4.544102    16.050676   -53.748302  -113.974514
   53.041955    12.098089     5.067953    16.034268   -32.047752  -129.601152
   53.117078    11.976529     4.769193    16.103075   -46.636496  -136.011814
   53.178265    11.907466     4.620204    16.197698   -40.928249  -139.540986
   53.626783    12.054549     4.505187    16.161921   -59.715268  -127.906905
   53.217938    11.967790     4.595592    16.378881   -49.223594  -144.641163
   53.514693    12.166789     4.704910    16.219626   -43.941527  -145.765622
   53.496094    12.069886     4.671642    15.970219   -43.030804  -140.022381
   53.110407    11.856062     4.660387    16.219741   -55.448251  -116.648414
   53.521358    12.203077     4.808421    16.120008   -44.526078  -139.632341
   53.266091    12.092662     4.751883    16.156965   -52.229588  -146.366817
   53.271259    11.948919     4.607012    16.019297   -38.327727  -147.947067
   53.482109    12.209228     4.793834    16.402273   -39.501782  -141.378970
   53.489078    12.170499     4.860719    16.198357   -36.491528  -128.528589
   53.258671    11.978434     4.631934    15.925186   -38.600961  -155.765752
   53.261390    12.003932     4.710358    15.986150   -49.422552  -137.798473
   53.635047    12.149661     4.694590    16.039148   -36.765721  -141.820846
   53.349066    11.878635     4.482046    16.082131   -36.807248  -140.772244
   53.267045    11.996435     4.644678    16.221243   -28.114196  -155.716992
   53.269072    12.060530     4.749011    16.241950   -43.256223  -141.312261
   53.437265    12.227746     4.855878    16.254191   -74.083038  -121.958917
   53.013123    12.222392     5.144711    16.267839   -32.473434  -148.090630
   53.034669    11.944869     4.855267    15.789445   -46.136084  -124.004204
   53.191220    12.136114     4.891861    16.163515   -51.067447  -141.280829
   53.447942    11.979165     4.597644    15.787891   -44.442216  -140.605522
   53.433750    11.944000     4.580293    16.155830   -42.936757  -122.371907
   53.632024    12.313688     5.044118    15.843298   -47.756519  -122.773573
   53.621356    12.342044     4.997738    15.973414   -64.327084  -123.996342
   53.459463    11.997529     4.562529    15.867882   -49.511361  -144.948670
   53.176131    12.065579     4.942845    15.752992   -47.048296  -124.911607
   53.142075    12.219316     5.148222    16.162343   -51.787466  -119.114075
   53.299731    12.015062     4.800891    15.974755   -39.990864  -126.192034
   53.360333    12.166642     4.957093    15.733683   -33.409337  -141.907605
   53.577682    12.350959     5.019023    16.129331   -44.095434  -133.356310
   53.132787    11.854437     4.648339    15.803773   -53.736401  -123.504660
   53.263827    11.950716     4.630148    15.873909   -38.935439  -148.700307
   53.196542    12.324438     5.184444    16.143277   -46.081733  -138.097972
   53.790206    12.525221     5.098719    16.139465   -38.876199  -144.880079
   53.540059    12.065711     4.575795    16.108459   -44.048214  -143.616142
   53.118451    11.856788     4.661706    15.895101   -48.454952  -126.186110
   53.179890    11.884666     4.604221    16.005638   -47.752107  -135.948812
   53.188674    11.912008     4.706700    15.950115   -40.239335  -129.540326
   53.267546    12.189426     4.977901    15.957077   -51.992122  -134.933003
   53.106188    11.996971     4.769865    16.403318   -45.661521  -137.292759
   53.464808    12.135476     4.664762    16.385423   -43.199798  -145.376572
   53.468806    12.285607     4.909322    16.203681   -54.348822  -139.482277
   53.222164    12.193743     4.912597    16.373645   -44.791091  -148.033430
   53.381806    12.264021     4.913487    16.250014   -56.265667  -140.998397
   53.294366    12.095947     4.804953    16.235183   -50.203121  -132.095791
   53.495454    12.040512     4.575654    16.208336   -48.899198  -134.361875
   53.371628    12.176267     4.782877    16.324183   -42.056013  -150.711285
   53.587241    12.154964     4.715396    15.981745   -56.372223  -134.938845
   53.232051    12.046064     4.739952    16.337014   -56.743377  -131.749752
   53.660985    12.050597     4.541934    16.014627   -47.623839  -131.906392
   53.114158    12.048309     4.912439    15.676723   -37.590877  -139.457895
   53.186003    12.160750     4.945963    16.144342   -45.862815  -142.324093
   53.593319    12.271916     4.871068    16.187120   -55.433175  -126.363088
   53.327015    12.111281     4.804272    16.027749   -42.217979  -145.085387
   53.590747    12.241230     4.860290    16.148985   -36.489018  -136.559769
   52.996302    12.016488     4.876556    16.032115   -48.743961  -139.583899
   53.420397    12.195205     4.964369    15.783694   -38.086268  -137.774049
   53.533769    12.055269     4.634498    16.135391   -66.475184  -113.074065
   53.400058    12.330420     5.058475    16.200811   -39.227329  -142.874044
   53.272263    12.203186     4.974130    16.159977   -54.261177  -131.123596
   53.551033    12.286738     4.958520    16.283999   -42.595596  -125.183131
   53.142000    11.957340     4.754004    15.989706   -48.362566  -131.730025
   53.512946    12.126974     4.732151    16.001138   -58.601568  -130.171909
   53.361370    12.264065     5.046546    15.976663   -60.878007  -124.229373
   53.420895    11.967654     4.644621    15.918338   -70.137340  -107.826036
   53.434858    12.337283     5.061415    16.109851   -49.878172  -135.780033
   53.299741    11.909566     4.530172    16.051751   -40.745348  -145.193861
   53.648030    12.263130     4.837593    15.945666   -56.501864  -137.135756
   53.486474    12.321210     4.999630    16.032060   -54.423542  -137.686079
   53.580146    12.159341     4.845442    15.675866   -45.716061  -132.783231
   53.334921    12.036542     4.646701    16.078556   -60.622656  -139.067931
   53.641477    12.337741     4.910206    16.249815   -38.124841  -140.727105
   53.625540    12.191386     4.719024    16.261732   -48.691978  -129.479201
   53.299199    12.140145     4.896945    16.231163   -39.034753  -134.488872
   53.216544    12.053599     4.837179    15.891133   -45.342435  -137.595841
   53.181845    12.021566     4.797191    16.026310   -48.653225  -135.103373
   53.725248    12.287270     4.671730    16.281060   -54.297177  -147.974866
   53.242603    12.077765     4.838440    16.040065   -39.602998  -141.296453
   53.148681    11.947983     4.633201    16.477575   -46.920577  -141.913529
   53.587571    12.040611     4.506427    16.167120   -54.266724  -132.675470
   53.416217    12.175959     4.878983    16.160973   -47.228298  -128.828818
   53.508601    12.133282     4.839368    16.101868   -32.082505  -127.318464
   53.472309    12.080773     4.634434    16.114365   -34.320648  -152.596559
   53.458881    12.095799     4.688267    16.170560   -43.090802  -139.531669
   53.213467    11.932050     4.730866    15.848000   -55.910153  -118.012759
   53.254646    12.041258     4.764994    16.195919   -41.630474  -137.669996
   53.437291    12.154084     4.817409    16.069919   -54.482580  -130.267673
   53.186924    11.904657     4.617833    16.095760   -44.743964  -137.925123
   53.058721    11.969979     4.762456    15.944342   -49.473169  -142.814852
   53.204743    12.086655     4.835229    16.167334   -48.266424  -138.996253
   53.446544    12.364646     5.032206    16.291327   -48.200438  -141.540909
   53.527074    12.359893     4.960608    16.315070   -49.085748  -141.498035
   53.445346    12.201475     4.920939    16.103151   -55.481995  -120.429161
   53.325259    12.184957     4.944652    15.937407   -43.156884  -140.754383
   53.341285    11.967711     4.611005    15.971804   -56.637498  -132.263034
   53.569065    12.277076     4.856990    16.112040   -45.967562  -144.567708
   53.069791    11.957676     4.776576    16.238446   -37.573763  -138.948255
   53.594422    12.264832     4.861267    16.091297   -49.975528  -135.133198
   53.500892    11.922163     4.523983    15.877378   -51.251694  -123.064726
   53.112992    11.998158     4.769925    16.204786   -48.094470  -138.841032
   53.194378    11.890740     4.667025    15.863920   -47.343370  -127.153815
   53.499742    12.189511     4.882366    15.924771   -58.406094  -123.911254
   53.324368    12.221638     5.006820    15.906514   -45.320157  -137.985183
   53.317298    11.946759     4.665905    15.895699   -33.588680  -137.797148
   53.557965    12.196055     4.858830    15.765482   -48.127779  -138.204873
   53.335753    12.216317     5.005745    16.006082   -51.869929  -127.595282
   53.421529    12.249805     4.989001    16.171114   -41.902128  -130.914227
   53.559889    11.996949     4.561618    15.915373   -62.158447  -121.041299
   53.217556    12.281893     5.145011    16.011448   -48.856426  -133.049008
   53.491208    12.327810     5.073287    16.113612   -38.287186  -132.141194
   53.400176    11.947501     4.558485    16.048724   -45.635719  -133.736909
   53.426718    12.142447     4.813170    16.193292   -52.548082  -125.474128
   53.578170    12.211564     4.732804    16.138362   -33.696075  -156.233618
   53.504310    12.021500     4.588135    15.995851   -34.515702  -145.674190
   53.285265    12.030185     4.774565    15.804771   -39.107830  -142.305847
   53.343601    11.955584     4.623116    15.947501   -27.160564  -147.822682
   52.940768    12.108345     5.024620    16.066293   -36.517575  -149.775120
   53.629017    12.266347     4.895860    15.990700   -38.955808  -138.062421
   53.522522    12.118210     4.694437    15.988671   -51.818644  -139.221426
   53.357197    12.206263     4.878045    16.322135   -42.159738  -142.752977
   53.257248    12.057396     4.865688    16.116020   -49.037736  -119.674082
   53.505946    12.197304     4.888324    15.921769   -24.730221  -148.022311
   53.523884    12.011657     4.509985    16.084707   -52.742647  -138.093438
   52.948152    11.928064     4.895634    15.780991   -39.224297  -124.926965
   53.542002    12.003464     4.557347    16.150164   -38.489593  -131.750837
   53.811097    12.291115     4.650179    16.466007   -38.527192  -140.605946
   53.660339    12.491375     5.056360    16.290131   -35.814433  -154.185475
   52.951712    12.151167     5.115602    16.022794   -46.961215  -134.184697
   53.787705    12.443212     4.994921    16.063512   -41.999651  -143.827527
   53.507252    12.421758     5.184873    15.921343   -30.873500  -147.284462
   53.153382    12.058913     4.947632    15.905930   -49.696269  -120.623315
   53.792849    12.410066     4.853982    16.191033   -56.855402  -143.728546
   53.543144    12.277195     4.862460    16.157191   -52.036578  -140.248503
   53.495335    12.012940     4.563961    15.933445   -36.632713  -150.460317
   53.712662    12.135657     4.643129    15.931147   -63.135409  -125.743206
   53.269620    12.323593     5.138058    16.022030   -38.092986  -147.530898
   53.334704    12.069633     4.770619    16.030447   -45.812422  -136.492617
   53.140342    12.419590     5.293433    16.257115   -62.331416  -135.280280
   53.437197    12.049863     4.634237    15.991015   -39.171777  -150.581474
   53.821685    12.308823     4.739247    16.176560   -44.245145  -140.093283
   53.552455    11.963095     4.450063    16.106175   -33.924325  -143.782539
   53.517526    12.142181     4.715710    15.993783   -46.334405  -146.158775
   53.505981    12.290588     4.918934    16.301150   -35.764698  -143.630135
   53.405916    11.824366     4.400352    16.028542   -48.181324  -126.882115
   53.366717    11.982588     4.649396    16.149107   -47.835200  -125.664031
   53.464327    12.241082     4.862768    16.280151   -48.070369  -137.686437
   53.292529    11.980824     4.556999    16.369679   -55.711821  -139.952598
   53.059415    11.914208     4.632132    16.337403   -61.006255  -138.954371
   53.574936    12.177834     4.701884    16.321772   -45.279594  -135.631713
   53.397999    12.180703     4.853064    16.316531   -54.689247  -126.018009
   53.530915    12.217586     4.878563    16.126774   -41.379768  -131.593237
   53.182334    12.262109     5.060345    16.229933   -33.945624  -154.544066
   53.261842    11.898987     4.558352    15.992020   -36.041916  -146.946957
   53.321746    12.138305     4.848978    16.241967   -54.185005  -128.460010
   53.425254    12.292226     5.004391    16.163921   -45.379232  -136.587163
   53.692508    12.216813     4.730979    15.936120   -43.099957  -148.678660
   53.639985    12.159189     4.647445    16.102592   -41.732399  -145.306752
   53.347450    12.175279     4.898366    15.885580   -49.343532  -142.069107
   53.153385    11.966607     4.707189    16.072749   -45.019389  -142.355488
   53.307793    12.109928     4.754480    16.016776   -47.954457  -153.593020
   53.331055    12.035711     4.686665    15.960490   -56.537604  -138.687855
   53.524503    12.181093     4.724825    16.164387   -38.180168  -151.582452
   53.704379    12.129098     4.573846    16.014256   -61.636210  -134.611276
   53.407086    12.260471     4.892660    16.308016   -46.368230  -145.401661
   53.030263    12.032550     4.893530    16.231213   -46.720515  -135.220149
   53.260535    12.050575     4.773551    16.138423   -43.815873  -138.027035
   53.297466    11.994949     4.660728    15.955753   -33.085399  -152.880937
   53.738417    12.212918     4.737395    16.019547   -54.522564  -126.739025
   53.444497    11.990692     4.558931    16.047552   -56.704929  -132.330788
   53.468804    12.087828     4.567247    16.338454   -62.674316  -137.967288
   53.335915    12.034614     4.724552    16.017490   -41.207359  -139.247399
   53.538609    12.048170     4.537566    16.229289   -42.714807  -141.220713
   53.619280    12.199612     4.634720    16.328580   -40.119426  -151.613433
   53.577681    12.252465     4.759206    16.202310   -38.524677  -156.413326
   53.543271    12.200697     4.790245    16.074571   -36.169836  -147.951800
   53.559472    12.241261     4.785654    16.071945   -37.453344  -158.130606
   53.222675    12.143839     4.974592    15.727983   -40.398691  -140.560487
   53.683778    12.178280     4.556662    16.172425   -51.693846  -153.283546
   53.772998    12.134002     4.511668    16.031593   -41.184695  -151.460778
   53.653455    12.172567     4.676919    15.960908   -48.602105  -146.000447
   53.230555    12.212004     4.986076    16.152193   -54.020945  -136.841336
   53.557134    12.220940     4.827940    16.266760   -41.096664  -132.575585
   53.585524    11.907305     4.539036    15.970926   -35.993447  -111.644001
   53.362115    11.884877     4.602908    16.108778   -30.003411  -122.620695
   53.630122    12.002968     4.466560    16.278462   -48.453576  -122.331070
   53.548879    12.232296     4.785106    16.191201   -40.873033  -147.917335
   53.643052    12.191656     4.586677    16.312936   -54.802896  -145.592357
   53.625599    12.157831     4.663692    16.041360   -42.514994  -146.804822
   53.198770    11.898962     4.624238    15.848581   -35.740067  -145.687834
   53.422525    11.888961     4.487102    16.029766   -44.170947  -129.448875
   53.451174    12.290470     5.021953    16.025252   -50.896602  -131.310597
   53.170540    11.996829     4.756542    16.139035   -32.990608  -145.817450
   53.430084    12.002246     4.676711    16.112377   -43.243244  -122.580375
   53.477839    12.010571     4.668327    15.946881   -50.944168  -121.321876
   53.394359    11.971357     4.656961    15.988604   -38.811806  -130.124691
   53.175006    12.012924     4.775672    16.365454   -48.733249  -129.370159
   53.647677    12.400950     5.007616    16.279776   -54.597355  -125.502831
   53.706629    12.212759     4.824972    15.770832   -53.962120  -128.980817
   53.504405    11.793357     4.264805    15.990459   -52.224209  -129.067712
   53.316672    12.056497     4.746574    16.316596   -44.775360  -131.102191
   53.169984    11.982947     4.760818    15.922679   -44.079891  -138.515858
   53.687255    12.262877     4.686120    16.425278   -35.324932  -148.928461
   53.219831    11.970588     4.693973    16.127987   -43.131412  -137.507606
   53.363546    11.961044     4.610857    16.202503   -39.100068  -132.026809
   53.156390    11.888900     4.625552    15.987623   -44.115619  -138.963886
   53.103160    11.976295     4.774263    16.050150   -74.078525  -117.437856
   53.239994    12.305653     5.085243    16.340045   -57.710896  -134.073231
   53.532099    12.083938     4.647238    16.188923   -47.011701  -130.526907
   53.510839    12.315822     4.871440    16.423539   -37.634342  -152.626361
   53.718843    12.237015     4.733597    16.056028   -33.818877  -149.316794
   53.514575    12.386955     5.097882    16.172398   -60.410056  -122.594320
   53.503946    11.954674     4.525310    16.075175   -24.102680  -142.866546
   53.413989    11.910185     4.500987    16.059157   -53.724707  -126.009280
   53.661785    12.139183     4.600117    16.059728   -42.078768  -148.086971
   53.636449    12.319720     4.901870    16.114714   -51.313429  -135.324413
   53.523855    12.164513     4.724148    16.156552   -50.974061  -138.099394
   53.687445    12.163915     4.626066    16.080117   -38.434387  -148.090277
   53.706350    12.138465     4.578622    16.236432   -44.710557  -133.616518
   53.483298    12.344299     5.105674    15.849168   -32.484320  -145.759866
   53.282496    11.815818     4.442059    15.963985   -41.611635  -139.928942
   53.821778    12.337358     4.755342    16.206406   -52.280299  -137.891676
   53.473190    12.253535     4.994188    15.856620   -56.139046  -127.103962
   53.384708    12.181551     4.902960    15.846933   -36.986340  -148.719672
   53.681841    12.232981     4.813897    15.916744   -42.384835  -140.017592
   53.215995    12.061712     4.856019    15.790573   -22.905032  -153.675733
   53.049244    12.153831     5.058358    16.027310   -44.991097  -137.180318
   53.598783    12.104255     4.537431    16.190947   -52.053430  -144.378026
   53.393040    12.139085     4.799684    15.881497   -55.265562  -142.405108
   53.533637    12.052086     4.603968    15.861126   -53.871408  -141.266133
   53.299640    12.338077     5.085714    16.288800   -51.196783  -141.163814
   53.359853    11.934086     4.572279    16.043367   -51.282436  -128.872994
   53.474163    12.108382     4.700918    16.220738   -59.534773  -124.398577
   53.113158    11.800120     4.504664    15.979379   -48.823496  -139.801495
   53.366333    11.917974     4.598213    15.712654   -35.138192  -140.645618
   53.362586    11.933624     4.623635    15.947962   -50.969316  -122.342561
   53.189461    12.039610     4.869955    16.009765   -36.208544  -134.402255
   53.554101    12.321582     4.959054    16.106310   -51.241565  -135.765499
   53.519861    12.160579     4.691716    16.305887   -57.744477  -131.701294
   53.559438    12.232649     4.846309    16.277060   -44.187738  -129.230069
   53.464052    12.108510     4.737865    16.216572   -49.005258  -127.089157
   53.394791    12.164606     4.797499    16.176528   -47.333026  -143.006128
   53.062653    12.031214     4.826387    16.137768   -52.489200  -141.379820
   53.536728    12.210596     4.835566    16.054116   -43.812922  -138.462203
   53.131478    12.008294     4.839369    16.213400   -54.142965  -121.371759
   53.165808    12.030892     4.856961    16.321014   -53.913704  -117.567684
   53.825272    12.257469     4.780227    16.085040   -57.438346  -113.304666
   53.357374    12.032677     4.791739    15.964400   -30.338092  -133.283479
   52.949660    11.894488     4.704997    15.856106   -41.168957  -152.319722
   53.530829    12.335052     5.017108    16.148600   -30.891531  -143.962299
   53.678636    12.034082     4.615634    15.621394   -49.023292  -129.971297
   52.983625    11.824026     4.704115    15.783852   -39.413407  -130.941786
   52.974349    12.009948     4.882713    16.145414   -41.620562  -143.011990
   53.433585    12.219434     4.892900    16.103235   -26.197139  -153.284905
   53.724418    12.107184     4.712390    15.665470   -10.506882  -151.985392
   53.597886    12.052033     4.753548    15.694134   -31.155367  -127.153118
   53.693059    12.010651     4.587771    15.705089   -38.484353  -130.501805
   53.431712    12.172072     4.917929    15.881892   -29.169140  -142.312392
   53.525961    12.063633     4.699355    16.142047   -45.274469  -119.983648
   53.628786    12.111064     4.685674    15.717655   -39.260453  -147.945407
   53.552482    12.349388     5.000964    16.071985   -37.310148  -147.275265
   53.172990    12.239037     5.059469    15.882982   -38.656558  -153.536933
   53.371418    11.973181     4.599797    15.835963   -34.482795  -152.563957
   53.145082    11.912128     4.668928    16.173896   -29.601908  -144.432831
   53.679982    12.473807     5.017961    16.335880   -41.235171  -147.176827
   53.183502    11.988213     4.717458    15.875699   -29.755904  -157.850540
   53.614202    12.083726     4.686882    15.874859   -39.926118  -133.767009
   53.531577    12.335478     4.975376    16.153124   -44.411612  -141.918046
   53.348580    12.232692     4.910728    16.015876   -45.494226  -154.121468
   53.011796    12.155273     5.009368    16.095758   -60.684134  -139.481396
   53.226685    11.997968     4.674628    16.248303   -44.283793  -143.347855
   53.498700    12.086497     4.669410    16.278224   -38.344218  -134.778949
   53.254893    12.047990     4.799995    16.266457   -39.592852  -132.459875
   53.265398    12.001590     4.770841    15.857072   -34.931701  -139.098189
   53.581058    12.304460     4.894045    16.336889   -38.982346  -138.129733
   53.594789    12.076479     4.614952    16.132576   -30.406775  -141.327908
   53.275400    12.199483     4.917336    16.274684   -34.512211  -151.570918
   53.288162    12.168510     4.898149    15.981403   -45.703429  -146.410612
   53.452909    12.239525     4.924631    16.212935   -61.393400  -120.335870
   53.378957    11.944208     4.646915    16.036220   -52.544464  -114.507305
   53.758551    12.195535     4.623252    16.144396   -39.904788  -143.124274
   53.468469    12.079408     4.707730    15.841478   -13.849364  -164.330667
   53.261998    11.898601     4.579841    16.011362   -45.709968  -135.344034
   53.366172    12.239824     4.995888    15.873283   -50.436089  -138.075855
   53.588179    12.109621     4.669737    15.956935   -46.049524  -138.901817
   53.538571    12.015141     4.678425    15.807635   -57.357569  -114.338144
   53.416982    11.880157     4.458411    15.987527   -52.755867  -128.742984
   53.613475    12.181670     4.719900    16.061656   -51.156569  -137.188062
   53.489271    12.202989     4.835186    16.044524   -31.620601  -151.432196
   53.129373    12.104734     4.980530    16.133715   -36.491472  -134.193114
   53.321147    12.188732     4.919281    16.225873   -38.275998  -141.037034
   53.615862    12.315428     4.906683    16.217941   -42.756390  -136.626457
   53.447363    12.099031     4.767580    15.882301   -15.230077  -158.362820
   53.668580    12.046410     4.437450    16.062024   -32.407733  -158.349402
   53.539145    12.035864     4.587816    16.212219   -42.686655  -129.641775
   53.291110    11.872403     4.522576    16.027469   -25.169588  -149.085924
   53.120690    12.045598     4.842332    15.958259   -32.595968  -152.672569
   53.272038    12.122177     4.880259    16.090779   -51.762257  -131.260137
   53.499084    12.326319     4.975259    16.441216   -34.800731  -139.080189
   53.411710    12.059268     4.683759    16.208598   -52.494808  -128.307993
   53.512095    12.266291     4.813509    16.287291   -53.248074  -143.745481
   53.356999    12.068260     4.768532    16.084998   -30.298863  -143.101312
   53.468842    12.124440     4.781439    15.999713   -42.426779  -136.712258
   53.401837    12.143384     4.826323    16.150612   -39.848433  -137.499503
   53.505428    11.977554     4.523291    15.995854   -60.835432  -126.902423
   52.964588    11.830077     4.631031    16.141396   -56.177857  -135.353190
   53.087301    11.807817     4.599820    16.007355   -54.089536  -122.695914
   53.282906    12.025153     4.827759    16.214430   -57.904808  -105.943666
   53.600367    12.163693     4.765198    15.956610   -54.996702  -128.289196
   53.315503    11.944146     4.631459    15.781352   -40.215904  -142.179505
   53.295340    12.126648     4.855525    16.173934   -42.069585  -138.589193
   53.038745    11.985942     4.846468    16.222508   -46.290588  -131.195937
   53.370051    11.965581     4.668953    15.793677   -21.256531  -147.608801
   53.419631    11.929166     4.621448    15.733103   -22.225019  -141.742891
   53.319558    11.911807     4.582287    16.092957   -41.294037  -131.677983
   53.097422    11.936071     4.753599    16.140401   -25.619347  -144.040668
   53.502769    12.113862     4.843782    15.781482   -29.771066  -136.076726
   53.269644    11.875774     4.533241    15.950883   -47.193589  -137.549049
   52.960486    11.880471     4.742102    16.089129   -50.587493  -131.961531
   53.646698    12.203651     4.723580    16.307424   -39.307031  -134.389968
   52.853977    11.895329     4.833653    16.093812   -51.707058  -129.933683
   53.294886    12.144551     4.820803    16.229713   -24.834362  -161.125788
   53.206658    12.186982     4.981602    16.231037   -36.270689  -144.534986
   53.206793    11.983362     4.735042    16.152506   -25.491221  -146.561539
   53.300716    12.197943     4.879773    15.909674   -50.008974  -156.679120
   53.132778    12.111616     4.817945    16.387726   -58.786847  -146.656763
   53.268368    12.071022     4.660578    16.419003   -57.591039  -146.071540
   53.249583    12.046286     4.711857    16.264975   -44.083288  -145.913420
   53.345312    12.064789     4.751147    16.216406   -18.615470  -150.951995
   53.287166    12.131123     4.816474    16.307341   -44.448363  -142.341103
   53.081103    11.981481     4.732195    16.244132   -49.949125  -143.940208
