   54.294547    12.501428     4.710934    16.248084   -27.700670  -142.198911
   54.465416    12.441604     4.625196    15.888125   -38.812574  -144.250808
   54.890729    12.648130     4.874375    15.627706   -25.149689  -147.681335
   54.085754    12.369508     4.928048    15.525714   -29.593767  -143.318170
   54.421630    12.493915     4.620781    16.099688   -27.160912  -155.292486
   54.600039    12.481436     4.615972    15.898729   -44.625229  -134.001593
   54.184504    12.233204     4.649641    15.610641   -49.976941  -125.316087
   54.517891    12.559058     4.901498    15.664035   -45.733098  -141.907558
   54.290343    12.444119     4.855523    15.757711   -41.046919  -133.414523
   54.512250    12.641271     4.835908    16.126553   -61.944614  -125.522695
   54.400946    12.430856     4.830739    15.756351   -47.261992  -114.414765
   54.124802    12.280478     4.572892    16.034473   -42.944989  -132.631508
   54.519831    12.510864     4.682639    15.993460   -27.474189  -142.918163
   54.479601    12.491463     4.620698    16.180580   -23.273363  -134.659338
   54.583393    12.527220     4.631751    16.022198   -20.232372  -150.911072
   54.404128    12.352158     4.699640    15.705337   -54.704703  -114.061377
   54.467740    12.424695     4.542607    16.077201   -56.315722  -121.765200
   54.322160    12.411988     4.573531    16.234269   -51.686691  -120.125180
   53.879621    12.132362     4.482084    16.112807   -50.265465  -128.778074
   54.493399    12.379255     4.546264    15.754095   -40.362873  -149.569198
   54.420738    12.520761     4.705636    16.061652   -33.066166  -146.742277
   54.390294    12.521807     4.690474    16.178632   -42.610209  -135.150869
   54.214538    12.492401     4.834959    16.094266   -45.854784  -128.605461
   54.286212    12.238075     4.478510    15.810072   -50.336888  -130.815189
   54.428174    12.195480     4.270786    15.883179   -15.307336  -152.506891
   54.223282    12.324194     4.744921    15.831696   -39.706594  -119.221624
   54.554277    12.592164     4.784777    16.021409   -35.482645  -137.926719
   54.389225    12.484685     4.724242    15.936312   -19.707120  -158.177073
   54.102439    12.370456     4.727545    16.108367   -39.227385  -130.489893
   54.280649    12.299629     4.499306    16.089118   -46.871751  -121.762468
   54.525335    12.309537     4.373196    15.884083   -44.178495  -136.757958
   54.351974    12.240936     4.370279    15.974765   -31.726058  -138.761873
   54.479177    12.357259     4.412153    15.958056   -27.107842  -157.640179
   54.341523    12.569788     4.931808    16.000436   -30.874121  -136.214755
   54.293113    12.301503     4.524603    15.910643   -43.953530  -135.812547
   54.527701    12.443116     4.577122    15.963690   -31.447986  -139.316202
   54.553057    12.385639     4.367824    16.084750   -45.472482  -135.979569
   54.743636    12.384295     4.349728    15.850575   -35.868245  -141.593031
   54.209576    12.179284     4.475065    15.899236   -41.694074  -119.692714
   54.331521    12.271986     4.417702    16.107688   -41.298333  -122.375467
   54.548344    12.260100     4.455418    15.746583   -52.395146  -107.574194
   54.321048    12.334787     4.721717    15.728044   -43.562884  -120.590246
   54.423657    12.523124     4.640997    16.142489   -31.575450  -153.830760
   54.478268    12.555982     4.714831    16.080947   -39.388812  -142.406513
   54.699584    12.239205     4.235702    15.795467   -33.642798  -125.919707
   54.269809    12.251934     4.575433    15.691991   -33.781049  -139.742196
   54.282207    12.221681     4.459727    15.891910   -25.920522  -137.642760
   54.576854    12.514584     4.663312    15.995284   -45.032742  -127.394761
   54.157529    12.420190     4.793923    16.079737   -27.331468  -136.464121
   54.257256    12.254993     4.351238    16.056445   -50.545596  -145.010259
   54.325938    12.293092     4.535705    15.745687   -49.484549  -139.860606
   54.182377    12.257969     4.624715    15.875502   -51.504939  -115.155396
   54.466640    12.344538     4.511024    15.849753   -54.096643  -127.417589
   54.447427    12.295402     4.419160    15.839613   -47.599565  -137.987240
   54.771188    12.512550     4.580750    15.832184   -65.104992  -124.667676
   54.539119    12.284373     4.341717    15.817571   -39.502762  -143.363797
   54.221112    12.303533     4.506297    16.116737   -49.464525  -126.891175
   54.354210    12.114676     4.322738    15.702543   -40.029670  -126.628164
   54.742341    12.368105     4.216405    15.980714   -44.486982  -145.012098
   54.386683    12.292501     4.467326    15.859826   -49.027741  -132.580383
   54.357597    12.274420     4.341149    16.065503   -50.537100  -134.892518
   54.906992    12.495796     4.447085    15.864722   -51.613957  -123.142057
   54.255063    12.563123     4.909881    16.109347   -50.247980  -127.250513
   54.395982    12.462397     4.631366    16.047625   -56.036650  -133.133842
   54.206139    12.274379     4.526284    15.867142   -48.270470  -141.750030
   54.573805    12.511680     4.626022    15.980994   -29.437273  -147.352847
   54.531462    12.461257     4.606866    15.839574   -30.038856  -159.120267
   54.541369    12.434624     4.346948    16.247999   -44.439510  -142.624029
   54.493532    12.384860     4.430386    15.996581   -39.899046  -148.426956
   54.491852    12.361892     4.362741    16.101336   -53.139311  -133.458031
   54.613966    12.495472     4.504858    16.128394   -27.969633  -139.667106
   54.389486    12.398326     4.659276    15.801711   -48.203783  -136.328075
   54.304300    12.145551     4.413264    15.661467   -28.393802  -137.906003
   54.394855    12.255646     4.477835    15.805482   -32.705490  -132.097714
   54.151066    12.168815     4.459698    15.870621   -55.152396  -122.077136
   54.472724    12.215458     4.196063    16.000734   -25.935447  -147.435794
   54.569169    12.290502     4.323309    15.759666   -44.554921  -151.564178
   54.332420    12.315353     4.465719    16.064468   -39.956193  -132.693935
   54.160415    12.416422     4.849795    15.968918   -40.694280  -123.643686
   54.416777    12.308447     4.550029    15.741949   -40.178301  -134.008789
   54.324855    12.140005     4.521829    15.423532   -26.395823  -131.554733
   54.432523    12.512183     4.748442    16.110225   -32.471088  -126.245880
   54.366960    12.108668     4.227853    15.871920   -32.514317  -130.099041
   54.288573    12.381658     4.610817    16.029018   -39.136934  -136.861490
   54.270990    12.199037     4.449372    15.918914   -35.527100  -124.426765
   54.356374    12.229668     4.586870    15.648754   -33.464917  -121.587764
   54.546736    12.382454     4.489877    15.930699   -36.217390  -132.958288
   54.280553    12.396159     4.699729    15.953590   -30.414557  -138.859837
   54.395720    12.602736     4.893107    16.033630   -31.838616  -144.545073
   54.598243    12.522217     4.586157    16.170844   -46.092486  -118.919586
   54.343250    12.408329     4.536477    16.188993   -36.439305  -137.724426
   54.585923    12.493870     4.625031    16.046187   -14.527904  -137.804743
   54.629442    12.427455     4.587056    15.804859   -47.276560  -124.507350
   54.417419    12.507452     4.876940    15.825254    -6.342204  -150.284785
   54.033507    12.105449     4.436405    15.995232   -33.957660  -127.419118
   54.627847    12.590313     4.680180    16.086314   -41.549523  -135.218976
   54.251419    12.277937     4.463424    16.095592   -51.076231  -123.269656
   54.192607    12.230089     4.605475    15.852799   -42.011370  -117.013950
   54.211111    12.516423     4.878311    16.053705   -51.222680  -128.993235
   54.162295    12.181705     4.365928    16.044027   -33.068783  -142.604766
   54.472422    12.361661     4.489086    15.919190   -43.093592  -135.811027
   54.204132    12.384586     4.697376    15.929410   -39.931669  -142.495867
   54.635311    12.432865     4.515999    15.803938   -41.387257  -147.710362
   54.613632    12.433146     4.477340    15.911115   -40.314634  -146.218375
   54.668866    12.358962     4.363585    15.887424   -39.726440  -133.921079
   54.502287    12.434037     4.502801    16.036289   -50.322743  -137.786012
   54.542504    12.310811     4.313016    16.008160   -23.590413  -144.303424
   54.746488    12.510129     4.538550    16.052825   -28.288192  -121.335359
   54.376506    12.291373     4.355628    16.263675   -34.149787  -121.922920
   54.470883    12.423531     4.632909    15.934194   -27.716136  -135.750177
   54.392842    12.273987     4.497447    15.749474   -36.648288  -138.057085
   55.121021    12.717282     4.611622    15.992810   -48.607092  -122.839062
   54.514712    12.590159     4.717355    16.232017   -41.960880  -126.884458
   54.288681    12.271509     4.481901    15.948758   -46.566892  -129.185287
   54.342433    12.337043     4.371894    16.252830   -37.254156  -140.624163
   54.506836    12.310636     4.425212    15.852296   -42.538215  -133.208937
   54.631226    12.454244     4.558008    15.909700   -33.136229  -135.567439
   54.314733    12.208210     4.476586    15.797076   -31.279538  -130.281001
   54.684654    12.426161     4.477400    15.887812   -24.331518  -141.460856
   54.053207    12.290159     4.687029    16.018368   -50.453691  -119.752219
   54.488254    12.636672     4.944506    15.970684   -38.784697  -134.908499
   54.684582    12.355801     4.500321    15.670306   -38.397867  -128.823780
   54.690067    12.713639     4.706550    16.310788   -56.699010  -131.507208
   54.202185    12.483674     4.848179    16.032935   -50.161925  -127.937407
   54.299118    12.280879     4.483196    15.964325   -51.720522  -125.734378
   54.485257    12.592590     4.693091    16.327121   -42.249801  -126.487748
   54.289836    12.481361     4.790819    15.983309   -44.965794  -135.001375
   53.941937    12.278282     4.723739    16.070336   -45.840710  -123.924613
   54.084228    12.363817     4.737765    15.878988   -44.915650  -145.947877
   54.245991    12.299994     4.491506    16.033931   -42.831740  -137.596781
   54.067651    12.406533     4.775611    16.101946   -31.127516  -143.627702
   54.310414    12.506188     4.864518    15.858635   -53.650082  -133.299786
   54.334986    12.551196     5.007958    15.740608   -47.437157  -129.707290
   54.233652    12.440698     4.814691    15.977840   -48.187952  -122.384763
   54.344497    12.366668     4.450932    16.262738   -39.215956  -130.977467
   54.512017    12.501093     4.662369    16.084937   -45.487128  -121.600842
   54.552177    12.485317     4.539668    16.117217   -38.153167  -135.390959
   54.279814    12.607819     5.026967    15.974185   -31.943685  -140.143466
   54.207634    12.403105     4.780466    15.858508   -47.686074  -132.750225
   54.419984    12.457280     4.631626    16.069940   -61.797386  -120.848357
   54.411256    12.405888     4.621906    15.909604   -28.745185  -143.886230
   54.258766    12.333247     4.632895    15.818638   -41.314270  -140.560309
   54.318445    12.353338     4.606300    15.898219   -40.193106  -136.494373
   53.884845    12.253389     4.662194    16.039750   -56.488164  -131.463020
   53.969109    12.385073     4.851503    15.938957   -40.954941  -141.465022
   53.687454    12.213961     4.803305    16.010596   -57.707689  -119.003138
   54.436684    12.435690     4.701107    15.771764   -40.681261  -141.993527
   54.810338    12.472694     4.476001    15.801295   -44.855635  -139.877425
   54.452541    12.499790     4.658135    16.069696   -32.999107  -142.430750
   54.328235    12.228339     4.305917    16.019643   -27.809205  -150.565855
   54.281513    12.568419     4.885616    16.095317   -40.489134  -138.211050
   54.334656    12.583057     4.925557    15.908882   -40.877215  -148.018161
   54.147003    12.461942     4.872123    15.864614   -32.274158  -151.354682
   54.385534    12.252911     4.455779    15.771581   -41.633868  -134.940379
   54.399620    12.416224     4.756887    15.665534   -38.300511  -140.498010
   54.218351    12.211051     4.449212    15.873650   -51.264856  -131.051437
   54.352111    12.338655     4.585239    15.802236   -27.934285  -149.217423
   54.501519    12.404257     4.452271    16.138118   -28.883539  -135.908897
   54.389817    12.401711     4.656474    15.880118   -29.930118  -140.901953
   54.748555    12.689849     4.790246    16.081629   -35.813057  -133.837994
   54.334276    12.298107     4.480969    15.917554   -36.668999  -141.408120
   54.294615    12.367699     4.574623    16.089680   -48.397984  -126.153542
   54.220170    12.388570     4.692106    15.945106   -47.043527  -136.458551
   54.443450    12.519122     4.762161    15.995192   -57.931595  -122.713594
   54.177473    12.298014     4.624184    15.850867   -37.373021  -141.458886
   54.432319    12.273264     4.494478    15.777997   -27.621077  -135.487794
   54.441840    12.264755     4.445489    15.716372   -41.047523  -139.175088
   54.279827    12.375464     4.627007    15.953032   -47.348057  -135.666527
   54.479962    12.281023     4.510271    15.667028   -40.217903  -130.682536
   54.531867    12.438113     4.603858    15.929937   -43.565612  -127.468650
   54.298937    12.423996     4.588296    16.092835   -49.415094  -143.402868
   54.649973    12.481110     4.547947    15.961839   -54.962720  -126.641517
   54.196217    12.362218     4.581753    16.094504   -33.723623  -148.306801
   54.169676    12.356525     4.583423    16.111639   -62.769983  -130.473783
   54.334728    12.427592     4.676292    15.928409   -48.019420  -137.968047
   54.384635    12.387189     4.416685    16.210755   -45.653011  -141.709136
   54.705162    12.418817     4.396213    15.969397   -47.400713  -127.791155
   54.758044    12.683376     4.730905    16.135653   -50.677581  -127.644287
   54.108154    12.307521     4.640646    16.007039   -54.955051  -124.842384
   54.416095    12.628546     4.797294    16.261423   -46.526685  -136.426303
   54.278799    12.370865     4.524553    16.226036   -42.265928  -130.445217
   54.747822    12.428216     4.547201    15.671894   -31.825473  -141.008181
   54.639940    12.279254     4.283613    15.780803   -41.248578  -140.309048
   54.145534    12.363066     4.659080    16.077658   -39.574007  -137.541119
   54.314603    12.541672     4.845603    16.121666   -22.618119  -141.528118
   54.049950    12.525959     4.946103    16.146670   -53.942978  -130.638267
   53.938257    12.426009     4.899853    16.054544   -41.274651  -139.023589
   54.278558    12.187573     4.388285    15.853692   -51.766969  -128.027514
   54.101544    12.289814     4.630028    16.037887   -44.788868  -126.216091
   54.232643    12.191193     4.549841    15.567629   -36.170893  -138.124972
   53.883249    12.178043     4.700785    15.889408   -40.284581  -123.495775
   54.190746    12.353876     4.691224    15.860677   -48.720032  -136.453999
   54.564097    12.493507     4.644433    15.918070   -18.688445  -153.385150
   54.280961    12.413364     4.651963    16.174905   -51.241671  -117.603593
   54.106528    12.468400     4.787407    16.268770   -47.684768  -129.481726
   54.310383    12.261117     4.447034    15.918471   -43.085494  -135.029763
   54.334328    12.352121     4.625851    15.803877   -56.316325  -129.885037
   54.510618    12.433624     4.776120    15.565157   -37.912288  -137.278851
   54.546505    12.439870     4.656586    15.828037   -39.178272  -129.930552
   54.371913    12.241900     4.462793    15.743871   -33.668471  -139.730119
   54.057501    12.433732     4.829586    16.114153   -50.656246  -127.924059
   53.702105    12.387177     5.042717    15.929452   -39.394672  -137.869956
   54.241911    12.341789     4.539423    16.173038   -51.525031  -122.779458
   54.417939    12.178474     4.305482    15.815110   -41.966728  -130.095858
   54.206869    12.393739     4.804648    15.782934   -37.654562  -138.201115
   54.551789    12.460806     4.592220    15.934034   -45.802109  -134.127461
   53.928166    12.036354     4.418442    15.875362   -41.559598  -127.823282
   54.349452    12.230186     4.537628    15.671347   -40.244218  -126.033943
   54.647171    12.663742     5.019799    15.762948   -37.834788  -130.861587
   54.106265    12.060282     4.396429    15.719554   -44.004695  -125.236222
   54.756164    12.377846     4.410398    15.800284   -58.906943  -116.602893
   54.366658    12.728271     5.025129    16.244472   -47.188513  -134.095919
   54.720277    12.613825     4.698540    16.052686   -28.268700  -135.048236
   54.362544    12.488200     4.959466    15.670448   -20.666308  -138.674977
   54.459059    12.372802     4.548110    16.046288   -47.910716  -111.296068
   54.024697    12.360410     4.815330    16.172458   -32.284684  -122.399074
   54.244212    12.489253     4.856846    16.015525   -25.386404  -140.690624
   54.430970    12.234181     4.434310    15.824117   -45.630756  -117.169485
   54.714667    12.535944     4.736290    15.903648   -37.425988  -113.087305
   54.377902    12.491650     4.909095    15.904374   -31.138437  -118.077233
   54.468447    12.289383     4.577892    15.691551   -26.985801  -128.357682
   54.519822    12.347955     4.426787    15.913272   -32.925829  -143.621800
   54.577146    12.453147     4.434160    16.194399   -62.104780  -119.805113
   54.606468    12.522310     4.504015    16.196067   -44.081044  -134.366937
   54.643382    12.246654     4.311453    15.724015   -31.130670  -133.347101
   54.350743    12.232903     4.371494    15.897753   -54.614650  -130.376478
   54.208878    12.100612     4.341956    15.772268   -48.433484  -127.979956
   54.376735    12.348377     4.582587    15.795754   -31.404284  -147.973890
   54.227611    12.394130     4.821475    15.748162   -31.036776  -139.607458
   54.611421    12.706592     5.080743    15.811615   -42.894001  -130.394076
   54.540215    12.450410     4.522462    16.057776   -28.971043  -141.445341
   54.358350    12.308778     4.499447    15.989741   -44.445882  -124.135379
   54.466524    12.422347     4.752762    15.767337   -25.352192  -132.792312
   54.613916    12.509596     4.649806    15.913835   -37.482492  -137.585466
   54.820970    12.429618     4.289213    16.031924   -46.898314  -124.203375
   54.298784    12.411770     4.697253    15.956368   -25.880754  -144.708718
   54.391151    12.241013     4.473265    15.704105   -43.631665  -131.738097
   54.683064    12.384308     4.349439    16.010076   -49.038916  -121.982760
   54.182749    12.387445     4.752040    15.958213   -43.057578  -130.242894
   54.614630    12.520484     4.627411    15.993915   -44.712310  -131.642152
   54.522596    12.442260     4.625539    15.892592   -34.282085  -136.359475
   54.638581    12.216521     4.407497    15.412844   -42.942197  -129.097779
   54.428228    12.264644     4.301695    16.066847   -36.611082  -135.057122
   54.498578    12.498065     4.662964    16.133882   -37.962868  -120.970702
   54.362572    12.453040     4.673535    16.095556   -41.071308  -128.400983
   54.005175    12.206739     4.712752    15.623522   -58.691525  -119.099877
   54.442518    12.322098     4.597709    15.715821   -43.532533  -125.443286
   54.273573    12.119628     4.342602    15.809439   -19.262432  -140.665604
   54.196319    12.184264     4.538751    15.802109   -21.441592  -134.220664
   54.511328    12.267276     4.437898    15.809645   -32.179331  -125.598721
   54.323474    12.510748     4.962514    15.855013   -33.343054  -124.797988
   54.283153    12.463608     4.862568    15.895619   -64.730974  -111.130803
   54.909751    12.547497     4.663828    15.764370   -40.403911  -117.709375
   54.568570    12.363768     4.376274    16.096953   -34.723034  -125.761434
   54.574208    12.391145     4.570798    15.897821   -54.638395  -107.945237
   54.613788    12.458311     4.618985    15.878627   -52.917216  -119.723817
   54.343496    12.394692     4.679342    15.871552   -55.425538  -125.392936
   53.944042    12.379040     4.843421    16.141681   -42.221562  -128.194553
   54.724381    12.703613     4.880137    16.029299   -37.216603  -131.025991
   54.497376    12.585059     4.742940    16.155730   -39.820652  -133.733341
   54.532233    12.492397     4.684024    15.882010   -53.421109  -132.146173
   53.984445    12.096332     4.372793    15.905575   -46.658033  -143.603138
   54.274532    12.228022     4.418484    15.951638   -26.778954  -142.768171
   54.686389    12.446227     4.406107    16.040770   -41.859568  -132.879332
   54.381938    12.631481     4.990325    15.985686   -30.403401  -142.173380
   54.713463    12.593204     4.615090    16.056307   -42.578541  -140.483908
   54.430463    12.648167     4.959354    16.028590   -31.257242  -142.739489
   54.319060    12.621852     4.951387    16.103729   -47.399334  -132.660144
   54.540396    12.471005     4.510630    16.128379   -41.390968  -135.402946
   54.239335    12.399533     4.639902    16.112123   -44.994979  -132.295773
   54.388512    12.364069     4.597767    15.866155   -48.874778  -129.294546
   54.708679    12.454575     4.441514    15.942458   -43.726689  -138.394334
   54.219619    12.363224     4.666154    15.945932   -57.730536  -126.582350
   53.931533    12.386934     4.827575    16.126340   -53.473063  -128.271988
   54.367898    12.559016     4.735063    16.119708   -41.254350  -153.659056
   54.583474    12.226488     4.102839    16.000945   -39.900153  -144.294936
   54.359825    12.385613     4.609791    16.048824   -57.219051  -113.672090
   54.059946    12.266180     4.599104    16.138631   -41.283758  -125.458485
   54.087392    12.175156     4.473603    16.075009   -40.755949  -122.627538
   54.411191    12.406677     4.480851    16.135529   -59.706746  -130.870165
   54.377843    12.430428     4.541222    16.180763   -41.469627  -136.344764
   54.309855    12.473133     4.705156    16.095795   -48.605921  -132.889748
   54.233006    12.438544     4.822783    15.838442   -59.466506  -127.281808
   54.859011    12.738943     4.835925    16.019296   -34.334215  -135.936815
   54.254602    12.458537     4.780280    16.044952   -37.058245  -133.338514
   54.673218    12.546383     4.420142    16.263724   -55.147869  -138.754589
   54.131797    12.052755     4.390655    15.717642   -28.273320  -131.161990
   54.423046    12.601002     4.855539    16.184480   -37.421817  -125.913505
   54.899603    12.759871     4.934567    15.930212   -54.849919  -119.426429
   54.236187    12.338593     4.516702    16.195817   -47.036224  -128.052818
   54.440022    12.598033     4.809397    16.168959   -44.860042  -129.373321
   54.342795    12.334026     4.646561    15.834125   -60.447017  -111.405730
   54.415306    12.389188     4.704804    15.606595   -46.695157  -140.433086
   54.190983    12.579299     4.976886    15.955074   -45.510230  -147.660457
   54.680856    12.335147     4.320939    15.892135   -42.085108  -129.771946
   54.765861    12.607051     4.617163    16.140595   -43.001954  -119.749103
   54.774433    12.722493     4.953193    15.923236   -37.925281  -129.350193
   54.153765    12.538847     4.971488    16.097622   -40.053716  -128.455072
   54.475651    12.205148     4.381679    15.687278   -27.757128  -137.409105
   54.309153    12.664016     5.017009    16.090716   -44.163247  -139.182525
   54.916815    12.381053     4.264867    15.885993   -42.149237  -114.949261
   54.109122    12.014770     4.209828    15.961829   -28.262121  -138.071743
   54.400387    12.509225     4.737295    16.002200   -33.589673  -145.267573
   54.261904    12.294548     4.457409    16.138687   -49.835328  -124.950344
   54.175787    12.153392     4.522912    15.723191   -54.962460  -113.013764
   54.264795    12.403850     4.675926    15.927309   -45.503046  -141.872937
   54.192343    12.428883     4.730825    15.986749   -45.551941  -143.570958
   54.250911    12.377419     4.690682    16.034044   -41.775434  -122.849480
   54.476647    12.575069     4.886106    15.926251   -48.821039  -124.966006
   54.221310    12.344139     4.658951    15.917439   -50.722015  -128.227245
   54.413067    12.616943     4.918707    15.937201   -47.475005  -144.445278
   54.343931    12.550958     4.790982    16.058913   -48.449148  -143.209402
   54.034305    12.387627     4.808505    16.004402   -44.605694  -134.191433
   54.238096    12.571369     5.045501    15.892483   -38.305590  -132.613700
   54.599045    12.327013     4.487745    15.715922   -44.782811  -125.152082
   54.462935    12.262956     4.374545    15.924860   -49.151394  -121.364191
   53.981632    12.014487     4.293175    15.965199   -46.039890  -128.172997
   54.518242    12.624582     4.920658    15.829507   -34.878862  -152.140190
   54.428572    12.536800     4.868798    15.898125   -34.644501  -133.818944
   54.215556    12.473264     4.916712    15.901405   -50.356315  -120.615634
   54.232249    12.603013     4.987989    16.040725   -49.259430  -136.151514
   54.515996    12.545295     4.790831    15.862245   -42.082135  -140.900593
   54.812947    12.509315     4.550738    15.855555   -29.853426  -136.117314
   54.390723    12.541280     4.948032    15.791207   -42.502346  -129.982392
   54.763747    12.477002     4.401598    15.988172   -55.241905  -135.645783
   54.179239    12.400625     4.728912    15.941064   -40.181301  -143.710452
   54.297141    12.365848     4.618282    15.869113   -39.543240  -145.729637
   54.571738    12.406157     4.544724    15.836675   -55.163475  -127.196652
   54.221440    12.556375     4.881016    16.006479   -58.087719  -144.917185
   53.951530    12.137450     4.589640    15.815516   -47.202015  -123.694773
   54.173722    12.629702     5.078801    16.108044   -58.077539  -121.864351
   54.212896    12.311635     4.740020    15.721707   -40.430028  -126.859342
   54.233798    12.495510     4.744427    16.181803   -44.157541  -138.436875
   54.274217    12.381694     4.549017    16.095892   -52.640559  -137.801796
   54.277619    12.349615     4.578557    15.915371   -50.264785  -140.227811
   54.476049    12.541362     4.612049    16.274080   -45.335894  -131.360490
   53.954361    12.182486     4.547018    15.969870   -57.010895  -127.731042
   54.508402    12.490509     4.685963    15.873490   -36.651048  -146.093480
   54.167243    12.451763     4.727840    16.163704   -46.715804  -137.071584
   54.537009    12.483564     4.886072    15.501402   -28.262478  -140.809468
   53.781377    12.226649     4.785667    15.780393   -22.576357  -152.792143
   54.361065    12.298408     4.634193    15.747193   -43.284369  -118.691565
   54.289569    12.337914     4.519214    16.054520   -50.373863  -131.021943
   54.688410    12.369702     4.532083    15.644973   -32.145663  -134.003006
   54.597219    12.418834     4.528002    15.903322   -20.367005  -144.084235
   54.449793    12.400356     4.694506    15.866279   -34.767158  -121.769619
   54.771319    12.487904     4.432502    15.958397   -42.200965  -141.829219
   54.673361    12.392072     4.449742    15.925014   -37.052819  -122.610490
   54.395817    12.329367     4.643822    15.698113   -37.264502  -131.391326
   54.564506    12.648777     4.800067    16.246402   -34.659082  -124.861767
   54.226882    12.510819     4.882291    16.038130   -44.955475  -129.378914
   54.289281    12.422387     4.594255    16.182619   -44.248666  -135.224490
   54.515371    12.215131     4.259955    15.856369   -44.200468  -131.012844
   54.372643    12.207277     4.429395    15.801157   -41.013765  -123.480743
   54.399880    12.227525     4.315971    15.925160   -47.604243  -133.347363
   54.289203    12.564550     4.841289    16.185202   -48.295918  -130.592994
   54.500724    12.705681     4.975287    16.141307   -49.744249  -125.616788
   54.252174    12.246626     4.527641    15.917610   -43.064047  -122.399747
   54.438357    12.500680     4.730249    16.030484   -54.242962  -121.122955
   54.280528    12.281413     4.562336    15.761725   -49.342748  -134.715170
   54.342929    12.260505     4.407964    15.925517   -56.329508  -129.720032
   54.319985    12.154894     4.379626    15.749091   -52.355995  -121.721483
   54.638720    12.297552     4.213296    15.995072   -44.244857  -132.747366
   54.214821    12.156650     4.500465    15.634615   -50.724988  -123.744837
   54.323419    12.586736     4.914068    16.055437   -49.130697  -131.367211
   54.050411    12.314128     4.623604    16.111442   -42.715315  -137.774902
   54.622785    12.656725     4.839357    15.972584   -41.947916  -145.192935
   54.335997    12.326936     4.478091    15.995217   -52.183278  -134.381254
   54.745500    12.403683     4.298423    15.987589   -43.491190  -136.753550
   54.547634    12.480771     4.492930    16.178622   -42.151049  -134.844619
   54.505966    12.672289     4.843457    16.283633   -47.616119  -123.604850
   54.343399    12.425032     4.752762    15.822184   -45.838839  -131.679726
   54.753359    12.520398     4.617408    15.775145   -31.071503  -150.452505
   54.619526    12.373384     4.476861    15.728825   -42.420675  -143.536346
   54.337856    12.410808     4.758458    15.762914   -28.369396  -143.881174
   54.445243    12.530164     4.925294    15.639424   -37.092704  -142.771595
   54.303182    12.443739     4.695967    15.912715   -47.925873  -147.555842
   54.538403    12.538938     4.638841    16.025440   -36.959072  -153.260997
   54.289045    12.247951     4.481084    15.782574   -47.670181  -138.111418
   54.351844    12.406298     4.604597    15.945279   -44.305805  -143.941693
   54.242291    12.230597     4.364454    16.046639   -45.543924  -138.452933
   54.437826    12.164555     4.263853    15.790052   -33.878105  -138.839129
   54.883508    12.580188     4.525718    15.923109   -50.301318  -142.965540
   54.570398    12.368980     4.330677    16.048025   -36.536142  -145.415365
   54.527824    12.571244     4.814014    15.988545   -37.460383  -130.474387
   54.573066    12.517103     4.702829    15.854017   -43.351371  -140.711688
   54.668835    12.606716     4.760692    15.915456   -51.968357  -136.374847
   54.365790    12.396440     4.594778    15.947238   -35.614134  -144.906075
   54.502527    12.553705     4.634311    16.140604   -32.081659  -153.747868
   54.271951    12.539146     4.948754    15.919532   -39.008556  -134.601175
   54.269953    12.371901     4.568240    15.995004   -34.271047  -153.511603
   54.424350    12.466910     4.699276    15.872002   -21.015883  -158.122385
   54.022370    12.448744     4.869973    15.953877   -46.672737  -147.190276
   54.548655    12.388794     4.476227    15.880176   -46.949475  -139.676979
   54.516840    12.449484     4.525932    16.086585   -50.689785  -128.155580
   54.499474    12.268264     4.384456    15.809016   -41.888995  -133.140123
   54.496347    12.408424     4.508520    15.928551   -49.453583  -142.241154
   54.230615    12.447512     4.713436    16.022251   -52.756223  -140.637362
   54.529250    12.443577     4.621749    15.853511   -57.412696  -128.623628
   54.598159    12.535940     4.616865    15.999542   -50.058265  -142.117703
   54.302232    12.495508     4.707994    16.148118   -29.206394  -149.100297
   54.472701    12.282304     4.477043    15.757538   -57.861583  -118.746386
   54.150942    12.508246     4.845029    16.140156   -48.085987  -135.651332
   54.562126    12.542404     4.593613    16.158719   -46.073820  -135.006615
   54.232554    12.436219     4.770868    16.016068   -41.108034  -131.061552
   54.391440    12.376794     4.578891    15.958495   -49.191601  -126.746998
   54.213068    12.470482     4.671278    16.248865   -54.820065  -135.532420
   54.331655    12.507980     4.767810    15.981741   -48.172952  -142.754615
   53.968861    12.227958     4.591919    15.822001   -44.169535  -152.735078
   53.912814    12.214503     4.487917    16.016135   -45.762927  -163.706274
   54.469619    12.269128     4.440651    15.708936   -28.866702  -146.251229
   54.313750    12.120689     4.261213    15.874627   -40.832063  -130.414340
   54.463076    12.288945     4.496052    15.670697   -28.660930  -146.890563
   54.005812    12.331366     4.717119    15.901595   -35.795008  -154.026117
   54.294341    12.097849     4.287817    15.792421   -42.967763  -126.696664
   54.256121    12.568065     5.022496    15.820544   -51.054781  -133.328271
   53.789156    12.218810     4.694295    15.887919   -39.346931  -149.977746
   54.319303    12.351477     4.606962    15.976821   -46.382528  -123.087870
   54.169591    12.262331     4.633828    15.765102   -52.970610  -126.104222
   53.817928    12.542969     5.125282    16.092614   -38.465495  -144.742596
   54.408767    12.303583     4.482675    15.835033   -44.025813  -135.487405
   54.399186    12.414182     4.603467    15.978408   -33.832361  -141.374960
   54.434207    12.419006     4.553220    15.942511   -37.238309  -152.544792
   54.744626    12.551408     4.682086    15.800079   -35.956813  -142.663794
   54.208833    12.222536     4.534714    15.698719   -34.254584  -145.867520
   54.232283    12.365082     4.600499    15.976800   -48.927121  -142.325392
   54.457296    12.298027     4.370471    15.977442   -32.738909  -140.282702
   54.310487    12.280447     4.392794    16.073165   -38.828440  -139.822839
   54.193321    12.242330     4.579818    15.785281   -20.836559  -146.919090
   54.001344    12.482662     5.043016    15.731610   -42.616874  -143.460536
   54.760423    12.508061     4.571542    15.842032   -47.118950  -133.683230
   54.398798    12.453788     4.520467    16.185925   -55.296584  -139.321037
   54.647355    12.620988     4.616804    16.223947   -45.903924  -137.878240
   54.167770    12.392249     4.740568    15.924005   -45.103722  -138.464331
   54.304261    12.326433     4.509016    15.905470   -38.124557  -151.982395
   54.473271    12.455177     4.543597    16.043521   -39.405076  -147.751244
   54.538186    12.557670     4.584737    16.187762   -28.287113  -156.650782
   54.122530    12.373597     4.599130    16.147335   -48.970797  -145.601333
   54.176905    12.550217     4.833871    16.266207   -49.000936  -136.289514
   54.224675    12.293085     4.432745    16.160624   -32.387652  -145.778491
   54.468125    12.556470     4.956525    15.665969   -33.549325  -142.140789
   54.231053    12.227135     4.499575    15.739622   -29.259534  -151.356639
   54.069680    12.461698     4.900540    16.062933   -38.105145  -133.960617
   54.075255    12.450243     4.824191    16.025832   -48.066162  -142.377016
   54.398194    12.466168     4.616204    16.081870   -46.020064  -138.943809
   54.226054    12.375223     4.661362    15.847917   -31.527284  -158.411573
   54.128915    12.170613     4.536050    15.735132   -48.635771  -126.388797
   54.226970    12.240893     4.527642    15.872942   -38.071571  -132.107215
   54.393103    12.574981     4.900035    15.851174   -38.364373  -150.515585
   54.700957    12.724381     4.889426    16.005438   -28.770639  -152.724830
   54.219533    12.330399     4.619522    15.932721   -29.125585  -144.915776
   54.050584    12.499557     4.951432    16.023503   -41.284841  -139.580475
   54.413948    12.469184     4.632056    16.001493   -38.625067  -148.865620
   53.773993    12.305179     4.720023    16.250738   -47.213532  -142.616143
   54.459442    12.285769     4.357314    15.885923   -35.605219  -148.533414
   54.162828    12.326865     4.627868    15.924499   -32.759670  -148.660121
   54.121826    12.335417     4.748440    15.691403   -24.873148  -157.863643
   54.273505    12.513913     4.810791    16.006791   -40.570033  -145.741040
   54.049237    12.487290     4.898204    16.139459   -52.980614  -128.926623
   54.238674    12.315769     4.497472    16.013120   -49.140592  -142.271605
   53.662092    12.255738     4.731140    16.221942   -50.449384  -140.983292
   54.245935    12.571104     4.893960    15.999233   -48.872779  -149.874419
   53.805653    12.197503     4.650319    15.907411   -42.522266  -146.660077
   54.338638    12.258511     4.437465    15.797792   -40.733822  -147.017261
   54.097722    12.336583     4.585534    16.045136   -44.447226  -152.882511
   54.374993    12.453032     4.612558    16.021633   -33.993269  -154.491303
   54.361016    12.421606     4.530379    16.113818   -51.945209  -141.460713
   54.454860    12.591432     4.740406    16.109422   -44.661235  -150.202450
   54.147718    12.263683     4.488257    15.974296   -65.242400  -135.327628
   54.307922    12.389453     4.599524    15.991951   -49.140006  -137.204765
   54.335313    12.301794     4.413093    15.982556   -57.170827  -139.752322
   54.110015    12.331893     4.501208    16.285097   -26.195022  -157.314536
   54.508450    12.417458     4.291368    16.344287   -55.639115  -137.409741
   54.014164    12.299979     4.750962    15.735834   -60.339488  -132.726674
   54.262350    12.338186     4.457884    16.117511   -40.736301  -149.695460
   53.882925    12.357166     4.872058    15.856290   -32.636518  -151.336686
   54.686777    12.604192     4.688444    16.010815   -56.262586  -133.423284
   54.413525    12.264787     4.225928    16.186487   -40.793785  -138.570963
   54.401072    12.401207     4.554544    15.990135   -53.182591  -134.450152
   54.161411    12.428318     4.786361    15.867943   -51.159562  -144.752605
   54.508110    12.483596     4.624754    15.951998   -38.884869  -146.139230
   54.253248    12.372116     4.438931    16.290327   -47.234025  -145.551022
   54.112946    12.116574     4.401079    15.728014   -30.577437  -150.997742
   54.410653    12.367287     4.518584    15.942309   -31.415904  -146.828648
   54.197061    12.247415     4.368792    16.186135   -44.963584  -137.215194
   54.540783    12.526455     4.680719    15.885408   -52.513528  -148.749023
   54.481276    12.494777     4.551227    16.195929   -46.809506  -135.297794
   54.164426    12.280790     4.517857    15.947353   -35.654776  -152.214698
   54.459448    12.617849     4.780604    16.135701   -51.866266  -142.950711
   54.190335    12.385550     4.662898    15.938754   -41.397786  -151.406820
   54.041014    12.353841     4.633543    16.297719   -39.323135  -137.569037
   54.363978    12.260525     4.380049    15.947401   -41.135725  -138.816945
   54.166455    12.271869     4.496363    16.058010   -51.340201  -131.641068
   54.279406    12.385657     4.571942    16.083599   -50.515040  -135.455624
   53.835264    12.459304     4.929075    16.104438   -45.566572  -152.001607
   54.008993    12.510446     5.023504    15.950530   -52.602247  -132.432335
   54.440821    12.420097     4.512188    16.102482   -50.037013  -132.090006
   54.181212    12.269100     4.496136    15.995263   -37.756771  -143.525043
   54.150795    12.314103     4.568443    16.070064   -38.022230  -140.899298
   54.151416    12.224758     4.374913    16.138724   -48.123837  -138.423420
   54.072711    12.393225     4.660777    16.247512   -57.629338  -131.278341
   54.487005    12.414655     4.511174    15.955444   -45.059038  -144.701445
   54.113566    12.414810     4.714974    16.206515   -39.953745  -136.385059
   54.459262    12.452853     4.563236    16.080882   -45.207945  -135.316468
   54.171117    12.297469     4.562884    15.960292   -45.604966  -139.112474
   54.253231    12.195004     4.368036    15.989099   -26.557502  -141.790129
   53.776103    12.014013     4.463818    15.930861   -39.022358  -131.299874
   54.126617    12.331554     4.667590    16.000745   -46.597598  -130.550815
   54.235848    12.179204     4.434377    15.806928   -40.533619  -133.606982
   54.484752    12.481973     4.579845    16.071456   -35.652076  -146.091993
   54.254737    12.376245     4.515179    16.136495   -40.792763  -150.070302
   54.048907    12.338880     4.645808    16.115026   -51.435534  -135.496473
   54.252774    12.569787     4.916831    16.043598   -44.825591  -139.082224
   54.411890    12.362012     4.527407    15.871648   -47.765090  -141.337334
   54.093864    12.223341     4.586282    15.750660   -59.556312  -130.728416
   54.129761    12.257874     4.557721    15.856390   -55.460627  -137.220374
   54.133431    12.246281     4.492626    15.981200   -31.804291  -149.325518
   54.344476    12.321747     4.409859    16.067730   -38.380662  -146.827384
   54.257805    12.295544     4.610842    15.768310   -45.976696  -134.062828
   54.451726    12.242694     4.274711    15.970735   -42.750763  -136.781213
   54.439442    12.460915     4.595288    16.057612   -57.708600  -131.347304
   54.468388    12.545111     4.680554    16.124080   -47.262658  -137.438380
   53.928303    12.109386     4.492412    15.906368   -38.770293  -136.082908
   54.189446    12.391876     4.624416    16.040952   -56.368119  -143.208260
   54.577593    12.544267     4.492074    16.304707   -50.547529  -134.409569
   54.719594    12.564919     4.396463    16.256428   -41.023751  -152.703174
   53.780348    12.054688     4.497609    15.933514   -37.885089  -137.265944
   54.358596    12.429085     4.637836    16.011634   -28.163868  -146.358506
   54.366314    12.549160     4.902674    15.973157   -39.762760  -128.426008
   54.513458    12.482822     4.566971    16.081891   -40.166951  -139.520431
   53.970368    12.257596     4.652023    15.886744   -40.592583  -146.168950
   53.794488    12.381684     4.858183    16.159864   -38.196364  -147.919234
   54.294355    12.579410     4.986948    15.999226   -45.800349  -124.902766
   54.355264    12.345341     4.662205    15.760341   -49.159689  -124.975818
   54.281031    12.510708     4.801335    15.949541   -44.062451  -150.697518
   54.029578    12.495110     4.842262    16.215260   -50.329665  -141.911795
   54.010801    12.297101     4.636390    16.007176   -33.586146  -150.975170
   54.089960    12.301062     4.533032    16.147128   -34.702475  -148.999680
   54.048997    12.363415     4.802350    15.845154   -26.948470  -151.228165
   54.431592    12.323518     4.334615    16.299933   -51.420071  -112.614425
   54.223960    12.211962     4.427289    15.865583   -34.110992  -147.088002
   54.160488    12.416929     4.780459    15.950443   -23.774394  -151.319427
   54.441182    12.529276     4.791768    15.879140   -36.055422  -147.902182
   54.221198    12.383326     4.714571    15.846629   -42.117434  -142.961412
   54.506739    12.454270     4.613607    15.895439   -33.312102  -147.655580
   53.951825    12.298762     4.799716    15.942434   -32.055686  -134.008788
   54.553178    12.431216     4.657622    15.804499   -48.503226  -122.534065
   53.983328    12.481544     4.894163    16.309804   -41.420877  -132.219192
   54.379423    12.517779     4.760260    16.044281   -45.502259  -134.085748
   54.554444    12.646602     4.926080    15.918811   -43.860377  -136.710626
   54.299340    12.276654     4.429917    16.025735   -60.120849  -124.601032
   54.431450    12.449993     4.592662    16.036739   -38.077247  -142.442809
   54.396061    12.435199     4.528838    16.104564   -41.740568  -148.100384
   54.220805    12.286123     4.496585    15.925832   -36.979217  -151.438452
   54.253999    12.567853     4.774294    16.227120   -37.447939  -156.915662
   54.144959    12.157356     4.439249    15.801510   -31.798535  -144.984412
   54.263158    12.249255     4.371245    16.078066   -36.703875  -142.435529
   54.072527    12.549774     5.011829    16.017519   -42.536618  -140.549684
   54.220370    12.449365     4.906161    15.696931   -43.355228  -137.537135
   54.626063    12.601196     4.744038    16.001269   -37.385929  -140.507168
   54.136190    12.337544     4.730612    15.983151   -50.643365  -117.273012
   53.935805    12.227381     4.670084    16.078893   -27.029610  -134.269399
   54.456175    12.421582     4.673924    15.826131   -43.196240  -131.406940
   54.323349    12.191172     4.303123    16.035650   -55.970580  -118.493056
   54.126775    12.392560     4.736045    16.073353   -58.487668  -122.276325
   54.084629    12.248155     4.749232    15.796341   -27.510181  -124.977523
   54.109165    12.312374     4.626376    16.159403   -37.400809  -128.324480
   54.630786    12.704353     4.960883    15.942599   -37.958091  -141.258419
   54.223107    12.327637     4.636659    15.838783   -37.309915  -143.603497
   54.428984    12.337558     4.511714    15.738658   -49.795049  -148.266903
   54.185363    12.393438     4.756766    15.854441   -31.961877  -148.257704
   54.284725    12.382023     4.785566    15.881965   -31.569703  -122.495874
   54.355896    12.253416     4.454303    15.828118   -40.512598  -134.751829
   54.411737    12.146052     4.408182    15.612588   -39.568246  -120.037727
   54.365583    12.458842     4.648248    16.094544   -59.050817  -125.356216
   54.093718    12.278435     4.551604    16.007060   -47.143712  -141.375073
   54.279135    12.379271     4.596976    15.953717   -35.897494  -151.682333
   53.794084    12.264048     4.727261    16.176439   -38.463876  -137.794047
   54.279800    12.620008     4.910953    16.085905   -46.004219  -152.229430
   54.212304    12.242919     4.445425    15.923969   -43.172901  -144.506073
   54.303068    12.404026     4.746761    15.804702   -57.023929  -126.254989
   54.598177    12.584215     4.817547    15.928681   -44.095499  -127.227065
   54.451356    12.457048     4.578160    15.990478   -45.140388  -148.517516
   54.182253    12.509788     4.881055    15.969305   -59.128393  -134.963136
   54.235680    12.333291     4.619088    15.857326   -48.064344  -139.005163
   54.238583    12.309866     4.500010    15.973737   -54.716827  -140.953967
   54.281042    12.328354     4.604077    15.846059   -37.998316  -140.916181
   54.227369    12.486117     4.850932    15.875880   -47.227887  -143.197964
   54.205541    12.420018     4.608131    16.153306   -45.149382  -149.103371
   53.964631    12.051333     4.374258    15.945757   -59.022051  -119.312713
   54.351942    12.344230     4.633664    15.653572   -35.932225  -151.241136
   54.758084    12.430364     4.458022    15.745736   -47.112250  -143.522221
   53.948992    12.334530     4.799160    15.909947   -39.070242  -142.488370
   54.176150    12.433542     4.743014    16.013984   -34.736496  -149.068194
   54.040911    12.276956     4.604780    15.958167   -35.568763  -149.500704
   54.186930    12.516164     4.815118    16.168556   -41.442818  -141.081706
   54.188443    12.387714     4.643588    16.167323   -57.362232  -122.242495
   54.420532    12.444794     4.636256    15.891210   -43.269421  -148.209853
   54.222822    12.302076     4.790712    15.584504   -32.684383  -127.986266
   54.258835    12.389843     4.741264    15.789275   -38.093196  -142.268238
   54.018674    12.450558     4.948619    15.959099   -14.208466  -152.843558
   54.243215    12.403881     4.914222    15.741899   -22.742526  -127.674863
   54.222681    12.250991     4.615044    15.594336   -41.869120  -140.584950
   54.290400    12.663142     5.057741    15.965915   -34.635746  -152.591292
   54.590835    12.333559     4.471733    15.766584   -33.802470  -133.364598
   54.428327    12.479110     4.625925    16.045210   -44.264067  -142.522329
   54.548174    12.414414     4.720422    15.621995   -53.071608  -120.991407
   54.628738    12.394203     4.350079    16.063283   -43.645574  -132.078287
   54.556099    12.398984     4.656521    15.628932   -41.188224  -134.942765
   54.357053    12.441250     4.762698    15.891167   -57.458645  -118.767079
   54.317619    12.355999     4.518044    15.975853   -45.187739  -146.502153
   54.411555    12.475442     4.741109    15.831796   -31.161924  -151.717036
   54.128684    12.200648     4.503953    15.849128   -33.315963  -143.337385
   54.392235    12.631017     4.835951    16.125991   -50.162854  -149.776369
   53.936380    12.418485     4.921562    16.052360   -56.614360  -122.261354
   54.109490    12.313373     4.690244    15.873419   -27.967433  -146.881505
   54.624451    12.535125     4.539770    16.065177   -42.135529  -151.880225
   54.221020    12.463881     4.828392    15.927849   -32.579433  -144.722577
   54.229554    12.464631     4.793159    15.910692   -36.909837  -150.806683
   54.221781    12.428986     4.742273    15.874134   -36.707166  -154.561440
   54.695604    12.400160     4.336816    15.998016   -32.821740  -139.842782
   54.295673    12.323738     4.608355    15.743118   -35.167805  -148.768708
   54.042685    12.232025     4.479295    16.087167   -30.081089  -153.139969
   54.404355    12.459444     4.648750    15.905040   -35.721156  -157.688746
   54.661590    12.547698     4.647507    15.866402   -38.755482  -156.101320
   54.424896    12.416382     4.460352    16.154880   -55.483308  -137.305810
   54.017033    12.054737     4.497659    15.741314   -16.010425  -133.797956
   54.426005    12.584475     4.834098    16.120313   -30.855945  -135.762427
   54.320156    12.388168     4.755715    15.686607   -25.851126  -147.970543
   54.389396    12.587571     4.876186    16.023837   -31.981842  -144.544377
   54.194375    12.473099     4.834577    16.015281   -49.474435  -130.523544
   54.521273    12.636315     4.865777    15.991562   -38.359442  -146.123096
   54.354747    12.321334     4.462929    15.991038   -33.144960  -144.637978
   54.317553    12.539529     4.932417    15.992674   -28.547027  -131.392988
   54.074667    12.354093     4.734152    15.981203   -45.118117  -134.638457
   53.849566    12.280640     4.847589    15.851328   -36.944293  -134.841340
   53.842233    12.168766     4.633440    15.876136   -30.956421  -146.212348
   54.515501    12.399944     4.674900    15.775081   -36.582387  -124.599379
   54.268870    12.356575     4.575451    16.167483   -41.294622  -123.390511
   54.252313    12.263231     4.473739    16.089855   -42.834217  -122.071590
   54.054107    12.531927     5.021201    15.977053   -39.049142  -140.667794
   54.544571    12.661355     4.854041    16.147324   -43.084449  -130.587661
   54.116818    12.462904     4.833145    16.117470   -60.785515  -121.741264
   54.463661    12.361238     4.588352    15.710364   -56.495407  -131.905902
   54.502219    12.334763     4.321101    16.129245   -37.292399  -134.870531
   53.861607    12.142354     4.512715    16.139829   -31.168013  -140.995459
   54.526596    12.145061     4.239311    15.740636   -48.894714  -117.949005
   54.347322    12.314650     4.562114    15.791446   -39.744525  -139.502020
   54.017102    12.073810     4.495423    15.681834   -26.220904  -137.149615
   54.168585    12.377833     4.757518    15.852634   -57.889293  -128.761089
   54.324728    12.350214     4.485333    16.103807   -22.123047  -150.679398
   54.037106    12.139914     4.462281    16.096227   -31.552714  -126.953082
   54.004738    12.091304     4.453883    15.931829   -37.658869  -125.904254
   54.104765    12.436136     4.846586    15.897049   -46.947692  -141.294764
   53.958691    12.188010     4.480600    16.306193   -35.791155  -131.739433
   54.110889    12.370967     4.679344    16.069610   -45.761419  -137.735425
   53.999438    12.227527     4.707600    15.990443   -36.088396  -117.228175
   54.520896    12.273885     4.292985    16.011455   -34.768603  -130.893168
   54.085951    12.334673     4.722585    16.158992   -53.260993  -108.516214
   54.444380    12.565197     4.759660    16.177199   -53.058890  -121.203375
   54.122756    12.279231     4.693477    15.847674   -27.538099  -136.945864
   54.087487    12.306949     4.583893    16.014427   -36.406724  -151.697403
   54.315834    12.285465     4.564728    15.778507   -32.495555  -139.491581
   54.115305    12.134381     4.532478    15.668422   -46.640736  -123.365883
   54.127168    12.389053     4.649357    16.250194   -40.020649  -135.399877
   53.789187    12.066228     4.354661    16.313015   -43.514102  -139.217550
   54.531430    12.652626     4.850971    16.072868   -48.239698  -138.063923
   53.903910    12.376492     4.792445    16.150624   -30.642130  -150.561124
   53.870183    12.132038     4.510931    16.140315   -40.811011  -129.782817
   54.616233    12.265438     4.193175    16.039951   -54.277386  -117.432156
   54.687593    12.477453     4.447173    16.088071   -47.179541  -126.117862
   54.387340    12.456779     4.722135    16.001276   -42.241632  -125.395994
   54.607148    12.508195     4.582021    16.055743   -31.607194  -136.708972
   54.450694    12.372905     4.434992    16.159221   -49.729179  -122.465615
   54.268153    12.388510     4.653796    15.969187   -34.211507  -143.123473
   54.655730    12.730193     4.870915    16.142340   -58.691621  -130.770406
   54.114177    12.534343     5.027013    15.799370   -33.799554  -151.758767
   54.067466    12.288828     4.649182    15.937248   -55.188897  -129.441970
   54.264949    12.194635     4.314056    15.978148   -40.706636  -143.294668
   54.190378    12.298118     4.409370    16.209038   -32.715368  -154.148656
   54.083862    12.143198     4.529013    15.638998   -42.793286  -136.281993
   54.459480    12.520401     4.819630    15.756191   -43.299396  -145.350666
   54.066461    12.473828     4.855808    15.970983   -32.817540  -160.993105
   54.198137    12.414776     4.622517    16.135884   -65.192841  -135.579761
   54.261676    12.604693     4.885789    16.219311   -42.345892  -140.475610
   54.264514    12.276712     4.515113    15.867353   -51.303740  -133.772460
   54.252954    12.427715     4.664632    15.991289   -45.417248  -149.052287
   54.480381    12.369588     4.297557    16.177541   -39.858920  -154.360987
   54.528993    12.523064     4.589685    16.291866   -50.347247  -113.990117
   54.453454    12.303445     4.447584    16.009806   -43.244267  -115.610910
   54.083384    12.235087     4.503209    16.091326   -50.601805  -127.997570
   54.295545    12.562074     4.734380    16.276246   -45.199165  -145.351524
   54.558565    12.169154     4.282088    15.631395   -44.673990  -127.115219
   54.456831    12.222547     4.257641    15.952867   -42.464740  -134.248304
   54.199316    12.211023     4.390814    15.965922   -45.992777  -140.988720
   54.184179    12.291092     4.478113    16.142718   -27.390681  -147.621216
   53.941598    12.341759     4.756469    16.183869   -46.856042  -127.568909
   54.531096    12.360707     4.401975    16.065632   -39.911632  -127.309815
   54.379956    12.573242     4.819012    16.077587   -34.582288  -145.436218
   54.429411    12.551750     4.702949    16.228119   -39.682650  -132.690256
   54.864842    12.460519     4.238960    16.094182   -51.774739  -129.299215
   54.477292    12.403808     4.457142    16.127047   -42.809751  -132.299702
   54.330062    12.307930     4.502683    15.968016   -44.856847  -129.913234
   54.468457    12.564633     4.831641    15.997032   -33.112743  -135.425270
   54.066832    12.223966     4.573718    15.932580   -57.916620  -122.055754
   54.101042    12.234986     4.520604    16.137753   -40.208144  -125.465365
   54.551197    12.495772     4.562171    16.127120   -37.282333  -133.646734
   54.027860    12.327178     4.740854    16.178368   -34.691724  -124.008341
   54.118002    12.061871     4.314181    15.914566   -48.254952  -121.417444
   54.009924    12.340307     4.768757    15.905344   -29.496984  -149.225595
   54.286923    12.439208     4.851430    15.833047   -38.675714  -127.455945
   54.473938    12.393653     4.499323    16.080170   -49.304444  -121.654778
   54.479805    12.466391     4.652461    15.861011   -43.380984  -146.961176
   53.980424    12.007378     4.352318    15.879036   -32.988891  -129.848835
   54.088283    12.220189     4.552941    15.843169   -33.712193  -145.911767
   54.517012    12.394501     4.481684    16.037339   -30.352886  -134.695074
   54.133677    12.311567     4.609461    16.069720   -40.208403  -132.898005
   54.111179    12.548699     5.145949    15.701497   -47.108400  -128.880185
   54.228823    12.266403     4.534116    15.995669   -40.000378  -125.838793
   54.015138    12.288712     4.793944    15.801896   -32.967286  -133.651548
   54.105910    12.067805     4.393377    15.708707   -27.324335  -140.602104
   53.927134    12.340668     4.671094    16.273819   -36.111899  -147.512926
   54.285249    12.224841     4.470316    15.862569   -39.241220  -129.660831
   54.247002    12.147758     4.292790    16.082472   -35.384214  -127.021051
   54.373437    12.180054     4.435686    15.686448   -34.802952  -128.300026
   54.101417    12.248322     4.611228    15.913338   -44.884054  -127.712086
   54.349346    12.591712     5.007801    15.960251   -28.098181  -132.638499
   54.296514    12.378306     4.734132    15.960186   -43.028995  -113.812772
   54.380838    12.415584     4.717010    15.935518   -47.751995  -116.723565
   54.184732    12.333641     4.741018    15.924554   -39.694273  -120.249311
   54.256566    12.224254     4.416965    16.023098   -25.107585  -138.924020
   54.097184    12.188524     4.481420    16.069794   -29.141878  -132.981269
   53.916102    12.369086     4.841341    16.159388   -32.342958  -135.901782
   54.324314    12.277817     4.463742    16.027549   -22.867601  -137.507972
   54.266581    12.483609     4.777830    16.176737   -46.899812  -120.702378
   54.478182    12.333123     4.463864    15.892568   -25.718130  -144.200046
   54.575810    12.619048     4.858782    16.033448   -42.894910  -122.266069
   54.256925    12.529632     4.954149    15.914274   -45.157339  -128.651994
   54.399899    12.477491     4.814075    15.983583   -41.118727  -114.398789
   54.062410    12.279261     4.675640    15.918148   -53.421160  -124.145802
   54.189558    12.121033     4.424560    15.761183   -44.104739  -124.366866
   53.829503    12.196473     4.638377    15.931491   -41.262502  -144.586461
   54.513313    12.540169     4.766652    16.039641   -54.972311  -114.491804
   54.711964    12.333418     4.461697    15.663237   -25.832956  -133.454226
   54.413421    12.283713     4.546048    15.689799   -23.795858  -143.166183
   54.101823    12.460336     4.788836    16.111419   -49.675814  -140.387036
   54.046936    12.435219     4.860521    16.203291   -29.036130  -132.855726
   54.283849    12.393746     4.855390    15.601053   -44.380057  -128.151208
   54.350539    12.533789     4.758433    16.149762   -24.131648  -147.374336
   54.278961    12.215042     4.436221    15.955837   -54.204459  -115.154898
   54.258457    12.167313     4.426317    15.758465   -49.272247  -126.724672
   54.332792    12.660513     4.953233    16.151930   -53.336602  -136.827972
   54.048158    12.438172     4.851372    16.160941   -31.984268  -136.202537
   54.598200    12.590193     4.797908    15.899740   -47.788637  -136.395797
   54.147889    12.503410     4.851713    16.220019   -56.177585  -120.345268
   54.355438    12.451339     4.737634    15.943831   -50.774012  -126.301990
   54.187996    12.268989     4.544885    15.872957   -41.876161  -141.610663
   54.403019    12.375860     4.526920    16.046879   -31.042116  -137.049374
   54.114469    12.259400     4.482336    16.113283   -47.135504  -136.030972
   54.449614    12.206819     4.389200    15.716875   -40.915978  -128.543081
   54.137838    12.403184     4.668535    16.261790   -47.881840  -127.829294
   54.483158    12.525464     4.834367    15.890340   -33.486656  -130.547792
   54.409336    12.365607     4.641228    15.820133   -43.304506  -125.899082
   54.100878    12.194527     4.498479    15.952146   -40.513837  -132.302017
   54.305216    12.402259     4.657806    15.882219   -37.577028  -149.195366
   53.933450    12.222155     4.683477    15.915272   -45.355639  -127.993779
   54.270572    12.607059     4.930532    16.154703   -42.925955  -136.395685
   54.296588    12.326004     4.526423    16.149179   -40.322154  -120.920347
   54.098473    12.259439     4.642565    15.832895   -35.463562  -139.092584
   54.224356    12.223859     4.381804    16.211365   -50.405805  -115.726046
   54.255778    12.441401     4.623912    16.200811   -47.495890  -137.511170
   54.344345    12.456565     4.630505    16.234148   -28.314875  -135.468993
   54.004627    12.073536     4.383793    16.139307   -33.235457  -121.986002
   54.494809    12.193885     4.300560    15.838566   -34.913347  -125.555947
   54.257983    12.166315     4.331396    16.014772   -47.774199  -121.819627
   53.889086    12.072519     4.612209    15.664119   -41.791499  -120.269275
   54.366624    12.315472     4.568056    15.810821   -41.967374  -131.906233
   54.228303    12.398632     4.706858    16.002257   -42.922393  -132.275946
   53.790650    12.061339     4.684460    15.662151   -39.305955  -116.049211
   54.304587    12.432924     4.703789    16.116518   -56.020518  -112.917746
   54.374980    12.345353     4.559739    15.902347   -40.835291  -133.639044
   54.245666    12.247664     4.511572    15.970740   -31.000750  -130.479553
   54.409707    12.243831     4.280174    16.040249   -54.973160  -128.207795
   54.401107    12.231132     4.638817    15.578049   -15.525463  -124.157626
   54.441768    12.594187     4.819290    16.143376   -42.353252  -130.001541
   54.278790    12.473434     4.878453    15.853990   -48.724732  -125.909019
   54.441862    12.559975     4.768037    16.071734   -41.019150  -137.981987
   54.351711    12.360175     4.520386    16.147443   -56.242343  -114.657535
   54.018697    12.184389     4.445054    16.193264   -52.926445  -123.421313
   54.238113    12.492657     4.709681    16.140711   -43.182980  -150.642803
   54.617175    12.496147     4.561639    15.972402   -36.644344  -144.902862
   54.551307    12.279022     4.301551    15.834630   -44.022798  -144.209346
   54.128234    12.349765     4.744880    15.851223   -38.348300  -140.069952
   54.275509    12.425046     4.586989    16.226914   -38.732867  -139.199488
   54.249261    12.543518     4.802469    16.200161   -53.081713  -133.441782
   54.320175    12.247314     4.332546    16.145213   -50.902575  -123.807006
   54.323586    12.483419     4.685712    16.155768   -50.341502  -131.000061
   54.410512    12.455961     4.552646    16.145132   -49.548980  -137.830966
   54.224524    12.240373     4.470743    15.813962   -59.233104  -138.174719
   54.544864    12.478295     4.484985    16.150848   -56.255920  -134.148126
   54.232846    12.308530     4.457434    16.097398   -52.818101  -138.141847
   54.197270    12.433809     4.609122    16.204865   -36.180736  -156.102149
   54.285413    12.444911     4.750075    15.878583   -48.527007  -141.008297
   54.336925    12.299235     4.424437    16.002164   -53.272262  -134.714561
   54.266419    12.340006     4.581439    15.988181   -58.198782  -124.614266
   54.104580    12.253680     4.409436    16.205414   -55.501641  -138.177014
   54.374680    12.397876     4.496014    16.105967   -46.665560  -141.166883
   54.372479    12.255801     4.422805    15.905036   -48.556373  -126.188288
   54.249993    12.162869     4.466938    15.690081   -55.035141  -120.360415
   54.351682    12.483903     4.633318    16.231671   -37.873255  -137.184266
   54.206431    12.535935     4.864018    16.263892   -61.098140  -112.992777
   54.308692    12.472810     4.931326    15.603836   -48.528369  -133.428716
   54.524089    12.443231     4.763209    15.829989   -39.373262  -112.093307
   54.409875    12.413417     4.663837    15.962944   -62.242892  -111.071533
   54.482943    12.304585     4.474645    15.754162   -61.745027  -124.604652
   54.291890    12.267664     4.567766    15.754850   -31.909497  -138.993274
   54.711097    12.233719     4.274795    15.706033   -28.006784  -128.616410
   54.423191    12.480550     4.724850    16.015612   -42.201868  -126.037065
   54.268657    12.121488     4.274432    15.938354   -38.043994  -130.590052
   54.357056    12.216553     4.365901    15.969264   -42.242949  -123.779179
   54.454436    12.272004     4.362759    15.962051   -33.627617  -133.923360
   54.488693    12.442189     4.733538    15.677905   -43.067166  -138.208764
   54.604009    12.396561     4.624314    15.605827   -46.912791  -132.850724
   54.357754    12.316174     4.481019    15.991024   -47.129334  -129.037489
   54.216762    12.273048     4.642288    15.651370   -50.589698  -132.844796
   54.359753    12.601225     4.852537    16.131751   -46.473475  -138.225948
   53.955883    12.402813     4.855673    16.108751   -44.370961  -131.956531
   54.522392    12.537929     4.512236    16.320108   -49.898375  -136.600980
   54.215019    12.212359     4.469133    15.930522   -39.675493  -129.496983
   54.441447    12.284081     4.488977    15.692024   -40.077298  -140.141099
   54.586886    12.478669     4.355326    16.313663   -42.896615  -140.330744
   54.158647    12.160799     4.404035    15.945167   -25.251761  -142.941232
   54.154424    12.336506     4.629465    16.157448   -37.843198  -128.088316
   54.466079    12.507668     4.681788    16.117908   -51.900190  -120.303511
   54.226640    12.220341     4.292885    16.187961   -44.118384  -139.670309
   54.323517    12.641474     5.022328    16.048417   -49.021173  -128.636554
   54.458688    12.453851     4.579523    16.079619   -38.651793  -135.932423
   54.405661    12.371708     4.470706    16.076284   -48.675232  -133.143308
   54.467905    12.526821     4.727313    16.028077   -44.188343  -133.094379
   54.075858    12.149554     4.466459    15.813140   -53.132556  -132.027677
   54.466964    12.350380     4.403803    16.003104   -49.019735  -138.950728
   54.454773    12.397380     4.444455    16.182257   -45.763515  -128.295247
   54.144342    12.624178     5.071766    16.231977   -37.047357  -127.825854
   54.230570    12.212254     4.381860    16.016261   -39.356460  -136.967195
   54.329159    12.187437     4.468095    15.521246   -39.041899  -142.979199
   54.026700    12.303001     4.672996    16.092097   -42.918758  -129.569349
   54.433843    12.181301     4.216094    15.982223   -48.328583  -125.123318
   54.270824    12.394419     4.699121    15.868634   -51.320863  -135.017805
   54.280461    12.208047     4.350165    16.066963   -44.233308  -125.483552
   54.118713    12.240320     4.690931    15.777441   -41.793179  -120.465168
   54.255444    12.436028     4.748932    16.169579   -40.008499  -117.951412
   54.563354    12.458976     4.741413    15.683385   -37.986439  -134.198208
   54.104105    12.568768     5.007789    16.180329   -53.753556  -121.586564
   54.837634    12.576405     4.559668    15.991412   -36.373565  -132.584160
   54.368730    12.427645     4.610277    16.064455   -34.122900  -139.835187
   54.346301    12.347001     4.638265    15.805886   -42.953337  -131.297756
   54.290899    12.415377     4.614867    16.157273   -57.278162  -122.691678
   54.599753    12.657670     4.875794    16.000471   -53.122939  -129.814195
   54.400249    12.491602     4.829533    15.784830   -58.750689  -127.420751
   54.299295    12.416504     4.856433    15.717306   -40.875575  -126.223918
   54.069544    12.448226     4.919058    15.976667   -47.410053  -126.750517
   54.289637    12.334179     4.551985    16.164611   -39.809163  -118.563085
   54.306138    12.491707     4.664003    16.233234   -31.092253  -146.069095
   54.498136    12.488895     4.633757    16.006339   -52.144369  -132.698610
   54.884216    12.610741     4.629561    15.976064   -53.063703  -118.125250
   54.640682    12.433674     4.640623    15.668307   -58.974124  -123.671018
   54.438081    12.448900     4.743302    15.823177   -52.750955  -123.903245
   54.394369    12.437784     4.575979    16.058358   -41.144962  -143.706698
   54.060655    12.438985     4.858993    15.942757   -50.199786  -139.378052
   54.546304    12.342463     4.464100    15.857007   -40.356261  -130.456951
   54.585240    12.568217     4.646886    16.107393   -46.249699  -136.460523
   54.281391    12.406857     4.701118    15.900954   -44.214955  -138.275897
   54.091581    12.312523     4.718963    15.919761   -46.449181  -126.623235
   54.058428    12.435492     4.882476    15.932975   -55.617345  -130.690556
   54.014994    12.328017     4.745605    16.121085   -58.978100  -111.243130
   54.187835    12.217616     4.515862    15.865725   -37.257557  -133.748943
   54.624624    12.631967     4.706662    16.206179   -55.248197  -123.219728
   54.138779    12.194618     4.441793    16.061692   -30.636257  -135.523129
   54.283378    12.321539     4.433779    16.255232   -32.627970  -135.358782
   54.618706    12.495423     4.612173    16.039477   -33.189097  -123.787855
   54.291639    12.473921     4.712874    16.290475   -43.558219  -117.638234
   54.692577    12.583651     4.689933    16.038281   -45.185839  -122.701816
   53.789651    12.296898     4.865856    16.044320   -63.483520  -111.597278
   54.453960    12.194889     4.203029    15.935813   -32.655773  -145.237021
   54.526391    12.460878     4.661482    15.848097   -59.102256  -126.659988
   54.042166    12.421957     4.818225    15.962403   -40.434897  -149.490799
   54.158385    12.173235     4.593757    15.680032   -31.745595  -127.573402
   54.354848    12.612332     4.856826    16.300425   -46.025211  -122.957858
   54.560543    12.374225     4.405497    16.012611   -25.848743  -142.270618
   54.390761    12.299298     4.547575    15.928500   -30.321681  -122.134233
   54.589725    12.605291     4.752091    16.163900   -44.801157  -118.953791
   54.209596    12.577571     4.833064    16.272388   -49.894205  -140.460385
   54.429502    12.316098     4.433969    15.970520   -43.387177  -131.789539
   53.959332    12.053725     4.367232    16.044903   -28.758609  -135.703836
   54.268683    12.417036     4.716593    15.810128   -52.095401  -146.666848
   54.493853    12.425289     4.591779    15.878564   -37.645889  -142.309270
   54.295311    12.386945     4.632166    16.123059   -42.012154  -121.686189
   54.270971    12.353397     4.641325    16.049395   -38.690633  -122.358257
   54.625616    12.384568     4.460285    16.004161   -35.849164  -116.343701
   54.095169    12.237457     4.579713    16.168958   -44.467001  -110.270582
   54.266682    12.247548     4.505057    15.905546   -35.629762  -131.391584
   54.208170    12.265605     4.581684    15.930492   -30.381630  -132.790316
   54.188766    12.367058     4.582145    16.238250   -46.029785  -128.655884
   54.489513    12.444824     4.514070    16.197300   -35.131822  -128.444949
   54.739964    12.276525     4.088822    16.015091   -44.994131  -129.314511
   54.086723    12.445349     4.765404    16.291373   -69.153691  -113.903813
   54.479970    12.460834     4.561345    16.187808   -36.558228  -126.326536
   54.212230    12.467515     4.917707    15.949898   -46.714082  -116.671814
   54.360880    12.433038     4.633140    16.082734   -49.731307  -126.099075
   54.617664    12.429841     4.483558    15.924075   -28.674506  -146.890275
   54.315319    12.443144     4.711993    16.000867   -40.991532  -134.809528
   54.405712    12.444913     4.665017    15.951431   -40.862782  -136.932173
   54.458354    12.467777     4.770976    15.754120   -51.310678  -130.581281
   54.226701    12.406023     4.679037    16.003682   -71.354109  -125.354780
   54.688534    12.589880     4.506142    16.253731   -48.846909  -136.416589
   54.403322    12.628918     4.811831    16.239533   -49.028195  -136.918674
   54.488367    12.320200     4.551781    15.797736   -36.249686  -123.321051
   54.415014    12.368484     4.405694    16.202940   -36.332375  -137.020950
   54.401119    12.472718     4.619330    16.076287   -48.361267  -139.959560
   54.414683    12.653214     4.833876    16.248280   -53.621150  -136.449961
   54.132072    12.477350     4.785107    16.042696   -46.905258  -153.010833
   54.382624    12.598750     4.824477    16.211759   -47.800582  -129.192480
   54.712872    12.625947     4.705992    16.010362   -52.743488  -136.068783
   54.489798    12.560187     4.641083    16.201265   -39.272447  -143.575256
   54.199787    12.503254     4.741855    16.252212   -43.197518  -140.948868
   54.455652    12.468190     4.522425    16.223472   -30.451047  -142.412979
   54.583891    12.596532     4.582264    16.256877   -51.391408  -142.279207
   53.986245    12.246469     4.489550    16.102965   -59.588469  -145.486136
   54.360149    12.273720     4.295713    16.066061   -39.518437  -152.799194
   54.061660    12.421703     4.788235    16.299617   -46.072122  -120.348380
   54.627436    12.555855     4.700356    16.083530   -35.156505  -119.761989
   54.393431    12.512124     4.733584    16.115251   -25.440103  -140.364009
   54.329139    12.585422     4.937662    16.104680   -38.726131  -125.959578
   54.555593    12.619336     4.865523    16.116411   -26.471828  -122.977030
   54.574286    12.499515     4.487081    16.213599   -41.014922  -134.203843
   54.422039    12.430878     4.585896    16.147859   -46.590912  -119.420234
   54.206776    12.135416     4.460975    15.817196   -41.137274  -116.160386
   54.545195    12.503765     4.660398    15.990754   -53.759449  -125.345178
   53.915441    12.113128     4.558100    15.920508   -37.729925  -126.222078
   54.590507    12.428070     4.452496    16.126242   -38.638252  -122.946404
   55.308239    12.539261     4.520373    15.565801    -9.761909  -117.031480
   54.078281    12.176457     4.674967    15.657811   -35.753497  -121.554007
   54.585257    12.274344     4.618892    15.555091   -12.336529  -120.832278
   54.734673    12.276535     4.584995    15.494498     9.093765  -125.555949
   54.483794    12.371738     4.696993    15.746251    -5.777120  -139.656934
   54.218574    12.208437     4.701092    15.765833    -0.817217  -123.230231
   54.550896    12.394314     4.901367    15.549895    -7.587795  -111.840627
   54.984192    12.643953     4.930796    15.620238     7.054760  -134.409815
   54.488812    12.372644     4.630658    15.895468    -9.629748  -132.632507
   54.486628    12.313177     4.451809    15.995152   -40.778998  -115.642387
   54.695762    12.623526     4.770404    16.013266   -10.010916  -145.093668
   54.127044    12.172787     4.485090    15.891446   -38.949019  -130.524110
   54.053802    12.447545     4.809547    16.270206   -32.153273  -137.848631
   54.008132    12.158565     4.509639    15.953681   -34.629663  -136.149151
   54.722646    12.554460     4.488973    16.134777   -46.212297  -137.289814
   54.071287    12.329170     4.592692    16.172678   -41.513556  -141.591460
   53.990894    12.123839     4.488219    15.942872   -31.708844  -134.933969
   54.501192    12.188477     4.443710    15.475653   -34.968147  -130.450024
   54.245670    12.174346     4.459175    15.938033   -34.494367  -117.174563
   54.234350    12.409157     4.607214    16.027257   -41.753551  -157.677173
   54.186753    12.300492     4.561338    15.897406   -43.582102  -146.237071
   54.082618    12.283263     4.529101    16.076235   -45.371230  -144.241094
   54.004098    12.217564     4.509010    16.010496   -57.628945  -136.800253
   54.666128    12.334324     4.332884    15.977339   -38.273706  -119.469955
   54.315762    12.176905     4.342460    16.018717   -46.143935  -114.230494
   54.019884    12.249143     4.855501    15.409070   -38.928335  -125.935693
   54.481053    12.700001     5.061765    15.965062   -51.917284  -127.360917
   53.913958    12.138143     4.671503    15.546459   -28.752011  -141.754370
   54.408375    12.296577     4.492308    15.962176   -31.509890  -124.841782
   54.644841    12.577585     4.909367    15.764589   -44.455882  -117.366680
   53.976418    12.317443     4.991293    15.677081   -21.198842  -122.180185
   54.180488    12.326315     4.740931    15.901253   -25.860743  -131.295912
   54.414823    12.400624     4.784866    15.902420   -26.398550  -109.982761
   54.519271    12.375798     4.579920    15.746071   -40.691984  -135.590960
   54.395876    12.474173     4.846642    15.866251   -15.526040  -137.756388
   54.056396    12.182546     4.588836    15.904559   -35.753945  -124.977739
   54.485050    12.314248     4.570443    15.837977   -31.229020  -116.706401
   54.333578    12.192580     4.517683    15.736986   -39.967534  -113.281115
   54.322688    12.303587     4.500366    16.187741   -29.698454  -117.816839
   54.383873    12.412352     4.598083    16.065233   -35.177221  -133.408402
   55.082212    12.620702     4.632098    15.898869   -40.112555  -102.959108
   54.553465    12.542029     4.863791    15.681697   -25.555605  -149.522047
   54.229952    12.114211     4.394436    15.893724   -10.960832  -133.830567
   54.293621    12.286565     4.583639    15.856517   -24.055584  -137.936440
   54.218751    12.342845     4.714502    16.050223   -27.210001  -121.056494
   54.559583    12.453559     4.727067    15.723023   -35.774630  -132.840006
   54.309282    12.402267     4.691635    16.050551   -36.098241  -124.191971
   54.174381    12.508025     4.879436    16.071134   -56.569905  -126.186603
   54.462453    12.486405     4.530766    16.240330   -29.572771  -144.982364
   54.436539    12.410285     4.602453    16.022449   -11.193775  -144.777916
   54.422367    12.430577     4.407916    16.378771   -50.069880  -129.613386
   54.540549    12.386251     4.428104    16.108140   -41.183393  -123.111263
   54.530080    12.340456     4.376706    16.027457   -24.449947  -140.362679
   54.642812    12.461710     4.417601    16.178372   -25.998500  -133.164460
   55.030103    12.484547     4.270839    15.925632   -48.737772  -125.035350
   54.591373    12.694157     4.823477    16.219853   -39.055086  -135.155273
   54.560734    12.528420     4.611774    16.086605   -55.182710  -130.862319
   54.204610    12.189451     4.432881    15.764487   -44.827494  -144.186033
   54.067938    12.391924     4.857031    15.864328   -47.320427  -131.521272
   54.268858    12.202638     4.486958    15.718601   -25.309816  -144.479009
   54.278136    12.250437     4.362594    16.142158   -38.724596  -133.934982
   54.586441    12.598411     4.629439    16.328596   -59.615918  -114.923817
   54.547558    12.400782     4.520744    16.017440   -45.853242  -116.333902
   54.711913    12.610384     4.761015    16.043192   -39.370522  -116.684599
   54.805550    12.466359     4.453273    15.876623   -18.669091  -145.710582
   54.503923    12.533672     4.667540    16.145754   -21.116452  -142.108520
   54.124660    12.448530     4.971046    15.978292   -49.811500  -106.850200
   54.207501    12.307377     4.550706    16.059442   -31.425630  -139.322423
   54.540082    12.500092     4.770768    15.736840   -46.989572  -135.637278
   53.978042    12.358391     4.951293    15.707725   -30.976076  -135.090358
   54.547951    12.536922     4.915782    15.784701    -9.447384  -135.520469
   54.640493    12.616106     4.898364    15.937515   -33.790717  -119.762792
   54.175051    12.198426     4.614097    15.652852   -36.447093  -128.373442
   54.355097    12.663234     5.083654    15.959776   -44.476517  -130.970067
   54.623509    12.621543     4.924030    15.800512   -41.491681  -132.469183
   54.313198    12.344136     4.813431    15.542670   -26.650675  -133.286938
   54.823535    12.477266     4.649681    15.551781   -34.583470  -139.968835
   54.542575    12.536123     4.861676    15.708596   -25.825727  -145.877741
   54.443254    12.373269     4.592459    15.813791   -42.839091  -134.825081
   54.178415    12.502706     5.007834    15.674596   -34.956467  -146.344905
   54.088358    12.438305     4.950974    15.692768   -19.454492  -156.453920
   54.256334    12.130062     4.555788    15.488987   -40.248528  -115.486294
   54.287367    12.137631     4.343455    15.764916   -29.072959  -142.015348
   54.381894    12.446307     4.894592    15.693121   -53.822753  -110.594054
   54.258051    12.477431     4.902997    15.857346   -21.363283  -143.113549
   54.246092    12.343619     4.566945    16.026327   -32.686386  -144.423208
   54.701607    12.530146     4.675402    15.892888   -36.094190  -128.831242
   53.990059    12.031722     4.324626    15.834111   -18.062459  -155.676910
   54.346558    12.407914     4.562098    16.123091   -36.663662  -138.569911
   54.212097    12.196475     4.460859    15.801048   -45.817139  -134.930352
   54.505712    12.613388     4.774096    16.063487   -40.152480  -151.125828
   54.611302    12.621562     4.661881    16.202558   -43.620080  -138.708762
   54.269415    12.522671     4.836452    16.033465   -33.359166  -145.481590
   54.355571    12.497219     4.675976    16.200448   -39.171394  -134.726519
   54.398286    12.291153     4.644772    15.761259   -39.503512  -109.385381
   54.031069    12.415236     4.946057    16.082335   -43.416119  -110.608879
   54.182045    12.271078     4.644721    15.762453   -17.744413  -148.987643
   54.219915    12.354879     4.794024    15.810182   -28.369837  -130.236169
   54.080911    12.072477     4.475265    15.919001   -29.616291  -111.565082
   54.882565    12.438562     4.452544    15.695355   -32.953829  -138.663818
   54.609074    12.541887     4.618401    16.081869   -41.607436  -132.755081
   54.617239    12.669681     4.952395    15.977676   -25.137109  -132.886059
   54.256830    12.451669     4.747284    16.083217   -45.359945  -127.883133
   54.660891    12.539630     4.846629    15.714555   -34.165529  -126.720070
   54.547738    12.300580     4.497461    15.688301   -35.540106  -130.768314
   54.357470    12.168708     4.437511    15.629336   -31.293727  -134.133455
   54.505778    12.220542     4.315790    15.800716   -32.827856  -136.047289
   54.876590    12.616859     4.747243    15.749674   -30.362374  -144.635906
   54.164515    12.295530     4.714477    15.704524   -52.649690  -126.467847
   54.261715    12.291501     4.515487    15.832367   -42.040447  -149.657691
   54.366080    12.619740     4.887099    16.094615   -36.980691  -147.113115
   54.623742    12.479578     4.666989    15.809996   -47.248673  -127.869878
   54.803839    12.379007     4.408980    15.783208   -46.490250  -117.322464
   54.459482    12.386893     4.535362    15.938963   -22.100665  -148.926485
   54.574511    12.536964     4.684587    15.950365   -42.559361  -140.466631
   55.055223    12.611972     4.570990    15.769703   -42.875662  -141.771730
   54.790708    12.555979     4.521626    16.079181   -46.845384  -122.666545
   54.385165    12.354185     4.569552    15.870868   -28.566764  -145.022761
   54.433140    12.301976     4.401780    15.989130   -25.503643  -142.572002
   54.742739    12.587465     4.551314    16.183085   -46.429521  -123.102909
   54.639584    12.566637     4.756261    15.851833   -36.556505  -142.285125
   54.539696    12.559959     4.735983    15.916319   -35.828712  -154.337640
   54.433438    12.377144     4.574088    15.790620   -40.612937  -147.020273
   54.500739    12.486962     4.692961    15.856732   -34.012694  -148.178651
   54.811897    12.627122     4.806628    15.864142   -25.660687  -130.893877
   54.414620    12.245034     4.540552    15.576687   -36.523199  -132.509879
   54.662304    12.307648     4.378442    15.884970   -23.339723  -122.090957
   54.766592    12.674348     4.698741    16.091569   -29.791540  -148.387599
   54.208484    12.348559     4.723990    15.955533   -42.910581  -119.815942
   54.365720    12.223327     4.492787    15.907638   -27.763087  -115.285610
   54.627796    12.375038     4.750227    15.335028   -16.875028  -141.200296
   54.944096    12.624406     4.589984    15.909394   -16.725020  -154.208118
   54.513602    12.598076     4.833650    16.030642   -22.185469  -143.429744
   54.536099    12.399869     4.561546    16.063104   -18.354089  -120.981051
   54.345922    12.230225     4.491223    15.909739   -28.603401  -120.466044
   54.654042    12.340671     4.250688    16.081427   -36.091933  -129.447284
   54.133815    12.461232     4.867785    16.258533   -27.848681  -122.794467
   54.760341    12.603933     4.879833    15.802772   -19.995644  -126.123985
   54.271338    12.241966     4.630295    15.801003   -25.970980  -120.832341
   54.212675    12.293009     4.751390    15.828753   -34.692932  -112.520737
   54.518382    12.441017     4.739339    15.818718     0.863140  -146.023879
   54.338957    12.259931     4.540087    15.721937   -22.095733  -145.060493
   54.279879    12.042617     4.257623    15.708247   -22.272707  -137.863236
   54.728890    12.311221     4.416446    15.709844   -14.257843  -133.467175
   54.281967    12.458466     4.954542    15.594434    -8.488427  -154.075524
   54.191052    12.347554     4.631836    16.053390   -12.947668  -152.990654
   54.712130    12.594409     4.843282    15.733097   -30.385839  -141.908637
   54.455467    12.647576     4.957684    16.002218   -44.946588  -133.782522
   54.135388    12.533462     4.898016    16.185169   -23.113759  -148.910946
   54.097380    12.226950     4.553922    16.004007   -11.399402  -149.403960
   53.761518    12.180868     4.802768    15.696054   -10.479174  -150.612867
   54.080737    12.257177     4.678165    16.022523    -4.732033  -141.259016
   54.563557    12.565972     4.835162    15.960808   -23.619708  -130.153613
   54.248219    12.360048     4.730852    15.930333   -17.664630  -137.359039
   54.528569    12.341839     4.566601    15.756726   -14.559549  -141.662590
   54.304528    12.267464     4.685659    15.588803   -17.282920  -138.148863
   54.447409    12.518932     4.660987    16.216020   -15.795451  -143.400212
   54.530725    12.397451     4.648097    15.706194   -20.486530  -145.752481
   54.059840    12.325772     4.773420    15.803658   -50.534855  -131.560365
   54.466464    12.358596     4.636174    15.665489   -10.981127  -154.652220
   54.116606    12.396646     4.813272    15.954178   -10.234346  -153.640852
   54.521047    12.551975     4.979511    15.669907   -24.641738  -133.499240
   54.011488    12.094959     4.490668    15.911488   -11.946841  -139.713947
   54.398162    12.338492     4.580187    16.003849   -24.169887  -123.720635
   54.508445    12.475699     4.771918    15.770440   -17.734254  -146.356593
   54.490381    12.290635     4.651677    15.606046   -23.389996  -121.316862
   54.565967    12.475616     4.764855    15.839141   -10.420081  -135.489721
   54.405116    12.345814     4.722737    15.737088   -23.219981  -125.899289
