   58.357240    13.803594     4.436753    15.479269   -20.861706  -119.471327
   58.100006    13.639321     4.360386    15.482441   -31.330974  -114.035543
   58.136780    13.690362     4.396246    15.449040   -25.890543  -125.202271
   58.450348    13.829565     4.639962    15.209686   -23.235733  -129.983679
   58.280854    13.639064     4.746622    15.043728   -32.526153  -111.720621
   58.235885    13.571053     4.560031    15.000119   -18.863959  -128.858288
   58.165396    13.650931     4.829357    15.126866   -26.878506  -108.534263
   58.728701    13.994857     4.631652    15.239138    -0.486793  -136.751138
   58.395765    13.570572     4.319176    15.052496    -1.381132  -126.804220
   58.162111    13.621922     4.513830    15.205490   -23.917160  -124.536567
   58.114684    13.506784     4.300637    15.197092    -7.402272  -124.456810
   58.712180    13.610497     4.282295    15.106763   -25.183804   -96.649711
   58.558763    13.781811     4.363285    15.324733    -9.235194  -119.917690
   58.401389    13.692854     4.449195    15.364318   -40.859394   -97.746442
   58.211646    13.483042     4.278111    15.156649   -15.971396  -113.535034
   58.522055    13.708539     4.235424    15.347530   -39.889452  -111.577792
   58.227151    13.556916     4.640660    15.224894   -25.772877   -87.745859
   58.202901    13.791683     4.463343    15.488380    -7.792504  -132.923537
   58.242326    13.709696     4.580646    15.314211   -32.917152  -113.163142
   58.348205    13.840751     4.506861    15.383477   -12.131246  -138.542029
   57.923749    13.555561     4.668404    15.281641   -48.015620  -105.052021
   58.482636    13.870329     4.618205    15.371616   -32.135204  -112.908979
   58.106946    13.786982     4.829533    15.319504   -29.733077  -122.397169
   57.995732    13.601252     4.439790    15.389515   -18.945579  -121.894814
   57.923567    13.666774     4.527081    15.498461   -19.513664  -123.494115
   58.239214    13.597046     4.402368    15.326720   -26.684127  -104.179997
   58.476013    13.648303     4.386750    15.354403   -43.647602   -87.596754
   58.503260    13.570754     4.506895    14.967856   -43.367753  -100.852793
   58.474873    13.860296     4.385527    15.565804   -31.566966  -112.662944
   58.612141    13.731013     4.492946    15.218705   -31.393309   -99.707567
   58.407063    13.710854     4.826797    15.088202   -17.122640  -103.581706
   57.899320    13.386051     4.454596    15.098594   -25.832374  -113.063525
   58.294138    13.574458     4.512204    14.966053   -17.604264  -135.256007
   58.338459    13.698020     4.471327    15.217404   -18.854928  -126.649779
   58.178785    13.603979     4.249131    15.316832   -14.564556  -133.917545
   58.147283    13.544052     4.539415    15.131456   -39.986001  -111.250466
   57.999416    13.659978     4.518250    15.364627   -23.531032  -133.468065
   58.779005    13.782165     4.561127    15.058910   -31.050607  -105.226810
   58.556983    13.785221     4.367707    15.307119   -25.907715  -120.483396
   58.428432    13.752240     4.746611    15.217492   -45.494064   -96.292468
   58.748239    14.051064     4.497723    15.511963   -22.495136  -122.996521
   58.382719    13.783135     4.737956    15.107493   -11.647501  -130.752642
   58.244756    13.462662     4.274023    14.987018    -5.367903  -130.406569
   58.393456    13.673584     4.673978    15.000602     6.170008  -123.785844
   58.892968    13.729310     4.583753    14.855413   -31.368944  -104.611867
   58.045501    13.591321     4.367033    15.354797     5.347678  -127.284269
   58.558459    13.869823     4.422364    15.414714   -36.765907  -119.852008
   58.372967    13.609073     4.488571    15.125486   -30.109258  -108.298282
   58.322617    13.679669     4.351335    15.317250   -13.245951  -123.691904
   58.095438    13.635848     4.695310    15.189613   -10.010475  -119.088975
   58.284034    13.871178     4.727654    15.405916   -13.739358  -122.716967
   58.508390    13.863578     4.484204    15.337145   -10.023936  -132.278593
   57.904917    13.353484     4.251422    15.058763    -0.395610  -132.673315
   58.496312    13.882139     4.428302    15.574297   -15.374472  -112.936705
   58.137691    13.595090     4.257985    15.388453   -31.837471  -122.532592
   58.414619    13.715086     4.380608    15.297264   -31.489719  -118.775509
   58.503869    13.851791     4.559782    15.234936   -19.263083  -137.539727
   58.519281    13.781932     4.470099    15.247088   -27.133254  -120.599171
   58.184040    13.672240     4.606438    15.259773   -30.047098  -115.720587
   58.448995    13.685866     4.239300    15.315732    -9.579233  -123.074535
   58.183103    13.851536     4.630025    15.495469   -17.099899  -129.361442
   58.227708    13.676511     4.421368    15.276915    -7.268232  -133.399222
   58.331684    13.760100     4.665022    15.263302   -24.230040  -114.204468
   58.278572    13.637335     4.372511    15.296240     8.530198  -119.964602
   58.627351    13.796114     4.402508    15.289416   -13.752731  -115.322445
   58.531059    13.807764     4.242799    15.407116    -7.486625  -133.880242
   58.001936    13.436643     4.485659    15.087408   -10.002923  -113.734414
   57.866267    13.614582     4.452706    15.443194   -12.892839  -134.312214
   58.201955    13.664850     4.576970    15.310148   -16.045532  -110.593168
   58.252285    13.774317     4.524791    15.471727   -16.461077  -116.304290
   57.975063    13.717553     4.505142    15.501076    -0.775971  -134.961136
   58.542595    13.761424     4.222745    15.343630   -15.417925  -130.197255
   58.288618    13.753168     4.671211    15.349349   -56.409850   -99.870539
   58.208609    13.663370     4.570954    15.151898   -14.772494  -133.439930
   58.313354    13.591980     4.449684    15.055558   -18.511014  -128.131837
   58.433553    13.994558     4.801907    15.431952   -44.468803  -119.737125
   58.270159    13.764970     4.755060    15.162982   -36.196083  -131.269893
   58.579248    13.920471     4.573380    15.374794   -32.636768  -118.434597
   58.335858    13.848907     4.510843    15.526451   -40.699111  -115.579054
   58.580828    13.981001     4.507877    15.426112   -12.518236  -141.081097
   58.544428    13.824257     4.805083    15.096030   -31.837962  -112.289758
   58.365057    13.910176     4.824801    15.283837   -21.696238  -128.911026
   58.236458    13.688735     4.643025    15.204836   -37.941082  -117.015674
   58.365264    13.851783     4.688257    15.323793   -33.793076  -121.560747
   58.188848    13.845599     4.862422    15.396592   -39.275525  -110.718153
   58.225415    13.789324     4.653018    15.296007   -25.115755  -134.839515
   58.590324    14.013329     4.690193    15.346786   -18.713015  -135.952320
   58.347750    13.687304     4.463958    15.296989   -12.733515  -113.561934
   58.238325    13.732160     4.701254    15.404797   -31.074767   -96.856741
   58.005454    13.728226     4.845540    15.357389    -9.734877  -114.355183
   58.206006    13.537612     4.478579    15.077237   -37.590950  -117.969379
   58.329681    13.842362     4.702201    15.293483   -20.019725  -128.276451
   58.408331    13.780272     4.495595    15.421418   -45.953980  -104.004897
   58.491808    13.791881     4.433479    15.443279   -25.466914  -106.178248
   58.331150    13.882663     4.658464    15.360234    -5.091697  -136.165618
   58.644762    13.855542     4.427261    15.285952   -30.651327  -124.080010
   58.188545    13.715348     4.422846    15.512007   -19.223844  -114.410876
   58.312231    13.762064     4.896619    15.149795   -30.130660  -108.084060
   58.470352    13.801875     4.370030    15.362877   -22.905024  -129.607226
   58.248495    13.724558     4.407194    15.349231   -24.771750  -136.184786
   57.961181    13.735819     4.523149    15.498311     5.398380  -140.763942
   58.489737    13.821834     4.622080    15.328597   -15.148522  -109.733843
   58.683669    14.061060     4.779212    15.314255   -18.058806  -128.708431
   58.397589    13.605151     4.568016    15.073401   -31.775062  -103.595804
   58.349449    13.651356     4.652215    15.115577   -16.477237  -108.713977
   58.682535    13.796250     4.448720    15.228045   -22.162264  -110.705306
   58.373605    13.519107     4.308553    15.062068   -13.250468  -114.326171
   58.078506    13.429705     4.470341    14.925421   -14.580263  -131.174308
   58.260056    13.721937     4.417152    15.354708   -26.072917  -130.104845
   58.360732    13.621118     4.472571    15.045900   -18.293179  -129.442698
   58.353892    13.678949     4.614487    15.244326   -52.755435   -95.128535
   58.262439    13.751904     4.523094    15.373609   -30.162515  -120.634711
   58.246242    13.789509     4.501333    15.427549   -34.769997  -129.027943
   58.061670    13.756147     4.704489    15.436230   -38.736715  -115.814080
   58.363617    13.865024     4.839636    15.251022   -37.275767  -118.111194
   57.883626    13.396072     4.279567    15.157273   -14.465936  -130.512652
   58.607155    13.805422     4.217987    15.328111   -10.211977  -139.205491
   58.244027    13.720149     4.855845    15.134460   -41.185636  -111.216802
   58.268869    13.625399     4.175767    15.399720   -30.379756  -122.417471
   58.316993    13.450723     4.189115    15.047408    -8.967736  -117.138361
   58.176458    13.584851     4.328662    15.320615   -19.454214  -117.282837
   58.310138    13.865116     4.521793    15.490026   -26.261010  -130.452055
   57.934224    13.598523     4.739566    15.231909    -7.723233  -117.899300
   58.247147    13.466592     4.267104    15.089456   -10.458701  -115.687577
   58.201598    13.617530     4.639632    15.190768   -23.982797  -107.095743
   58.678655    13.618350     4.233143    15.228259   -25.751184   -93.007762
   58.327188    13.574373     4.300499    15.279122   -17.477989  -106.458759
   58.512575    13.864356     4.705551    15.139051   -18.381870  -137.228357
   58.562237    13.735318     4.428263    15.120023   -16.876471  -128.447391
   58.315923    13.771076     4.421055    15.388112    -8.974370  -132.135389
   58.394950    13.719994     4.431342    15.308381   -12.066379  -117.985460
   58.442941    13.832740     4.395992    15.404462   -11.640001  -133.649575
   58.236412    13.701809     4.558408    15.233008   -24.306569  -128.344636
   58.680221    13.925864     4.638595    15.240343   -50.108108  -116.355714
   58.003723    13.790095     4.572897    15.591971   -29.167846  -128.122129
   58.368055    13.625908     4.509243    15.093404   -42.591337  -114.431491
   58.118418    13.739691     4.569467    15.409523   -35.694150  -125.378463
   58.101974    13.739705     4.585836    15.405740   -38.023929  -126.331347
   58.254289    13.798598     4.674451    15.374395   -60.522607  -112.406718
   58.021585    13.458475     4.214420    15.309323   -10.200008  -115.101480
   58.425800    13.626117     4.286516    15.244434   -12.363146  -114.453502
   58.103692    13.506458     4.700546    14.989676   -14.255102  -112.671891
   58.305719    13.779922     4.843056    15.168492   -18.725973  -117.148275
   58.246642    13.535744     4.384924    15.098659    -9.768583  -120.958544
   58.505456    13.589433     4.501135    14.909107   -15.690913  -118.741639
   58.224680    13.809432     4.522810    15.476467   -13.934451  -128.684385
   58.063474    13.624727     4.539050    15.218351   -16.823662  -135.284287
   58.075917    13.398608     4.435196    14.954514   -24.939572  -119.599459
   58.055321    13.718419     4.607691    15.405875   -47.165360  -123.208715
   58.395511    13.978167     5.009587    15.299177   -31.158277  -117.287469
   58.588723    13.734119     4.263047    15.238953   -26.817248  -125.435249
   58.670127    13.781185     4.410059    15.135561   -30.779270  -125.629728
   58.589022    13.906336     4.642565    15.237501   -21.705089  -127.520644
   58.661429    13.856765     4.622303    15.061454   -12.682652  -138.445757
   58.560947    13.957374     4.672752    15.251716   -17.580670  -146.605445
   58.270404    13.768046     4.375249    15.397505    -7.607318  -144.148072
   58.334228    13.640812     4.542182    15.105720   -18.019796  -119.597457
   58.793801    13.857764     4.505823    15.056598   -20.672248  -134.843582
   58.354773    13.725669     4.487457    15.340083   -27.370074  -111.696115
   58.469564    13.765417     4.441839    15.399338   -39.997299  -103.451830
   58.362275    13.855887     4.705343    15.198634    -3.855589  -147.940714
   58.757451    13.751428     4.275334    15.241498    -1.173152  -111.859903
   58.370389    13.692739     4.656198    15.141112    -4.644770  -113.754379
   58.336172    13.525882     4.160886    15.219106   -16.892592  -114.250650
   58.488779    13.528711     4.426713    14.936559   -33.394339  -105.952461
   58.280278    13.868782     4.615943    15.460656   -23.071555  -127.519081
   58.334767    13.740659     4.706918    15.139642   -16.016855  -122.829300
   58.474052    13.799816     4.767825    15.202373   -18.802928  -107.033147
   58.439978    13.554769     4.749280    14.773689    -2.772478  -113.491258
   58.251089    13.478133     4.592969    15.036084    -8.774621   -96.006275
   57.970458    13.512218     4.600237    15.286309    -5.293054   -99.721604
   58.694387    13.935977     4.666973    15.330065   -13.139782  -109.322769
   58.036468    13.560004     4.719432    15.124606   -14.545044  -112.948205
   58.303762    13.549856     4.458275    14.968499   -20.645458  -131.589233
   58.373730    13.729253     4.547391    15.212241   -32.151764  -120.904645
   58.133288    13.637576     4.448798    15.351670   -17.604754  -119.289193
   58.625340    13.677279     4.234624    15.208251   -30.767287  -111.223940
   58.195655    13.772038     4.465518    15.449708    -3.163556  -133.920221
   58.274659    13.642233     4.398918    15.233981   -20.191934  -125.332900
   58.395583    13.747896     4.499019    15.287641   -23.455586  -118.337202
   58.648626    13.775958     4.504782    15.098386   -11.209854  -122.276918
   58.502896    13.705211     4.451378    15.109208   -25.966132  -126.058437
   58.320627    13.559411     4.175596    15.269084   -19.844223  -116.570131
   57.954382    13.821427     4.800953    15.502245   -22.152177  -129.032844
   58.363079    13.561824     4.356736    15.055516    -0.076319  -123.736824
   58.257755    13.508505     4.408662    15.111726   -24.355499  -106.930719
   58.458669    13.555492     4.398293    14.965424   -26.161177  -116.929485
   58.289362    13.743632     4.571299    15.394284   -23.987003  -108.719935
   58.406956    13.928026     4.723203    15.357438   -23.339175  -129.281291
   58.155190    13.600577     4.408133    15.208346   -10.974918  -132.927446
   58.219703    13.656843     4.333455    15.324149   -24.384135  -132.297156
   58.234487    13.663836     4.418408    15.291947   -26.040254  -125.356643
   58.454608    13.765114     4.463709    15.217295   -27.832779  -133.095643
   57.974402    13.543581     4.323593    15.283077   -16.986675  -140.949272
   58.300562    13.767432     4.580625    15.306864   -15.820130  -124.285336
   58.542617    13.829486     4.607453    15.156379   -12.200899  -130.275833
   58.467562    13.974975     4.563269    15.575168   -38.780372  -119.539801
   58.591067    13.817850     4.508508    15.402576   -41.074217   -96.099615
   58.314046    13.691787     4.464784    15.241189   -17.897964  -125.217329
   58.058047    13.734392     4.466341    15.643299   -31.754436  -110.509444
   58.540270    13.788795     4.546435    15.233449   -40.890460  -110.532191
   58.277209    13.650711     4.441288    15.404005   -48.201843   -95.237668
   58.435770    13.734546     4.402554    15.374829   -51.167373  -104.196409
   58.657636    13.952007     4.473529    15.421303   -27.339772  -123.425831
   58.352566    13.756986     4.740637    15.140997   -31.882192  -119.885658
   58.530118    13.719806     4.346048    15.238729   -43.666116  -115.900041
   57.889877    13.681220     4.623080    15.411006   -19.422014  -134.279260
   58.165791    13.830011     4.495839    15.704722   -37.626723  -110.005269
   58.430751    13.766702     4.681492    15.187113   -21.851098  -113.256912
   58.289671    13.771503     4.738655    15.185198   -37.570870  -127.155977
   58.147596    13.691011     4.736257    15.174551   -21.246749  -124.702880
   58.044141    13.357721     4.359933    14.965088   -16.525789  -117.652114
   58.452492    13.851272     4.594331    15.310994   -27.962858  -124.095849
   58.154814    13.640828     4.677493    15.117386   -27.379604  -126.435260
   58.235800    13.849406     4.691819    15.472081   -40.811263  -114.297007
   58.083672    13.765667     4.434655    15.582544   -12.264313  -130.647798
   58.394376    13.894925     4.748906    15.248718   -10.672592  -137.675692
   58.335355    13.719094     4.487282    15.249963    -6.823232  -126.924668
   58.531601    13.790875     4.334268    15.355531   -32.409546  -121.859025
   58.149167    13.786318     4.740372    15.551338   -49.570005   -92.729422
   58.639083    13.855509     4.538267    15.411079   -13.207087  -102.149307
   58.720803    13.727601     4.198155    15.262490   -12.930701  -113.016055
   58.589292    14.012944     4.774945    15.446607   -22.090621  -110.504651
   58.676601    13.911431     4.576091    15.285095     1.653252  -121.472572
   58.677681    13.999899     4.720377    15.280837   -10.134615  -125.892591
   58.420225    13.604925     4.388825    15.307497   -25.273472   -92.837064
   58.518364    13.667405     4.282074    15.135875   -16.024084  -130.723127
   58.678296    14.076406     4.652487    15.435376   -19.213746  -131.659668
   58.933011    13.835776     4.476420    14.936785   -14.674618  -131.548644
   58.867314    14.009432     4.463269    15.269746   -19.200237  -140.417942
   58.374074    13.635554     4.301754    15.192514   -15.931909  -129.118544
   58.737645    13.775359     4.481775    15.288083   -54.538580   -84.665087
   58.520246    13.641647     4.272694    15.170569   -14.438857  -118.099413
   58.386094    13.641514     4.331943    15.359421   -22.716496  -103.107870
   58.593897    13.792997     4.432972    15.335302   -33.042845  -106.234976
   58.238702    13.779977     4.850951    15.271600   -37.072643  -107.580586
   57.858849    13.593889     4.413866    15.453142   -11.175243  -132.227982
   58.245726    13.763769     4.571957    15.528811   -35.255693   -99.954364
   58.523085    13.764021     4.293453    15.339968   -17.459106  -124.616043
   58.058674    13.365706     4.340163    15.045408   -26.452404  -107.271661
   58.308929    13.603730     4.444293    15.220124   -15.393669  -109.078900
   58.258840    13.446073     4.353682    14.927604   -14.103375  -123.337250
   57.804643    13.333993     4.189228    15.330869   -31.128373  -102.311926
   58.132047    13.780203     4.427861    15.548798   -12.622531  -134.584446
   58.266643    13.846980     4.473323    15.514728    -8.705431  -135.197194
   58.437826    14.010490     4.674414    15.590565   -41.958170  -116.180325
   57.986335    13.733785     4.656344    15.360126    -1.311516  -141.073735
   58.218629    13.533150     4.404642    15.139675   -34.060503  -113.355238
   58.128441    13.535007     4.552091    15.034702   -25.534687  -128.232680
   58.284297    13.666483     4.346760    15.378498   -22.909254  -115.882843
   58.395617    13.812671     4.479693    15.440752   -22.385814  -117.133085
   58.323889    13.478030     4.153359    15.108835   -11.009777  -119.011873
   58.521550    13.798699     4.491950    15.210078   -14.038477  -130.179553
   58.349617    13.650490     4.758826    15.065854   -22.210447  -104.107909
   58.112011    13.550786     4.428198    15.217919    -6.570490  -119.996242
   58.176020    13.656766     4.256028    15.509205   -29.951104  -117.868300
   58.555764    13.705700     4.434580    15.245496   -18.708786  -104.743344
   58.089621    13.688552     4.606882    15.260447     1.934583  -134.711239
   58.407814    13.610177     4.422651    15.082516   -22.571960  -118.432523
   58.607682    13.820188     4.431951    15.382741   -32.330541  -105.731405
   58.136966    13.487342     4.494943    15.032671   -14.822093  -118.469533
   58.327850    13.942954     4.724589    15.416052   -30.373183  -137.243305
   58.609002    13.654503     4.477742    14.958253   -25.384236  -117.276660
   58.096678    13.461214     4.457914    15.089182   -34.023213  -110.277776
   57.956761    13.488052     4.255753    15.319369   -17.294290  -126.139893
   58.426234    13.557453     4.356976    15.006211   -29.776571  -120.203501
   58.632441    13.629475     4.435147    14.880410   -17.885352  -126.291963
   58.464647    13.744616     4.527208    15.142987    -5.660802  -128.562456
   58.535166    13.950663     4.518474    15.540055   -16.935835  -118.648141
   58.257595    13.614269     4.545341    15.069232   -15.299098  -128.349981
   58.420506    13.778159     4.431338    15.281839   -22.695091  -136.120864
   57.723958    13.601940     4.548113    15.528275   -14.695979  -124.094786
   58.083010    13.789652     4.697074    15.478934   -50.798513  -115.662744
   58.080143    13.725163     4.511652    15.386048   -30.989737  -143.134353
   58.215645    13.914595     4.592610    15.578844   -25.901972  -135.788625
   58.123523    13.696100     4.449893    15.333918   -23.291989  -144.952664
   57.847461    13.693856     4.566566    15.516475   -29.827149  -135.102433
   58.003344    13.440964     4.456025    15.034879   -33.211255  -129.212057
   58.226919    13.621504     4.391021    15.194589   -29.633524  -135.872782
   58.108810    13.639917     4.188643    15.552048   -29.183265  -123.768842
   57.897360    13.619198     4.462495    15.466595   -29.364894  -125.352561
   58.521874    13.814805     4.487952    15.224663   -23.358602  -134.287714
   58.258064    13.751303     4.483518    15.375732   -30.019493  -126.301992
   58.344815    13.571615     4.570402    15.008805   -41.113097  -108.591284
   58.205613    13.556239     4.268980    15.244057   -32.943432  -122.590467
   58.126454    13.690685     4.641268    15.207525   -29.159235  -137.771705
   58.146963    13.793959     4.592176    15.498657   -39.871725  -119.526841
   58.300194    13.815072     4.498415    15.430588   -31.104656  -129.077935
   58.230904    13.884305     4.715116    15.566358   -38.763799  -108.895199
   58.492001    13.667102     4.445899    15.196211   -48.459150  -100.308153
   58.227283    13.828108     4.484778    15.586185   -38.994823  -119.194817
   57.815171    13.540567     4.293678    15.495559   -28.348917  -129.728498
   58.518075    13.791517     4.301712    15.381905   -29.658991  -124.705173
   57.957305    13.572296     4.522672    15.353497   -28.419653  -113.042358
   58.269004    14.010103     4.733227    15.747162   -48.133656  -108.098300
   58.200312    13.662193     4.420282    15.401086   -33.885618  -111.925005
   58.449664    13.959814     4.751687    15.422999   -33.567661  -116.931256
   58.660215    14.011289     4.432032    15.502999   -22.440064  -135.287992
   58.315557    13.598096     4.360236    15.137935   -28.334668  -126.907636
   58.329444    13.800583     4.502782    15.381383   -21.715375  -128.214018
   57.992167    13.436446     4.339251    15.090818   -20.870188  -133.455490
   58.057476    13.749488     4.434356    15.572104   -21.579619  -130.533563
   58.186635    13.737445     4.366793    15.441330    -2.648059  -139.429789
   58.201856    13.572513     4.348713    15.314533   -49.560130  -104.653086
   58.102320    13.578121     4.529612    15.304780   -44.151340  -101.196481
   58.264087    13.870466     4.776196    15.481330   -31.452764  -107.559749
   58.532911    13.966814     4.482395    15.581944   -24.308895  -120.446345
   58.632582    13.957252     4.490669    15.536537   -11.185817  -114.046608
   58.153392    13.798213     4.552001    15.587668   -25.474517  -114.408220
   58.193896    13.700580     4.532574    15.298606   -10.178757  -127.160461
   58.438110    13.644014     4.298607    15.432489   -52.001292   -86.889547
   58.321296    13.670787     4.269628    15.308188    -1.408271  -133.493496
   58.518041    13.660618     4.158004    15.182830   -20.114204  -139.576188
   58.326126    13.795910     4.431155    15.522140   -30.262005  -114.765212
   58.671808    13.708204     4.187806    15.233623   -42.946928  -113.310158
   58.236072    13.714738     4.519189    15.414736   -47.135927  -105.926479
   58.502967    13.638815     4.285394    15.350408   -40.607564   -92.545195
   58.054955    13.631675     4.716236    15.228293   -26.888521  -113.724504
   58.564253    13.919839     4.718434    15.177692   -18.918307  -138.150161
   58.704021    13.849655     4.306299    15.314843   -21.531826  -126.430507
   58.359477    13.639712     4.284145    15.165029    -9.819581  -142.171525
   58.158580    13.693688     4.644363    15.193394   -26.246011  -134.576024
   58.574791    13.749656     4.485156    15.095941   -29.160421  -127.451778
   58.581256    14.027724     4.628154    15.460875   -31.548677  -129.458566
   58.430786    13.779336     4.544277    15.212223   -28.791996  -130.052170
   58.229979    13.778844     4.484221    15.395940   -22.877878  -137.658661
   58.073207    13.619552     4.614450    15.170586   -26.551302  -130.975007
   58.298012    13.842633     4.520187    15.424021   -27.265246  -138.200280
   57.973701    13.696862     4.934124    15.165389   -29.280442  -131.494727
   58.106373    13.658140     4.489376    15.314164   -28.593319  -129.197821
   58.664543    13.844229     4.451365    15.158524   -24.145714  -142.769011
   58.847191    14.050562     4.550789    15.340663   -44.184202  -126.373386
   58.532751    13.640377     4.163708    15.070378    -3.361351  -154.084220
   58.582322    13.719253     4.268675    15.222881   -21.810144  -123.909738
   58.421818    13.678763     4.261588    15.207377   -11.708182  -141.325091
   58.530737    13.691946     4.134241    15.223276   -21.739253  -147.500974
   58.250935    13.585857     4.548382    14.977684   -10.904513  -138.517626
   58.510185    13.882379     4.573968    15.287736   -24.215427  -133.854189
   58.575080    13.889876     4.527947    15.324230   -43.038651  -123.652969
   58.531830    13.826346     4.684831    15.033990   -11.905921  -150.284437
   58.463044    13.664493     4.497702    15.146488   -45.193512  -104.991650
   58.153666    13.669786     4.626788    15.116157   -15.072725  -148.194748
   58.442299    13.950044     4.672450    15.347407   -13.208582  -142.434886
   57.930094    13.574356     4.765541    15.048720    -5.793552  -141.003850
   57.974814    13.560452     4.683204    15.291368   -45.283309   -97.291177
   58.366459    13.652491     4.380872    15.152793   -21.241920  -132.542328
   58.376065    13.880634     4.615521    15.377031   -26.212825  -131.231279
   58.520683    13.742251     4.528923    15.074909   -28.020335  -132.843922
   57.869707    13.654874     4.459543    15.521187   -15.245023  -132.972301
   58.046619    13.605796     4.229576    15.578801   -44.005250  -110.482430
   58.313967    13.877718     4.703717    15.469068   -74.767055  -105.065288
   58.422495    13.577990     4.244236    15.089321   -21.437493  -128.713247
   57.992299    13.711083     4.692733    15.292400   -20.896678  -142.017433
   57.935265    13.481390     4.332006    15.368831   -25.353897  -109.765348
   58.194495    13.558269     4.106854    15.310428   -14.014251  -136.911455
   58.204092    13.557041     4.200076    15.363964   -26.048552  -113.551050
   58.461468    13.667207     4.388415    15.193933   -31.161209  -113.519209
   58.331849    13.967593     4.765195    15.421932   -19.860706  -136.893936
   57.996194    13.637926     4.467141    15.344754   -23.302451  -138.340965
   58.582256    13.758697     4.249108    15.444865   -46.356933  -101.955453
   58.501708    13.767653     4.492195    15.099873   -17.868795  -152.815417
   58.536717    13.753300     4.440965    15.133795   -25.267863  -136.202315
   58.091296    13.652726     4.725966    15.246236   -40.489068  -109.824197
   58.081651    13.749463     4.492735    15.608994   -55.270765  -109.133334
   58.463267    13.833700     4.433360    15.346587   -30.744865  -136.043659
   57.902815    13.418456     4.443355    15.095559   -24.243526  -125.559509
   58.397084    13.921517     4.456400    15.553305   -24.357185  -134.701817
   58.042856    13.650557     4.631524    15.143598    -6.666634  -152.543091
   58.174208    13.918131     4.579569    15.619271   -31.213087  -138.854922
   58.189818    13.684659     4.539615    15.206358   -20.772649  -139.895110
   58.144858    13.529201     4.230777    15.214962   -18.885302  -134.180660
   58.583461    13.936495     4.713050    15.197617   -23.490085  -137.717029
   58.377816    13.605734     4.286249    15.141115   -31.863348  -130.199697
   58.060360    13.679109     4.498680    15.450567   -54.087631  -115.820940
   58.253083    13.655851     4.568405    15.181328   -31.048622  -118.600109
   58.314783    13.833408     4.614161    15.421987   -36.529024  -116.994589
   58.218510    13.828615     4.725429    15.282342   -28.507020  -145.958010
   58.188227    13.787311     4.567413    15.360880   -18.725142  -141.743821
   58.448332    14.015426     4.733593    15.410281   -18.720292  -142.261731
   58.263650    13.893968     4.602072    15.563522   -40.638020  -121.006429
   58.229760    13.639335     4.532933    15.132090   -23.488880  -131.739805
   58.356680    13.945087     4.511511    15.540463   -12.666279  -144.070647
   58.545535    13.680269     4.255910    15.168257   -20.068495  -128.375089
   58.201788    13.715484     4.563557    15.532478   -57.531486   -88.785251
   58.380065    13.724987     4.296750    15.356555    -6.025488  -130.655582
   58.375354    13.875138     4.588680    15.420882   -19.559851  -126.212120
   58.385272    13.765156     4.357890    15.433401   -19.624148  -121.416582
   58.347868    13.610104     4.305351    15.181439   -40.057864  -125.135573
   58.170997    13.591679     4.243818    15.425495   -30.985438  -113.202496
   58.368180    13.836605     4.552928    15.511789   -10.080955  -111.771551
   58.383472    13.732148     4.322812    15.343131   -24.935204  -130.280331
   58.252860    13.710272     4.310963    15.467207   -25.342047  -123.419319
   57.820196    13.561377     4.270364    15.536522   -26.815125  -132.272156
   57.753656    13.729620     4.735184    15.536345   -20.694359  -134.242938
   58.473939    13.714595     4.287349    15.274470   -21.048842  -127.567246
   58.338015    13.603692     4.361901    15.184912   -32.043990  -116.221399
   58.375013    13.783892     4.433619    15.395397   -40.236106  -121.681908
   58.285974    13.518844     4.275535    15.071160   -20.337189  -128.418502
   58.260755    13.757374     4.490370    15.370117   -32.108312  -127.913077
   58.237686    13.752999     4.533203    15.320831   -37.516865  -134.564022
   58.294398    13.845055     4.721824    15.321511   -28.876670  -126.406950
   58.542974    13.887693     4.486192    15.358264   -30.265724  -129.756808
   58.408427    13.730993     4.336955    15.287342   -21.277639  -134.607040
   58.640046    13.925247     4.457675    15.379664   -28.307194  -126.959643
   58.328880    13.586115     4.391151    15.048247   -15.332293  -133.888364
   58.204722    13.586316     4.397657    15.165337   -34.236225  -130.865305
   57.877961    13.440938     4.295114    15.317722   -39.507862  -116.164655
   58.637744    13.882324     4.558019    15.237299   -31.194215  -123.531058
   58.495944    13.735970     4.141749    15.403960   -29.528713  -129.165606
   58.168736    13.795623     4.781666    15.303223   -42.160044  -125.455771
   58.655353    13.858944     4.548420    15.174343   -51.041881  -125.866665
   58.725370    13.974019     4.546873    15.345617   -44.995771  -119.779298
   57.924081    13.671562     4.837961    15.250197   -26.494453  -125.799050
   58.398049    13.911766     4.729933    15.380867   -51.504430  -117.849135
   58.477360    14.027048     4.663012    15.554096   -45.311713  -122.158837
   58.484924    14.033859     4.890978    15.287364   -26.397340  -143.912214
   58.066055    13.687443     4.426941    15.449916   -25.311971  -130.425109
   58.367372    13.820741     4.859761    15.085927   -33.465548  -136.473189
   58.059165    13.723098     4.794347    15.251155   -32.368717  -127.314392
   58.164669    13.627975     4.599603    15.234308   -39.907356  -109.672465
   58.569618    13.956318     4.704936    15.248568   -23.064675  -137.659485
   58.552782    13.875353     4.471099    15.421879   -34.585228  -115.259249
   58.422440    13.725056     4.482957    15.145890   -21.620176  -135.898260
   58.460598    13.902365     4.625460    15.373471   -37.802324  -122.864545
   58.009680    13.699900     4.628645    15.375178   -49.578834  -128.339488
   58.347919    13.829067     4.740125    15.197488   -30.474159  -136.166559
   58.524241    13.813461     4.377258    15.265935   -20.494739  -146.201287
   58.332210    13.755850     4.421986    15.313195   -36.855128  -140.592311
   58.265425    13.630539     4.607406    15.082210   -41.810999  -121.833132
   58.567640    13.783646     4.686437    15.009381   -24.940049  -128.483396
   58.370123    13.687086     4.700580    15.043522   -26.846554  -118.919197
   58.403754    13.857458     4.747266    15.270054   -25.389627  -119.789326
   58.487415    13.910799     4.593549    15.344840   -27.752237  -133.182850
   58.314812    13.861763     4.787840    15.286986   -32.230575  -125.543570
   58.806062    13.767966     4.490498    15.110395   -46.943406   -95.977032
   58.264545    13.563477     4.449551    15.217352   -30.072065  -101.731304
   58.129624    13.613329     4.589455    15.132021   -20.275363  -130.190269
   58.350811    13.768187     4.712522    15.119055   -26.129121  -133.840025
   58.447956    13.871817     4.783751    15.277610   -22.409530  -113.638895
   58.528657    13.902845     4.340782    15.492818   -25.884922  -136.168718
   57.835444    13.580601     4.660354    15.272519   -30.149303  -129.758095
   58.290033    13.843624     4.569364    15.431007   -30.496856  -129.471922
   58.201610    13.893964     4.831891    15.378021   -29.011294  -131.288858
   58.408979    13.827077     4.719931    15.167362   -10.758534  -132.140954
   58.551154    13.878298     4.500167    15.318967   -27.445326  -130.632209
   58.596988    13.926037     4.766143    15.157350   -21.634540  -130.205911
   58.441607    13.658148     4.700876    14.915265   -19.768510  -123.261642
   58.491551    13.778306     4.658837    15.136661   -19.942296  -118.391408
   58.476549    13.777311     4.553025    15.362426   -39.022114   -99.466401
   58.019900    13.516627     4.408251    15.129467   -15.276036  -141.498743
   58.344110    13.611381     4.608246    14.981621   -28.403739  -122.386399
   58.536974    13.809697     4.535840    15.190537   -21.967141  -128.316463
   58.241798    13.633713     4.514136    15.144267   -19.049299  -127.505502
   58.553187    13.960932     4.707044    15.263436   -25.935189  -139.502052
   58.435898    13.702547     4.675397    14.968360   -13.839633  -132.308596
   58.732721    13.734095     4.630237    14.865996   -23.446016  -121.138292
   58.478431    13.751935     4.610406    15.090903   -33.681027  -126.686816
   58.719331    13.828937     4.603482    14.990378   -29.937466  -137.980669
   58.151490    13.687813     4.769699    15.129638   -32.454826  -128.447466
   58.408534    13.755622     4.661576    15.114024   -30.743392  -127.402506
   58.687436    14.052109     4.914513    15.238835   -38.137771  -117.990277
   58.388372    13.731915     4.451504    15.259002   -31.777788  -124.924866
   58.483702    13.541925     4.175319    15.089822   -38.207459  -114.444211
   58.227084    13.697852     4.416561    15.383133   -15.264634  -123.601351
   58.262344    13.590257     4.217160    15.246293   -22.957073  -133.644032
   58.555430    13.660636     4.329208    15.099188   -19.121460  -122.278764
   58.059216    13.725898     4.619743    15.374613   -26.215884  -129.343826
   58.382637    13.757243     4.560688    15.189012   -35.193851  -133.946386
   58.443049    13.891395     4.637969    15.465782   -48.439918  -105.192855
   58.422989    13.840256     4.691452    15.224708   -34.605425  -127.257496
   58.454150    13.741614     4.538317    15.163994   -33.677147  -122.614170
   58.793236    13.773442     4.139992    15.251709   -14.586914  -123.293348
   58.257369    13.678800     4.440745    15.283823   -36.432949  -124.604032
   58.568388    13.844293     4.354826    15.385110   -20.341137  -126.820196
   58.336171    13.515505     4.325300    15.076585   -27.601647  -112.316443
   58.381233    13.752108     4.370881    15.389082   -12.604721  -123.809263
   58.728181    14.028823     4.608860    15.393447    -9.676476  -124.461615
   58.262320    13.703110     4.378902    15.379047   -34.553979  -123.933438
   58.581972    13.708009     4.193081    15.326521   -38.577208  -111.868596
   58.521544    13.653812     4.258050    15.254772   -37.708711  -107.638974
   58.323733    13.696444     4.506668    15.225107   -19.092687  -122.374331
   57.810574    13.624571     4.522468    15.512433   -36.594839  -123.846130
   58.073126    13.688675     4.309684    15.530901   -21.667780  -132.799809
   58.396517    13.756426     4.662815    15.093216   -17.851205  -134.071205
   57.995982    13.452927     4.261343    15.220550   -32.966146  -124.576286
   58.453055    13.578866     4.281963    15.244021   -38.414561   -96.485273
   58.623934    13.925564     4.649350    15.235015   -17.782306  -128.004788
   58.360858    13.802758     4.708212    15.143182   -10.078200  -139.082745
   58.827395    13.963802     4.373648    15.407077   -29.784552  -117.989518
   58.357652    13.667767     4.241219    15.307200   -13.349716  -131.037255
   58.551411    13.864509     4.491519    15.396294   -43.548920  -111.968051
   58.623142    13.810476     4.351926    15.286961   -13.583088  -125.306296
   58.284976    13.818453     4.650053    15.298760   -12.707696  -134.398158
   58.817616    13.807723     4.226461    15.293611   -16.825350  -113.768895
   58.538884    13.851269     4.464393    15.335076   -12.005247  -126.982161
   58.315527    13.695070     4.661451    15.199571   -42.860973  -106.356212
   57.934485    13.448062     4.380634    15.166489   -33.700665  -126.729794
   58.184871    13.505340     4.338276    15.087826   -27.540019  -127.954158
   58.012028    13.554516     4.429859    15.203662    -9.497343  -137.096334
   58.030449    13.592318     4.549871    15.210596   -32.838660  -130.252728
   58.303807    13.643610     4.309272    15.277525   -35.437747  -125.549189
   58.057286    13.652880     4.389904    15.529069   -34.807043  -112.606719
   58.396430    13.735489     4.485470    15.244756   -36.968543  -122.057201
   58.261839    13.801781     4.492238    15.452696   -31.514389  -127.576823
   58.358079    13.611766     4.357484    15.077380   -12.633252  -138.048940
   58.075153    13.668612     4.724611    15.188372   -29.492677  -128.393463
   58.495191    13.802110     4.527353    15.157583   -22.611456  -146.058148
   58.649699    13.719748     4.440257    14.980244   -22.421404  -136.677732
   58.074604    13.737265     4.518387    15.472265   -38.512591  -127.876944
   58.413389    13.729138     4.412100    15.282770   -49.367778  -119.760159
   58.330763    13.819793     4.483186    15.338305    -9.115689  -148.298890
   58.493039    13.955999     4.674849    15.399148   -32.636639  -123.728472
   58.176894    13.709069     4.495701    15.347079   -41.426326  -128.500663
   58.044889    13.607259     4.539163    15.231919   -26.955387  -129.785133
   58.286844    13.761286     4.619677    15.277335   -34.296176  -122.706315
   58.209023    13.674247     4.361708    15.366219   -24.103468  -128.034651
   58.508373    13.802814     4.731903    15.075509   -28.485691  -124.245391
   58.169282    13.714450     4.714741    15.250991   -45.507111  -117.262013
   58.167239    13.556897     4.581623    15.124270   -44.117727  -108.140731
   58.407776    13.856992     4.549092    15.339872   -20.398357  -135.978992
   58.690726    13.746747     4.309252    15.200323   -46.463397  -111.199611
   58.301320    13.665127     4.526918    15.099623   -21.808908  -138.040472
   58.478097    13.588606     4.382518    15.031374   -34.947267  -114.174576
   58.667394    13.871073     4.694319    15.166128   -46.691817  -107.939790
   58.484941    13.680993     4.428302    15.065844   -20.185212  -133.627936
   58.029457    13.626031     4.556496    15.268886   -32.708065  -129.581968
   58.305622    13.808952     4.450433    15.460057   -34.348581  -127.879864
   58.486301    13.850329     4.554870    15.318965   -37.450986  -122.028513
   58.493309    13.806428     4.331854    15.369525   -18.756071  -132.404400
   58.413428    13.875650     4.613265    15.379878   -30.565363  -122.928700
   58.277969    13.613634     4.324937    15.201071   -22.187851  -131.990865
   58.200878    13.523462     4.616236    14.963723   -44.212550  -117.845888
   58.051317    13.624912     4.695157    15.183795   -20.126941  -121.915484
   58.467347    13.777751     4.479514    15.268911   -33.564479  -121.505166
   58.673532    13.953750     4.593516    15.328569   -36.532371  -118.812996
   58.339419    13.784668     4.594378    15.291656   -43.874690  -122.823031
   58.257436    13.720359     4.661005    15.221146   -32.993319  -118.694762
   58.126699    13.826150     4.914894    15.292834   -34.604755  -125.553497
   58.124962    13.653450     4.393107    15.308812   -29.851878  -143.411054
   58.339461    13.706266     4.533824    15.318679   -46.276688  -102.981950
   58.561010    13.996036     4.687435    15.370172   -41.283767  -129.682187
   58.507788    13.888785     4.634265    15.258215   -29.613699  -132.876314
   58.597715    13.938348     4.446637    15.485534   -34.874128  -120.554755
   58.244534    13.796940     4.761909    15.363306   -50.545430  -105.532178
   58.405498    13.916374     4.608727    15.540380   -41.898976  -110.698718
   58.252270    13.867035     4.735704    15.390200   -39.250632  -125.336900
   58.082653    13.471865     4.431932    15.208663   -43.797104   -98.941970
   58.448161    13.673185     4.430089    15.128930   -22.736310  -123.192235
   58.650332    13.764634     4.406815    15.079526   -13.088498  -136.615470
   58.418137    13.955972     4.692148    15.452754   -37.356237  -122.953115
   58.190533    13.962864     4.905711    15.548879   -24.825049  -116.348395
   58.091558    13.638987     4.488143    15.342504   -24.699008  -120.673801
   58.439594    13.712591     4.467947    15.143266   -38.035667  -131.218018
   58.554021    13.811752     4.325370    15.376178   -32.455660  -122.945059
   58.356338    13.807139     4.367064    15.423898   -14.331428  -140.162989
   58.221175    13.780650     4.867173    15.291659   -31.248598  -106.420567
   58.296572    13.567102     4.657287    14.922658   -21.932612  -120.171418
   57.859825    13.422636     4.594795    15.150224   -38.930120  -104.613280
   58.044146    13.723452     4.540914    15.495898   -25.003462  -121.918386
   58.431149    13.887529     4.310830    15.647176   -36.830923  -122.475313
   58.430876    13.811777     4.283071    15.461751   -22.155286  -135.160899
   58.700541    13.921934     4.502719    15.265080   -27.633214  -130.845277
   58.457333    13.953514     4.462281    15.547893   -41.205660  -135.594462
   58.492064    13.808908     4.537392    15.264536   -44.206636  -119.267945
   58.309462    13.809721     4.645189    15.348651   -44.952889  -117.532852
   58.272039    13.689190     4.392914    15.393473   -44.080637  -112.672748
   58.157628    13.624318     4.684032    15.144513   -38.612715  -114.369138
   58.202427    13.728514     4.694229    15.164976   -18.431528  -137.667438
   58.147996    13.915081     4.954878    15.366037   -29.000777  -131.872123
   58.195117    13.679490     4.576874    15.216789   -28.234058  -127.870906
   58.124434    13.631538     4.611043    15.171584   -33.612116  -127.200415
   58.361761    13.777889     4.564981    15.316051   -40.176944  -116.815700
   58.269372    13.587750     4.451514    15.087091   -23.410693  -127.401140
   58.446460    13.869449     4.530071    15.467908   -48.182490  -111.237999
   58.192292    13.611529     4.559159    15.206918   -39.181517  -110.396327
   58.083151    13.695570     4.467749    15.433787   -21.485327  -127.620247
   58.324205    13.754309     4.779046    15.135559   -33.676417  -119.288366
   58.122037    13.836098     4.727643    15.529380   -56.591397  -110.821333
   57.865968    13.600108     4.540330    15.361102   -21.554157  -131.281661
   58.381512    13.668860     4.667889    15.052737   -54.243949  -111.893761
   58.229747    13.684763     4.780605    15.057790   -21.167941  -126.670581
   58.365283    13.827078     4.775758    15.153820   -34.012378  -137.322365
   58.318442    13.592590     4.607322    14.967402   -41.878903  -123.602994
   58.728840    13.719753     4.109513    15.288902   -22.378179  -114.268280
   58.366909    13.689107     4.559224    15.253792   -47.951753  -101.170822
   58.236691    13.555556     4.337656    15.164901   -34.205209  -122.322640
   58.510514    13.681640     4.478292    15.041379   -30.746558  -126.099824
   58.271616    13.669513     4.596544    15.128336   -39.005007  -127.337216
   58.254469    13.903911     4.749098    15.536303   -46.823131  -109.468347
   58.446485    13.883822     4.695316    15.308328   -48.287034  -119.875311
   58.231493    13.642556     4.475991    15.294793   -48.094359  -108.953102
   58.554881    13.768676     4.394535    15.255470   -56.602933  -116.603047
   58.172844    13.496321     4.489788    15.034869   -53.091903  -115.151238
   58.359644    13.595496     4.536982    14.985935   -25.870386  -123.367779
   58.521798    13.770613     4.320746    15.280210   -32.296232  -133.860385
   58.287498    13.970126     4.904375    15.379439   -41.796122  -132.555980
   58.175333    13.631349     4.348543    15.389090   -34.149094  -116.530347
   58.436105    13.564186     4.376011    14.999737   -24.865765  -119.879836
   58.323982    13.716834     4.568238    15.187171   -25.797377  -126.734680
   58.370115    13.975195     4.671407    15.566241   -27.214502  -121.810568
   58.225914    13.733498     4.547340    15.363647   -27.046338  -119.175002
   57.890896    13.582601     4.414542    15.377613   -16.730381  -136.678331
   58.220804    13.527749     4.357987    15.069335   -32.448288  -132.259890
   58.297364    13.770459     4.607130    15.251720   -28.676735  -131.897849
   58.469448    13.923305     4.823903    15.291552   -34.203379  -115.459863
   58.021437    13.908563     4.926892    15.491776   -34.342006  -130.894060
   58.386782    13.942397     4.736256    15.393858   -25.499874  -128.466310
   58.340400    13.692941     4.402885    15.221375   -22.298574  -134.954767
   58.139622    13.697489     4.666442    15.329638   -37.351300  -110.215855
   58.084776    13.857139     4.832979    15.463281   -26.500893  -122.440195
   58.167338    13.964025     4.900746    15.491994   -29.865267  -128.493725
   58.275022    13.904134     4.809358    15.412334   -41.641769  -118.746407
   57.893615    13.551824     4.670389    15.211777   -30.642473  -120.533241
   58.656193    14.032269     4.681174    15.350962   -37.326403  -131.178024
   58.485040    13.768588     4.517469    15.214152   -39.552214  -119.675437
   58.413174    13.896325     4.800122    15.303124   -30.256209  -117.167782
   58.221906    13.693085     4.548785    15.328594   -39.088430  -111.975065
   58.152973    13.756692     4.523389    15.413985   -23.915401  -132.360454
   58.572366    13.968124     4.661735    15.390288   -33.465827  -118.951957
   58.528391    13.888179     4.824161    15.229926   -42.331656  -107.019992
   58.299716    13.869974     4.662563    15.564894   -44.991119  -102.458050
   58.216926    13.689758     4.613893    15.225729   -33.729546  -120.597835
   58.374363    13.865386     4.812208    15.219204   -26.664713  -126.861045
   58.434850    14.006421     4.617051    15.560718   -35.375483  -129.509435
   58.147319    13.813742     4.735333    15.377095   -37.295759  -127.430319
   58.670566    13.930991     4.795961    15.147736   -33.734057  -116.770638
   58.260063    13.376961     4.440178    14.766569   -16.662409  -118.991443
   58.431745    13.822663     4.553016    15.312563   -18.526624  -124.629319
   58.540789    13.894450     4.675531    15.343144   -18.753951  -112.359399
   58.642051    13.785240     4.836675    14.953711   -17.942051  -110.811834
   58.650488    13.735983     4.328273    15.202468   -14.383008  -116.590381
   58.489845    13.785116     4.711914    15.025624   -17.362464  -135.779855
   58.597055    13.889645     4.824820    15.093730   -11.601494  -123.065184
   58.814228    13.993905     4.592232    15.263827   -36.585819  -121.269227
   58.562874    13.818524     4.626631    15.192730   -36.956653  -112.940110
   58.261723    13.550022     4.181837    15.222010   -24.863477  -128.419931
   58.256021    13.604153     4.244461    15.263329   -31.105039  -132.452419
   58.147180    13.632661     4.370074    15.344921   -27.999896  -125.848641
   58.052583    13.468715     4.210418    15.273919   -33.765045  -118.458454
   58.088882    13.543722     4.510989    15.190214   -29.592570  -113.808082
   57.797779    13.355730     4.327154    15.407809   -54.747869   -80.845186
   58.533049    13.803080     4.489636    15.368933    -9.947869  -110.250457
   58.162220    13.672587     4.462918    15.469244   -20.515806  -107.927088
   58.174940    13.397432     4.389593    15.075339   -35.086124   -92.987790
   57.952276    13.461347     4.500206    15.152106   -31.347240  -114.942335
   57.995373    13.525402     4.479537    15.427088   -57.223418   -86.198667
   58.018560    13.428946     4.392240    15.187997   -27.610055  -103.965466
   58.152251    13.937664     4.810419    15.645914   -39.745305  -110.231720
   58.098583    13.584864     4.440637    15.346336   -36.641157  -108.458034
   57.949047    13.337263     4.195510    15.055474    -7.678065  -128.687347
   58.168801    13.831425     4.565349    15.549876   -19.049829  -125.638305
   58.540875    13.520269     4.417424    14.834911   -16.068609  -115.473798
   58.195809    13.665162     4.682831    15.209525   -36.873831  -110.503165
   58.384415    13.848416     4.739124    15.419312   -51.749456   -96.806408
   58.130965    13.863507     4.853265    15.501648   -19.767340  -112.094317
   58.218758    13.700447     4.558911    15.347630   -25.483033  -112.862808
   58.370526    13.754097     4.610352    15.355768   -38.352831  -100.621573
   58.275549    13.808898     4.792700    15.380762   -27.861623  -104.032097
   58.529350    13.791936     4.418819    15.257169   -17.297287  -128.786386
   58.218100    13.808786     4.758738    15.320691   -37.524394  -121.206764
   58.208882    13.554215     4.588175    15.096928   -44.749203  -105.358389
   58.168938    13.617452     4.556860    15.308731   -48.227463   -99.350319
   58.685289    13.876337     4.382574    15.254446    -9.784465  -139.789597
   58.221090    13.712066     4.475342    15.367400   -20.936481  -122.849641
   58.009083    13.497488     4.490449    15.246170   -47.019262  -102.871331
   58.524455    13.604565     4.417797    15.101001   -38.933914   -99.018732
   58.355565    13.828648     4.695838    15.426248   -47.824165   -99.731478
   58.241761    13.798561     4.860083    15.302707   -33.683292  -107.085358
   58.122183    13.892583     4.802464    15.429939   -24.920714  -139.699050
   57.991641    13.650689     4.526606    15.355802   -28.707005  -132.012603
   57.971855    13.636507     4.715321    15.263936   -35.315056  -120.606080
   58.477817    13.532200     4.317587    14.939712   -17.533824  -121.882851
   58.207900    13.756492     4.506060    15.452970   -24.518731  -120.407002
   58.820128    14.071798     4.720627    15.217824   -16.927832  -138.928634
   58.481619    13.752781     4.533995    15.133921   -28.974961  -129.491211
   58.092648    13.740354     4.461954    15.523317   -35.608878  -125.399399
   58.230781    13.553012     4.486479    15.117669   -36.948856  -111.189782
   58.672244    14.044772     4.515666    15.561122   -38.215273  -119.517492
   58.152047    13.656922     4.558505    15.235316   -24.237369  -125.921004
   58.371350    13.777210     4.766302    15.106048   -37.457866  -127.930479
   58.273849    13.759343     4.507244    15.415178   -40.341198  -115.579245
   58.645384    13.917296     4.286170    15.468465   -20.214345  -134.882108
   58.115142    13.595846     4.285064    15.333641   -20.032399  -132.783105
   57.886363    13.656779     4.380717    15.495136    -8.195726  -147.721395
   58.409355    13.744714     4.291642    15.441395   -36.055625  -117.035273
   58.249201    13.740134     4.593650    15.239850   -24.263283  -133.647816
   58.846137    13.919989     4.406828    15.272008   -33.317608  -118.287534
   58.216711    13.576536     4.477536    15.083023   -25.557139  -129.419799
   58.662234    14.025350     4.620120    15.364165   -19.275267  -135.937840
   57.985677    13.725477     4.570681    15.422724   -24.536825  -141.129610
   58.366467    13.755010     4.617357    15.127287   -10.317300  -138.337686
   58.361273    14.005656     4.784473    15.487545   -17.246615  -129.757484
   58.188564    13.705425     4.565040    15.351506   -39.490455  -114.319698
   58.572892    13.728361     4.238857    15.245642   -28.602293  -128.524124
   58.337071    13.973144     4.737790    15.517657   -38.764328  -122.930657
   58.107630    13.641033     4.546569    15.382688   -41.503288  -104.812922
   58.405452    13.894108     4.722663    15.280102   -36.061251  -134.670257
   57.905180    13.539616     4.668654    15.179914   -38.945537  -121.573464
   57.962425    13.775225     4.940874    15.360538   -41.552947  -119.269137
   58.988347    13.917129     4.416104    15.141782   -29.086029  -117.254203
   58.039795    13.614130     4.915867    15.048471   -35.443098  -118.460561
   58.468031    13.941480     4.553973    15.540050   -22.459045  -119.336725
   58.585771    13.798049     4.538819    15.110110   -20.911312  -132.397772
   58.353341    13.738261     4.565006    15.244421   -38.864783  -118.226941
   58.035897    13.651424     4.821430    15.175114   -36.371421  -118.431780
   58.428494    13.756000     4.430683    15.263139   -36.013599  -129.695374
   57.944921    13.671521     4.467836    15.491367   -10.391106  -131.229010
   58.275084    13.764848     4.526799    15.314317   -31.275343  -134.252436
   58.248715    13.690291     4.229018    15.484731   -31.492791  -125.203634
   58.510065    13.935582     4.558612    15.379175   -14.469153  -137.395725
   58.157079    13.733331     4.470161    15.417140   -40.397594  -131.134300
   58.568724    13.715388     4.389001    15.131048   -38.854447  -122.861438
   58.280058    13.644021     4.387592    15.200978   -30.771454  -134.094961
   58.797400    13.982077     4.694537    15.159605   -29.934162  -125.644100
   58.710271    13.968778     4.562620    15.345949   -38.322766  -119.035177
   58.499366    13.634635     4.551203    14.953511   -31.460393  -118.378756
   58.464181    13.938211     4.787404    15.230766   -27.784869  -142.046771
   58.503959    14.111944     4.752547    15.582117   -30.804129  -128.486562
   58.539045    13.947780     4.561665    15.386046   -30.293777  -134.845797
   58.405906    13.685803     4.350252    15.167977   -13.863091  -140.898035
   58.247114    13.752829     4.771469    15.189465   -34.678135  -121.660193
   58.285737    13.795299     4.539013    15.325974   -13.216982  -138.740336
   58.285654    13.818944     4.495925    15.375593   -21.441438  -147.632101
   58.208471    13.543091     4.368061    15.166177   -38.867618  -117.684820
   58.493241    13.909306     4.906002    15.057308   -23.465195  -148.724204
   58.417519    13.677253     4.615495    15.012054   -28.424931  -126.154166
   58.471783    13.847300     4.566101    15.254689   -39.968367  -138.587342
   58.331756    13.867403     4.841333    15.177101   -25.077121  -143.023862
   58.578280    13.832350     4.422070    15.297660   -33.008121  -125.611003
   58.520092    13.885296     4.652656    15.193158   -21.387251  -142.436612
   58.446638    13.631181     4.398891    15.023531   -29.801300  -136.982720
   58.493599    13.905408     4.895111    15.082326   -22.484713  -138.745310
   57.947541    13.575161     4.538781    15.261453   -30.398939  -128.865537
   57.988794    13.419718     4.486409    14.942367    -7.876328  -135.829142
   58.526266    13.756901     4.349369    15.324759   -40.876982  -113.875926
   58.288961    13.929800     4.902193    15.324237   -21.572764  -128.736864
   58.375081    13.663840     4.348464    15.239240   -26.135479  -122.975616
   58.326117    13.847406     4.525179    15.519868   -38.370605  -116.006115
   58.198830    13.543614     4.448432    15.116970   -29.983770  -118.050730
   58.044560    13.441580     4.497891    14.935177   -18.056650  -136.933454
   58.637751    13.912227     4.515292    15.321056   -30.933545  -124.492541
   57.992852    13.673291     4.448634    15.415847    -4.780284  -140.096275
   58.193054    13.686645     4.720399    15.134016   -22.296875  -126.163829
   58.265638    13.623897     4.423126    15.172844   -23.827163  -128.186582
   58.366312    13.971776     4.537564    15.612260   -24.370541  -133.280058
   58.135673    13.637982     4.323623    15.404974   -11.455113  -126.682673
   58.014017    13.663954     4.443477    15.629987   -47.971187   -98.631165
   58.148342    13.574321     4.305104    15.227821   -23.185497  -137.562429
   58.377418    13.833140     4.676512    15.255427   -35.047014  -128.777326
   58.534886    13.917691     4.564271    15.356260   -25.398779  -129.697496
   58.367050    13.770999     4.625203    15.174996   -35.209114  -134.849099
   58.093386    13.496990     4.265502    15.178362   -35.551717  -134.015644
   58.129616    13.493970     4.264151    15.191198   -45.294391  -122.826864
   58.080357    13.617081     4.416190    15.303940   -34.487075  -132.593124
   57.973636    13.533508     4.623090    15.212030   -52.047366  -108.178468
   58.243212    13.765658     4.647162    15.293156   -29.467155  -124.312699
   58.503851    13.733031     4.388277    15.208641   -31.483742  -125.561853
   58.374591    13.735505     4.487515    15.239175   -40.105211  -126.998787
   58.199481    13.570806     4.515282    15.072693   -36.411554  -127.450072
   58.451684    13.861262     4.564881    15.425240   -48.558775  -110.134648
   58.255801    13.672771     4.633449    15.101073   -30.405604  -131.655781
   58.185496    13.800836     4.588193    15.427334   -34.309098  -129.570426
   57.896757    13.365396     4.547627    14.944670   -20.706733  -123.112557
   58.514076    13.731106     4.752662    15.092471   -38.399742   -99.013715
   58.103650    13.672337     4.720865    15.346934   -40.611381   -99.959900
   58.384145    13.669209     4.476624    15.188031   -39.216937  -113.648614
   58.609869    13.968633     4.609799    15.430867   -42.289425  -113.155342
   58.422960    13.727946     4.566208    15.229103   -43.505410  -107.459982
   58.435591    13.721008     4.375787    15.248768   -28.827856  -127.071161
   58.450294    13.889774     4.505762    15.481553   -32.525256  -120.194796
   58.501736    13.720304     4.452585    15.154791   -33.119789  -121.887746
   58.665347    13.840262     4.506685    15.215098   -31.448666  -117.012244
   58.188065    13.784280     4.787869    15.301948   -34.915084  -117.771059
   58.419209    13.783896     4.480475    15.271059   -27.024975  -132.153114
   58.540832    13.864669     4.649839    15.212325   -33.126646  -124.432224
   58.374797    13.689724     4.267623    15.252528   -19.143259  -145.278840
   58.080816    13.790388     4.734427    15.457988   -46.999440  -115.085733
   58.671379    13.777366     4.404490    15.208564   -53.748586  -108.199615
   58.433192    13.686526     4.352701    15.201542   -31.848556  -127.880017
   58.410875    13.949284     4.864833    15.252788   -25.799776  -135.888924
   58.496602    13.441074     4.285044    14.834135   -17.419807  -112.797839
   58.067462    13.645240     4.469947    15.304079   -28.870435  -137.174986
   58.406571    13.815821     4.586080    15.277143   -27.257581  -127.210094
   58.810541    13.968971     4.531044    15.247184   -33.562686  -126.651911
   58.298777    13.844487     4.723773    15.287479   -36.856342  -133.524740
   58.125945    13.634462     4.652609    15.087643   -30.362057  -144.686824
   58.161812    13.807511     4.743656    15.365646   -38.476032  -123.613413
   58.448114    13.934815     4.517713    15.479937   -27.913095  -134.547228
   58.286704    13.875621     4.679665    15.419482   -44.282046  -125.348825
   58.495130    13.925747     4.906525    15.187674   -34.461222  -119.543091
   58.596623    13.816935     4.362332    15.268979   -27.885845  -133.301160
   58.576687    13.857916     4.830669    15.030960   -33.382782  -126.657942
   58.341849    13.900836     4.496537    15.553912   -31.449967  -129.525332
   58.383172    13.857526     4.689745    15.261775   -35.826684  -134.514755
   58.521210    13.626474     4.488596    14.920016   -33.888823  -128.767665
   58.408645    13.890759     4.606434    15.389366   -37.118638  -127.821759
   58.760466    13.852651     4.419483    15.187005   -47.295412  -122.093018
   58.345839    13.777964     4.492867    15.281100   -31.396561  -141.505555
   58.444496    14.026343     4.842003    15.407442   -39.400731  -127.779556
   58.193490    13.666207     4.222446    15.398736    -8.259278  -143.117023
   58.519237    13.906093     4.600639    15.308313   -29.784708  -132.099063
   58.373376    13.750107     4.758961    15.115253   -33.778462  -116.894301
   58.210405    13.690801     4.366218    15.431166   -40.964255  -119.950028
   58.384679    13.537484     4.245489    15.220834   -30.744160  -101.388355
   58.205792    13.921415     4.762357    15.560904   -31.541435  -117.672113
   58.485559    13.871916     4.659350    15.168200    -7.346236  -147.103207
   58.375333    13.726324     4.396369    15.321367   -24.377228  -122.678673
   58.730468    13.991012     4.413429    15.437116   -27.822979  -131.057757
   58.252932    13.802849     4.581727    15.294260   -14.860719  -149.931430
   58.198293    13.846074     4.950334    15.286933   -48.564194  -116.229676
   58.496586    13.851671     4.336392    15.452793   -36.385764  -130.571414
   58.250746    13.935866     4.825212    15.437853   -30.887206  -126.570938
   58.612802    13.815257     4.704514    15.008740   -38.925371  -130.080511
   58.211019    13.708352     4.559211    15.239110   -29.350656  -134.970381
   57.727396    13.571173     4.564955    15.446015   -19.122458  -124.952117
   58.201680    13.641802     4.722586    15.097231   -37.825201  -117.048497
   58.346159    13.771957     4.472272    15.301721   -17.340700  -135.527096
   58.295933    13.845086     4.762580    15.286892   -12.726778  -127.424921
   58.544929    13.830939     4.565280    15.186001   -25.865315  -131.262075
   58.770706    13.907119     4.672490    15.071261   -37.427203  -125.281405
   58.369277    13.593382     4.315114    15.226114   -28.749519  -109.526126
   58.246507    13.604739     4.587413    15.046632   -30.161722  -126.139469
   58.053849    13.788261     4.705154    15.357202   -20.462141  -144.919513
   58.012542    13.756532     4.869508    15.266579   -29.130148  -133.508557
   58.149267    13.519070     4.399889    15.135905   -40.297917  -120.150360
   58.598174    13.809748     4.303525    15.350604   -31.930500  -123.025259
   58.200524    13.625574     4.578984    15.138135   -29.765912  -123.417428
   58.112611    13.695688     4.703686    15.206419   -31.218024  -131.567379
   58.422823    13.910480     4.643838    15.351243   -25.714707  -134.864811
   58.183104    13.579233     4.544141    15.071216   -25.368555  -128.628725
   58.509514    13.792224     4.419699    15.212068   -17.062670  -143.914116
   58.458267    13.779512     4.560663    15.227134   -44.230770  -118.534383
   58.310561    13.658172     4.279326    15.346388   -38.230660  -120.934105
   58.596040    13.727543     4.245761    15.253256   -22.469018  -122.524100
   58.731907    13.654669     4.264096    14.992325   -30.539170  -120.109861
   58.536462    13.957397     4.606965    15.398694   -40.334225  -127.323911
   58.211497    13.714204     4.506177    15.337539   -40.331076  -124.281524
   58.289193    13.738168     4.814795    15.130407   -36.873098  -115.857195
   58.705811    13.885868     4.471904    15.269416   -34.838285  -120.146746
   58.505511    13.770053     4.547476    15.114400   -26.931499  -134.778154
   58.417343    13.784520     4.721584    15.140792   -33.023811  -121.182664
   58.579985    13.783363     4.748892    14.923496   -19.339456  -136.801519
   58.329155    13.842973     4.761127    15.249814   -28.350326  -128.268850
   58.343799    13.680349     4.808119    15.073996   -45.276937  -101.921370
   58.292223    13.742885     4.629962    15.352287   -30.167153  -106.294461
   58.081342    13.525062     4.428709    15.153859   -20.325623  -125.615182
   58.249915    13.481543     4.395078    15.064858   -33.597703  -107.116789
   58.275842    13.698248     4.624649    15.104694    -7.583918  -135.969871
   58.338539    13.862498     4.769438    15.357092   -34.756961  -112.964039
   58.046283    13.817787     4.611219    15.587776   -19.706232  -126.694499
   58.394474    13.707748     4.369805    15.210222   -16.623980  -139.157605
   58.650600    13.866948     4.697197    15.077386   -38.072272  -127.415149
   58.738389    13.867018     4.443317    15.476115   -37.989964   -91.603608
   57.989994    13.535073     4.746704    15.012087   -19.229682  -128.272605
   58.158860    13.835031     4.804300    15.478547   -32.678365  -108.144626
   58.013450    13.916308     5.019529    15.445053   -37.627124  -130.997771
   58.320734    13.848566     4.795235    15.273672   -39.186883  -121.433560
   58.405768    13.732472     4.860299    14.952838   -25.065399  -124.731091
   58.374192    13.883017     4.772747    15.223912   -23.061094  -140.426446
   58.724112    13.769661     4.663080    14.867636   -32.284436  -130.977615
   58.409222    13.857654     4.505983    15.385634   -31.141324  -133.865415
   58.579428    13.937549     4.872462    15.128212   -28.078979  -126.726602
   58.447106    13.842317     4.860785    15.152581   -41.775824  -113.398591
   58.184184    13.621768     4.506567    15.173299   -35.708444  -129.153130
   58.553919    13.802647     4.657585    15.099277   -43.120033  -121.967266
   58.380304    13.811581     4.555853    15.253614   -33.104056  -145.904662
   57.995550    13.753812     4.901910    15.350789   -45.997999  -113.976696
   58.147985    13.622734     4.452176    15.288611   -51.233892  -119.523981
   58.513223    13.659022     4.661533    14.882523   -29.332373  -123.935917
   58.395039    13.784140     4.382823    15.355666   -32.797418  -136.094744
   58.742830    13.837163     4.543707    15.044786   -23.055837  -132.361022
   58.472626    13.871669     4.743648    15.178814   -31.418385  -132.119187
   58.475734    13.944773     4.457243    15.544786   -30.640942  -130.577986
   58.643955    13.724359     4.479627    15.086194   -32.911081  -110.758931
   58.394130    13.819715     4.714707    15.356732   -46.666467  -100.369483
   58.638893    13.895030     4.744335    15.179758   -44.376363  -110.603213
   58.220033    13.675387     4.570954    15.144365   -16.174745  -138.481251
   58.518854    13.685431     4.745934    14.818918   -14.021094  -134.549093
   58.264825    13.805779     4.621830    15.346738   -34.941608  -128.263173
   58.479271    13.867584     4.656270    15.267469   -20.168959  -124.691262
   58.271225    13.611939     4.486851    15.089462   -27.524219  -130.820856
   58.212552    13.788854     4.844462    15.172686   -22.210943  -132.920346
   58.609487    13.711284     4.411055    15.128145   -34.601155  -112.920405
   58.671441    13.762372     4.377634    15.088274   -17.321216  -134.767568
   58.339897    13.820250     4.669915    15.210476   -22.586466  -144.443660
   58.393189    13.717456     4.486656    15.159960   -33.931363  -135.761968
   58.303632    13.924040     4.732427    15.404063   -39.804214  -136.511071
   58.186269    13.653669     4.560391    15.163986   -27.704543  -134.505199
   58.194532    13.603255     4.574773    15.173883   -22.448215  -113.251141
   58.078053    13.564962     4.727248    15.228243   -33.588374   -93.472526
   58.153065    13.688128     4.819287    15.106566   -25.139103  -125.247987
   58.417217    13.647931     4.405566    15.359254   -47.438450   -89.560446
   58.385371    13.821908     4.392367    15.601248   -24.893752  -109.833241
   58.054819    13.627755     4.427784    15.556986   -56.826815   -93.993563
   58.008201    13.844222     4.780487    15.587081   -36.720826  -116.109515
   58.287817    13.768391     4.383576    15.507137   -29.612597  -119.955784
   58.230377    13.664588     4.539648    15.200137   -37.517792  -125.872736
   58.329743    13.814828     4.702822    15.284943   -17.275360  -121.808113
   58.333049    13.518322     4.332666    15.084156   -25.789973  -111.841572
   58.477443    13.767984     4.623154    15.075542   -34.327357  -137.020520
   58.397280    13.643901     4.475242    15.065331   -16.801102  -127.095972
   58.299232    13.787654     4.688947    15.228575   -35.699186  -130.021826
   58.517033    13.810225     4.494713    15.245576   -39.594813  -126.903480
   58.367615    13.843477     4.689519    15.230308   -16.953112  -137.672115
   58.282860    13.557784     4.485705    15.068177   -36.213269  -113.673769
   58.315473    13.739366     4.640104    15.212563   -29.457394  -120.403982
   58.472296    13.775449     4.751931    15.133321   -50.796665  -106.076478
   58.299011    13.458496     4.562126    14.886123   -33.209083  -104.146354
   58.601239    13.721421     4.454594    15.064574   -23.527410  -123.781966
   58.325739    13.729397     4.625023    15.230630   -41.973290  -113.789631
   58.297286    13.693617     4.677817    15.102622   -33.455796  -124.227679
   58.758016    13.736641     4.395859    15.143183   -34.935973  -101.897654
   58.436336    13.602258     4.694170    14.880990   -33.986985  -113.025494
   58.316630    13.734956     4.588269    15.303566   -45.607627  -109.152902
   58.190535    13.663419     4.491117    15.262453   -32.546384  -126.911721
   58.464832    13.679662     4.574807    14.995159   -28.901365  -128.941054
   58.255092    13.778617     4.698173    15.295963   -46.351135  -118.234635
   58.615833    13.755940     4.367887    15.213534   -30.614927  -117.500938
   58.174793    13.721493     4.864073    15.118752   -31.867659  -124.688037
   58.507779    13.888047     4.557611    15.379717   -42.916134  -119.017427
   58.126631    13.646456     4.488917    15.313828   -44.935186  -121.491380
   58.248222    13.802557     4.773106    15.344143   -44.626305  -108.911505
   58.351937    13.821170     4.709633    15.442350   -30.632279   -99.640492
   58.525286    13.917118     4.682595    15.436846   -39.196868  -103.290215
   58.000621    13.613557     4.577977    15.249290   -15.036679  -129.243858
   58.225502    13.707625     4.506441    15.543199   -39.824214   -93.302620
   57.987178    13.618100     4.708357    15.282901   -32.680664  -110.832828
   58.146499    13.527139     4.801786    14.964290   -32.956998  -105.378796
   58.448981    13.649379     4.883633    14.876688   -21.048879  -106.578051
   58.169765    13.667127     4.641154    15.291944   -17.945018  -110.082102
   58.529854    13.735664     4.533717    15.061317   -28.472729  -130.446551
   58.154519    13.860130     4.760982    15.469325   -40.825235  -120.404973
   57.866157    13.503010     4.579864    15.137643   -28.796793  -137.039283
   58.591573    13.920248     4.627814    15.219000   -27.795028  -141.670827
   58.492986    13.880843     4.631666    15.321937   -39.964130  -118.867104
   58.202948    13.638781     4.306488    15.330274   -26.906588  -131.402901
   58.335925    14.049480     4.887334    15.553696   -44.273616  -118.739170
   58.117829    13.639138     4.421229    15.356602   -36.178013  -122.694068
   58.133399    13.610450     4.459970    15.246333   -30.693530  -125.251612
   58.687365    13.657790     4.292768    15.070512   -31.540491  -110.887506
   58.247405    13.853350     4.736814    15.381974   -37.574512  -122.863332
   58.741228    13.762487     4.531885    15.035476   -33.911371  -110.022871
   58.360634    13.754259     4.516353    15.421148   -51.698195   -99.805618
   57.949720    13.682843     4.724676    15.374108   -34.115643  -117.795617
   58.178338    13.699214     4.512165    15.310898   -25.968889  -128.997692
   57.996815    13.668144     4.698899    15.339330   -41.045238  -115.350533
   58.079954    13.790766     4.682906    15.435139   -27.768109  -127.535058
   58.284378    13.705876     4.728850    15.163045   -33.306792  -112.381985
   58.475914    13.942926     4.932208    15.129814   -24.916071  -139.391849
   58.404488    13.829515     4.560173    15.367920   -34.292196  -119.054383
   57.931626    13.726064     4.675578    15.583931   -55.514903  -104.084222
   58.480314    13.832448     4.501869    15.493761   -39.847719  -100.813371
   58.082392    13.439251     4.470142    15.124614   -28.001739  -100.455899
   58.199571    13.874896     4.767302    15.403613   -28.193828  -129.749792
   58.124331    13.632844     4.716414    15.074206   -19.365864  -131.872489
   58.743334    14.005168     4.837594    15.084978   -23.435912  -138.721977
   58.550170    13.664789     4.246238    15.142425   -23.113039  -128.378271
   58.278971    13.783269     4.736291    15.216480   -32.091966  -126.534237
   58.433301    13.544589     4.336515    14.915999   -19.475938  -137.966100
   58.358873    13.866750     4.770873    15.333846   -48.313434  -112.873752
   57.886359    13.644147     4.787071    15.369714   -39.855164  -108.390854
   58.075110    13.596363     4.604448    15.234841   -18.499890  -114.075737
   58.380616    13.694378     4.542680    15.103684   -17.471328  -130.079617
   58.191695    13.704098     4.764791    15.173964   -34.877688  -118.512894
   58.504734    13.889363     4.551297    15.321439   -26.397389  -134.325170
   58.392050    13.852909     4.581188    15.368537   -33.614127  -125.403835
   58.414512    13.796562     4.521517    15.332264   -34.081958  -118.673575
   58.165309    13.943688     5.009864    15.422167   -42.054764  -119.293048
   58.360494    13.636341     4.470805    15.136815   -25.540709  -117.716797
   58.512359    13.819728     4.459696    15.317936   -23.062428  -123.487300
   58.045248    13.473144     4.509492    15.032009   -27.726551  -126.196147
   58.523986    13.700051     4.327736    15.206629   -26.479006  -120.667060
   57.958361    13.776754     4.785817    15.421236   -31.620625  -130.455826
   58.464588    14.029091     4.774251    15.471192   -28.610180  -124.611166
   57.837469    13.609684     4.736984    15.177826    -5.413155  -147.196916
   58.161029    13.855597     4.712580    15.505746   -33.709268  -119.410264
   58.262432    13.829166     4.680522    15.428491   -21.574017  -116.176586
   58.216256    13.647781     4.367653    15.356758   -20.054251  -120.128593
   57.961345    13.637093     4.406968    15.421999   -10.913701  -137.629301
   58.413542    13.761546     4.544198    15.182045    -2.735217  -132.381180
   58.541400    14.012393     4.713235    15.507829   -49.668564  -108.759772
   58.410453    13.682075     4.133134    15.340439   -19.872413  -138.141869
   58.370797    13.658578     4.224624    15.298658   -15.376342  -129.677684
   58.372575    13.761360     4.538572    15.324564   -46.859950  -111.570841
   58.686064    13.936309     4.478719    15.345414   -43.994319  -124.648239
   58.004105    13.829550     4.872261    15.382352   -28.774046  -136.810315
   58.349021    13.916209     4.521980    15.544909   -25.531561  -131.687860
   58.366140    13.878383     4.517498    15.481440   -20.702192  -128.642424
   58.287995    13.727095     4.562594    15.196987   -38.435947  -140.047069
   58.267642    13.784134     4.596470    15.280973   -28.341275  -139.444343
   58.277118    13.702847     4.665761    15.147764   -33.197180  -123.192153
   58.139594    13.779745     4.737986    15.395080   -40.262134  -113.953031
   58.198840    13.603614     4.509673    15.323482   -36.950870   -98.140099
   58.243647    13.742827     4.585588    15.230244   -31.252937  -142.669156
   58.557430    13.794543     4.532431    15.168081   -24.434493  -124.335740
   58.332173    13.630341     4.468615    15.081960   -22.028946  -131.156317
   58.231544    13.744440     4.635062    15.393815   -47.947455  -103.991893
   58.064702    13.670332     4.554339    15.388480   -32.895047  -117.335739
   58.465534    13.792184     4.379349    15.376332    -6.917787  -125.341939
   58.032327    13.602709     4.643566    15.353889   -34.472339   -98.906475
   58.087023    13.448889     4.080144    15.275119   -17.776022  -124.030794
   58.430681    13.625078     4.613817    15.135696   -24.086990   -95.828280
   58.384823    13.686559     4.532620    15.263491   -11.374370  -107.607069
   58.113321    13.604524     4.376280    15.386889   -32.075127  -114.251595
   58.030918    13.560948     4.516256    15.310484   -43.294029  -105.973304
   58.229225    13.702304     4.607508    15.287997   -37.189307  -112.900553
   58.051038    13.588272     4.746684    15.133837   -26.404979  -113.699707
   58.238744    13.693311     4.615940    15.471579   -46.316873   -85.760417
   58.195616    13.822121     4.546889    15.551017   -13.342486  -122.476359
   58.505787    13.686606     4.533146    15.078247   -37.713459  -112.939592
   58.055726    13.649240     4.645285    15.375520   -27.222899  -105.770832
   58.591846    13.642498     4.240658    15.121674   -13.723169  -119.956503
   58.472968    13.913455     4.871526    15.231409   -38.004852  -115.662408
   58.232302    13.633729     4.397278    15.225369   -38.158894  -131.920061
   58.179129    13.577148     4.400124    15.311088   -47.120811  -104.051392
   58.589898    13.734696     4.230092    15.260487   -41.871056  -125.180636
   58.547187    13.857628     4.433243    15.347117   -41.454421  -128.407916
   58.581244    13.884351     4.520275    15.233915   -28.517028  -147.889676
   58.392970    13.562023     4.311957    15.104090   -17.887273  -116.754000
   58.310567    13.761740     4.527895    15.389589   -34.800700  -113.578173
   58.344864    13.950346     4.641538    15.550752   -16.376050  -125.808799
   58.226127    13.834069     4.685481    15.340826   -12.416721  -136.011221
   58.285147    13.648339     4.302747    15.425600    -7.943914  -111.839141
   58.647600    13.703193     4.216012    15.429348   -34.119542   -92.008194
   58.121211    13.624386     4.358337    15.431278    -6.913959  -117.341172
   58.605960    13.945330     4.521139    15.426692   -21.720449  -122.399713
   58.477104    13.683692     4.218246    15.335526   -26.788666  -116.474111
   58.393640    13.629595     4.189921    15.343196   -11.483177  -116.357865
   58.532389    13.734643     4.482585    15.150912   -15.131899  -119.823501
   58.425106    13.783354     4.217929    15.542575   -21.533751  -122.532428
   58.112522    13.782897     4.687714    15.407725   -18.225484  -124.906595
   58.246130    13.678533     4.402387    15.381715    -7.702834  -118.803433
   58.048068    13.435587     4.273036    15.133058    -2.716523  -124.519354
   58.061603    13.585117     4.292951    15.378436     4.537085  -128.636464
   58.098986    13.567140     4.544104    15.231118   -35.900123  -108.641058
   58.438241    13.657175     4.451685    15.329608   -16.066937   -96.236005
   58.224236    13.637369     4.475229    15.386390   -23.495245  -101.789362
   58.149916    13.482489     4.238146    15.406826   -32.720894   -90.400581
   58.197461    13.466808     4.100306    15.357675   -22.009915  -101.811952
   58.455064    13.693120     4.568616    15.214693   -33.464912  -100.235081
   57.664512    13.422758     4.525628    15.190309     1.737551  -132.863972
   58.433112    13.778650     4.611707    15.297734     5.992877  -113.519898
   58.221507    13.568882     4.382183    15.321638   -19.965031  -102.988626
   58.139073    13.672498     4.638824    15.373457   -15.638305  -105.310688
   58.256991    13.702012     4.484609    15.334908     1.202163  -121.437591
   58.504217    13.561924     4.559313    15.197422   -38.000665   -73.341687
   58.729981    13.913254     4.423967    15.404186   -29.478266  -112.074629
   58.477906    13.736363     4.490072    15.304208   -43.829818  -101.512862
   58.194660    13.764455     4.788818    15.215287    -9.968693  -126.640253
   58.111306    13.839040     4.652506    15.588273   -29.134895  -117.684375
   58.445715    13.879337     4.487282    15.460203    -4.448063  -126.860691
   58.177972    13.545767     4.452322    15.109291   -39.734952  -123.062036
   58.148519    13.951442     4.934245    15.451599   -35.075492  -130.306031
   58.377938    13.884666     4.734000    15.272935   -29.422713  -135.345759
   58.404273    13.669477     4.419277    15.115674   -25.197522  -134.835773
   58.084841    13.663576     4.548537    15.309250   -32.384187  -126.613664
   58.692669    13.868427     4.456303    15.170099    -2.080076  -140.322017
   58.511320    13.856552     4.797861    15.204978   -25.479437  -110.681721
   58.056748    13.720246     4.604913    15.381508   -16.730131  -129.053733
   58.590723    13.722801     4.511532    15.052922    -1.377193  -122.452889
   58.558345    14.043323     4.782815    15.373685   -35.476277  -130.769986
   58.371859    13.655756     4.767652    14.950417   -33.867428  -117.498039
   58.204411    13.669189     4.550794    15.177016   -18.306632  -134.665594
   58.023657    13.590711     4.552269    15.218476   -28.432936  -128.155564
   58.316246    13.709732     4.636069    15.154262   -34.404384  -122.013079
   58.563646    13.988148     4.726862    15.377915   -27.526761  -120.156830
   57.921230    13.688530     4.825717    15.377982   -45.350919  -110.098738
   58.036271    13.624524     4.557115    15.334415   -19.430254  -117.248341
   58.215909    13.604829     4.626690    14.986852    -8.193084  -137.114067
   58.307953    13.748161     4.446919    15.351269   -28.130075  -127.356756
   58.053172    13.806582     4.616996    15.484960    -9.064410  -138.732909
   58.053515    13.634009     4.385916    15.440332   -29.641798  -121.940303
   58.248936    13.669975     4.325374    15.439130   -39.347043  -112.600930
   57.694261    13.490384     4.374627    15.501349   -45.366418  -118.182670
   58.463485    13.818536     4.565620    15.239158   -35.130478  -129.764825
   58.341912    13.948773     4.649178    15.545855   -26.797419  -124.164251
   58.274775    13.867875     4.641911    15.477013   -51.160495  -118.790630
   58.220551    13.782025     4.515070    15.399798   -23.437247  -134.281212
   57.917478    13.625788     4.463185    15.456433   -42.833600  -125.708690
   58.019388    13.521609     4.622018    15.082299   -26.028811  -121.762193
   57.952389    13.776502     4.988010    15.291576   -28.153187  -128.337162
   58.248709    13.725038     4.366358    15.425720   -21.084660  -128.161710
   58.320333    13.890551     4.803136    15.379449   -34.864497  -115.370750
   58.208567    13.357999     4.188049    15.101171   -21.594878   -96.692784
   58.106109    13.638875     4.340637    15.376914   -17.282696  -133.365296
   58.244831    13.475886     4.354259    14.970963   -13.917317  -127.647837
   58.560636    13.977224     4.745717    15.352083   -17.997075  -120.564534
   58.137229    13.595949     4.416096    15.192819     1.394238  -135.360812
   58.362425    13.656212     4.483789    15.148611   -26.485926  -119.684918
   58.085325    13.726275     4.668830    15.466642   -31.991066  -106.297944
   58.131773    13.667693     4.591258    15.349169   -45.478152  -107.827864
   58.374473    13.753013     4.598885    15.224425   -30.530960  -119.231919
   58.166205    13.585142     4.428193    15.328201   -42.819082  -103.244478
   58.180210    13.737679     4.513512    15.459369   -39.262928  -114.829792
   58.477772    13.756001     4.432713    15.379769   -42.344296  -103.032282
   58.252244    13.713506     4.329255    15.435607   -39.820756  -125.935354
   58.595445    13.928531     4.620007    15.326822   -23.337966  -121.150390
   58.503159    13.858731     4.834583    15.188612   -37.019814  -108.539015
   58.250191    13.763380     4.342443    15.491422   -26.994322  -132.641272
   58.354720    13.972378     4.670432    15.546234   -24.750432  -126.525312
   58.315994    13.787080     4.392778    15.455169   -36.968805  -128.292895
   58.161709    13.662854     4.514594    15.350000   -45.876911  -111.388777
   58.224367    13.832089     4.638731    15.458249   -36.504388  -120.378377
   58.173400    13.924648     4.790883    15.455126   -28.488208  -139.193776
   58.289205    13.825777     4.612330    15.418490   -46.837812  -117.952322
   58.346492    13.677468     4.500434    15.173361   -38.276123  -121.754761
   58.258810    13.651769     4.265325    15.374848   -43.426789  -123.436402
   58.329650    13.945446     4.699912    15.515030   -35.529629  -121.716551
