    5.648896     4.655188    11.429079     6.896569   146.882829    74.363873
    5.085432     4.227977    11.491856     7.018377   141.305411    74.979841
    4.881086     4.271305    11.577241     6.977546   142.288002    78.893823
    4.927807     4.456022    11.633607     6.921792   145.889903    66.300274
    4.543045     4.224808    11.671424     7.060648   149.033944    55.779740
    4.722735     4.106825    11.561042     7.031794   157.795904    56.294964
    4.816177     4.202179    11.565777     6.893177   158.411193    64.798000
    5.221370     4.441600    11.509317     6.720674   141.628645    75.432809
    5.110213     4.430126    11.559968     6.919848   151.581319    78.822847
    5.281374     4.194744    11.420990     7.062300   152.946747    68.694921
    5.421751     4.233717    11.386600     7.119888   148.062142    63.501146
    4.944874     4.144219    11.495950     6.869855   144.495307    72.221076
    4.822444     4.100813    11.516028     6.875178   148.530375    72.117265
    5.479212     4.381752    11.400233     6.915898   135.534725    80.922244
    5.068284     4.197539    11.488911     7.117614   141.958469    72.183898
    4.797241     4.206915    11.575361     6.915028   151.863697    73.344039
    4.760474     4.296520    11.620010     6.820867   144.676653    80.522216
    4.722402     4.139367    11.578680     7.099707   150.802913    73.016235
    4.629610     4.324202    11.682402     6.934121   147.049378    75.141948
    4.800161     4.250993    11.598170     7.054507   143.390751    78.553892
    4.861094     4.110929    11.522309     7.135154   140.857431    77.093459
    5.171476     4.023466    11.387508     7.080157   139.360542    86.718872
    5.192762     4.119448    11.420566     7.050300   149.745607    74.404336
    4.895673     4.252700    11.567869     7.044602   151.321582    69.931767
    4.385162     4.210694    11.718973     7.124271   142.028364    71.939938
    5.069613     4.276526    11.518816     7.111430   141.481514    79.295108
    5.382005     4.130483    11.362996     7.193250   138.805419    73.338289
    5.262869     4.059387    11.349594     6.786638   144.931353    81.235089
    4.967511     4.261676    11.550346     7.161895   150.628363    66.525011
    5.064486     4.226911    11.524500     7.530327   139.889638    79.067572
    5.052942     4.389564    11.564890     7.228358   133.944498    84.166944
    5.028930     4.675105    11.675862     6.850896   141.123192    86.529204
    4.893808     4.377786    11.614316     6.907478   155.535357    68.995140
    5.371258     4.413680    11.465430     7.053491   142.987148    89.024010
    4.906337     4.734246    11.748403     7.118800   130.610566    90.835893
    5.084173     4.522166    11.608004     7.066605   153.839219    80.114781
    4.872341     4.823015    11.801522     7.256504   145.250269    74.416370
    5.172611     4.274709    11.488861     7.177648   153.208556    61.165797
    4.119639     4.085911    11.756584     7.310797   148.859855    68.853879
    5.285095     4.555225    11.541696     7.318582   138.763597    69.071939
    5.460446     4.255441    11.380005     7.003732   154.298422    68.554181
    4.952343     4.258582    11.559460     7.229806   157.861553    58.783470
    4.889173     4.496501    11.661234     6.878182   139.345524    80.045677
    4.743266     4.635643    11.771307     6.911844   137.493208    89.331892
    4.708709     4.175416    11.599397     7.074626   154.643980    88.942324
    5.141383     4.284071    11.482768     6.748976   151.173968    74.686993
    4.934851     4.362471    11.602068     7.313215   141.857349    81.632345
    4.770113     4.364857    11.661345     7.423028   138.303952    77.746120
    5.148216     4.464717    11.550279     6.841979   138.324525    68.078351
    5.005382     4.615083    11.665814     7.063893   141.090515    68.996830
    4.493065     4.439300    11.784659     7.086881   144.364131    78.907023
    5.043981     4.220170    11.513511     7.295893   145.803683    70.677211
    4.767135     4.319058    11.636947     7.028399   151.985620    65.720451
    4.919533     4.351090    11.596180     7.047930   134.113729    87.026074
    5.233096     4.212229    11.434879     6.934784   145.609106    79.171270
    4.716891     4.731855    11.824119     7.061588   149.585209    65.987822
    5.095737     4.698203    11.662851     6.961983   151.941386    74.284023
    4.775504     4.487041    11.694848     6.811698   160.931184    61.751359
    5.390128     4.445714    11.455550     6.883786   137.856712    76.305579
    5.149421     4.728456    11.650622     7.001541   143.777048    66.879423
    4.931043     4.108760    11.506532     7.253547   142.295985    81.323528
    5.369690     4.476036    11.472843     6.801489   147.593585    61.795016
    4.755659     4.397408    11.678624     7.299426   146.382884    81.025056
    5.162565     4.613262    11.597978     6.740015   150.887035    68.915890
    5.042889     4.687554    11.677500     7.030741   142.048539    61.579805
    4.693910     4.534632    11.749482     6.920667   147.585390    78.601678
    5.203318     4.591886    11.596860     7.262571   154.507795    72.826972
    5.030809     4.399414    11.575814     6.983297   144.122764    64.817747
    5.162473     4.278281    11.481720     6.868244   154.083703    66.489673
    4.766285     4.177903    11.570081     6.887106   148.137835    76.632237
    5.339532     4.590047    11.542933     7.184926   155.018100    68.704111
    5.630485     4.452538    11.365018     6.828962   141.831399    80.239146
    5.108849     4.502154    11.586402     7.097325   146.204785    64.086194
    5.179638     4.620361    11.603278     7.132969   144.986324    73.263693
    4.898702     4.280739    11.571109     6.870564   146.345408    75.875488
    4.855972     4.292727    11.581742     6.746510   156.051795    65.752764
    4.899845     4.405367    11.623903     6.936565   148.600535    59.188713
    5.132143     4.302992    11.505604     6.985606   140.471715    89.868411
    4.864652     4.208816    11.561662     7.148404   142.600638    75.108188
    5.192049     4.392796    11.517551     7.165494   141.972285    54.515440
    5.397786     4.451760    11.461015     7.058208   141.124928    61.364702
    4.701772     4.389633    11.688934     7.266926   136.237459    73.368233
    5.047989     4.420673    11.578682     7.095608   141.635777    76.899031
    4.945151     4.563788    11.666182     6.834782   153.962453    69.735722
    5.216951     4.072812    11.376446     6.872073   144.380294    67.558019
    4.739109     4.262116    11.617769     7.005123   132.613961    77.177959
    5.294428     4.459656    11.504532     6.930659   157.855849    59.527767
    5.736175     4.565849    11.380302     7.030849   147.236242    81.105516
    4.618741     4.167807    11.622768     7.115251   140.182198    79.957789
    5.041733     4.656157    11.666958     6.888593   159.779940    76.055664
    4.955272     4.808148    11.763766     7.305637   138.537292    85.783480
    5.226052     4.641307    11.596282     7.106456   151.252732    71.488757
    4.817121     4.573538    11.720146     6.914762   147.796140    75.441320
    5.134520     4.176958    11.460016     7.150234   141.006768    72.564590
    5.133143     4.606001    11.612418     6.960957   136.203491    84.718291
    4.917683     4.285986    11.585605     7.346098   150.707576    74.827453
    4.807079     4.613253    11.741750     7.173818   134.558851    88.915589
    4.744491     4.790530    11.840688     7.236545   142.110470    85.526441
    5.354664     4.666303    11.553274     6.929592   157.612211    68.983495
    4.996960     4.733549    11.713759     6.967894   151.997977    72.825644
    5.558197     4.669117    11.464480     6.996773   132.016873    85.874034
    5.395340     4.383371    11.477633     7.429143   148.581631    83.709503
    4.679785     4.105069    11.575616     7.095172   145.193590    73.989917
    5.024665     4.210497    11.517438     7.179486   154.031016    76.270011
    5.454263     4.349139    11.401484     6.826170   147.296661    82.743154
    5.093041     4.325914    11.527214     6.985078   147.805602    66.849534
    4.731556     4.259072    11.613955     6.850629   141.223792    83.729210
    5.400609     4.059898    11.358422     7.390846   143.765992    79.154979
    5.358905     4.322139    11.454283     7.476575   137.213380    78.764492
    4.644321     4.355224    11.694693     7.073526   144.362897    83.576261
    5.223209     4.323965    11.505789     7.335129   148.953210    87.336157
    5.329079     4.129133    11.395245     7.225451   149.246805    81.904589
    5.342084     4.374656    11.456643     7.077363   138.039747    80.853477
    5.159658     4.109694    11.420184     6.959108   146.978835    74.025601
    4.645524     4.578362    11.789234     7.185710   131.315701    93.726885
    4.964326     4.393473    11.605899     7.343919   150.301440    64.117093
    4.918198     4.782832    11.766506     7.086275   154.044461    75.202950
    5.421445     4.386581    11.434821     6.960344   150.270520    75.765305
    4.910052     4.541865    11.670040     6.873871   136.378402    81.522245
    5.357148     4.570746    11.517807     7.006705   141.878555    75.619303
    4.624253     4.383038    11.694822     6.714709   147.984759    78.669293
    4.957759     4.641409    11.694822     7.018386   138.124627    88.892664
    5.215244     4.665605    11.600090     7.199701   131.845298    77.235839
    4.856067     4.229915    11.577208     7.212963   148.268323    77.585947
    4.679978     4.281364    11.657375     7.368327   125.298218    98.036689
    5.145296     4.423973    11.548520     7.229242   146.164214    72.528120
    5.007303     4.459668    11.608280     7.025604   135.827896    92.892277
    4.690690     4.511148    11.745070     7.148937   158.829725    67.647824
    5.148066     4.484234    11.563842     6.846733   157.786390    79.642998
    4.877185     4.307437    11.594448     7.104034   135.111186    84.466398
    5.096718     4.544792    11.609148     7.180947   143.259737    81.831689
    4.411613     4.516960    11.859319     7.405808   148.745208    73.487283
    4.347121     4.387176    11.810346     7.031070   154.354816    67.744975
    4.974763     4.462620    11.622292     7.166639   141.027968    82.748315
    5.236101     4.449676    11.522741     7.015454   147.846591    73.064447
    5.448186     4.004363    11.289189     7.093358   134.921177    86.675166
    4.959290     4.598873    11.678429     7.305548   133.128323    86.254578
    4.653790     4.592776    11.787945     6.907406   142.962548    78.529017
    5.022889     4.642985    11.664991     6.813770   144.262313    73.224058
    5.117321     4.185839    11.474237     7.113538   152.293266    74.768303
    4.998493     4.627194    11.677033     7.356795   140.033528    77.037318
    4.952387     4.616727    11.686240     6.914809   143.866969    83.356973
    4.882707     4.345207    11.608972     7.037720   147.564228    79.372786
    5.047970     4.396859    11.566584     6.958959   135.894622    81.124919
    5.324256     4.178241    11.395644     7.008562   145.582015    78.889445
    5.126188     4.644868    11.625846     6.831167   140.909422    78.362821
    5.291649     4.556559    11.536067     6.873484   147.894121    78.301217
    5.003068     4.203209    11.521843     7.251824   146.803238    80.207789
    4.767201     4.731016    11.795214     6.771418   147.759574    71.355017
    5.401067     4.383224    11.437922     7.016387   137.085030    88.036666
    4.652220     4.747684    11.859341     7.223969   147.576326    76.116499
    4.730734     4.303834    11.645099     7.088761   146.938636    86.439655
    4.702029     4.281255    11.653246     7.402216   144.411507    72.290333
    4.579499     4.526501    11.792019     7.248929   145.941526    68.754619
    5.266328     4.253919    11.456533     7.496556   131.987339    75.994642
    5.218488     4.316467    11.484897     7.129861   148.012011    71.980396
    5.171546     4.291096    11.500307     7.371943   142.142367    77.503236
    4.828145     4.264912    11.596528     7.134706   144.390765    78.575995
    4.836269     4.759403    11.787683     7.049634   151.106433    67.238821
    4.806062     4.836980    11.825963     6.905912   139.375299    87.418216
    5.527006     4.742554    11.529208     7.225944   151.828893    74.760735
    4.770256     4.730634    11.800932     6.966403   151.359513    71.185474
    4.824899     4.353199    11.629581     6.957758   141.453917    89.477715
    5.063744     4.487970    11.587577     6.727308   145.429123    85.841071
    4.484295     4.719328    11.907792     6.958502   143.071676    84.706755
    5.317664     4.797606    11.608489     6.993491   143.723796    76.550522
    4.908373     4.732936    11.750113     7.285444   138.078011    79.873102
    4.864136     4.554259    11.691662     6.840643   140.591873    77.700292
    4.804187     4.540988    11.706535     6.804530   140.778612    82.809991
    5.036071     4.618226    11.655233     6.926947   143.173188    81.714100
    5.199408     4.222228    11.461122     7.226213   142.398529    80.520459
    5.599345     4.175937    11.316986     7.295707   137.710534    80.669515
    5.267460     4.160947    11.422522     7.303812   144.461264    73.516958
    4.715096     4.618126    11.772718     6.845965   141.216941    84.593526
    5.291036     4.729344    11.592051     7.064015   131.174904    86.286300
    5.036143     4.649039    11.668137     7.133433   143.202736    76.711337
    5.121051     4.593314    11.613472     7.041543   134.682797    86.926785
    5.096606     4.543979    11.591276     6.692763   137.749235    98.150651
    5.356272     4.491713    11.469698     6.619171   147.330649    74.685018
    4.747773     4.375124    11.659149     6.856408   138.191829    77.292702
    5.042164     4.148755    11.488026     7.318668   138.114881    83.717351
    4.851567     4.231161    11.579982     7.408704   132.781041    80.075337
    5.037552     4.357262    11.548500     6.849166   133.880948    81.453973
    4.820066     4.255206    11.582577     6.866307   136.895480    79.970902
    4.971772     4.634191    11.685086     6.972369   136.147514    87.703753
    5.277862     4.698939    11.593833     7.253700   140.022607    72.506979
    5.256654     4.442273    11.519886     7.258990   149.328393    69.470190
    4.861933     4.339455    11.623244     7.455999   139.572793    78.433191
    4.917962     4.511322    11.670636     7.411653   141.056662    87.004178
    5.141222     4.465864    11.561696     6.976291   149.259202    63.798218
    5.551155     4.464069    11.391334     6.861852   130.781031    82.175063
    4.608510     4.052041    11.556896     6.992155   132.058865    70.479175
    4.840950     4.545017    11.690468     6.733152   142.274997    81.956843
    4.849058     4.454676    11.665640     7.184441   143.000602    86.219024
    4.928449     4.608186    11.717652     7.588715   143.299884    79.732837
    5.173477     4.355258    11.515155     7.115601   149.471928    75.775525
    5.132489     4.531049    11.585874     6.983175   132.303355    93.931291
    5.288793     4.241046    11.442316     7.327541   143.972742    70.649173
    5.320961     4.050027    11.357913     7.246777   135.137687    83.831894
    4.680195     4.177622    11.611080     7.211833   144.237791    73.302193
    5.481991     4.388608    11.409320     6.989895   141.845880    74.604063
    4.921293     4.540239    11.671205     7.160388   146.973386    74.149137
    5.167767     4.494248    11.559591     7.097408   141.210469    74.850755
    5.327164     4.657648    11.566565     7.284079   139.513090    83.400551
    4.903414     4.350965    11.612847     7.408341   141.241013    81.424874
    4.773972     4.226483    11.595350     7.057514   135.460306    90.687613
    4.900876     4.650251    11.727659     7.232478   150.026976    85.535574
    5.086679     4.367029    11.570094     7.544305   138.712362    86.632217
    4.689019     4.305417    11.658224     7.052474   143.366397    87.148379
    5.034923     4.312144    11.541972     7.071565   140.630192    72.725363
    5.439978     4.480526    11.457079     7.021099   142.882412    71.731302
    5.378610     4.572781    11.499657     6.941324   130.164313    81.187566
    5.282177     4.050943    11.362661     7.142818   135.113183    82.333882
    4.985221     4.219615    11.529442     7.331131   139.543286    64.138463
    4.909856     4.648976    11.718409     7.104956   152.997540    47.595168
    5.202492     4.588877    11.580941     7.258768   136.687729    74.912798
    5.392701     4.108101    11.351955     7.146636   138.453858    83.989356
    5.175935     4.484993    11.552145     7.100199   134.064258    78.931690
    4.943394     4.341139    11.585445     6.990036   144.835015    81.517493
    4.860703     4.264469    11.597146     7.393534   139.266061    91.048326
    5.119571     4.507206    11.587271     7.228315   147.574747    70.238052
    5.076431     4.464683    11.582006     7.137332   136.876520    75.688679
    5.120093     4.471178    11.554040     6.647317   147.483176    74.984238
    5.145599     4.648932    11.623327     6.900562   146.214928    70.570524
    5.322530     4.419801    11.477862     6.920907   148.988112    63.004955
    5.175210     4.416238    11.532182     6.968869   154.097599    55.467384
    5.390643     4.019766    11.322318     7.036354   153.220652    75.082084
    5.291809     4.172619    11.422686     7.307685   152.595617    55.178133
    5.262391     4.304548    11.479496     7.365163   145.213441    79.242098
    4.723519     4.464604    11.706134     6.833361   145.580723    78.183135
    4.915427     4.590563    11.692223     7.179198   144.921541    73.835310
    5.327060     4.145160    11.380542     7.074111   139.710425    73.590756
    5.174668     4.175167    11.447085     7.321196   131.430528    76.263551
    4.584286     4.406634    11.736213     7.015039   138.911711    86.730142
    4.907453     4.494428    11.658936     7.106993   141.009598    78.218656
    5.184897     4.557046    11.582524     7.154348   141.824635    87.028013
    4.605841     4.583955    11.808013     7.286694   144.014238    78.338441
    4.677685     4.454268    11.722305     6.935967   145.240720    76.066782
    5.049035     4.843388    11.733256     7.127504   139.176248    79.315326
    5.565189     4.270508    11.352268     7.276258   134.878038    82.124796
    5.291963     4.349115    11.468931     7.206385   130.282932    95.889598
    5.410561     4.258406    11.383456     6.956694   135.872247    75.660275
    5.027959     4.523426    11.622395     6.970108   140.825063    66.934572
    4.683812     4.468480    11.728011     7.301018   130.654489    74.361848
    5.024452     4.233143    11.509561     6.952269   138.956900    67.888082
    5.382681     4.348990    11.433370     7.100742   141.897520    62.209963
    5.075592     4.308847    11.534732     7.237570   152.360516    61.813904
    4.940946     4.251642    11.553894     7.047867   158.199693    68.065599
    4.667724     4.504182    11.748199     7.085898   136.265702    76.881677
    5.166137     4.297852    11.485276     7.052289   134.476065    60.294875
    4.832926     4.348889    11.623994     6.944909   144.873784    62.616096
    5.165216     4.465945    11.554555     7.207530   146.531491    61.193145
    4.582136     4.671872    11.850286     6.971754   144.688247    73.782890
    5.070584     4.655707    11.656789     6.920084   149.645333    83.156020
    4.328935     4.377144    11.815611     7.147775   147.532722    87.876934
    4.729341     4.130020    11.570066     7.075814   143.195347    77.695200
    4.846471     4.575708    11.712282     7.076809   149.282056    72.529614
    5.028438     4.610187    11.659109     7.155234   153.294998    66.997971
    5.040194     4.756315    11.707162     7.154301   146.241830    73.389787
    4.696350     4.552816    11.754119     6.881929   138.998144    81.034152
    4.600534     4.273781    11.682903     7.287330   153.270613    74.763778
    5.241124     4.644115    11.587716     7.011191   143.814089    78.207532
    4.864578     4.279532    11.591894     7.126629   157.828944    61.524500
    4.940957     4.239363    11.549131     7.087624   148.847713    75.991947
    5.539723     4.344738    11.384481     7.084988   144.824232    83.915033
    4.818304     4.411509    11.662184     7.325178   146.047010    77.878973
    4.879733     4.375073    11.620807     6.997736   139.813927    91.673758
    5.382804     4.343513    11.433128     7.130031   139.500789    77.312035
    5.169216     4.494366    11.562838     7.108619   137.219106    88.583142
    5.164447     4.572367    11.607584     7.395804   147.691238    77.693693
    4.794901     4.352191    11.643969     7.127671   149.674490    81.747594
    4.979439     4.411737    11.600652     6.961428   149.128885    85.368291
    5.074932     4.715695    11.686039     7.248083   148.562773    82.093673
    5.150893     4.387095    11.537710     7.151242   157.854331    65.234744
    4.838208     4.247278    11.593758     7.217156   151.983683    84.313496
    5.025866     4.421223    11.600705     7.358800   138.432217    96.558991
    4.862050     4.766539    11.781328     7.145220   146.433228    74.680446
    5.033677     4.482351    11.613582     7.217012   150.655599    78.772810
    4.900509     4.423125    11.646061     7.410648   149.213962    77.661787
    5.138277     4.505528    11.585394     7.225532   155.092811    67.604002
    5.025784     4.348450    11.562873     7.230456   145.212021    73.896439
    5.506116     4.486058    11.476023     7.435974   154.279157    69.148015
    4.788395     4.304156    11.630712     7.255718   149.693838    79.164597
    5.320863     4.285444    11.430784     6.907088   146.765304    77.808004
    4.761940     4.522014    11.722375     7.039548   141.118592    91.321769
    4.992590     4.658299    11.688841     7.108819   145.824445    76.221990
    5.384762     4.422288    11.460115     7.035250   143.895553    78.773931
    5.227313     4.741945    11.626889     7.094652   137.485574    86.738357
    4.758334     4.224965    11.604132     7.201455   134.340089    91.079239
    5.111115     4.336876    11.535141     7.135662   162.905627    62.602009
    5.052029     4.537210    11.622598     7.208227   145.980392    75.809640
    4.830483     4.344082    11.655101     7.481194   154.809315    82.556006
    5.275078     4.300858    11.462434     7.168334   144.508399    80.992995
    4.711713     4.377482    11.693377     7.410893   150.682586    76.272559
    4.684761     4.618857    11.787345     6.930365   152.117004    78.694952
    5.361779     4.619314    11.533711     7.000435   144.663232    77.367111
    4.902073     4.714164    11.749558     7.369472   145.593753    68.575056
    3.744048     4.308572    12.035534     7.507878   153.376197    69.440740
    5.087153     4.633165    11.639336     7.165099   136.589438    71.108306
    4.731501     4.320094    11.648026     6.983224   145.733347    65.540714
    5.606461     4.403874    11.373323     6.952513   154.876735    60.618365
    4.898211     4.337635    11.605540     7.275534   144.176448    82.269531
    4.927614     4.579866    11.678595     6.832838   155.544428    63.941053
    4.837136     4.493877    11.683620     7.068890   145.469544    72.018005
    5.055522     4.894321    11.751572     6.986293   146.798005    90.895533
    5.238966     4.562788    11.570743     7.157065   146.238860    90.814700
    4.857063     4.650036    11.724030     6.686779   155.612064    69.332088
    5.270241     4.242829    11.450108     7.215505   150.633194    75.658855
    5.115209     4.648328    11.647692     7.245895   149.667211    82.681968
    5.057560     4.264990    11.538432     7.430334   148.533278    75.894368
    5.068206     4.374880    11.556508     7.072988   148.241365    74.474879
    4.848637     4.305978    11.605971     7.091985   151.195809    73.689858
    4.969698     4.276971    11.546892     7.009294   135.397856    72.207606
    5.172827     4.698546    11.639173     7.254997   148.320713    71.471943
    5.117358     4.344078    11.530023     7.226123   144.340138    75.544674
    5.535962     4.153822    11.339624     7.345703   144.867057    69.268599
    5.142759     4.522124    11.580769     6.910768   151.099237    72.380993
    4.743622     4.612505    11.764710     6.995592   141.424501    87.276776
    5.058110     4.227939    11.494408     6.867832   141.824751    79.446219
    5.057035     4.570886    11.627598     6.920666   137.475784    77.898629
    5.509039     4.334616    11.378432     6.849824   152.178496    68.741134
    5.027410     4.257157    11.526255     7.118157   142.637162    78.184704
    5.588868     4.593263    11.434012     7.030762   131.861731    95.741394
    5.009661     4.341813    11.560040     6.910173   142.133845    88.081794
    4.876067     4.337122    11.608297     7.212092   136.900220    83.968712
    4.902257     4.085877    11.498748     7.137748   141.324715    72.708585
    4.921697     4.336283    11.591032     6.994891   155.568608    53.715557
    5.231218     4.514910    11.548317     7.198909   141.031224    81.217637
    4.733962     4.662893    11.789537     7.136875   143.543743    67.999315
    4.628654     4.369877    11.715223     7.443277   142.135046    72.873129
    5.247938     4.465251    11.520152     6.986323   140.511639    70.028885
    5.013863     4.450718    11.600407     6.896124   149.900306    67.038912
    5.472659     4.143184    11.328831     7.012768   141.160450    76.285888
    5.254559     4.438062    11.520507     7.326098   148.554229    61.333095
    5.157589     4.597553    11.599368     7.154866   136.320518    73.702779
    4.745705     4.337037    11.653209     7.227540   135.256975    85.398058
    4.887610     4.635110    11.727148     7.307376   156.904678    62.303274
    5.097805     4.447644    11.566191     7.024749   131.745829    80.191536
    5.349639     4.264308    11.408478     6.880280   143.259033    73.446448
    4.719791     4.346410    11.662065     6.985925   136.576065    78.971148
    5.023274     4.358907    11.552421     7.101231   118.613279    88.705792
    4.727319     4.320535    11.653942     7.157962   152.366234    56.079682
    4.781812     4.455103    11.690505     7.359772   143.381975    72.473606
    4.970833     4.326547    11.570260     7.117884   138.126488    80.082736
    5.019964     4.208744    11.506089     7.112198   134.974104    76.808201
    5.770432     4.288056    11.285997     7.133785   143.610549    76.580670
    4.640711     4.512347    11.761170     7.036723   156.142467    74.568140
    5.182782     4.268086    11.472729     7.015691   139.917563    73.030455
    5.179060     4.282623    11.480833     7.064722   137.638165    80.923936
    4.990217     4.021092    11.448337     7.108579   145.477397    89.432904
    4.976530     4.487994    11.629223     6.921929   151.969505    78.426947
    5.037265     4.209723    11.510988     7.176654   151.985442    73.364441
    4.870618     4.458311    11.657658     7.171608   145.241213    75.705821
    5.199282     4.193824    11.445822     7.060912   143.827601    84.374448
    5.496149     4.611341    11.483410     7.113739   145.125240    73.338348
    5.142366     4.736803    11.648056     6.768108   139.439209    82.353162
    5.158340     4.608839    11.608946     7.059873   146.526392    80.286835
    4.752680     4.383672    11.671168     7.184912   151.666402    74.203360
    5.160859     4.249215    11.479071     7.127042   142.773147    78.434906
    5.005853     4.258674    11.533667     7.006472   154.713302    73.219381
    5.180876     4.093619    11.407834     7.047893   136.676203    84.726939
    4.550452     4.119971    11.623324     7.114107   143.793410    82.439749
    5.176337     4.134496    11.433023     7.150656   144.861561    70.786273
    5.027442     4.489530    11.607836     6.835418   156.967194    64.104348
    5.305140     4.478947    11.502880     6.902737   142.649238    73.828958
    4.761801     4.282497    11.624939     7.066276   157.282125    64.773561
    4.482862     4.124540    11.649093     7.175505   140.442629    84.298743
    5.219284     4.409598    11.509864     7.072262   127.138242    98.717693
    4.747836     4.422979    11.683047     6.894448   150.500299    72.945766
    4.569959     4.330049    11.709646     7.097951   152.441450    68.398834
    5.074172     4.847356    11.719930     6.909001   142.227145    70.595096
    5.151553     4.427534    11.531734     6.874944   128.323145    85.726524
    5.410144     4.098626    11.337502     7.116356   133.911420    88.363222
    4.991549     4.418419    11.597345     6.936918   150.611647    70.476627
    5.745040     4.518911    11.349571     6.873940   143.278242    92.426756
    4.841584     4.288318    11.600870     7.111024   140.779680    84.725752
    4.737302     4.633157    11.775589     7.025309   142.084297    73.310013
    5.251112     4.410558    11.500132     6.938266   139.983204    83.890937
    5.464623     4.095441    11.330758     7.361894   124.454480    96.317286
    5.306228     4.493630    11.516726     7.213031   138.861521    87.480859
    4.960782     4.694716    11.713004     7.173740   137.301226    79.816581
    5.020122     4.065368    11.453540     7.061373   150.321955    70.824199
    4.527954     4.329203    11.740644     7.492716   142.066687    85.074844
    5.429993     4.332100    11.426744     7.287243   149.423386    63.019163
    5.132715     4.360330    11.513243     6.801608   134.884608    81.769438
    4.739750     4.219296    11.596626     6.896250   153.395899    50.696478
    5.311113     4.243009    11.436057     7.430814   137.392140    67.129543
    5.007503     4.561024    11.644263     7.394892   130.530729    64.543352
    4.983415     4.382338    11.588060     7.093314   147.786748    64.217108
    5.313429     4.559528    11.531068     6.961853   148.891704    67.839441
    5.424657     4.464305    11.453875     7.055712   137.473214    70.809621
    5.267352     4.408757    11.497509     6.955983   158.720131    56.970427
    4.915248     4.226903    11.557078     7.214466   146.578113    80.824970
    4.865029     4.280998    11.596152     7.339002   138.715338    85.974040
    5.041037     4.532513    11.622011     6.946025   143.225839    76.230712
    5.314992     4.281994    11.442481     7.095374   153.351871    69.855790
    5.538096     4.216564    11.344278     7.248562   137.933484    77.845100
    4.754654     4.400154    11.678193     7.308024   137.549656    87.102579
    4.781213     4.372916    11.654149     7.037108   140.701779    80.756273
    5.236768     4.383629    11.522670     7.445300   146.107035    79.904455
    5.164624     4.687710    11.641213     7.197808   139.032810    97.767561
    5.103758     3.917820    11.372765     7.148858   148.649778    68.534482
    4.739636     4.412877    11.699429     7.477173   147.264024    74.996862
    5.694253     4.236126    11.324023     7.331556   148.502435    77.256438
    5.123895     4.358673    11.527874     7.260184   130.444011    85.700591
    4.870200     4.318826    11.608661     7.238358   155.960839    64.667323
    4.954305     4.664827    11.701234     6.848879   143.241182    87.879167
    5.459660     4.447457    11.457972     7.296730   143.039747    86.508009
    4.732256     4.458723    11.710120     7.263222   151.750145    72.303404
    5.625393     4.509246    11.419611     7.325061   144.454102    76.538888
    5.512041     4.298774    11.386987     7.090065   160.236078    64.746389
    4.978809     4.215091    11.526772     7.025227   146.039235    92.622537
    5.335977     4.478420    11.502612     7.209346   149.638823    68.876477
    5.170760     4.232073    11.455406     6.917870   135.823749    71.489120
    5.154135     4.347418    11.521406     7.086990   154.727829    77.243549
    5.030813     4.222652    11.514921     7.286490   134.593005    85.759933
    5.117413     4.058293    11.418643     7.055516   147.989592    68.106280
    4.738290     4.494420    11.723352     7.088659   152.588232    94.021394
    5.234350     4.165332    11.421184     7.132631   139.205371    73.896136
    4.962046     4.282149    11.554208     7.065663   132.429281    90.145239
    4.593618     4.579389    11.813647     7.314562   150.795668    76.078188
    4.533605     4.475132    11.780397     6.922077   136.600549    75.749290
    5.202977     4.778923    11.633937     6.740226   134.885699    85.690212
    5.115126     4.604838    11.629149     7.192840   150.972860    79.652110
    4.982438     4.622243    11.683088     7.307119   140.529424    85.596349
    5.153729     4.515287    11.570103     6.851960   143.007252    69.882249
    5.427067     4.509803    11.462742     6.829047   140.285126    81.491594
    5.209168     4.592805    11.577726     7.373756   125.419548    81.322483
    4.846957     4.245080    11.591312     7.240315   154.795755    79.244213
    4.792319     4.430207    11.675411     7.208064   151.361436    69.480653
    4.850449     4.257122    11.584748     7.097373   140.319369    82.979421
    4.939310     4.369292    11.597951     7.042835   138.943272    85.115264
    5.243532     4.313887    11.482071     7.072986   160.960183    73.695706
    4.650961     4.417409    11.717992     7.068342   143.423600    78.174155
    4.676142     4.543031    11.766391     7.289149   145.118453    84.994621
    5.299195     4.779282    11.628213     7.222359   145.916615    92.718750
    5.087581     4.669765    11.652544     7.064728   136.906405    72.719103
    5.007042     4.614561    11.664387     6.903207   154.489821    61.553998
    5.095010     4.779349    11.701598     7.346352   148.893679    65.008019
    4.800361     4.348007    11.643075     7.307109   150.468593    59.805272
    5.063923     4.593818    11.641601     7.305229   139.177384    85.940348
    5.169775     4.513410    11.572289     7.262062   145.678571    73.175405
    5.443574     4.727119    11.541131     6.960886   159.242418    63.958926
    5.091923     4.253942    11.508796     7.163449   151.891462    73.243665
    5.306627     4.201274    11.416959     7.231464   141.708236    75.365249
    4.869694     4.298669    11.584916     6.837290   142.308472    72.194080
    4.847711     4.294290    11.597337     6.942145   148.757657    73.098793
    4.543464     4.473567    11.781100     7.089490   146.093919    83.691536
    5.315592     4.564889    11.541393     7.139807   159.343797    55.414336
    4.875468     4.193958    11.556135     7.277232   139.030264    81.893304
    5.002209     4.601778    11.662412     6.998221   138.270091    84.496666
    5.028765     4.245872    11.518263     7.059738   141.125505    68.524138
    4.908573     4.541676    11.676039     7.057068   153.684830    66.751381
    4.674489     4.286085    11.656407     7.148226   146.462680    74.014788
    4.689805     4.802903    11.861879     6.962825   149.168107    72.916365
    5.188646     4.660211    11.618114     7.208164   140.229039    87.389672
    5.071361     4.585881    11.632202     7.029604   152.462447    67.539847
    4.930184     4.425451    11.620728     6.914485   141.587297    85.547839
    4.968244     4.493019    11.635908     7.040954   149.216126    74.313634
    4.712218     4.360738    11.678614     7.327447   147.944886    71.275038
    5.126440     4.560599    11.602336     6.923245   150.513973    84.863082
    5.368187     4.784021    11.597046     7.235939   145.680203    79.903389
    5.020063     4.855964    11.744093     6.850084   144.035231    74.908683
    4.729259     4.635653    11.781432     7.121024   159.417327    58.717900
    5.111503     4.353748    11.535657     7.019143   153.258056    80.733635
    4.938299     4.758441    11.743887     6.891889   156.877924    68.549628
    5.053372     4.259420    11.519914     7.036440   156.346111    72.180143
    5.122531     4.479839    11.576079     7.030916   148.224458    80.265329
    4.488602     4.627489    11.856927     6.785606   146.931668    81.699022
    5.025057     4.409039    11.586741     7.153729   154.554232    67.238419
    4.631165     4.211992    11.644181     7.283379   144.293153    76.699426
    5.139108     4.516256    11.588617     7.357262   143.392324    77.362996
    5.027795     4.499974    11.620107     7.210407   144.822817    83.779720
    5.006171     4.559618    11.642422     6.911991   137.405738    78.174574
    4.759275     4.749756    11.813642     7.005331   153.339459    69.796893
    4.923644     4.371091    11.604632     7.039594   142.648732    81.886984
    5.094684     4.747502    11.680282     7.034086   138.457167    87.411079
    4.785770     4.117121    11.556215     7.283492   143.730301    76.407264
    4.774165     4.773936    11.816067     6.958639   141.089634    85.224516
    5.367946     4.319832    11.426792     6.939292   142.877514    81.523867
    5.133857     4.540135    11.595318     7.287890   139.356275    84.199669
    4.988659     4.637001    11.683650     7.036355   152.251267    79.981644
    5.236647     4.265293    11.450604     6.896354   142.721597    81.314243
    5.304226     4.363097    11.468276     7.157824   142.413298    71.849634
    5.248342     4.660984    11.595179     7.023419   149.551387    83.794368
    5.440473     4.575302    11.486439     6.914507   147.157989    72.540179
    5.495166     4.451873    11.413924     6.814492   138.335971    81.247415
    4.958698     4.511844    11.642279     7.102902   129.923391    84.087336
    5.060372     4.437730    11.582306     7.192117   137.147439    87.482154
    5.173057     4.721779    11.636757     6.836195   151.169244    72.270502
    5.267956     4.505369    11.536033     7.297633   141.981297    79.070652
    5.374658     4.642628    11.522422     6.882763   133.358247    69.857587
    5.190982     4.372340    11.510370     7.275571   137.454257    72.103349
    4.995988     4.429850    11.611834     7.373029   142.674434    85.871503
    5.175464     4.950690    11.716514     6.888148   153.376055    64.491683
    4.809171     4.433314    11.666871     6.917580   147.212207    80.173855
    5.010539     4.663635    11.692251     7.352961   144.790249    82.083978
    5.104088     4.614261    11.630987     7.028511   148.322406    79.270690
    5.268941     4.238434    11.439068     7.024432   151.272933    74.573593
    5.102284     4.610859    11.627543     7.112714   140.517678    76.974154
    4.705733     4.796987    11.854095     7.040478   138.549751    81.663618
    4.797968     4.511246    11.705127     7.246184   139.594922    84.053565
    5.096800     4.412885    11.558519     7.140878   141.903022    77.705928
    4.702205     4.133089    11.588279     7.274067   140.559446    83.114018
    5.206670     4.494173    11.550234     7.052612   143.850783    83.172822
    5.322858     4.119501    11.360405     6.855401   139.807328    93.162743
    5.363130     4.219332    11.395412     7.002019   140.666440    86.390015
    4.892131     4.202591    11.554365     7.167858   152.213590    74.181888
    4.708361     4.028546    11.519748     6.916605   151.104876    77.797893
    4.891137     4.264412    11.558218     6.752543   149.897906    73.118185
    4.853222     4.352309    11.625327     7.238111   143.056858    84.734907
    4.780270     4.665280    11.768225     6.857315   148.087041    73.244643
    4.791861     4.459798    11.675626     6.789693   138.062853    81.726037
    5.291679     4.494008    11.513881     6.956875   138.585639    80.634654
    4.905513     4.427043    11.632126     6.985344   146.131358    74.796583
    5.394509     4.523926    11.501081     7.176515   152.356684    74.745151
    5.170567     4.205685    11.459521     7.026846   151.301104    73.665028
    5.060003     4.473058    11.590062     7.036050   134.476985    70.983255
    4.456645     4.529302    11.832146     6.908466   153.111257    67.337266
    5.256887     4.757412    11.607299     6.882263   127.538787    91.382928
    4.973632     4.532249    11.650372     7.229543   142.531240    83.290621
    5.496287     4.460826    11.467524     7.338105   155.817399    77.734616
    5.127364     4.627360    11.630955     7.268582   149.480920    69.915765
    5.457794     4.322111    11.394825     6.881144   147.594733    82.031812
    5.015765     4.377552    11.574192     6.980708   144.004356    81.664349
    5.126009     4.330194    11.513680     6.876045   144.602595    80.433473
    4.993473     4.629245    11.676520     7.001507   142.106743    80.409533
    4.606778     4.427277    11.737629     7.090873   132.834892    78.140389
    5.098620     4.511856    11.593903     6.951313   148.496287    72.591221
    4.952413     4.294567    11.566158     7.178979   145.597001    65.799385
    4.878375     4.518897    11.679435     7.152143   153.748832    69.156140
    5.172869     4.746191    11.643445     7.097621   129.703260    82.590801
    5.065161     4.709140    11.671781     6.821202   140.354064    78.703560
    5.180268     4.237414    11.477825     7.267595   146.692887    78.889280
    4.917758     4.077439    11.493056     7.091702   156.492588    64.579974
    4.721741     4.421021    11.698143     7.300714   137.667142    87.621841
    5.134534     4.427960    11.556960     7.264515   143.756737    81.641247
    5.145173     4.406978    11.531509     6.775580   150.867168    77.509801
    5.216322     4.744893    11.637997     7.185800   144.383253    82.565904
    4.943311     4.853951    11.784101     7.163914   138.868089    91.647546
    4.874385     4.629790    11.725096     7.136231   142.263283    90.394106
    5.390665     4.781529    11.573069     6.886005   147.760182    81.929848
    4.619432     4.430004    11.740674     7.290436   148.825874    81.986336
    5.013925     4.393877    11.574459     6.835492   142.097988    73.626059
    5.098073     4.555404    11.608148     6.916099   137.415163    93.578143
    4.598696     4.713273    11.857330     6.879609   150.174670    86.345710
    4.783274     4.809224    11.832175     7.231758   146.367139    76.936471
    4.455179     4.709362    11.911160     6.887711   138.338216    86.602561
    5.359510     4.772874    11.584609     7.000240   141.703812    83.980039
    4.488544     4.604226    11.859866     7.146898   146.850316    77.693147
    4.689344     4.580269    11.772081     7.201469   138.778330    77.597724
    5.133342     4.809632    11.686478     6.938991   148.251790    78.571188
    5.090523     4.705909    11.661874     6.884872   133.786120    94.269869
    5.476185     4.600293    11.480887     6.911136   149.851305    65.624122
    4.734867     4.280476    11.638008     7.304790   146.918472    70.244835
    5.126160     4.652011    11.632505     7.250614   131.033321    86.731081
    5.227401     4.316639    11.488251     7.305154   144.942011    75.408980
    5.386725     4.670577    11.535993     6.928167   139.430772    81.847626
    5.217156     4.583990    11.580313     7.329745   139.868097    78.062874
    5.452830     4.696462    11.525661     7.150886   141.407699    74.382147
    4.456094     4.325756    11.749136     7.190987   134.261530    84.347355
    4.238354     4.269547    11.781029     6.908483   152.081910    77.494251
    4.935609     4.796701    11.758934     6.975062   135.160214    87.617374
    4.537232     4.484530    11.793974     7.360663   141.622380    82.840503
    4.819384     4.625406    11.740963     7.201057   135.023077    82.388808
    4.670689     4.576214    11.776181     7.041663   130.612930    89.554954
    5.278647     4.672721    11.576569     6.879268   135.461057    91.701601
    4.812702     4.520013    11.703174     7.104576   157.279798    60.855969
    4.931360     4.608356    11.693328     7.068772   146.645097    77.033966
    4.743438     4.056891    11.557661     7.495856   136.419753    85.480981
    5.212448     4.514087    11.557954     7.181986   149.448892    73.428155
    4.794316     4.539681    11.717613     7.062256   140.619025    87.423014
    4.875993     4.298861    11.594048     7.174470   147.453210    66.401173
    5.023808     4.391322    11.579792     7.032274   150.294925    84.350300
    5.122235     4.761558    11.673115     6.951574   146.461698    71.534383
    5.220512     4.393939    11.506948     7.108233   134.854806    87.351671
    4.946164     4.395135    11.610438     7.346902   146.337075    66.633410
    5.066863     4.548506    11.617809     7.145090   135.272069    84.289640
    5.032207     4.585000    11.642483     7.097248   126.873558    96.116562
    5.013619     4.418417    11.608401     7.506607   138.318770    87.376249
    5.173741     4.273447    11.499514     7.229892   157.131656    78.272864
    5.180246     4.620670    11.603196     7.136056   141.667642    79.715807
    5.409498     4.377042    11.486297     7.549775   149.568797    79.577640
    5.238238     4.552690    11.559564     7.226052   146.872063    60.611306
    5.589120     4.185414    11.310458     7.127507   133.259439    95.501701
    4.793784     4.201651    11.576840     6.973572   148.070658    70.330721
    5.316801     4.205126    11.408543     7.096726   143.906934    67.645250
    4.913375     4.283780    11.561179     6.785840   144.634324    76.347293
    4.748827     4.271765    11.615758     6.948046   131.443765    82.476023
    4.624547     4.286570    11.665469     6.902048   151.049956    73.815491
    5.011152     4.190012    11.503078     7.027707   145.887837    68.736048
    4.449210     4.223604    11.697744     7.006416   153.538135    78.980733
    4.779346     4.350336    11.640319     6.864646   151.035248    66.652426
    5.155721     4.401089    11.529025     7.038815   136.199450    67.378793
    5.000642     4.354917    11.570259     6.961202   145.115364    79.740825
    5.110194     4.084670    11.438795     7.252823   142.687384    67.201547
    4.778327     4.577643    11.740057     7.158135   149.809643    80.440378
    4.857913     4.472441    11.676541     7.326512   152.753335    76.755575
    5.054242     4.736116    11.693241     6.968970   148.102073    84.052496
    5.226838     4.704689    11.613841     6.881220   155.841857    79.491898
    5.147419     4.650552    11.632452     7.308064   145.883772    74.521892
    5.128658     4.669765    11.637466     7.132785   135.535721    80.818622
    4.823764     4.638010    11.743841     6.969403   153.196746    70.895067
    5.459314     4.569881    11.466832     6.869127   135.382147    74.736484
    5.161708     4.953275    11.721446     6.813407   153.888228    79.182900
    5.068073     4.622062    11.645986     6.999432   140.812840    86.642992
    4.688413     4.694565    11.800436     6.698404   131.257026    90.881828
    5.091682     4.499129    11.590027     7.050371   137.509823    77.826291
    4.889121     4.591082    11.693120     6.754758   153.112682    83.851670
    5.138957     4.741326    11.658511     7.054017   137.010692    79.191330
    5.047584     4.196229    11.511228     7.352416   144.510145    84.164776
    4.570825     4.442160    11.748168     6.857571   134.978840    90.242769
    5.459213     4.258776    11.371794     7.026135   139.400491    70.103998
    4.956936     4.275858    11.542139     6.804706   139.322850    75.269513
    5.032981     4.170262    11.491081     7.177554   137.095471    81.012194
    5.107100     4.687031    11.647828     7.085046   130.286718    75.153882
    5.145185     4.766418    11.662629     6.922832   138.917383    76.635792
    4.869961     4.171560    11.538808     7.006508   139.772540    74.691202
    5.178126     4.713950    11.630208     7.119005   129.139317    83.497955
    5.291302     4.692547    11.583080     6.913094   139.983487    94.137541
    4.957503     4.694034    11.717463     7.218395   138.955821    87.867858
    5.222346     4.616190    11.580244     6.827077   146.936760    75.166251
    4.684194     4.389582    11.687641     6.921054   129.809885    93.925722
    4.748429     4.917176    11.887761     7.089479   148.407546    78.507813
    4.738933     4.598604    11.758479     6.995712   130.199201    92.105838
    4.893064     4.645866    11.722085     7.114063   147.945445    72.427616
    5.129497     4.600226    11.619264     7.040747   152.010451    83.224810
    4.964430     4.330063    11.568024     6.874328   139.094228    87.467898
    4.953923     4.553866    11.661511     6.936960   139.090484    81.384497
    4.513712     4.630845    11.853745     6.881647   135.502511    81.586685
    4.349110     4.485481    11.855930     7.043544   133.378157    90.099789
    4.990634     4.540974    11.644184     7.042714   142.406013    67.622775
    4.767427     4.748017    11.808845     7.086443   132.932045    81.898079
    4.900923     4.423655    11.628853     6.953763   134.670933    79.809507
    5.096320     4.517194    11.590320     6.818497   139.182320    83.443633
    5.179419     4.655423    11.602652     6.702341   143.214987    84.445585
    5.042028     4.638599    11.661233     6.948496   149.947059    73.631528
    5.559119     4.717673    11.492139     7.026995   150.601006    66.162078
    4.950066     4.524508    11.653839     7.112969   137.729235    82.911305
    5.299548     4.554287    11.530972     6.998808   135.741933    81.464311
    4.958077     4.502347    11.640536     7.120060   133.707854    81.431861
    4.863432     4.405410    11.639605     7.027939   155.749253    76.465036
    5.117838     4.159761    11.469383     7.235365   142.451466    89.592127
    4.796842     4.493062    11.696129     6.982227   137.132694    83.256296
    5.199351     4.648410    11.600778     7.022079   134.558206    79.296062
    5.229697     4.327177    11.482574     7.147869   137.641273    85.500684
    4.966991     4.580910    11.667670     7.017357   138.146030    79.039579
    4.773505     4.320914    11.632673     6.927789   146.601020    80.464019
    4.843188     4.290930    11.600455     7.029530   143.477230    87.767634
    4.599189     4.444096    11.746920     7.106915   128.373368    81.744317
    5.210542     4.296621    11.482374     7.128070   151.646102    69.511799
    5.055085     4.738779    11.678626     6.687544   140.043741    79.358638
    5.040261     4.266160    11.513010     6.846143   138.135910    81.100232
    5.430648     4.834023    11.566388     7.055246   132.023863    67.598824
    4.841764     4.262453    11.597186     7.300606   151.774921    63.111745
    4.851462     4.362051    11.645798     7.541284   137.027444    90.404892
    5.038552     4.469185    11.604404     7.299556   141.997050    80.785876
    4.939031     4.652153    11.705396     7.193185   133.369622    86.940122
    4.669523     4.395689    11.715609     7.414037   140.363166    93.354732
    5.230756     4.257112    11.465810     7.263088   135.616555    95.294750
    4.943782     4.329357    11.576985     6.965594   134.354571    87.957404
    5.480364     4.391955    11.423628     7.284474   138.598045    82.289069
    4.630734     4.097025    11.604698     7.381893   148.567987    76.112115
    5.313916     4.446861    11.499640     7.217537   150.257933    65.168315
    5.262780     4.182388    11.426791     7.225830   148.004932    62.765161
    5.116407     4.166248    11.470594     7.390244   136.047439    75.632624
    4.716657     4.478861    11.724225     7.382661   143.340151    67.388427
    4.683663     4.461405    11.737757     7.520192   142.994440    59.226498
    5.157490     4.370285    11.532796     7.403960   137.689198    84.425838
    4.837549     4.525733    11.696204     7.060544   146.863401    79.315282
    5.145773     4.337028    11.523161     7.449440   136.134205    75.821860
    4.667226     4.226808    11.634441     7.216710   136.970523    77.780229
    4.582855     4.221381    11.668325     7.371697   139.447019    86.389289
    3.678326     4.447984    12.114055     7.301909   140.868616    88.981003
    4.734515     4.092170    11.565032     7.312440   144.385463    81.311474
    4.868999     4.583696    11.695344     6.760804   136.442038    82.095740
    5.420140     4.768346    11.568014     7.235276   143.897676    74.593972
    5.314036     4.512357    11.500467     6.811342   132.168486    85.304324
    5.244226     4.644935    11.579273     6.895033   135.985797    76.430299
    5.008989     4.438401    11.599733     7.280403   137.733326    79.469738
    5.677639     4.557303    11.421032     7.298496   147.271204    79.757227
    5.192794     4.467556    11.551832     7.259341   144.303797    83.046820
    5.123581     4.911246    11.728172     7.038076   149.605868    67.766694
    4.558991     4.721242    11.878598     6.927273   145.113503    79.031136
    5.535084     4.791024    11.515280     6.911198   141.041844    84.630160
    4.745344     4.522537    11.727918     7.047649   143.181782    74.544205
    5.313967     4.286226    11.449421     7.231334   147.354361    78.348904
    5.115488     4.336643    11.521934     6.912329   149.122561    72.694078
    4.444860     4.226875    11.716406     7.362083   141.342613    83.698935
    5.346188     4.676157    11.548481     6.794815   141.389595    82.101305
    5.102020     4.373043    11.544180     7.042335   144.679001    83.261678
    5.588609     4.525688    11.414827     7.030497   137.922151    84.319033
    4.984860     4.555957    11.647109     6.801447   154.499558    71.051631
    5.387895     4.724259    11.547300     6.825116   137.398322    87.598065
    5.314860     4.744129    11.590888     6.945474   142.846815    81.275464
    5.074584     4.517587    11.613056     7.405732   140.298624    80.257014
    4.925233     4.683248    11.711847     6.709710   144.237457    80.617621
    5.323055     4.362289    11.459485     6.875673   154.235631    82.091067
    5.499384     4.281657    11.381514     7.085180   158.322675    56.467879
    4.840446     4.429533    11.655691     6.964789   145.896587    77.123888
    4.716865     4.312513    11.652706     7.082115   154.489299    73.850918
    5.306346     4.469034    11.503167     7.112557   138.615336    82.169103
    5.556388     4.227924    11.357159     7.266999   152.081340    67.338160
    5.591320     4.516594    11.457812     7.371431   154.351621    79.288129
    4.945083     4.332844    11.574004     6.812884   156.367488    74.532988
    5.045003     4.427316    11.580488     6.938005   140.403536    79.241958
    4.817366     4.716225    11.780101     7.269162   140.076635    80.974562
    5.351002     4.566888    11.507999     6.787726   139.532662    77.845261
    5.215510     4.390023    11.496241     6.759252   143.636586    75.059743
    4.563006     4.231280    11.669866     7.177787   133.123041    85.735540
    5.287752     4.344961    11.472408     7.075542   147.038320    83.277472
    4.897718     4.294520    11.584150     7.138550   141.969000    78.026903
    5.493123     4.527896    11.456801     6.958440   148.957603    83.329991
    5.365082     4.401657    11.452771     6.869793   140.443087    88.323796
    5.687772     4.455286    11.362188     7.114575   142.810470    77.227361
    5.020444     4.571597    11.646883     7.018881   146.126638    84.881957
    5.162263     4.631587    11.608302     6.824624   142.183323    88.432030
    4.937886     4.322214    11.581098     7.005590   157.672229    72.457494
    4.852819     4.380684    11.630546     6.927536   151.107635    72.176527
    5.598330     4.195976    11.319085     7.043457   155.575849    71.232684
    5.298862     4.386319    11.479688     7.056329   150.550386    66.297133
    5.519746     4.608806    11.469911     7.022548   142.779607    78.840824
    4.959273     4.408911    11.606463     7.061514   147.901069    62.381324
    4.909358     4.483456    11.651363     6.945996   139.496150    83.409894
    4.746601     4.647068    11.777382     7.013096   139.854208    79.442925
    5.299758     4.779375    11.620036     7.325126   142.710916    72.988564
    4.991631     4.556347    11.649541     6.937543   150.243055    71.655419
    4.897831     4.388454    11.619957     7.296761   139.197762    67.373293
    4.915931     4.326798    11.588237     7.012277   142.114694    70.775804
    5.194778     4.614146    11.592287     7.174160   137.364239    76.503435
    4.954349     4.778779    11.745675     7.103701   129.018795    94.480216
    5.193779     4.343587    11.499147     7.077742   140.398371    79.453299
    5.128396     4.702704    11.649143     6.910065   145.193602    75.341560
    5.004617     4.563822    11.649607     7.130141   141.437832    84.457381
    5.280841     4.474833    11.517140     7.149316   134.868400    93.563060
    4.907937     4.183994    11.534452     7.053234   140.399828    79.609646
    5.203779     4.457574    11.548371     7.372171   147.587844    69.804302
    5.280741     4.425728    11.495027     6.876464   148.304626    80.336008
    4.924826     4.454609    11.625244     6.735942   147.799909    73.116326
    5.232172     4.436540    11.516771     6.909222   140.893358    91.017962
    4.902686     4.163214    11.528750     7.102803   143.099337    62.984332
    4.899157     4.510480    11.678132     7.564295   135.189157    74.285426
    4.993198     4.621719    11.681722     7.416038   144.018875    72.822923
    4.890079     4.348342    11.606979     7.281630   128.065595    90.779058
    5.075847     4.459453    11.577215     6.832465   140.143557    80.532734
    5.188906     4.651104    11.608023     7.094962   135.953012    82.541007
    4.878562     4.283596    11.571914     6.915606   126.808554    85.805585
    5.097541     4.194795    11.482384     7.159528   145.561415    75.940650
    4.850879     4.451096    11.662599     7.259005   145.298063    75.372204
    4.911339     4.649981    11.722097     7.402031   137.545495    85.150311
    4.684551     4.076532    11.548359     6.922070   142.786067    76.213788
    4.968542     4.607135    11.678718     7.196312   144.086043    75.871136
    5.003785     4.281545    11.541123     7.072490   139.740913    76.227741
    5.122177     4.474615    11.566551     6.904277   138.253995    68.832824
    5.066348     4.404949    11.564007     7.144702   132.965946    82.844111
    5.011510     4.610044    11.672283     7.195329   160.968253    70.820604
    4.889666     4.170019    11.537952     7.131249   144.580800    71.915349
    5.190274     4.088407    11.416758     7.216137   139.800712    88.390839
    5.078061     4.474195    11.590159     7.355406   141.150702    67.419963
    5.030413     4.392078    11.582669     7.223646   153.429745    74.856982
    5.112843     4.193793    11.475780     7.037704   152.303371    79.064337
    4.780935     4.172881    11.583210     7.250073   154.068810    76.315584
    5.224378     4.130501    11.430608     7.254056   154.069395    71.978209
    5.099668     4.339553    11.538038     7.478667   131.639702    76.908801
    5.019718     4.627712    11.662987     6.963818   139.259489    65.150927
    5.319152     4.498733    11.506068     7.157445   134.791426    81.021470
    5.084379     4.388928    11.558117     7.363075   140.810558    59.890833
    4.972443     4.275661    11.544821     6.871937   149.647748    72.563190
    5.277165     4.224570    11.454243     7.430547   145.234266    78.155928
    5.193458     4.351279    11.502376     7.031098   143.630144    77.433773
    5.036958     4.859697    11.745134     7.027716   151.498399    69.114091
    5.102450     4.364647    11.536676     7.119940   137.922220    70.538864
    5.170984     4.398217    11.520022     6.893046   137.172403    75.112770
    5.274987     4.544099    11.533914     7.177427   123.409519    95.175933
    5.404397     4.443306    11.471105     7.376123   136.818628    83.959933
    5.349239     4.388015    11.456702     7.267884   131.529608    75.999877
    4.972028     4.374660    11.587604     6.987265   137.994821    89.339640
    4.992529     4.481149    11.623557     7.215289   133.009682    94.559575
    4.997854     4.357190    11.578366     7.298559   145.159324    75.829961
    4.985396     4.367393    11.580890     7.085868   144.150431    57.237772
    5.243197     4.647588    11.576915     6.818649   134.575490    81.734136
    4.959728     4.799541    11.753251     7.216669   139.761193    63.255930
    4.639817     4.615918    11.798682     6.862875   133.685180    88.440155
    5.578817     4.496520    11.414703     6.927787   158.737316    64.587980
    5.015439     4.754719    11.714518     7.222061   139.896571    72.982033
    4.730521     4.476032    11.714069     7.215816   144.220999    75.872553
    5.398715     4.784037    11.573684     7.084869   141.361683    77.350324
    5.036193     4.487055    11.609482     7.048348   144.837080    82.394710
    5.222748     4.634642    11.591155     6.966787   149.097969    69.883072
    4.954912     4.139800    11.508628     7.274690   135.749914    84.379893
    5.121342     4.759366    11.671845     7.115530   135.658653    78.885995
    4.744190     4.739722    11.813941     6.962556   140.323512    70.021111
    5.161040     4.506999    11.564096     6.833783   145.347374    66.890930
    4.717130     4.103745    11.566684     7.169728   144.252139    73.614894
    5.201056     4.715502    11.631566     7.217981   139.646388    84.554650
    5.038252     4.573006    11.637930     6.950752   138.816459    88.143044
    5.389072     4.696516    11.541128     6.828280   142.723022    85.210545
    5.738887     4.746768    11.411882     6.859837   138.976696    85.598335
    4.841828     4.369393    11.634814     7.157817   151.762475    75.345255
    5.016378     4.392226    11.580557     7.118768   135.803702    90.566577
    5.130366     4.236071    11.492130     7.366939   134.862596    87.190027
    5.154202     4.720871    11.651773     7.086304   155.172116    66.977431
    5.345307     4.669992    11.553153     6.820894   152.191257    83.721686
    4.930865     4.530670    11.662296     6.994051   138.269019    81.861929
    5.180296     4.572566    11.585551     7.310709   130.243489    88.629764
    4.851076     4.710137    11.756702     6.834544   141.585148    75.088330
    5.071380     4.533819    11.612548     7.218127   145.277761    70.297460
    4.829417     4.682501    11.771590     7.392456   152.789006    71.004052
    4.445051     4.383759    11.775808     7.035157   147.529454    71.850662
    4.872204     4.329556    11.604172     6.963455   145.139639    77.798512
    5.346675     4.412542    11.479865     7.209064   148.379811    78.117830
    4.848108     4.456057    11.670990     7.295937   150.183443    79.057632
    5.195958     4.457781    11.535213     6.835435   152.348261    69.870907
    4.884155     4.193793    11.557149     7.312444   143.029989    81.603689
    4.256462     4.430943    11.837000     6.707657   149.943479    73.916184
    4.892666     4.538671    11.682642     7.015636   150.810512    90.307612
    5.385013     4.599499    11.501787     6.686254   145.118588    83.013805
    5.570400     4.270166    11.321254     6.782935   140.437903    84.195319
    5.274938     4.352794    11.482688     7.185012   145.603286    83.007985
    4.933810     4.231095    11.543581     7.027019   139.149266    77.441258
    5.065145     4.184197    11.478084     6.915553   146.773625    70.449215
    4.943159     4.441599    11.617373     6.816850   141.926060    73.030167
    5.156369     4.351464    11.532035     7.287796   152.154212    80.206591
    4.530297     4.152615    11.652828     7.344002   135.615482    78.093500
    5.223219     4.609633    11.594849     7.367627   145.261239    76.959334
    5.258845     4.462677    11.505497     6.799800   138.892145    66.703167
    4.893832     4.629246    11.717477     7.188045   140.244706    89.769839
    4.783297     4.383758    11.666713     7.492651   137.656047    71.078983
    5.246201     4.295386    11.475702     7.450333   134.664770    77.522690
    4.769393     4.199190    11.592357     7.338672   136.371704    62.776818
    5.006069     4.716335    11.699511     6.981202   130.233904    91.098141
    5.409630     4.331725    11.439326     7.288460   146.903384    82.758962
    5.151573     4.534384    11.581724     7.258919   133.183150    85.590856
    4.878671     4.074681    11.503846     7.192806   139.705990    76.593022
    4.928592     4.464668    11.640226     7.099313   144.592468    82.873995
    5.007253     4.688187    11.695506     7.151531   143.744088    82.299194
    5.048109     4.378496    11.562482     6.951035   151.917673    65.423099
    4.815688     4.514801    11.699426     6.980355   146.381050    92.175320
    4.748777     4.266895    11.618109     6.962808   139.356753    83.191316
    4.976244     4.309093    11.586375     7.545567   145.098742    74.899023
    5.548535     4.744706    11.516901     7.367590   131.550301    91.616226
    5.161427     4.264630    11.496200     7.238224   152.025030    78.588098
    5.541125     4.294634    11.386459     7.379313   146.998523    67.196859
    4.971149     4.161828    11.513726     7.249788   143.103340    78.788618
    5.613387     4.198188    11.386230     7.619226   153.458184    69.028299
    4.711704     4.605937    11.775008     7.214230   141.933226    78.268349
    5.072262     4.435831    11.574800     7.307171   128.832862    88.402199
    5.319780     4.461739    11.497690     7.063089   138.118448    90.905918
    4.951774     4.197803    11.540654     7.332335   145.358102    83.097150
    5.241111     4.259619    11.452499     7.163536   139.902199    64.750431
    5.211326     4.218171    11.454802     7.296925   132.862728    89.605778
    5.191985     4.214470    11.457538     7.044590   153.183751    73.910124
    5.046138     4.144211    11.474618     7.033667   147.645024    70.803493
    5.277721     4.357793    11.480627     7.206386   144.697773    77.037310
    4.948309     4.456060    11.639096     7.503942   139.961299    74.315001
    4.779715     4.559918    11.724321     6.822237   156.597255    65.257935
    5.234265     4.793743    11.633265     6.810558   141.758529    80.195742
    4.938661     4.312756    11.582197     7.193329   149.738387    79.597711
    4.849759     4.610103    11.705385     6.616398   154.129537    71.023749
    5.102190     4.613331    11.623831     6.788404   158.233242    66.790592
    4.808046     4.460076    11.680426     7.060537   146.844271    75.155676
    5.204287     4.639044    11.606697     7.192926   153.857984    66.233224
    4.527493     4.380114    11.749409     7.218499   143.385706    88.633615
    4.759936     4.299437    11.645946     7.307487   161.402054    69.431296
    4.876050     4.150738    11.529660     7.006511   143.128857    79.278859
    4.990745     4.429018    11.605692     7.209801   142.028610    84.753566
    4.843331     4.076452    11.507507     6.972438   151.104505    84.395199
    4.683679     4.179184    11.604865     7.021998   158.549229    72.848696
    4.527027     3.814482    11.479870     7.151670   142.567717    71.502851
    4.885092     4.156802    11.535501     7.071726   157.648749    72.472500
    4.672014     4.149444    11.582830     6.849364   155.821904    61.727314
    4.685616     4.341151    11.677943     7.255889   137.983210    88.952995
    5.130999     4.091890    11.434266     7.118241   152.353371    70.707569
    4.921730     4.253135    11.565083     7.216582   142.883656    87.305639
    5.255654     4.541208    11.546302     7.051784   142.777353    75.970306
    4.867131     4.247456    11.575726     7.144719   135.900238    88.262116
    4.875059     4.129495    11.535054     7.307680   141.954515    82.832008
    4.815518     4.642559    11.749609     7.017195   144.130823    75.480289
    5.142945     4.626494    11.621272     7.174443   149.286256    67.800435
    5.100725     4.573390    11.618290     7.292238   137.313318    85.132107
    5.133422     4.273511    11.502291     7.135186   147.067269    85.828682
    4.634617     4.397402    11.716383     7.217901   134.319988    84.289011
    4.960419     4.372052    11.594298     7.285152   141.740297    77.587095
    5.103521     4.633404    11.645837     7.411127   133.693297    92.104863
    5.502378     4.415023    11.415426     7.256036   135.805401    76.226097
    5.392084     4.192936    11.373165     7.097237   134.306077    78.877272
    5.219707     4.492240    11.552579     7.317750   143.841898    81.105645
    4.837347     4.744255    11.786700     7.359553   142.317019    78.072696
    4.898441     4.108330    11.508159     7.199543   131.190106    84.852971
    4.920019     4.273229    11.560031     7.050106   126.115268    88.634891
    4.866166     4.377040    11.633506     7.355101   142.774726    81.968595
    5.054149     4.460092    11.584490     6.792548   144.825071    77.653538
    5.265031     4.677968    11.597355     7.402102   135.036307    81.299775
    5.117838     4.120188    11.461376     7.434767   137.614663    81.794545
    5.254198     4.491685    11.532202     7.034950   146.479962    79.652947
    4.821703     4.671129    11.758966     7.117757   146.434452    69.375987
    5.068670     4.476400    11.592238     7.062902   145.385197    74.252427
    4.897882     4.792211    11.770467     6.844310   145.837037    75.771606
    4.938088     4.432064    11.624225     7.237437   141.835377    80.717919
    4.701896     4.351938    11.679386     7.406898   134.893037    83.626382
    4.554662     4.386232    11.740009     7.124101   143.762773    86.564315
    5.195137     4.452269    11.537076     7.072159   145.652767    69.363074
    4.780956     4.608959    11.751533     7.187412   144.415236    84.072350
    5.066659     4.426919    11.571547     6.892944   147.549867    60.964865
    5.112351     4.524211    11.590675     7.162021   134.951924    81.699400
    4.958764     4.265842    11.549654     6.989310   143.390460    78.367694
    5.020221     4.668457    11.684840     7.223755   143.709289    82.898232
    5.041822     4.641389    11.662421     6.889886   155.541005    85.604213
    5.278807     4.641851    11.571772     6.971056   139.470910    89.108469
    5.037579     4.708587    11.693973     7.121899   157.437568    69.984893
    5.069007     3.975845    11.401806     7.114826   145.316267    66.746099
    5.216352     4.785696    11.646344     7.222120   140.466168    59.816054
    4.878302     4.433296    11.640671     6.962909   138.807339    60.833304
    5.333104     4.561075    11.519870     7.195296   133.657023    73.370513
    5.152357     4.303491    11.506971     7.305885   143.701807    74.513472
    4.601788     4.479263    11.761515     7.170113   145.253821    70.708061
    5.210830     4.319072    11.489825     7.305762   139.528376    76.495591
    5.208347     4.229755    11.458861     7.073499   155.832877    65.672707
    5.210979     4.395520    11.511371     7.090430   138.838335    82.152363
    4.965689     4.247514    11.537342     6.920567   142.229358    89.517416
    5.020206     4.645829    11.670619     6.881622   158.643207    73.534297
    4.981667     4.594761    11.660474     6.798976   137.723679    83.249783
    5.057034     4.378370    11.577385     7.428294   142.074250    87.462377
    5.147441     4.373782    11.517880     6.803589   142.915663    78.505590
    5.200095     4.735276    11.635631     6.933315   151.337539    80.319342
    5.321071     4.483792    11.504724     7.139897   146.782763    66.766825
    5.097428     4.756839    11.681822     7.062380   137.475686    84.283692
    5.419131     4.321015    11.427712     7.390113   137.916255    79.850196
    5.309421     4.649668    11.571344     7.236079   149.628511    68.213432
    5.368867     4.502963    11.495180     7.214699   136.827263    86.437096
    4.878959     4.797926    11.779611     6.888102   137.674515    74.257699
    5.175113     4.582477    11.594027     7.138464   144.092748    82.165015
    5.031228     4.790666    11.719809     6.881580   156.705272    78.482849
    4.919658     4.530363    11.668733     7.202894   139.406173    86.968578
    5.741286     4.800439    11.468513     7.289010   144.423736    78.836960
    4.652621     4.467778    11.740034     7.279072   144.812107    67.618758
    5.309421     4.683784    11.575984     7.096265   143.855163    73.989790
    5.337213     4.704385    11.568059     6.893671   145.110429    80.878787
    4.362318     4.112953    11.682403     7.211907   134.171264    83.375147
    5.185881     4.528465    11.577136     7.249146   148.318430    79.881562
    4.947347     4.307210    11.579337     7.370436   146.289895    65.833238
    5.247608     4.639959    11.588014     7.026297   157.381108    69.010914
    5.835384     4.654722    11.365004     7.100042   139.298134    82.746992
    4.888750     4.465075    11.652884     6.996543   148.566702    64.622647
    4.890812     4.424947    11.624730     6.811447   131.811979    88.919346
    4.715619     4.485909    11.722971     7.098154   138.207337    74.574106
    5.176840     4.467305    11.546462     7.095952   130.748799    89.674389
    4.820855     4.446176    11.671085     7.260910   141.059580    81.142854
    4.967128     4.271033    11.566265     7.469552   144.290006    70.723709
    5.306440     4.553591    11.533770     7.272529   140.011531    74.317913
    4.731561     4.116567    11.574424     7.344735   137.159823    83.706243
    5.206117     4.308441    11.486762     7.271830   131.231368    93.431353
    4.705135     4.361721    11.676038     7.083290   144.071483    66.996569
    5.302603     4.673942    11.585970     7.318378   143.762089    80.153872
    5.051468     4.560284    11.628987     6.945639   148.914831    73.340023
    4.654540     4.533220    11.767283     7.190572   139.221396    88.581310
    5.124030     4.453655    11.566377     7.145050   143.005865    83.310099
    4.835117     4.458958    11.668937     6.941965   147.180606    88.599400
    5.078998     4.560124    11.626286     7.225118   145.331718    86.804229
    4.754224     4.611938    11.763399     7.327313   141.858116    78.229194
    4.953001     4.343520    11.574180     6.798540   162.160336    79.394926
    4.791883     4.447748    11.694365     7.451085   153.133434    61.217170
    4.871040     4.817864    11.795868     7.076960   142.863371    74.179280
    5.391672     4.664051    11.535500     7.002795   142.008647    77.842443
    5.498136     4.595891    11.450596     6.754767   131.560161    89.563727
    5.554815     4.281029    11.365960     7.234495   146.477652    72.401812
    5.247607     4.146094    11.413017     7.184556   134.900022    88.197421
    5.341434     4.261311    11.405613     6.833061   142.458443    69.560192
    5.471527     4.353976    11.403231     7.133193   135.587322    81.156051
    5.334163     4.485275    11.529958     7.491740   149.868799    69.706027
    5.136624     4.291324    11.516648     7.371832   142.524684    86.069845
    5.377696     4.497261    11.501864     7.245986   148.483754    81.745473
    4.863557     4.486149    11.673645     7.189177   145.028572    86.165220
    4.990414     4.354664    11.576815     7.128412   139.927154    87.981799
    4.844535     4.213204    11.571500     7.101305   153.504162    74.620098
    4.619440     4.136011    11.619614     7.368512   139.205457    80.404765
    5.013058     4.122210    11.494526     7.309497   149.977605    78.481886
    4.285607     4.012280    11.646847     7.077377   147.093532    64.834829
    5.423527     4.238604    11.391321     7.121875   144.128512    85.619329
    5.110955     4.228302    11.491154     7.046339   155.124427    79.631710
    5.193842     4.208112    11.445158     6.889332   149.119998    79.351398
    5.189423     4.656391    11.610301     6.975745   143.780532    73.364046
    4.943676     4.285147    11.566957     7.198450   147.043051    70.723495
    5.454388     4.448478    11.445826     7.086236   138.829857    90.441508
    5.419352     4.387734    11.436157     7.169969   134.976712    87.315323
    4.970464     4.202126    11.527985     7.095507   153.899777    79.768731
    5.260518     4.383856    11.494840     7.254791   140.043038    81.359844
    5.189780     4.477592    11.546111     7.142818   132.480671    87.203293
    5.045741     4.119703    11.481290     7.265259   149.593322    81.260609
    4.825799     4.370908    11.633595     6.872357   146.557795    74.047008
    4.961174     4.128626    11.501189     7.125312   147.182835    81.645273
    5.013382     4.432217    11.593776     7.012817   136.878965    78.192580
    4.910137     4.293767    11.589621     7.313834   151.328700    75.353321
    5.397375     4.374213    11.442093     6.990860   153.375112    74.828740
    5.096531     4.438912    11.580796     7.475274   138.067567    80.847101
    5.212939     4.318829    11.477630     6.835208   151.661998    70.206974
    5.399371     4.274998    11.436722     7.279574   158.412458    79.160960
    4.969164     4.317223    11.573276     7.158491   154.607250    73.223427
    5.114998     4.215686    11.478195     7.034244   139.401304    83.604270
    4.824358     4.456402    11.675133     7.043734   161.620750    78.787048
    4.903658     4.473268    11.653359     7.187381   150.541209    74.826635
    5.048114     4.624617    11.655268     7.033301   147.941144    76.948552
    5.577751     4.927159    11.552802     7.092192   146.245435    72.920564
    4.998265     4.546156    11.631323     6.693011   146.992719    90.022552
    5.126128     4.826977    11.692674     6.886998   144.401639    80.366954
    5.036455     4.719942    11.692835     7.081339   140.427039    77.457311
    5.110374     4.678747    11.652440     7.030706   145.652841    86.051759
    5.226752     4.825816    11.661173     7.071995   153.066833    74.367911
    4.949772     4.414933    11.609532     6.896144   154.212314    77.936473
    5.655465     4.651827    11.429311     6.861774   154.395038    76.205186
    4.938302     4.799794    11.760885     7.062075   140.526782    74.244628
    4.881938     4.414126    11.645856     7.333277   155.204444    69.235391
    5.056859     4.215227    11.493738     6.983506   138.679468    75.030756
    5.049564     4.429259    11.584183     7.123503   140.920884    87.568584
    4.760648     4.239907    11.602719     6.968170   139.261786    86.015741
    5.116051     4.241862    11.495273     7.255535   141.608331    79.113871
    4.595917     4.337909    11.708518     7.228606   147.743132    84.830531
    5.064978     4.180723    11.490269     7.234636   139.184157    87.385374
    5.124040     4.032750    11.398702     7.022525   137.633686    78.128226
    4.673610     4.439265    11.710540     6.813984   143.675959    66.421961
    5.084517     4.391707    11.568024     7.487376   139.614084    74.155851
    4.718317     4.529542    11.740479     7.048182   155.064093    73.115468
    4.622977     4.812597    11.882299     6.756241   139.414033    88.503285
    5.424082     4.202584    11.377897     7.238293   139.568314    76.790936
    5.167139     4.508498    11.564348     7.135473   140.858509    75.963848
    4.952205     4.689395    11.714138     6.977450   147.503027    62.128464
    5.175785     4.496858    11.561509     6.975476   150.917387    74.224840
    5.148535     4.428057    11.542918     7.134928   136.863223    78.535155
    4.592107     4.311969    11.687037     7.006086   132.750886    61.256031
    5.140682     4.336195    11.511935     7.243663   131.634883    76.302312
    4.868757     4.245707    11.572540     7.049364   145.752786    58.910619
    4.629890     4.596341    11.797712     6.891511   143.088216    74.103742
    5.006959     4.314810    11.564061     7.443597   141.507102    69.866368
    5.037524     4.283880    11.526429     6.916749   143.189321    69.400994
    4.825322     4.646091    11.738710     6.876485   128.161894    88.962168
    4.938479     4.445745    11.627565     7.020762   138.115906    86.064164
    5.112657     4.648165    11.634820     6.879382   147.069642    62.749122
    4.976124     4.435654    11.615719     7.120214   159.095597    72.735542
    5.028579     4.324122    11.548797     6.998030   145.829528    68.829994
    4.900980     4.413424    11.626660     6.937621   142.744642    72.931816
    5.228785     4.094601    11.404870     7.287238   139.529967    68.176974
    5.030984     4.307910    11.545473     7.118146   149.329231    72.008583
    4.693323     4.503800    11.735542     6.895026   151.234256    78.791552
    5.026742     4.718883    11.694860     7.031670   137.030482    80.104718
    5.439086     4.755166    11.553941     7.017572   149.574504    82.979413
    5.066761     4.634286    11.647745     6.862724   148.400732    73.100032
    5.257234     4.812751    11.643169     7.227878   140.851479    77.878828
    4.652136     4.123196    11.595592     7.169046   144.719465    75.592172
    4.990063     4.124900    11.494070     7.337076   138.818906    71.954138
    5.224356     4.340818    11.491790     7.202518   145.890293    71.211364
    5.098708     4.312536    11.523196     7.100346   145.751031    76.294717
    4.767140     4.554775    11.731444     7.040515   130.752365    92.140331
    5.001634     4.706584    11.688629     6.858708   122.591491    97.696151
    4.904274     4.469020    11.646485     6.940136   136.023396    87.859493
    5.223500     4.296183    11.467903     6.952993   142.544861    70.410911
    4.909332     4.513259    11.655013     6.825374   134.437854    76.454361
    4.998376     4.477917    11.617527     7.111239   135.799266    83.563315
    5.093850     4.547748    11.608066     7.114701   145.341385    68.250431
    3.997839     4.456397    11.975773     7.096253   135.665216    82.474815
    5.127161     4.440294    11.557492     7.060448   146.223852    65.760686
    4.902767     4.507653    11.665022     7.048301   143.626302    70.936184
    4.489907     4.330916    11.735642     7.063459   132.171796    82.263549
    5.298619     4.686527    11.572198     6.862853   138.851381    76.775135
    5.073115     4.829295    11.718059     7.070218   143.736294    70.837802
    4.899279     4.165959    11.539080     7.282449   143.482539    75.836736
    5.305791     4.364789    11.465989     7.053530   135.791441    87.839192
    4.993609     4.427307    11.592294     6.768374   147.959743    72.567156
    4.708676     4.296610    11.648351     7.212173   135.302406    69.040353
    5.427415     4.411593    11.436100     6.980459   139.088377    80.372028
    5.194668     4.476859    11.536319     7.035093   127.616741    73.776419
    5.386920     4.311596    11.422659     7.173206   142.464486    67.689893
    4.729688     3.994218    11.517696     7.240483   142.177488    66.691876
    5.387782     4.374330    11.437844     6.900975   152.717913    54.360822
    4.609676     4.321133    11.691609     7.080043   140.091811    66.099296
    4.941986     4.692833    11.721187     7.035217   155.062614    69.052158
    4.864073     4.677551    11.744577     7.058851   145.543589    63.691731
    4.823283     4.517469    11.695420     6.985200   135.169298    79.718333
    4.811256     4.465028    11.675833     6.976710   129.552427    81.707225
    5.205578     4.330434    11.493572     7.290122   141.166556    64.317991
    5.009904     4.291876    11.539011     6.895822   142.040022    84.104161
    4.734222     4.462196    11.713124     7.249768   158.238038    68.908160
    4.567268     4.533970    11.799081     7.093947   139.033072    92.967600
    5.028766     4.268812    11.543404     7.441559   144.907908    68.622337
    4.973776     4.311578    11.567832     7.157587   153.104555    67.800548
    5.458912     4.516870    11.483877     7.416068   146.051270    66.340208
    5.028594     4.664363    11.677734     7.337482   140.779555    68.395094
    5.080981     4.584470    11.624655     7.140700   138.304010    74.634300
    4.848107     4.700960    11.752629     6.936480   127.368567    85.164317
    4.932967     4.363512    11.598350     7.088134   144.559227    72.304050
    5.071505     4.675690    11.663976     7.057214   147.884054    65.347384
    4.546645     4.651917    11.856008     7.031033   133.973486    77.067714
    5.263224     4.359194    11.471194     6.935029   133.988337    75.674416
    4.836600     4.551442    11.703260     6.924219   139.061138    73.872682
    5.093182     4.295994    11.514506     7.235508   133.836564    65.197953
    3.805017     4.170868    11.912693     7.329417   147.191493    73.689084
    5.409249     4.438615    11.464282     7.252435   145.704380    73.183725
    4.883779     4.300675    11.588848     7.024453   140.796870    73.586249
    5.246325     4.456027    11.521233     7.027117   146.957676    73.738110
    5.273950     4.492109    11.529993     7.072498   155.680759    74.521341
    5.399432     4.545561    11.495182     6.928353   152.015425    74.258008
    4.840148     4.497731    11.684443     7.049510   143.337184    86.002351
    5.197412     4.417447    11.515130     6.791024   144.928185    67.474327
    5.117855     4.433068    11.547984     6.858913   130.562520    88.538253
    5.221995     4.280218    11.468546     7.050372   140.088247    89.404682
    5.094559     4.843043    11.723271     7.278974   143.047441    82.813272
    5.383679     4.495967    11.489676     7.108454   140.937584    90.105937
    5.106144     4.323959    11.539110     7.336935   153.773172    70.394887
    5.254071     4.281247    11.456424     7.136531   140.395594    73.930496
