   59.214306    14.042655     4.400655    15.145312    -7.762919  -125.894230
   59.009190    14.061838     4.696844    15.109331   -11.511224  -128.561598
   59.185251    13.769496     4.011317    15.164328    -6.624363  -104.286659
   59.170109    13.801483     4.463284    14.892956    -7.217090  -103.657583
   59.261573    13.963591     4.613898    15.034118   -17.258962   -97.330046
   59.301106    13.774533     4.192931    14.943101   -26.039647   -97.621954
   59.336433    14.157400     4.538561    15.220589   -13.161354  -113.675773
   59.244929    13.931344     4.251062    15.117053   -21.409667  -112.027245
   59.236806    14.094286     4.405986    15.341110   -37.183900  -104.187372
   59.223880    14.062737     4.679083    14.945538   -25.331550  -126.908258
   59.367213    14.109956     4.388277    15.258983   -15.691189  -109.505237
   59.252728    13.784548     4.509988    14.915901   -33.894019   -81.959476
   59.131891    13.768516     4.246903    14.916244   -11.461142  -115.086408
   59.056194    14.005803     4.781979    15.187152   -41.160382   -88.736458
   59.331022    13.856102     4.613029    14.786132   -32.293867   -92.726853
   59.265992    13.876354     4.457663    15.010684   -27.965750   -92.507527
   59.032911    13.934112     4.350868    15.307333   -28.146224  -103.131530
   59.216401    13.870928     4.198774    15.028082    -2.630093  -121.544436
   59.375351    13.733641     4.372506    14.884480   -36.153463   -74.985460
   58.996689    13.975874     4.756053    15.093079   -36.561328  -100.955163
   59.260127    13.894889     4.583225    14.773497   -29.893783  -113.171995
   59.086941    13.915675     4.642462    14.856358   -13.531924  -125.106931
   59.084657    14.085148     4.328552    15.301908    -6.696186  -144.321760
   59.201087    14.032451     4.215134    15.272542   -13.155455  -128.062843
   59.362568    14.028195     4.385978    15.081723   -25.691230  -110.824594
   59.259514    13.893016     4.452654    14.916691   -35.357441  -104.488171
   59.145102    14.073538     4.656849    14.951555    -9.441037  -153.540771
   59.546777    14.319700     4.692771    15.102052    -7.796298  -128.419523
   59.114068    13.921749     4.430800    14.961342    -7.349104  -132.622530
   59.141891    13.905988     4.287215    15.091239   -12.649330  -119.409554
   59.091175    14.073172     4.842382    14.960111    -6.997887  -127.651837
   59.474640    14.151485     4.406016    15.078981    -0.437718  -130.859632
   59.298730    14.357706     4.808832    15.306137   -10.441735  -125.746428
   59.211909    14.089263     4.569959    15.193589    -9.809749  -113.278436
   59.193611    13.848200     4.383683    14.885258   -15.359486  -116.820484
   59.217148    13.919281     4.411133    14.998178   -10.511807  -113.928206
   58.927519    13.777798     4.506415    15.076496   -26.871623   -94.976450
   59.185595    14.059467     4.425652    15.166034    -3.710809  -128.847868
   59.354407    14.216800     4.564673    15.289759   -15.557247  -113.500093
   59.153906    14.004319     4.896037    14.757791    -7.381143  -127.715582
   59.033255    13.859839     4.601410    14.961113   -22.794340  -105.544660
   59.289475    13.870716     4.362528    15.088296   -11.027556   -93.777960
   59.259707    14.096178     4.532143    15.079293   -10.057939  -128.819211
   59.341753    13.768129     4.363719    14.728131    -4.751862  -107.026709
   59.284407    14.011363     4.474640    15.079964   -10.408227  -111.098859
   59.311797    13.908343     4.466020    14.784736   -15.295431  -124.184344
   58.922598    13.923276     4.643377    15.121098   -16.730871  -108.787517
   59.182256    13.977264     4.334544    15.099179   -38.334095  -123.778744
   59.225704    14.081721     4.682990    15.070163   -34.643014  -109.272207
   59.384268    14.088854     4.379753    14.987953   -11.812403  -148.293724
   59.316378    13.937279     4.376096    14.908978   -22.637908  -120.519857
   59.323171    13.886164     4.334291    14.947085   -33.291297  -103.690357
   59.347389    14.100249     4.296235    15.229041    -5.069206  -124.265387
   59.315252    13.737168     4.274287    14.824427    -2.739761  -100.865041
   59.370427    14.095257     4.777345    14.848617   -22.035423  -119.873464
   59.294553    14.083052     4.430375    15.204820   -21.966954  -112.138243
   59.213129    13.736293     4.283228    14.946767   -27.867925   -91.077821
   59.251196    14.208765     4.577831    15.381928   -17.701688  -110.619141
   59.308753    14.288422     4.878575    15.225205   -14.326330  -111.912434
   59.041807    13.957717     4.758763    15.131050   -24.315051   -93.526596
   59.149818    13.751213     4.657852    14.909349   -34.874995   -75.600072
   59.241254    14.014452     4.338548    15.138936     5.300593  -125.234554
   59.019869    14.005040     4.483638    15.198840    -2.368087  -124.503577
   59.293677    14.121866     4.842078    14.947535    -4.936336  -117.536949
   59.407099    14.109227     4.503050    15.167271    -0.614111  -109.054511
   59.248579    14.119097     4.465774    15.250204   -17.897351  -117.312639
   59.262669    13.940678     4.197714    15.130911   -14.923296  -117.266041
   59.063258    13.961303     4.655063    14.987866   -13.426483  -118.041642
   59.272144    14.036287     4.392047    15.051628     2.058396  -133.425498
   59.132675    14.053425     4.643537    15.185551   -10.648366  -108.534768
   59.318147    13.881982     4.396740    14.991256    -2.720070  -101.387642
   59.328372    14.022523     4.646635    14.826090     6.189228  -128.607947
   59.006162    13.973442     4.702130    15.006269   -15.593686  -119.983421
   59.354849    14.074737     4.441195    15.036145   -22.554465  -125.666973
   59.236927    14.149128     4.618323    15.174715   -23.312808  -118.930421
   59.265568    13.906141     4.366948    14.889309   -11.910056  -124.939053
   59.215554    13.924040     4.567399    14.892207   -32.305038  -109.605597
   59.426058    14.177831     4.314541    15.266512   -13.147876  -125.362129
   59.305506    14.051730     4.771203    14.946209   -22.701654  -104.704604
   59.104657    14.091321     4.623707    15.181875   -16.404867  -120.387416
   59.457685    14.015891     4.463064    14.908400   -24.316843  -112.714221
   59.286604    13.861337     4.507383    15.017572   -25.894883   -85.380693
   59.148636    13.861766     4.390110    15.041626    -8.965005  -106.616883
   59.401072    14.050475     4.435883    14.974105   -11.622673  -124.372382
   59.141350    13.874072     4.325721    15.090734   -17.027704  -107.814419
   59.346215    14.279594     4.778998    15.195077   -21.559880  -117.863995
   59.138718    13.867527     4.609300    15.116455   -39.683427   -79.074007
   59.390132    13.966114     4.706608    15.061053   -27.781646   -76.743340
   59.285291    13.827726     4.483426    14.995930   -22.649560   -84.528133
   59.133176    13.979055     4.769459    15.129993   -10.196809   -92.618710
   59.357004    13.898248     4.360402    15.033118   -17.231627   -95.969713
   59.474027    13.921489     4.271905    15.078423   -23.755783   -90.368125
   59.168139    13.974334     4.611358    14.944504     5.481419  -122.372739
   59.480533    14.085555     4.276332    15.155169     5.619672  -118.993635
   59.289148    14.094741     4.351110    15.143766     7.821441  -138.912174
   59.154537    13.783890     4.258624    14.831999     7.883675  -130.088550
   59.137276    14.040785     4.672291    15.144335   -12.915932  -107.231197
   59.251841    13.934654     4.504173    15.008932   -26.948121  -100.860074
   59.373778    14.103734     4.509010    15.025733     2.616289  -128.175356
   59.479526    14.027016     4.641963    14.729441    -9.028356  -123.698752
   59.234336    14.039560     4.240460    15.144427     4.338815  -146.699724
   59.339153    14.123387     4.584841    15.034138   -14.030892  -125.606328
   59.422702    13.968376     4.237754    15.039760    13.890508  -118.707859
   59.355644    13.824254     4.342514    14.774574    -5.067619  -113.515230
   59.289701    13.865387     4.618930    14.716573    -5.372004  -112.193525
   59.399456    14.068229     4.227528    15.138138    -8.457865  -129.689422
   59.514740    14.041849     4.587530    14.834254   -15.487812  -112.221996
   59.174039    14.048598     4.543193    15.154771   -18.505210  -113.659412
   59.308889    14.267780     4.643714    15.316360   -21.184670  -117.606158
   59.173266    14.003795     4.479622    15.068608    -6.602634  -123.372479
   59.304351    13.937292     4.622984    14.791128   -12.479055  -115.103764
   59.248429    13.911292     4.434041    14.895390    -9.703552  -120.191186
   59.147953    14.089907     4.804110    14.993975     2.848366  -125.017561
   59.372319    13.842617     4.146900    14.947804   -20.146250  -109.165659
   58.946281    14.105130     4.535633    15.406326    -5.999613  -124.238489
   59.627840    14.317848     4.665773    15.090325   -18.506457  -120.498705
   59.361564    14.165855     4.756357    14.988442   -26.990948  -119.138154
   59.116368    14.073385     4.589756    15.326532    -9.513788  -104.486735
   59.241568    14.015160     4.308131    15.272553   -18.156095  -108.209421
   59.391443    14.239330     4.717256    15.172967   -14.058676  -114.303334
   59.204055    14.006564     4.406739    15.306400   -22.529653   -98.111792
   59.254835    13.890000     4.614400    14.744307    -5.652955  -118.242873
   59.377870    13.787935     4.478608    14.898109    -6.935308   -83.663656
   59.236886    14.120092     4.618566    15.155237    -3.356129  -118.416345
   59.117272    13.845866     4.328501    14.950390    -0.615650  -124.583244
   59.166717    13.662685     4.300207    14.763284   -34.110594   -96.920432
   59.040025    13.854125     4.554425    14.928426    -9.880187  -114.273515
   59.407357    14.086193     4.501951    15.142536   -45.907956   -96.283461
   59.100624    13.713195     4.320879    14.780885    14.454275  -120.103658
   59.311638    14.039427     4.657240    15.064925    -7.721538  -102.089362
   59.299342    13.992375     4.686924    15.029792   -26.220384   -91.960391
   59.658691    14.144943     4.637414    15.062307   -26.178497   -87.382356
   59.484654    13.941716     4.264416    14.922385   -14.509678  -111.961762
   59.324184    13.894351     4.374413    14.902745   -21.255001  -109.855426
   59.137168    13.791693     4.532531    14.984529   -18.847653   -89.208576
   59.447014    14.106756     4.283440    15.181202    -3.454572  -121.701576
   59.400932    13.831474     4.252299    14.831781   -26.977545  -106.589656
   59.447337    13.919484     4.436817    14.701391     0.637373  -127.888550
   59.469963    13.914347     4.286877    14.851599   -10.059951  -115.372940
   59.310009    13.858646     4.429574    14.780776   -15.075295  -115.601623
   59.277137    13.905970     4.107680    15.107870    -2.423727  -122.049750
   59.213031    14.171813     4.684139    15.106575   -10.582100  -133.939224
   59.091312    13.724825     4.528475    14.710546    -2.542761  -111.589382
   59.398115    13.856987     4.055814    14.901219   -13.238962  -128.078502
   59.306177    14.168650     4.634879    15.157892   -19.844071  -116.532400
   59.170539    13.892115     4.698660    14.730682   -10.064640  -121.722842
   59.258309    14.063538     4.402574    15.206290   -21.312520  -114.514252
   59.267250    14.004610     4.641169    14.824355    -3.351353  -132.203277
   59.146021    13.746469     4.473938    14.703719   -16.392040  -113.918294
   59.261750    13.941669     4.226950    15.132305    -4.575513  -116.534299
   59.374293    13.838747     4.336542    14.779422   -31.215152  -109.300005
   59.340396    14.140709     4.427610    15.144292   -12.030617  -132.617294
   59.197704    13.718123     4.437855    14.642298   -18.114410  -112.746635
   59.094204    13.835975     4.333045    14.932326    -8.615985  -126.474275
   59.234796    13.946364     4.472315    14.944449   -23.262975  -117.091446
   59.266381    13.710073     4.116469    14.787467   -14.182874  -115.209998
   58.989061    13.943365     4.550921    15.022736    -2.877432  -131.180876
   59.217315    14.103957     4.374860    15.280318    -9.231586  -125.054240
   59.199482    14.203169     4.557483    15.348053    -9.170100  -122.436202
   59.361219    13.888815     4.504385    14.807326    -4.491946  -108.912946
   59.318863    13.871318     4.308845    14.903316   -15.804562  -112.547605
   58.975241    13.716924     4.187144    15.025544    -8.484155  -113.123135
   59.065130    13.864356     4.340635    14.977680    -8.255821  -131.033370
   59.177008    14.043519     4.395509    15.191206     5.154708  -126.883349
   59.113083    14.132231     4.693290    15.133641   -24.035104  -129.500675
   59.360883    14.139105     4.638848    15.152045   -33.038917  -101.940247
   58.983094    13.784973     4.604437    14.795525    -5.032232  -118.447139
   59.224090    13.713509     4.261014    14.710628   -16.035049  -116.966521
   59.535607    14.183795     4.480296    15.153274   -11.445460  -111.820370
   59.192574    14.134458     4.635445    15.178397    -7.206280  -121.194207
   59.244513    14.140911     4.702021    15.096143    -1.753099  -121.833201
   59.207156    13.756227     4.361006    14.844715    -9.060006  -104.045052
   59.222144    14.098527     4.577762    15.397780   -34.111595   -88.629406
   59.376120    14.124607     4.831569    15.043073   -22.881494   -96.840583
   59.429857    14.105714     4.534808    15.058383   -27.388909  -109.126747
   59.661207    14.034903     4.397297    14.980042   -35.757419   -90.502141
   58.958333    13.771721     4.671316    14.810295   -19.131798  -107.541066
   59.166881    14.019192     4.786745    15.112297   -27.470079   -92.282009
   59.337218    14.239648     4.612540    15.317854   -14.157599  -112.800519
   59.118353    14.005811     4.570189    15.041861   -21.323675  -122.841510
   59.323507    14.231274     4.580801    15.333777   -10.993905  -114.269326
   59.118537    14.041119     4.491503    15.161668   -19.500132  -123.305746
   59.280397    13.963779     4.689300    15.012836   -25.573260   -90.460549
   59.384300    14.015029     4.273569    15.184701   -29.287336  -103.485987
   59.196890    13.883975     4.272852    15.101704   -33.289563  -103.958781
   59.199325    14.046455     4.486284    15.151784   -16.259822  -116.759222
   59.376640    13.927062     4.280574    14.878990   -19.653869  -126.477877
   59.248721    14.111029     4.607754    15.233933   -39.420330   -99.553365
   59.221220    13.957748     4.383733    15.024420    -9.682905  -122.012613
   59.093835    14.039144     4.786067    15.070576   -30.208484  -105.531743
   59.214313    14.047382     4.743557    14.977088   -14.239162  -113.525840
   59.020419    13.965249     4.703581    14.897754     2.865573  -136.098452
   59.208541    13.795591     4.460020    14.678160   -18.261110  -124.977264
   59.397308    14.072528     4.383831    15.011725   -10.136672  -132.142746
   59.198755    14.073931     4.737763    14.998432   -33.776007  -115.418814
   59.616147    14.167693     4.495070    14.891331    -0.040012  -135.461721
   59.125738    14.141118     4.615306    15.194865     6.369720  -132.848577
   59.012811    13.788471     4.347743    15.019608    -5.934390  -111.460212
   59.182698    14.226900     4.920874    15.313873   -12.791582  -100.029038
   59.370461    14.239620     4.826853    15.062526    -4.035597  -121.933162
   59.096203    13.976558     4.841017    14.997520    -8.096821  -102.339345
   59.445726    13.985285     4.683164    15.105664   -23.231921   -74.555231
   59.221832    14.137943     4.514704    15.333758    -2.654619  -113.391825
   59.278594    13.969999     4.333148    15.164330   -27.025792  -102.608438
   59.148819    13.764619     4.102718    15.005326   -12.917099  -114.892095
   59.099846    13.793245     4.315717    14.824657     2.974538  -135.073326
   59.227779    14.028528     4.404133    15.118567   -10.365316  -123.439160
   59.063433    13.679845     4.237078    14.924383   -16.061929  -102.264114
   59.263419    13.898370     4.272874    14.984195   -15.621148  -118.436967
   58.998209    13.650256     4.248964    15.037576   -43.718282   -83.598149
   59.330862    13.798703     4.290887    14.837190   -30.009982  -102.055427
   59.268222    13.964451     4.597269    14.844325    -7.652828  -121.894924
   59.524663    14.310241     4.878562    15.032243    -3.343721  -119.950226
   59.128193    14.217534     4.632817    15.342729    -2.837124  -127.818112
   59.219947    14.053684     4.554038    14.983441    -7.261030  -137.425100
   59.388978    14.166137     4.629707    15.038704   -15.817111  -124.196547
   59.059151    13.821725     4.488638    14.824775   -11.225287  -126.244190
   59.472618    14.316221     4.809081    15.050015   -18.252690  -130.637264
   59.201943    14.144978     4.764314    15.070019   -13.836273  -123.047120
   59.329347    14.034271     4.476160    14.941122   -16.675414  -130.771385
   59.221022    14.068167     4.331298    15.256622   -19.336335  -121.935534
   59.477935    13.844330     4.244436    14.837950   -30.272721  -100.397464
   59.148351    13.731161     4.430545    14.798675   -28.265650   -99.557954
   59.335567    14.210971     4.568311    15.177466    -2.218411  -131.215132
   59.293813    13.875774     4.122494    15.072120   -14.445766  -113.691088
   59.477985    14.275799     4.665463    15.100137   -11.901079  -128.702820
   59.347846    14.171424     4.438478    15.389234   -25.083636  -103.652509
   59.438740    14.025516     4.626800    14.857113   -35.776883  -105.822193
   59.251610    14.189436     4.576955    15.253317   -18.561800  -121.648847
   59.203046    13.878986     4.330574    15.016941   -21.127349  -109.526938
   59.209645    13.719305     4.189769    14.875077   -15.739061  -105.385760
   59.392972    13.934867     4.201729    15.066649    -5.974123  -110.933108
   59.399410    13.921973     4.439715    15.045188   -22.341679   -88.707159
   59.058430    13.876734     4.709781    15.128155   -15.509602   -85.692383
   59.479896    14.058670     4.454010    14.954588     1.070071  -119.841348
   59.320575    14.042192     4.756439    15.053599   -14.202169   -94.462761
   59.236280    13.901529     4.280098    14.983719   -17.301203  -121.993965
   59.163546    13.930488     4.532419    14.945071   -28.738294  -114.381927
   59.376773    14.092844     4.389789    15.058292     7.191269  -134.469809
   59.130550    14.141319     4.594297    15.199035   -14.964371  -132.633878
   59.340178    13.967378     4.446263    14.970420    -8.618924  -111.796256
   59.309157    13.986705     4.265535    15.025944    11.847372  -134.902100
   59.315442    14.030994     4.730595    14.822812   -11.979250  -121.171044
   59.175732    13.817620     4.261517    14.856714    16.353518  -133.111621
   59.264682    14.145791     4.730166    15.034187   -22.551278  -123.351217
   59.266746    13.930770     4.378554    14.885253     0.019382  -133.008468
   59.394389    14.137407     4.269002    15.246538   -18.406245  -126.423488
   59.312700    14.140532     4.740841    15.005293   -21.975825  -118.903361
   59.237450    13.982481     4.750453    14.807681   -28.435268  -115.796513
   59.017510    14.120359     4.519184    15.391692   -23.948190  -120.148728
   59.404340    14.104407     4.584002    15.200524   -54.679653   -85.341928
   59.274200    14.060784     4.424548    15.054745    -5.627712  -135.348702
   59.241062    14.032826     4.408400    15.165371   -14.004098  -115.425230
   59.120903    13.868378     4.361278    15.091658   -10.803651  -107.145249
   59.508666    14.145219     4.737276    14.879346   -24.413584  -114.401760
   59.258027    14.064034     4.630963    15.056234   -26.656678  -110.226546
   59.419813    13.765013     4.220222    14.816808   -11.184709   -99.424570
   59.186071    14.137577     4.722647    15.180144   -13.301413  -112.953035
   59.085273    14.122299     4.751039    15.057780    -3.979376  -138.817813
   59.454798    14.034341     4.370527    14.891336    -0.411684  -135.942334
   59.497217    14.106202     4.422179    15.070413    -9.853245  -114.581021
   59.215008    14.140919     4.874708    14.956292    -5.539513  -126.429014
   59.331205    13.761660     4.250757    14.758954   -19.228336  -109.658014
   59.201053    14.068449     4.557189    15.144912   -32.828373  -112.129021
   59.142764    13.806069     4.325756    14.934203   -22.264656  -110.407026
   59.140013    14.114585     4.716917    15.069505    -8.689940  -129.703777
   59.326284    13.850791     4.425033    14.762026   -12.895896  -115.270715
   59.376065    13.942029     4.213997    14.951789    -9.124745  -128.408380
   59.293095    14.067639     4.614119    15.025404   -26.506770  -112.818234
   59.017764    14.047455     4.752673    15.064389    -5.250631  -124.495314
   59.044028    14.133511     4.877471    15.113529   -19.758410  -119.588259
   59.298988    14.099986     4.843407    14.933717   -32.439648  -108.207242
   59.229323    14.192683     4.735150    15.131423   -19.142288  -125.303874
   59.160778    14.036707     4.553215    15.084334   -25.869977  -119.922181
   59.332050    14.347286     4.850524    15.282052   -30.417199  -114.435487
   59.322877    14.062901     4.191302    15.274531   -42.722317  -116.960317
   59.003683    13.983201     4.560071    15.080811   -32.875441  -127.242454
   59.490105    14.220224     4.383370    15.259814   -39.128849  -116.101938
   59.231364    14.227046     4.685141    15.154506   -11.319659  -140.206370
   59.125422    13.859024     4.272172    15.045932   -40.700560  -112.492213
   59.400557    14.309230     4.629665    15.251796   -29.229782  -126.363713
   59.141199    14.057841     4.438537    15.175786   -27.512720  -129.544357
   59.115593    14.001605     4.504520    15.074285   -32.346672  -123.666015
   59.071807    14.027543     4.510446    15.115687   -36.968886  -132.148482
   59.248526    14.239396     4.472846    15.362997   -22.750338  -132.346613
   59.160906    14.075175     4.325573    15.259148   -36.217010  -133.502912
   59.211014    14.185647     4.482031    15.394682   -53.726372  -110.099543
   59.052497    14.137517     4.657552    15.245326   -42.212768  -122.648212
   59.270995    14.234479     4.593908    15.292373   -46.421186  -118.496160
   59.145961    14.114610     4.633786    15.230032   -55.348910  -105.405416
   59.173291    14.176327     4.424669    15.434429   -36.490488  -117.557650
   59.017327    13.951666     4.360826    15.189986   -25.710702  -123.353188
   58.999417    13.955298     4.637010    14.987543   -46.967601  -124.082846
   59.070843    14.063936     4.309643    15.366594   -28.924630  -127.249130
   59.228617    14.229786     4.683804    15.215304   -33.874610  -126.984995
   59.214737    14.102034     4.593244    15.070987   -41.275207  -127.744457
   59.179935    13.968458     4.369154    15.066217   -46.698639  -121.110020
   58.854412    13.886492     4.314231    15.236913   -28.944796  -126.560796
   59.235598    14.031898     4.265168    15.262852   -42.919427  -112.928535
   59.272504    14.237821     4.640647    15.261307   -25.141115  -121.914132
   59.168983    14.096950     4.437740    15.256931   -48.819937  -119.382060
   59.274368    14.103269     4.313799    15.292081   -35.557253  -118.346118
   59.290637    14.226850     4.782068    15.197486   -50.055017  -105.106700
   59.239757    14.022294     4.282298    15.177762   -35.292458  -122.429249
   59.054956    13.980687     4.456832    15.168763   -46.585744  -113.676331
   58.842826    13.944772     4.631310    15.125674   -41.837536  -120.137579
   59.179366    14.034646     4.281087    15.285121   -24.618791  -119.581161
   59.312848    14.111198     4.453108    15.155244   -38.616257  -118.397270
   59.192524    14.037487     4.409489    15.168214   -42.825339  -117.278928
   59.199177    14.169519     4.381236    15.386607   -39.522654  -124.824200
   59.201396    14.178313     4.393561    15.436679   -47.511138  -115.660947
   59.333523    14.149179     4.480661    15.142012   -42.383767  -125.597712
   59.273509    14.045014     4.322167    15.228290   -35.015052  -111.168758
   58.977356    13.747842     4.306315    14.886608   -32.681371  -126.651510
   59.149650    14.052345     4.463311    15.211801   -43.616999  -113.573836
   59.108518    14.142766     4.564296    15.201998   -18.202012  -142.878381
   59.264418    14.212864     4.547669    15.249998   -43.647456  -128.203244
   59.183754    13.894252     4.262431    15.016656   -43.988828  -120.846818
   59.283757    14.129856     4.410816    15.170478   -36.833401  -135.041587
   59.275953    14.154098     4.521577    15.280611   -49.310584  -106.029876
   58.911782    13.654819     4.159258    15.013480   -47.472814  -101.549144
   59.274033    13.964253     4.189988    15.118522   -21.019479  -123.892582
   59.150112    14.088754     4.571799    15.130654   -26.640244  -127.068240
   59.252031    14.032054     4.574190    15.232482   -52.340208   -84.506438
   59.129715    14.078445     4.439701    15.292203   -39.465040  -115.085364
   59.177291    13.909312     4.236211    15.062258   -26.867790  -124.562601
   59.320004    14.136257     4.643608    15.064651   -34.871317  -116.299302
   59.241803    14.050866     4.280335    15.304826   -38.132780  -110.489228
   59.127603    13.946449     4.424467    15.050659   -35.026731  -118.905681
   59.182450    13.993931     4.558035    14.973078   -39.241037  -120.806604
   59.061028    13.767859     4.226660    14.937866   -26.708141  -121.034144
   59.008662    13.846864     4.332155    15.113826   -23.728897  -111.031382
   59.176933    13.939128     4.340528    15.102105   -29.984932  -112.780666
   59.160636    14.084032     4.811297    15.108415   -31.730129  -101.195025
   59.185106    13.893158     4.308315    15.149202   -29.930795   -99.760045
   59.262454    14.209539     4.830523    15.090895   -32.923725  -117.992986
   59.203558    14.194069     4.638324    15.231068   -28.847022  -123.858256
   59.300972    14.043846     4.529706    14.990130   -37.686951  -118.589622
   59.335189    14.239799     4.653419    15.191855   -29.633335  -122.427766
   59.270882    13.979965     4.339362    14.955559   -13.693413  -141.736643
   59.105477    14.056566     4.385188    15.246848   -37.732062  -128.854127
   59.164287    14.101413     4.673757    15.043570   -40.950345  -130.256221
   59.299549    14.047668     4.459124    15.065711   -43.180633  -114.978466
   59.293436    14.233890     4.509179    15.218376   -17.586239  -148.430422
   59.294244    14.139888     4.445496    15.141821   -37.736912  -137.808961
   59.415008    13.964518     4.276044    14.878538   -35.187524  -132.580492
   59.310519    14.076281     4.314760    15.156903   -41.092892  -127.282696
   59.168345    14.253016     4.789697    15.190791   -38.051973  -134.348334
   59.109415    14.101832     4.585209    15.157627   -30.074134  -131.336100
   59.100488    14.030807     4.291798    15.340850   -31.615535  -118.706399
   59.450720    14.301956     4.493569    15.321118   -35.552275  -122.126802
   59.094295    14.043932     4.824205    14.984594   -32.219547  -113.766570
   59.203231    14.054670     4.468556    15.274903   -33.013127  -102.089589
   59.453774    14.251307     4.551179    15.179705   -21.401406  -124.866581
   59.310848    14.000526     4.583341    14.917879   -17.051666  -114.653714
   59.368159    13.850027     4.286193    14.879001   -38.625670  -102.546324
   59.268800    14.186987     4.532036    15.278237   -35.867857  -117.267827
   59.338158    13.922869     4.453162    15.013293   -32.912721   -92.889746
   59.473912    14.109179     4.569622    14.953627   -35.844245  -114.072682
   59.065672    13.918969     4.375062    15.121950   -27.444692  -115.502272
   59.130562    14.084476     4.738029    15.084141   -42.116725  -112.138919
   59.072822    13.840671     4.383315    15.001516   -39.120169  -108.560962
   59.173708    13.851420     4.338774    14.968819   -49.221346  -106.097742
   58.773117    13.899992     4.552503    15.205606   -29.697505  -115.269560
   59.130241    14.126515     4.640431    15.138449   -33.107521  -131.322742
   59.051380    14.079757     4.629880    15.145635   -36.801995  -128.354834
   59.127927    14.182407     4.685314    15.239763   -25.351876  -124.328270
   58.996335    13.798617     4.349409    14.926517   -37.144261  -126.571319
   58.991443    13.863879     4.781840    14.764980   -29.849652  -120.574603
   59.311994    14.034471     4.512174    14.980755   -33.518053  -118.684826
   59.342782    14.208234     4.593177    15.219193   -46.747929  -112.462805
   59.226402    13.949832     4.480898    14.908737   -34.954481  -123.089400
   59.529905    14.148083     4.304323    15.194188   -28.652798  -112.608380
   59.149749    13.863219     4.310952    14.963673   -33.550722  -120.562193
   59.357675    14.214179     4.730226    15.078847   -31.256726  -120.684215
   58.982090    13.938312     4.687061    15.032198   -31.471601  -109.209027
   59.084582    14.167010     4.602380    15.415129   -36.809629  -108.784209
   59.350595    13.952067     4.266070    14.967494   -26.827161  -123.338987
   59.246846    13.867610     4.203622    15.015061   -29.642614  -113.312690
   59.038122    13.966525     4.423940    15.116934   -39.616990  -128.915834
   59.029425    13.964634     4.547202    15.081460   -42.254488  -116.501031
   59.402144    14.048219     4.674496    14.897721   -43.891803  -103.240850
   59.220420    14.036793     4.607701    14.923054   -28.570249  -134.760224
   59.001366    13.987922     4.395032    15.267398   -26.761999  -119.154787
   59.206076    14.096277     4.566921    15.192993   -39.595081  -109.349207
   58.914406    13.872691     4.680869    14.948101   -43.307945  -112.005761
   59.163530    14.096238     4.510114    15.292261   -49.891280  -105.109722
   59.201337    14.096390     4.480822    15.274199   -43.185717  -107.597945
   58.995075    14.092378     4.739451    15.116497   -33.587659  -132.411774
   59.292509    14.088946     4.535518    15.040956   -37.166863  -124.476641
   58.949891    14.037628     4.643112    15.170023   -38.160842  -123.698786
   59.212785    13.973036     4.497259    14.970608   -27.588565  -119.772745
   59.588246    14.239906     4.555504    15.036839   -34.573548  -123.021797
   59.338912    14.242982     4.637349    15.236083   -24.052517  -118.915236
   59.378476    14.160549     4.445012    15.289249   -56.079461  -100.881097
   58.994317    14.148226     4.758361    15.209317   -14.797538  -130.574675
   59.342164    13.938377     4.360682    14.943119   -30.166198  -112.318002
   59.026451    13.931580     4.332361    15.132327    -1.828464  -132.206537
   59.287782    13.971865     4.645266    14.909381   -35.615976  -102.089663
   59.432771    14.330534     4.860674    15.254665   -42.948898   -99.839223
   59.262582    14.011167     4.647010    15.042687   -51.517407   -92.937152
   59.486234    14.451331     4.837202    15.253731   -38.953001  -126.134946
   59.131913    13.916427     4.405525    15.021623   -32.513353  -116.962115
   59.051322    13.815799     4.546776    14.834529   -33.087038  -113.377255
   59.340611    14.198523     4.518029    15.303630   -51.374835  -105.882075
   59.028123    14.127123     4.530189    15.401869   -51.034725  -112.548674
   59.167011    14.106743     4.762014    15.030457   -25.268283  -122.276614
   59.193587    14.195613     4.377089    15.570575   -43.134801  -106.562411
   59.000888    14.229607     4.616945    15.538261   -29.678712  -117.654758
   59.276740    14.128926     4.225824    15.460745   -29.835784  -113.345237
   59.169316    13.965530     4.165358    15.209446   -21.601338  -128.796826
   59.287442    14.012991     4.208540    15.303868   -32.160688  -105.514622
   59.241460    13.923944     4.256092    15.218399   -33.289780   -96.931002
   59.059919    13.839768     4.308127    15.102294   -47.135074  -102.401315
   58.838749    13.982981     4.544202    15.344757   -40.269356  -108.180785
   59.304945    13.932357     4.391071    15.136334   -64.761801   -81.290373
   59.177865    14.055452     4.266348    15.241975   -13.083493  -137.898558
   59.104795    14.004779     4.407587    15.164377   -12.740140  -125.995934
   59.220550    13.877983     4.098070    15.090984   -17.898276  -123.124821
   59.101259    14.100957     4.573624    15.280464   -22.504519  -114.246303
   58.977255    14.113310     4.618383    15.246292   -17.324744  -136.430759
   59.007947    14.124150     4.554154    15.376939   -27.807531  -119.579898
   59.219359    14.160981     4.567177    15.255123   -36.211573  -116.052334
   59.328016    14.052244     4.410646    15.169520   -33.493172  -105.300438
   59.322181    14.170975     4.413952    15.270128   -15.135611  -124.786906
   59.542129    14.080742     4.227872    15.094830   -32.274646  -115.578123
   59.188965    14.042472     4.475573    15.127201   -23.849849  -120.531940
   59.530738    14.084713     4.274800    15.105670   -29.612855  -111.814666
   59.253944    14.029232     4.276948    15.196215   -16.754142  -122.771516
   59.261814    13.907249     4.344564    14.900099   -18.350835  -126.110441
   59.147391    14.019667     4.293796    15.223837   -23.678051  -128.553453
   59.217319    13.986203     4.403477    15.056101   -29.559562  -120.050898
   59.229772    14.053158     4.354108    15.366610   -50.908217   -95.172774
   59.093909    13.994710     4.260342    15.225644   -16.267493  -135.136118
   59.053492    13.705871     4.215847    14.911713   -26.661392  -109.845664
   59.409064    13.934615     4.303576    15.012099   -43.048259   -97.766667
   59.014358    13.887670     4.197579    15.236821   -32.291143  -117.681597
   59.081640    14.109679     4.398883    15.490054   -32.179280  -109.430714
   58.929902    14.059566     4.522640    15.238209   -22.298481  -146.454365
   59.174194    13.746603     4.077307    15.011174   -37.539755  -104.386994
   59.162780    13.739627     4.338250    14.942719   -51.860319   -85.474939
   59.279644    14.157768     4.271718    15.357955   -17.320865  -131.977427
   59.196652    14.007466     4.382238    15.130024   -32.810563  -119.274861
   59.254836    14.035123     4.286428    15.177616   -15.369751  -126.285991
   59.230780    14.096934     4.426830    15.361779   -32.972394  -102.406679
   59.100060    13.886552     4.234668    15.127868   -30.683235  -117.570861
   59.312188    14.045634     4.258416    15.288658   -40.741246  -104.762589
   59.040114    14.138721     4.573254    15.428489   -42.532202  -107.436707
   59.343855    14.089107     4.191112    15.234271   -28.723372  -131.549501
   58.938940    13.983849     4.400819    15.334297   -21.079176  -117.238020
   59.191692    14.112489     4.485154    15.253576   -36.237429  -116.765191
   59.252032    14.034034     4.157425    15.367237   -22.504133  -114.075906
   59.289228    14.032038     4.373853    15.117541   -35.928436  -115.470625
   59.289487    14.179266     4.350565    15.360682   -25.388046  -124.398389
   59.363110    13.904980     4.111190    15.049656   -33.521589  -112.824623
   59.392105    14.104386     4.425198    15.172805   -48.653375  -104.686718
   59.159469    14.079408     4.241780    15.427603   -35.836689  -116.957025
   59.090538    13.934486     4.397867    15.008240   -18.180119  -137.202722
   59.092424    13.877868     4.192395    15.062662   -11.456112  -137.116182
   59.094943    13.766117     4.306353    15.058469   -40.895423   -90.705176
   59.121770    13.784537     4.188101    14.962001   -30.967405  -117.179243
   59.131469    13.940313     4.423265    15.180178   -48.897032   -96.332027
   59.068034    14.092676     4.678209    15.178956   -41.848017  -115.143134
   59.504765    14.188707     4.674050    14.914117   -29.399791  -127.928158
   59.175076    14.182103     4.642461    15.199189   -17.927152  -131.238090
   59.149108    14.130882     4.778700    15.010966    -9.734790  -136.044398
   59.309910    14.230235     4.571466    15.227740   -14.624018  -130.303738
   59.416637    14.033907     4.393986    14.907110    -9.240798  -135.121447
   59.175929    13.908571     4.529992    14.760867    -7.212870  -147.014066
   59.131492    13.959048     4.649696    14.888913   -19.692709  -123.986313
   59.364249    14.169120     4.674041    14.961388   -12.479614  -138.209146
   59.304537    14.141725     4.566567    15.086245   -30.000190  -127.783669
   59.397570    14.141711     4.674581    14.973673   -35.120441  -118.145614
   59.248576    14.214171     4.731031    15.245862   -28.201726  -110.866483
   59.339638    14.174588     4.609600    15.145874   -16.260703  -118.917728
   59.120965    14.151748     4.558544    15.267006   -22.693689  -129.378454
   59.276880    14.146989     4.311557    15.447287   -22.063282  -111.931359
   59.327698    14.038335     4.403895    15.282806   -46.249789   -88.801547
   59.210435    13.895431     4.465579    15.233637   -55.193709   -72.675636
   59.178228    14.173689     4.589492    15.365792   -32.539947  -108.140168
   59.294941    13.960214     4.400920    14.952251   -24.134908  -119.683915
   59.097764    13.965506     4.575240    14.937398   -19.866128  -133.643691
   59.186953    14.029793     4.528909    15.119015   -33.862318  -110.694528
   59.361364    13.997333     4.387326    14.943490   -22.736654  -124.415360
   59.364633    14.174863     4.295380    15.298530   -31.731313  -128.571575
   59.236234    14.059650     4.584192    14.966997   -14.017882  -134.975768
   59.180412    13.998357     4.439712    15.232777   -52.679110   -95.082718
   59.171276    14.167372     4.386877    15.462507   -25.542816  -118.303642
   59.271030    14.027251     4.448898    15.159864   -40.626299  -101.988214
   59.231405    14.150472     4.784437    15.108920   -37.082021  -108.691165
   59.163297    13.798873     4.367875    14.980815   -30.462189   -96.316049
   59.137264    14.155256     4.588558    15.181438     0.475231  -141.585159
   59.272728    14.107053     4.365618    15.294495   -23.727816  -115.385545
   59.326155    13.990816     4.415431    14.959756   -34.873682  -119.348272
   59.199255    14.241868     4.771914    15.223442   -31.719938  -121.676619
   59.157748    14.113698     4.604466    15.310908   -57.544901   -96.278523
   59.377270    14.007002     4.112325    15.169295    -7.020946  -125.455474
   59.250502    14.192621     4.519241    15.354556   -39.928606  -111.060265
   59.229515    14.017191     4.275550    15.224249   -23.987596  -117.654172
   58.951371    14.068599     4.505816    15.303400   -21.402335  -131.304406
   59.206343    14.055027     4.425236    15.206477   -35.959494  -113.426180
   59.102770    13.935655     4.172822    15.333884   -15.731464  -112.400728
   59.147095    14.059622     4.496341    15.246709   -34.551258  -109.031735
   59.156226    14.151491     4.521910    15.389615   -41.791626  -107.380885
   59.193873    14.118597     4.580921    15.159082   -25.527355  -123.108555
   59.182650    14.021816     4.392979    15.132742   -31.755990  -124.468899
   59.243835    13.937972     4.428520    14.986655   -46.118997  -107.718943
   58.890668    13.944700     4.388396    15.446562   -54.536523   -94.763695
   59.215730    13.916207     4.089345    15.173260   -26.686349  -121.822579
   59.227971    13.974603     4.181616    15.287142   -68.642560   -99.452491
   59.352588    14.124720     4.442836    15.107174   -30.882555  -127.918023
   59.117516    14.203489     4.517388    15.391335   -24.672404  -130.155434
   59.192980    14.107068     4.373969    15.325586   -20.029428  -120.992871
   59.276582    13.898396     4.217544    15.032843   -42.382312  -110.925864
   59.071428    14.026648     4.353819    15.323878   -33.882523  -115.854714
   59.219332    13.877262     4.230564    15.043731   -39.937737  -110.178987
   59.121314    14.183901     4.494321    15.490966   -21.440574  -113.973049
   59.328257    14.045904     4.223055    15.178546   -15.281912  -126.769078
   59.308364    14.161218     4.463246    15.321538   -38.528970  -107.290351
   59.410719    14.144128     4.579480    15.326379   -47.388663   -82.718861
   59.316066    14.071841     4.327675    15.152606   -22.407383  -125.754875
   59.288495    14.135149     4.531172    15.238191   -44.698353  -105.608960
   59.147430    14.072387     4.405765    15.253658   -16.568295  -124.948000
   59.432917    14.213111     4.617169    15.125199   -22.355438  -117.963302
   59.172671    14.096168     4.529986    15.143012   -11.661593  -131.115099
   59.210438    14.129083     4.328089    15.374996   -20.777127  -122.987657
   59.423635    13.939500     4.230657    14.874416   -15.515458  -131.275005
   59.208828    14.080266     4.503028    15.095665   -17.561607  -132.533449
   59.335097    14.069598     4.475361    15.050746    -6.721268  -122.799379
   59.169373    13.940436     4.495195    14.989800   -22.284050  -114.774354
   59.189566    14.081195     4.389417    15.295424   -19.506151  -117.296926
   59.290693    14.209719     4.568741    15.390064   -23.747811  -105.593148
   59.131659    13.908485     4.203649    15.253195   -16.140340  -109.470698
   58.828091    14.066874     4.743135    15.252812   -24.342265  -124.067682
   59.161881    14.203944     4.533727    15.361082   -14.627599  -127.506851
   59.048024    13.895609     4.389903    15.201263   -29.196548  -101.358952
   59.094610    14.009755     4.374281    15.207044   -23.495550  -125.056479
   58.956375    13.909535     4.442407    15.166029   -31.406753  -112.302878
   59.223252    14.180937     4.716131    15.167893   -35.903569  -116.493530
   59.245983    14.078718     4.454521    15.168897   -34.324722  -116.971367
   59.291635    14.193943     4.571328    15.242807   -23.784906  -118.898072
   59.343912    14.302618     4.694664    15.307146   -35.717322  -114.630048
   59.342200    13.975337     4.435613    14.901281   -22.732200  -121.840119
   59.094602    13.967418     4.486518    15.209048   -59.478952   -93.998732
   59.123707    14.069732     4.764607    14.984692   -29.405753  -125.163483
   59.174783    14.146416     4.424875    15.373193   -21.282918  -120.808957
   59.340569    14.086676     4.360291    15.108426   -23.435429  -130.049755
   59.354687    13.961764     4.321209    14.970091   -23.992053  -118.415953
   59.269347    13.883797     4.202886    14.985703   -15.516294  -121.721409
   59.200661    14.138024     4.789133    15.039763   -20.994091  -122.120761
   59.135517    14.135625     4.614043    15.329267   -45.283491  -103.338793
   58.925403    13.869437     4.505014    15.124465   -44.639890  -102.696133
   59.312345    13.937334     4.259552    15.095685   -32.474422  -105.262709
   59.226002    14.121958     4.410444    15.346783   -18.730302  -114.333524
   59.297382    14.142831     4.442533    15.301983   -35.520244  -109.459009
   59.029848    13.943175     4.358784    15.162323   -32.014141  -123.110277
   59.063323    13.946759     4.178118    15.290563   -21.610273  -123.905332
   59.261816    13.969643     4.263990    15.191460   -36.394214  -105.279739
   59.274981    14.136410     4.352603    15.339954   -32.005784  -116.227234
   58.946887    13.709126     4.010806    15.206848   -35.583604  -104.321224
   59.181596    13.939088     4.328953    15.109205   -23.232622  -113.781487
   59.203581    14.010729     4.454861    15.338850   -65.641893   -80.161028
   59.164869    13.913752     4.455809    14.991325   -44.268312  -108.230328
   59.195471    14.048722     4.438271    15.183032   -25.241037  -117.037892
   59.206850    13.889362     4.226608    15.367753   -56.955022   -76.405070
   59.131732    13.947276     4.184937    15.237536   -26.683407  -120.621107
   59.259516    14.150447     4.467023    15.295354   -11.869218  -118.789762
   59.244232    13.922357     4.221306    15.028582   -14.652958  -127.676803
   59.144456    13.931709     4.297781    15.202481   -26.063949  -107.542053
   59.225148    14.229705     4.834478    15.305135   -58.038890   -92.864571
   58.973142    14.026737     4.509779    15.224136   -29.378944  -126.988431
   59.317693    14.207172     4.400602    15.310333   -27.277334  -129.947013
   59.019623    14.136178     4.530251    15.502234   -35.304638  -106.786898
   59.132369    14.126761     4.479663    15.325913   -38.065929  -118.406412
   59.224859    13.975560     4.225468    15.184947   -29.835338  -117.751299
   58.907268    14.069288     4.487117    15.409931   -30.484827  -121.377524
   59.112018    14.011538     4.261970    15.451748   -58.391403   -96.082410
   59.160721    14.149773     4.422875    15.338978   -29.535656  -128.497691
   59.144941    14.078963     4.304797    15.424916   -28.942241  -113.240097
   59.176490    14.065981     4.258851    15.325753   -13.404972  -127.356215
   59.234897    14.029825     4.299009    15.174716   -34.529664  -124.003606
   59.193194    13.859636     4.184998    15.076569   -48.546195  -107.617110
   59.490206    14.104549     4.258400    15.128395   -22.791202  -122.194951
   59.259299    14.189522     4.499115    15.187707   -16.428003  -146.328123
   59.349333    14.184427     4.484433    15.271282   -39.220280  -111.934884
   59.305960    14.160773     4.381877    15.265299   -22.000049  -128.218747
   59.161382    14.001279     4.257814    15.233774   -23.300943  -123.715147
   59.257875    14.046945     4.280036    15.265840   -44.767304  -111.373012
   59.056322    13.841637     4.252653    15.069598   -28.043438  -118.192976
   59.222451    13.972706     4.262756    15.155387   -26.667369  -117.676020
   59.252537    14.064727     4.425251    15.254659   -46.071192  -101.960660
   59.180284    13.968120     4.249704    15.180440   -31.433310  -119.386514
   59.065451    13.986497     4.128303    15.365484   -16.187381  -131.408169
   59.410520    13.871051     4.177927    14.944573   -39.575410  -104.488685
   59.013060    13.892389     4.378851    15.130775   -32.145199  -112.741771
   59.183016    14.209675     4.620018    15.260074   -27.971909  -129.789631
   59.004291    13.861923     4.238151    15.267190   -47.264572  -100.752228
   59.135073    14.171630     4.527627    15.339330   -33.408759  -123.555731
   59.199085    14.030971     4.202739    15.285577   -32.951275  -124.807639
   59.153283    13.831052     4.336731    15.134224   -51.463023   -84.856613
   59.177827    13.986503     4.309662    15.196282   -29.052653  -115.356787
   59.214119    14.049041     4.540630    15.251882   -49.006037   -92.322791
   59.059424    14.085809     4.430867    15.301111   -18.708913  -131.088017
   59.179504    14.194913     4.456109    15.360571   -15.260056  -132.924850
   59.048918    14.216621     4.544476    15.503979   -16.915392  -123.736140
   59.105896    14.044940     4.492945    15.191163   -28.460056  -119.868451
   59.052717    13.730970     4.255901    14.937235   -45.679045  -104.499576
   59.195972    13.913376     4.229001    15.072626   -25.514995  -122.106395
   59.195798    14.060751     4.437714    15.171511   -39.089272  -120.247298
   59.289479    13.959350     4.405679    15.024855   -38.963678  -105.963476
   59.211964    13.938136     4.203231    15.144186   -23.952728  -119.027335
   59.126137    14.233908     4.500037    15.455509   -35.649370  -128.452049
   59.137665    13.980928     4.346235    15.116495   -30.281979  -129.083110
   59.009449    13.961945     4.237388    15.341572   -33.778768  -118.521738
   59.105067    14.041000     4.574917    15.240240   -42.132956  -101.173234
   59.040727    13.925620     4.327391    15.180688   -30.670850  -117.158210
   59.274756    13.829348     4.273956    14.986497   -44.765922   -94.793512
   59.015021    14.043787     4.412530    15.299086   -24.876387  -126.874575
   59.290832    14.018891     4.469127    14.996901   -31.188574  -120.318047
   59.070361    13.948657     4.343486    15.153202   -35.194266  -121.701760
   59.112952    13.948405     4.353534    15.161734   -51.709276  -109.251968
   59.040105    14.097833     4.656167    15.232259   -42.175059  -114.645188
   59.129241    13.910974     4.239876    15.055427    -7.375476  -136.461089
   59.028576    14.076729     4.473524    15.280516   -35.117954  -129.142390
   59.375571    14.110377     4.364391    15.145164   -25.466402  -124.166825
   59.140892    13.932840     4.318360    15.078604   -32.120921  -122.742582
   58.877428    13.997912     4.634434    15.145513   -25.442304  -130.399232
   59.233351    14.000412     4.164763    15.318635   -22.308638  -113.521456
   59.406175    13.935020     4.271381    14.999997   -27.645044  -106.007372
   59.221916    13.853391     4.206166    15.001038   -25.034119  -115.427276
   59.263118    14.008322     4.320205    15.110773   -26.153368  -122.014928
   59.247806    13.989507     4.176886    15.372785   -40.017623   -98.593981
   59.230513    14.059309     4.309620    15.270875   -29.010465  -117.116342
   59.331477    13.942366     4.273744    14.960512   -13.623649  -125.326570
   59.019012    13.996245     4.644414    14.986112   -22.717085  -138.814292
   59.222792    14.077674     4.768923    15.076179   -14.827238  -105.258360
   59.350195    14.020181     4.386008    15.088133   -19.838439  -110.841421
   59.321412    14.070851     4.538806    14.979895   -23.689678  -126.803042
   59.208654    13.960716     4.264066    15.111933   -12.423858  -125.109937
   59.340817    13.990025     4.440824    15.076080   -34.763890   -98.903587
   59.296721    13.952571     4.294190    14.975194   -13.984561  -128.630177
   59.172644    14.039710     4.492185    15.065268   -12.777740  -132.907054
   59.281900    14.019530     4.243526    15.216257   -18.962414  -117.281169
   59.325233    14.224369     4.513872    15.266030   -17.668976  -127.087983
   59.277129    14.111090     4.402620    15.184957   -30.628286  -127.352214
   59.337935    14.204920     4.420237    15.307964   -17.247939  -125.180327
   59.077861    14.081029     4.611793    15.239717   -24.327076  -113.175570
   59.158871    14.123959     4.768838    15.088301   -20.742224  -118.695038
   59.232370    13.916959     4.189542    15.258560   -17.806261  -101.880138
   59.122911    14.164503     4.648267    15.241807   -13.484129  -126.003108
   59.307377    14.087993     4.336524    15.259254   -14.465428  -116.198911
   59.175578    13.899833     4.465126    15.052506   -47.390462   -94.596255
   59.291670    13.812330     4.194192    14.909886   -31.711431  -109.112279
   59.080964    13.961307     4.527385    15.215089   -20.405853  -100.705344
   59.215894    13.984709     4.360498    15.039714   -19.220392  -130.716243
   59.388288    14.232211     4.461479    15.289215    -4.225308  -125.788011
   59.399459    13.891198     4.199467    14.982610   -23.283080  -107.019772
   59.224235    14.180636     4.679366    15.166683   -23.889046  -123.087019
   58.956690    14.097710     4.591657    15.352415   -38.473457  -116.324321
   59.425983    13.994947     4.170589    15.029760   -18.868144  -127.943112
   59.287611    14.248466     4.477381    15.369426   -21.257429  -127.325671
   59.154069    14.029462     4.457435    15.085055    -8.633379  -134.161862
   59.253436    13.960462     4.173289    15.105472    -5.923381  -132.455938
   58.847415    13.771467     4.382454    15.001970   -22.342133  -123.318595
   59.097966    13.935931     4.281722    15.239018   -36.683653  -108.524258
   59.300478    13.957812     4.327520    15.020988   -19.128688  -116.939528
   59.245635    14.110484     4.481920    15.159447   -17.140438  -127.158105
   59.154783    13.888423     4.201151    15.168984   -20.687164  -111.292004
   59.355978    14.139687     4.430261    15.252201   -14.446101  -113.975887
   59.149211    13.791764     4.218754    14.994940   -27.514644  -107.983561
   59.386270    13.881238     4.289216    14.897740   -28.953552  -107.075025
   58.983641    13.689442     4.024967    15.077562   -19.687092  -113.170774
   59.219674    14.118545     4.543141    15.251396   -36.489357  -108.598127
   59.501349    14.226793     4.479070    15.211090    -4.680489  -119.464007
   59.106306    14.055982     4.464925    15.446385   -14.789643   -99.953264
   59.200086    13.808556     4.304452    15.022175   -35.898039   -94.072537
   59.608821    14.182634     4.509167    15.106317   -14.468884  -106.333806
   59.443146    14.020378     4.530546    15.085157   -48.131794   -84.148023
   59.158227    13.958170     4.265622    15.224616   -22.200442  -113.264898
   59.022725    13.945775     4.410761    15.263706   -36.180772  -103.608546
   58.990180    14.092518     4.554917    15.333397   -32.186247  -118.922587
   59.252082    14.076578     4.512520    15.291132   -50.428822   -91.933167
   59.227483    14.000760     4.475670    15.112439   -50.847325  -101.694168
   59.270389    14.144891     4.510828    15.226426   -25.223772  -117.896503
   59.355216    14.099205     4.427367    15.232872   -32.714125  -103.876111
   59.275930    14.047109     4.130502    15.269412   -14.126311  -133.315056
   59.193587    13.957461     4.582437    14.828287   -31.372637  -135.796083
   59.200800    14.153229     4.675748    15.208816   -40.117406  -109.996389
   59.320224    14.223211     4.467657    15.316407   -11.731850  -126.432903
   59.164122    14.023958     4.439583    15.116122   -21.199862  -125.865020
   59.375723    14.175267     4.618133    15.081305   -30.620461  -120.614860
   58.993394    14.066302     4.507335    15.256047   -33.079683  -131.757280
   59.302260    14.190417     4.478509    15.347150   -25.150283  -112.903628
   59.218487    14.154944     4.528324    15.232104   -13.480172  -126.633801
   59.250225    14.086819     4.540788    15.069151   -23.013111  -126.480523
   58.994667    13.920545     4.409220    15.063038   -25.492496  -136.027525
   59.166733    14.027609     4.286347    15.268972   -17.120254  -122.348712
   59.232486    14.133646     4.564898    15.169123   -41.975500  -119.645408
   59.380791    14.238827     4.640860    15.218469   -34.217598  -112.816684
   59.356580    14.014788     4.281038    15.097743   -29.507969  -116.787795
   59.107692    14.029055     4.298420    15.389172   -34.882992  -109.619773
   59.254846    14.120463     4.500276    15.257947   -22.369159  -111.652442
   59.391132    13.874528     4.044350    14.998431   -28.203928  -117.321966
   59.069089    13.819937     4.249015    15.017589   -10.548090  -121.523458
   59.433892    14.201246     4.553102    15.329766   -46.803657   -92.108787
   59.361738    14.278376     4.613915    15.234168   -34.290763  -127.560035
   59.227525    14.042796     4.585701    14.958521   -33.535133  -130.287820
   59.196289    14.215217     4.714948    15.191333   -34.829339  -127.429475
   59.298342    14.081531     4.539439    15.118625   -45.051417  -106.498438
   59.397824    14.032366     4.365339    15.054870   -29.333244  -112.647463
   59.338224    14.165739     4.577001    15.109558   -20.211216  -125.428149
   59.284613    14.056286     4.276684    15.136443   -13.823926  -138.255222
   59.334322    13.904971     4.189934    14.989511   -21.176270  -118.659960
   59.269559    13.963028     4.265171    15.102531   -33.418724  -115.024541
   59.173477    14.040605     4.258844    15.312917   -22.395207  -121.132982
   59.082490    13.977054     4.405861    15.118656   -31.494320  -127.523279
   59.197247    14.032575     4.482809    15.132570   -42.376706  -111.606159
   59.242734    13.972417     4.281828    15.217036   -53.133409   -99.314834
   59.168776    14.113050     4.488968    15.173154   -10.654533  -138.453529
   59.107399    14.124737     4.606541    15.208432   -27.687106  -125.915217
   59.030224    13.771156     4.087645    15.254339   -41.559981   -95.638413
   59.053338    14.064946     4.628849    15.170184   -26.314894  -119.627197
   59.301912    14.089684     4.380499    15.104135   -21.481332  -136.745645
   59.233417    14.000195     4.311537    15.092735   -22.737260  -129.554489
   59.214209    14.074207     4.433328    15.138004    -9.421174  -132.269010
   59.295398    14.010294     4.400408    15.201955   -44.920978   -94.877547
   59.183576    14.047605     4.482534    15.021405   -13.330437  -147.942998
   59.234247    14.019173     4.533888    15.125366   -36.445271  -101.497365
   59.226302    14.032602     4.349993    15.189842   -27.808563  -117.606295
   59.326683    13.998700     4.409920    15.111645   -40.098985   -99.435393
   59.177828    13.910925     4.262205    15.085237   -27.826718  -117.226054
   59.301786    14.184012     4.512772    15.258944   -29.651394  -118.330379
   59.086520    14.127719     4.619364    15.204209   -24.505222  -129.781697
   59.084477    13.803812     4.548603    14.801460   -16.261115  -114.010702
   59.247125    13.986537     4.422207    15.115671   -21.802494  -107.742008
   59.417378    13.733089     4.085297    14.716376   -12.140850  -116.307142
   59.134989    13.714190     4.183007    14.901683   -12.012206  -110.159708
   59.415348    13.887754     4.310998    14.842975   -11.794115  -113.933623
   59.133980    14.012492     4.338707    15.281968   -15.114606  -115.570173
   59.335079    14.247172     4.600673    15.327616   -18.016914  -113.722387
   59.101888    13.995535     4.507431    15.118273   -38.971888  -114.363228
   59.149141    14.100272     4.533884    15.166681   -20.643582  -130.552876
   59.164586    13.989487     4.570750    14.914766   -20.630566  -136.114095
   59.265245    14.201337     4.659584    15.195777   -29.598527  -119.995485
   59.240549    14.106718     4.357760    15.233760   -10.380605  -131.936416
   59.323166    13.985635     4.074160    15.218565   -17.097485  -122.844875
   59.133260    14.143578     4.884507    15.071058   -20.090614  -116.691671
   58.995646    13.988506     4.530380    15.193050   -29.882668  -114.217733
   59.285977    14.162831     4.429425    15.340026   -27.730691  -113.758105
   59.114199    14.000967     4.569787    15.074911   -28.275964  -115.474210
   59.208437    14.175505     4.401576    15.409080   -13.489431  -123.192815
   59.209825    13.863799     4.121992    15.125624   -15.632429  -113.693930
   59.154770    14.216303     4.639135    15.405148   -27.305866  -111.597472
   59.364546    14.029051     4.228639    15.351635   -26.071485   -96.433455
   59.439744    14.165971     4.506219    15.317188   -38.735728   -92.316342
   59.273359    14.050605     4.441654    15.084904   -16.353483  -123.074378
   59.540610    14.220555     4.764975    15.012409   -43.711822  -103.146057
   59.234712    13.872225     4.188114    15.124077   -25.185136  -104.741864
   59.305390    13.890669     4.347764    15.070889   -42.338113   -89.792198
   59.425050    14.031338     4.494222    15.181451   -28.187877   -87.131487
   59.343922    14.184897     4.823221    15.071312   -26.976371  -107.566696
   59.235853    13.905092     4.376098    15.018406   -20.357523  -107.560531
   59.529172    13.930794     4.207859    14.944923   -18.412730  -106.489747
   59.135477    13.957860     4.454408    15.144989   -14.364780  -108.830304
   59.404667    13.906820     4.293807    15.150179   -24.319653   -86.127933
   59.457959    13.876885     4.476404    14.929097   -23.000653   -84.368267
   59.246094    13.798364     4.364389    14.994214   -40.224817   -85.525691
   59.297884    14.146219     4.538709    15.149226   -18.807532  -124.056106
   59.483761    14.088207     4.467105    15.252221   -33.747663   -85.626425
   59.315990    14.147441     4.455838    15.197603     4.165911  -128.073369
   59.568387    13.889716     4.280886    15.076768   -31.459334   -75.266109
   59.425987    13.957669     4.543514    15.037778   -25.333446   -85.344218
   59.442426    14.079297     4.525977    15.244292   -24.878880   -86.811906
   59.576003    14.159178     4.588963    15.180912   -35.865211   -86.673443
   59.153011    14.152082     4.591324    15.317131   -25.782781  -113.105156
   59.327310    14.094062     4.344215    15.234371    -4.188839  -119.642215
   59.262350    14.022362     4.430591    15.279532   -30.166416   -94.456148
   59.257939    13.988579     4.320328    15.425793   -29.110780   -85.284004
   59.419922    14.087703     4.705029    15.068130   -12.124585   -96.433333
   59.143991    13.942635     4.508766    15.324550   -40.522767   -79.609590
   59.242389    13.961882     4.324322    15.221344   -14.596394  -102.803370
   59.238307    13.812243     4.446639    14.937023   -36.637351   -89.056575
   59.477622    14.084796     4.708902    15.094466   -14.693438   -88.204780
   59.049509    14.053552     4.790581    15.094659    -4.664138  -114.914142
   59.189180    13.746101     4.449053    14.739546   -12.425736  -107.551175
   59.284367    13.927303     4.412071    14.928891   -17.671828  -115.712837
   59.158022    13.881826     4.561067    14.969833   -11.359740  -103.375283
   59.153126    13.837977     4.746164    14.927496   -36.179235   -81.139395
   59.441602    13.990602     4.419173    15.181650   -41.677103   -80.567815
   59.061907    13.781502     4.229242    15.103021   -12.058312  -105.349774
   59.134930    13.782490     4.414059    15.140657   -24.493106   -81.257941
   59.175748    13.861941     4.424887    14.993426   -33.268423  -100.472038
   59.227265    13.691412     4.281336    14.697245    -9.287034  -112.114122
   59.267680    13.799434     4.221631    15.046286    -3.068833   -98.779071
   58.934873    13.996623     4.750127    15.255952   -34.077052   -95.147882
   59.355228    13.829172     4.585006    14.961420   -29.001526   -74.245674
   59.163870    13.676963     4.296152    15.099606   -21.694648   -74.002207
   59.303530    13.773456     4.191169    15.111367   -19.503795   -84.314909
   59.100297    13.691706     4.427186    14.989355   -20.680782   -82.051750
   59.350153    14.091250     4.687601    15.103259   -12.716722  -100.599192
   59.443942    14.241207     4.839166    15.350800   -30.013276   -80.424465
   59.079535    13.951842     4.530413    15.123343     0.068261  -112.134694
   59.386703    13.982560     4.546562    14.987727    -8.019349  -101.134506
   59.262150    14.043537     4.442850    15.251043   -24.759450  -101.101777
   59.386492    13.919313     4.420873    15.140817   -39.828941   -77.796188
   59.378957    14.174333     4.847024    14.964772   -21.013956  -114.099052
   59.485959    14.373194     4.697336    15.266223   -24.776568  -122.271622
   59.452634    14.257280     4.636194    15.206423   -29.943443  -111.780273
   59.057527    13.943343     4.320982    15.163940   -19.360194  -125.380084
   59.140001    13.935038     4.682461    14.992327   -38.513490   -96.092093
   59.397445    14.126053     4.541614    15.026298   -23.991479  -123.083798
   59.329580    14.145603     4.643667    15.121515   -46.300545  -106.721424
   59.078224    14.014254     4.656767    14.940546    -6.549462  -142.725096
   58.880689    14.209396     4.938343    15.268869   -28.050478  -129.189004
   59.294853    14.272965     4.537804    15.266046    -8.110848  -146.603823
   59.245444    14.004622     4.399347    15.120414   -28.399950  -112.040075
   59.226632    14.173094     4.600120    15.224236   -15.958192  -122.597935
   59.181427    14.150470     4.650895    15.148949   -12.435862  -128.757152
   59.142049    14.214460     4.762844    15.157498   -12.103205  -138.243240
   59.088173    13.902324     4.636620    15.028579   -45.678015   -92.579206
   59.362338    13.950336     4.310923    14.923922   -18.086096  -123.960414
   59.297697    14.052259     4.447258    15.151554   -17.137773  -110.880504
   59.248325    13.880696     4.514261    15.174187   -42.272827   -73.503619
   59.266337    14.005230     4.705388    15.117231   -32.197790   -86.140444
   59.431124    13.820470     4.358559    14.890523   -30.810062   -86.289139
   59.169367    13.801360     4.372362    15.085522   -35.049006   -85.442605
   59.150056    13.854375     4.703446    14.812169   -14.557115  -103.722630
   59.287468    13.737944     4.367070    14.948487   -45.843356   -74.493727
   59.072039    13.628720     4.103455    14.997203    -6.430729   -97.022553
   59.339574    14.002973     4.166047    15.286893   -22.476220  -106.060974
   59.004023    13.956110     4.398550    15.303009    -8.064608  -110.992767
   58.948830    13.904326     4.456911    15.260280   -13.222333  -104.884351
   59.202888    14.038304     4.251423    15.432136   -19.063407  -105.328568
   59.530441    13.885285     4.259881    15.039323   -53.694776   -75.614790
   59.252040    13.865860     4.395139    15.044126   -33.192963   -91.732175
   59.036556    13.809371     4.250230    15.240863   -31.191813   -93.618247
   59.295724    13.977770     4.272392    15.320229   -17.111662   -95.491941
   59.195285    14.078779     4.224724    15.403176   -11.907663  -121.873193
   59.113060    14.110276     4.401422    15.286629    -1.787806  -138.799281
   59.012194    14.104747     4.551612    15.294045   -19.994794  -128.041788
   59.277626    13.985727     4.324384    15.120724   -17.033702  -113.825171
   59.284898    13.865104     4.205142    14.935507   -29.876077  -119.781575
   59.353333    14.212844     4.229002    15.437629   -29.318528  -128.492109
   59.165047    14.081840     4.373950    15.346455   -41.562091  -111.081264
   58.966888    13.912246     4.173739    15.280093   -21.777193  -130.794850
   59.097091    13.961657     4.334604    15.185270   -34.820658  -117.197040
   59.297225    14.076669     4.316929    15.152941   -15.911207  -132.973295
   59.063427    13.823847     4.106346    15.120390   -18.397500  -124.132097
   59.120933    13.959071     4.250407    15.203020   -21.446894  -123.331484
   59.260713    14.143670     4.359481    15.338113   -27.726606  -120.305605
   59.208304    13.862547     4.204155    15.028462   -19.580179  -116.823380
   59.341455    13.965413     4.613170    14.886290   -33.527043  -101.325346
   59.438725    14.262229     4.270545    15.548858   -37.048375  -108.454628
   59.165598    14.067333     4.346280    15.300235   -25.787195  -119.960677
   59.108364    13.973395     4.394750    15.192498   -41.706608  -109.190047
   59.103723    13.863838     4.371618    15.018138   -32.436342  -110.815207
   59.254840    14.015253     4.350909    15.085475    -9.179738  -127.976886
   59.052724    14.149253     4.558940    15.286492   -19.286563  -137.377710
   58.954372    14.053928     4.383103    15.314084    -5.707170  -145.287122
   59.317070    14.180291     4.482033    15.272181   -32.526323  -116.470146
   59.329019    14.078302     4.360963    15.102298    -9.433852  -131.722740
   59.256902    14.202646     4.440899    15.451380   -37.369795  -109.558427
   59.096055    13.968035     4.398817    15.121446   -36.898949  -121.473267
   59.516695    14.327475     4.393480    15.428237   -40.641161  -115.379686
   59.297344    14.240776     4.597186    15.288254   -51.105770  -115.778171
   59.180639    14.135574     4.584181    15.210643   -32.924250  -119.801192
   59.413203    14.232078     4.475609    15.417445   -41.253575   -98.939188
   59.116651    13.907739     4.411563    15.369896   -63.757486   -71.552591
   59.136645    14.163732     4.532351    15.298093   -19.991498  -129.181001
   59.077169    13.869619     4.405083    14.972432   -26.634005  -120.564831
   59.425654    14.166598     4.501743    15.078761   -24.253946  -127.103845
   59.231816    14.157745     4.565581    15.258516   -23.222499  -115.895383
   59.276772    14.062919     4.441986    15.126064   -29.922736  -117.237254
   58.995015    13.800735     4.048907    15.293419   -23.435662  -109.075857
   59.291018    13.952299     4.446579    15.165263   -31.147130   -89.207089
   59.298301    13.967610     4.165361    15.048480    -6.245999  -139.693739
   59.323101    13.937411     4.200089    15.123197   -32.507199  -106.569765
   59.427648    14.202399     4.491691    15.273776   -33.284080  -107.322249
   59.123951    14.105156     4.633389    15.441830   -27.619803   -91.574571
   59.270213    13.952704     4.482424    15.196715   -39.697312   -83.542887
   59.120488    13.813054     4.300149    14.918556   -32.059752  -118.950668
   59.002446    14.180227     4.731622    15.286748   -21.869417  -128.455945
   59.296680    13.987027     4.177445    15.240658   -38.467720  -107.652857
   59.226742    14.058017     4.322061    15.249045   -40.686302  -116.939449
   59.116844    13.874364     4.229555    15.136078   -36.269716  -110.316496
   59.115434    14.037813     4.296773    15.353015   -46.171941  -113.381517
   59.078466    13.979627     4.355600    15.147156   -27.853336  -132.275596
   59.100627    14.024552     4.336644    15.302895   -33.097299  -116.609785
   59.190401    14.017247     4.604624    15.273048   -57.314998   -79.931794
   59.252827    14.148934     4.500094    15.433555   -50.931796   -92.320889
   59.287902    13.988101     4.473674    15.203403   -51.837617   -84.095076
   59.422592    14.165656     4.692962    15.319830   -52.516137   -76.447635
   59.323465    13.848602     4.254101    15.273197   -55.070293   -67.297244
   59.317175    14.100263     4.526344    15.260101   -35.793398   -96.176032
   58.945063    14.044006     4.422812    15.411501   -35.536524  -116.236473
   59.265990    13.930053     4.216618    15.080232   -11.658527  -119.571315
   59.294098    14.011693     4.223498    15.209692   -18.346511  -117.037340
   59.208323    14.103493     4.523783    15.059429   -11.162318  -148.777867
   59.184740    14.215569     4.592321    15.317063   -28.287989  -124.914557
   59.237011    14.083273     4.683248    14.973428   -24.578056  -125.478953
   59.009752    13.955214     4.716612    15.020002   -39.038451  -107.044472
   59.232952    14.193912     4.444280    15.292745   -12.940135  -138.466603
   59.004356    13.885509     4.585732    14.942682   -16.699150  -119.782813
   58.916445    14.110244     4.642741    15.378041   -22.255767  -118.077435
   59.322995    14.242467     4.607124    15.146120   -16.713078  -144.017445
   59.147531    13.954103     4.328238    15.127328   -29.631817  -118.659695
   59.305031    14.189468     4.406780    15.313021   -24.079471  -125.383878
   58.976292    14.058551     4.388852    15.288325    -4.857978  -147.919363
   59.221567    13.959462     4.319547    15.020051   -16.224460  -131.305001
   59.211110    14.163232     4.487547    15.249642   -19.279143  -132.527820
   59.171027    14.137385     4.662852    15.140477   -30.850138  -123.829586
   59.309164    13.921190     4.353460    14.907396   -22.144738  -120.014587
   59.208085    13.920727     4.285734    15.036021   -23.249770  -121.493187
   59.129035    13.926405     4.169050    15.146084   -14.416528  -134.606422
   59.245873    14.094273     4.597850    15.015250    -0.781262  -134.024739
   59.105882    13.914215     4.607480    14.838380   -11.846556  -130.132691
   59.454472    14.110917     4.489634    14.980285    -8.699496  -126.877368
   59.032904    13.817400     4.264741    15.134975   -28.913609  -104.929427
   59.155040    13.950947     4.309574    15.101514   -15.916838  -125.445820
   59.402900    14.150036     4.421069    15.194448   -23.620993  -117.145403
   59.016348    13.907330     4.510408    15.157588   -39.256673   -98.551856
   59.112267    14.038122     4.459776    15.267140   -28.477141  -110.562394
   59.336728    14.149624     4.679621    15.102416   -33.680076  -108.618937
   59.039265    13.969867     4.528859    15.048554   -26.842884  -128.339301
   58.880723    13.960384     4.470086    15.286280   -41.712870  -113.198542
   59.145133    14.128836     4.501647    15.238895   -16.276706  -132.266640
   59.305310    14.171894     4.580201    15.134890   -13.376168  -128.364502
   59.097064    14.029821     4.523848    15.160449   -38.433625  -116.123699
   59.276685    14.131600     4.621275    15.106700   -45.799360  -114.904099
   59.301557    14.135190     4.318774    15.262582   -15.427594  -131.144858
   59.210013    13.944060     4.426813    14.970087   -38.631311  -118.964866
   59.077709    14.172786     4.523073    15.381619   -18.013263  -128.358646
   59.384755    14.175079     4.347969    15.192942   -22.720594  -139.177709
   59.315582    14.036154     4.220990    15.180099   -25.279988  -124.332983
   59.111278    13.916794     4.214936    15.121941   -19.178692  -131.396033
   59.184459    13.807338     4.013149    15.146157   -22.910606  -110.479792
   59.112283    14.005682     4.317358    15.188773   -17.785509  -133.801486
   59.169942    14.086680     4.624303    15.370127   -29.990635   -91.086496
   59.279520    13.960003     4.488449    15.235496   -30.621377   -83.122288
   59.089783    13.808694     4.094808    15.174085   -23.374087  -109.817401
   59.054057    13.952205     4.218005    15.232282    -9.722973  -132.721112
   59.243150    14.179240     4.601871    15.263740   -46.190263  -110.439092
   59.443699    14.051218     4.491063    14.834919   -12.462296  -136.720254
   59.079471    13.872412     4.254206    15.109630    -4.852802  -121.100889
   59.122827    13.890128     4.367162    14.882064    -2.110267  -149.390505
   59.447907    14.072365     4.185380    15.195305    -9.121090  -120.836858
   59.179733    14.129909     4.517236    15.174537   -20.666898  -137.376271
   59.010396    14.047597     4.503100    15.224829   -22.293353  -129.436384
   59.085540    14.111676     4.544986    15.335436   -21.437960  -114.868972
   59.086268    14.135791     4.439240    15.370602   -20.299351  -129.119630
   59.063438    13.944700     4.414052    15.114141   -20.089054  -120.641933
   59.404498    13.904684     4.315808    14.767946   -14.072014  -131.798113
   59.251707    14.063561     4.321338    15.159234   -13.514764  -134.856903
   59.110343    13.939631     4.416670    15.007872   -18.240036  -131.606473
   59.233552    13.911508     4.206306    15.119103   -40.708839  -109.131372
   59.152769    14.087373     4.494864    15.236806   -12.513661  -120.744162
   59.248614    13.965785     4.180276    15.102753   -26.541703  -133.186651
   59.359926    14.185150     4.481875    15.235126   -26.474346  -118.591480
   59.117257    13.899397     4.240946    15.191271   -28.294676  -109.683786
   58.998104    13.982728     4.777241    15.047632   -12.788371  -110.889472
   59.279028    13.845707     4.184536    14.966070   -20.215194  -114.497760
   59.323341    14.207220     4.430958    15.388093   -28.386571  -113.542164
   59.375532    14.168335     4.645738    15.313427   -44.622751   -86.751354
   59.176687    13.957541     4.221989    15.244572   -15.329290  -114.534419
   59.203190    13.974720     4.230398    15.316760   -25.777889  -104.542258
   59.434565    14.266466     4.368332    15.359571    -7.022559  -129.113085
   59.178598    13.817934     4.249875    15.089354   -42.365637   -93.639581
   59.291596    14.141139     4.465862    15.386273   -40.057867   -97.542761
   59.146320    13.905740     4.293714    15.230233   -27.681145   -99.609401
   59.351658    14.002832     4.082376    15.378272   -35.510976   -99.777166
   59.269680    13.992203     4.503302    15.389822   -58.535752   -67.160869
   59.337872    14.080967     4.506568    15.261891   -37.068330   -92.055603
   59.385129    14.027957     4.248698    15.285806   -35.515545   -96.358746
   59.230514    14.178922     4.603552    15.225913    -2.752384  -125.112254
   59.474807    14.313934     4.655220    15.286393   -30.237014  -110.173413
   59.162731    13.979293     4.425249    15.116877   -46.170686  -110.245260
   59.216256    14.112357     4.538009    15.299886   -39.176358  -102.015012
   59.358979    14.039288     4.301736    15.326448   -39.997772   -91.707082
   59.507438    13.937889     4.127672    14.964341   -43.756922  -111.074292
   59.104573    14.126640     4.742405    15.121044   -11.905556  -125.807338
   59.385947    14.231485     4.458257    15.348345   -24.792829  -114.689557
   59.379852    14.215747     4.274877    15.418657   -26.257346  -122.599226
   59.301897    14.032200     4.364839    15.190997   -34.175455  -105.439388
   59.152872    13.906140     4.207990    15.216727   -26.156460  -108.063606
   59.134173    13.947590     4.339341    15.171076   -39.818458  -108.939799
   59.267126    13.869630     4.144271    15.020714    -0.742655  -122.251240
   59.229867    13.723626     4.399324    14.721691   -26.247971  -101.850408
   59.142266    13.917509     4.199917    15.194155   -13.709801  -117.908205
   59.149609    14.095322     4.257353    15.380630    -8.576223  -132.234422
   59.040263    13.972544     4.483018    15.216973   -32.219605  -106.786787
   59.255735    14.153730     4.317783    15.457299   -31.892970  -111.819603
   59.373611    13.824139     4.132556    15.065271   -39.579874   -89.336767
   59.155865    13.958201     4.373097    15.207650   -26.380757  -104.491415
   59.339880    13.865156     4.135085    14.995326   -24.398697  -112.352751
   59.354845    14.057534     4.465016    15.212899   -39.497851   -93.399582
   59.298341    13.933002     4.317889    15.115566   -24.220679  -100.661009
   59.296385    13.934953     4.093446    15.201060   -17.935893  -113.516452
   59.099147    13.998784     4.678301    15.183427   -42.739819   -91.390108
   59.409113    14.186808     4.654316    15.313699   -28.447382   -90.833416
   59.173139    14.101692     4.510265    15.300694   -12.635087  -112.693105
   59.062041    13.904090     4.512130    15.253348   -41.969839   -84.946488
   59.291961    13.961360     4.433141    15.154519   -21.745873   -94.902041
   59.347841    14.058734     4.243611    15.367777   -13.794087  -103.593508
   59.732969    13.876393     4.168380    15.076132   -58.680050   -59.184847
   59.308498    13.978725     4.249578    15.211528   -20.340813  -105.293000
   59.465955    14.197136     4.452522    15.196392   -25.693584  -116.947524
   59.327774    13.905082     4.383638    14.928395   -26.644234  -106.570558
   59.132417    13.992949     4.623952    15.166237   -34.142280   -95.577894
   59.168670    14.013288     4.423620    15.408389   -27.553841   -91.037806
   59.281916    14.124097     4.487590    15.433353   -32.568450   -91.643956
   59.177506    13.943659     4.306242    15.142329   -15.025285  -115.105703
   58.976287    13.869549     4.458416    15.272468   -42.204512   -88.127035
   59.359757    14.001651     4.389831    15.152305   -14.838754  -100.825990
   58.959232    13.811076     4.569854    15.193449   -40.041233   -80.078851
   59.030338    13.645439     4.165235    15.076549   -31.276383   -86.117210
   58.882883    13.949225     4.712636    15.044264   -31.006892  -120.462176
   58.951672    13.731275     4.441812    14.904525   -41.809568  -103.012218
   59.317996    14.016296     4.527726    15.242027   -63.020519   -75.691878
   59.071137    14.115157     4.451964    15.345132   -15.435207  -128.110649
   58.910704    14.163924     4.739638    15.403617   -31.771876  -115.788872
   59.060399    13.997900     4.476331    15.217593   -49.277130  -107.250008
   58.869331    13.990307     4.713728    15.303190   -55.644757   -91.858662
   59.111337    13.804929     4.331208    14.877816     2.492282  -125.490018
   59.228679    13.877143     4.214190    15.115120   -30.812392  -103.673997
   59.096451    14.079966     4.535438    15.291423   -34.785421  -109.920505
   59.249307    14.107057     4.496558    15.226634   -32.673095  -111.186937
   59.266696    13.837199     4.388217    15.099457   -49.824182   -76.759085
   58.831787    13.998344     4.522816    15.337021   -28.985906  -118.482086
   59.239581    13.970058     4.507372    15.131923   -45.178243   -91.089858
   59.167504    14.025137     4.526563    15.362467   -37.613519   -86.950578
   59.177480    13.925561     4.228009    15.169442   -38.798130  -110.845998
   59.113502    13.980533     4.519797    15.184603   -52.265929   -96.443177
   59.346765    14.098911     4.790360    14.908007   -58.703312  -105.411825
   59.121580    14.077867     4.645665    15.160071   -39.779711  -111.157140
   58.977854    13.883376     4.495135    15.208133   -56.190278   -89.124878
   59.025911    13.986272     4.700848    14.983178   -29.431249  -123.181276
   59.077705    14.088939     4.578250    15.319808   -39.426911  -105.374445
   58.803849    13.996067     4.538147    15.391229   -39.006868  -110.412469
   59.228972    14.249216     4.531091    15.338319   -17.647929  -135.195950
   59.414011    13.991583     4.452614    15.193173   -60.614159   -74.033395
   59.115689    13.822439     4.280018    14.961349   -23.211892  -119.038295
   59.341314    14.160307     4.475532    15.286560   -28.013424  -108.780233
   59.277139    13.916236     4.079532    15.139972   -29.115535  -118.920425
   59.133087    13.914244     4.172475    15.144711   -13.632919  -129.225375
   59.295510    13.895378     4.238595    15.341995   -40.189890   -76.823734
   59.305035    13.886226     4.223239    15.334358   -44.359955   -75.008275
   59.081144    14.004987     4.457792    15.196807   -21.622905  -116.806089
   59.216313    14.022401     4.338282    15.192096   -16.760252  -119.251631
   59.133239    13.854700     4.148305    15.079439   -18.801989  -124.263043
   59.009695    13.696211     4.359320    14.890136   -17.916071  -103.995228
   59.310535    14.171917     4.528707    15.267871   -25.271695  -112.333577
   59.306679    13.933516     4.116778    15.144221    -6.670671  -118.789282
   59.164106    14.069462     4.452872    15.307493   -35.170898  -106.351546
   59.156286    14.002720     4.372458    15.210982   -16.571167  -115.604252
   59.231270    14.046856     4.467571    15.282667   -38.629048   -95.998265
   59.067145    14.046455     4.632051    15.343013   -45.372744   -90.298922
   59.179057    13.749279     4.248338    15.211003   -46.820952   -70.808380
   59.305384    13.787390     4.174843    15.175388   -31.139097   -79.102314
   58.935469    13.856077     4.534104    15.351281   -32.686417   -80.512625
   59.160215    13.836770     4.273874    15.134932   -17.222409   -99.162218
   59.240500    13.989214     4.281162    15.215290   -41.865516  -106.308598
   59.342203    13.890581     4.441248    15.134045   -24.945722   -80.555137
   59.453616    13.879677     4.218366    15.148435   -13.561681   -85.860585
   59.124856    13.926749     4.272632    15.361221   -16.314933   -97.888571
   59.202945    13.882450     4.359251    15.187507   -34.395428   -88.244633
   59.056048    13.882122     4.467563    15.159602   -19.778323   -98.960600
   59.102338    13.967825     4.420680    15.216605   -42.793300  -102.688254
   59.081484    14.079929     4.321971    15.376759   -34.649600  -126.367828
   59.148541    14.052160     4.721476    15.104692   -51.152802   -99.174099
   59.047085    14.181883     4.590794    15.360947   -30.104505  -128.412027
   59.289781    14.178331     4.524591    15.179636   -24.343638  -131.506403
   59.134011    14.060077     4.364221    15.240885   -20.330111  -131.089424
   59.210965    14.090431     4.417546    15.211217   -23.359033  -125.342954
   59.338393    14.105511     4.376581    15.175528   -13.915109  -123.527043
   59.393195    13.901350     4.401504    14.969649   -43.809794   -89.305518
   59.092992    14.102006     4.384859    15.363884   -29.353289  -125.198351
   59.158434    14.123157     4.424239    15.329061   -22.707150  -122.920152
   59.107627    13.844900     4.131020    15.100949    -9.982984  -124.986052
   59.143545    14.038318     4.492195    15.136273   -27.884148  -121.765391
   59.058753    13.871199     4.117502    15.184583   -20.046114  -127.307060
   59.335311    14.022091     4.272184    15.148973   -36.795972  -113.734451
   59.242856    14.026389     4.444306    15.128838   -36.995600  -110.061688
   59.181558    13.993031     4.416199    15.235164   -40.758717   -98.785374
   59.372464    14.165842     4.456619    15.259673   -31.504533  -110.777942
   59.160431    14.096689     4.485356    15.226777   -17.528060  -123.948852
   59.096819    13.849340     4.407553    14.998913   -26.396619  -108.329800
   59.019042    13.918598     4.522566    15.011777   -17.042710  -123.313384
   59.186234    13.971684     4.291720    15.269137   -15.087972  -107.606769
   59.087516    14.047476     4.546609    15.302045   -20.759819  -105.462439
   59.288282    14.146940     4.528802    15.297208   -19.501002  -107.596902
   59.180209    13.915641     4.107097    15.230365   -10.937250  -118.829918
   59.187729    14.104881     4.731854    15.030113   -19.719352  -123.480698
   59.206511    14.082713     4.415841    15.187886   -16.098034  -128.924484
   59.329002    14.261319     4.487929    15.372460   -17.467995  -123.952095
   59.468816    14.001070     4.445155    14.839867   -21.837096  -120.321808
   59.136436    13.903645     4.225496    15.257033   -31.398383  -102.161414
   58.942026    13.759313     4.173241    15.139733   -24.729318  -110.875333
   59.041097    14.057864     4.497486    15.291652   -38.320752  -114.691798
   59.194423    13.887243     4.255127    15.167699   -35.318068   -98.905182
   59.069947    14.000547     4.546199    15.184449   -35.749682  -106.761120
   59.120735    13.861551     4.226888    15.039718    -2.210897  -126.518490
   59.285166    13.902633     4.292528    14.943680   -18.399161  -120.167070
   59.013414    13.867251     4.259988    15.248026   -15.573148  -108.550458
   58.990980    14.000992     4.463945    15.367046   -22.367533  -105.802948
   59.087664    13.811981     4.336461    15.213591   -23.872034   -88.466344
   59.535196    14.303586     4.692556    15.097847   -16.658221  -124.901624
   59.480030    14.022019     4.141396    15.217848   -22.150751  -105.109797
   59.232825    14.067021     4.553199    15.153378   -35.111428  -106.968170
