    5.847073     4.619764    11.316644     6.836481   130.589986    91.491963
    6.204769     4.244528    11.146116     7.178565   154.900743    62.345990
    5.892678     4.420004    11.295881     7.144210   156.028613    61.862271
    6.114454     4.352338    11.145809     6.888982   143.883849    70.366504
    5.960157     4.451420    11.260472     7.215614   137.315113    62.763967
    5.791912     4.467341    11.313637     6.941752   141.022100    76.596805
    5.900028     4.503469    11.278745     6.942303   141.514132    67.282923
    5.841486     4.583559    11.350709     7.132873   146.505690    73.972379
    5.761036     4.209059    11.270201     7.196011   144.735450    70.261757
    6.079178     4.394494    11.214388     7.193826   145.017875    66.589437
    6.226073     4.808205    11.258283     7.110591   143.079177    74.446136
    5.681162     4.796317    11.442367     6.790122   137.191865    83.419377
    6.222630     4.581273    11.177400     6.993365   143.178489    68.206124
    6.339536     4.452183    11.162854     7.421425   134.600161    66.883189
    5.788035     4.762217    11.396023     6.886263   140.302123    74.908883
    6.038527     4.479402    11.218897     6.943572   140.938964    77.155436
    6.466669     4.523031    11.076726     6.978296   150.791722    68.012961
    6.718354     4.729277    11.055130     7.069719   153.916451    71.807888
    5.539887     4.346183    11.390255     7.199343   147.889261    72.693490
    6.757997     4.995129    11.099213     7.103698   151.128008    63.443920
    6.134919     4.492895    11.207305     7.155050   141.015792    66.029914
    5.834471     4.425949    11.246481     6.666569   137.286456    76.772408
    5.843834     4.646954    11.409577     7.404020   149.986922    74.696091
    5.785736     4.723041    11.385872     6.915123   136.383259    82.825673
    6.165160     4.674661    11.297971     7.367238   144.924782    79.464459
    5.703516     4.472370    11.403187     7.313492   157.230435    75.072751
    6.125568     4.592200    11.214767     6.854710   147.654173    81.303386
    5.753987     4.324098    11.277433     6.810914   148.872104    70.824228
    6.375373     4.345505    11.114221     7.274700   145.090991    64.332247
    5.679583     4.733695    11.450935     7.100130   137.542027    90.908380
    6.250746     4.516204    11.175735     7.132024   144.397599    71.732067
    6.152787     4.591209    11.225232     6.974962   151.528940    74.394137
    6.307005     4.617375    11.121650     6.924372   133.264090    76.328073
    5.896516     4.280350    11.255623     7.275881   146.139182    64.234579
    5.826023     4.457011    11.331761     7.302581   145.083320    68.654300
    5.956607     4.744923    11.364873     7.145915   153.114477    67.733142
    5.770223     4.680108    11.391122     7.084497   137.362609    76.165806
    5.987966     4.821450    11.354571     7.159427   137.864529    74.813531
    5.783130     4.837601    11.422062     6.863602   145.706342    67.943739
    5.643605     4.366008    11.344028     6.916267   152.709585    63.929063
    6.072117     4.737304    11.280074     6.929657   142.854702    83.202703
    6.018203     4.330509    11.179902     6.992909   130.098390    95.414068
    6.204211     4.418944    11.178912     7.257153   136.156842    82.632846
    6.117574     4.327113    11.154303     6.914837   151.195567    69.947057
    6.655215     4.449453    11.000882     7.187990   141.783789    54.615270
    5.790264     4.759824    11.407138     6.953078   142.692847    85.853138
    6.292915     4.469968    11.120413     7.019436   139.711811    73.399048
    6.414250     4.361371    11.074509     7.060369   147.585377    78.353860
    6.276704     4.794531    11.194210     6.832864   149.752943    67.043237
    6.234245     4.312809    11.088070     6.835032   149.907473    71.730236
    6.259951     4.617323    11.144008     6.760089   150.966288    65.788123
    5.918546     4.089145    11.164160     7.206028   132.785370    70.366183
    6.494360     4.633160    11.109426     7.189591   135.551633    80.417260
    6.105732     4.381143    11.179389     7.051991   142.743412    70.098204
    5.905331     4.755610    11.390372     7.215408   147.225198    77.200662
    5.861257     4.761962    11.385306     6.956597   153.200607    67.191947
    5.721100     4.341503    11.306112     7.052301   139.817434    69.462421
    5.928726     4.824970    11.367722     7.058180   135.730901    81.627476
    6.196782     4.330856    11.173553     7.312296   141.180390    73.698453
    5.953769     4.543419    11.269019     6.923175   142.890827    69.157931
    5.806841     4.791128    11.393793     6.918315   137.421346    69.362032
    5.823036     4.701291    11.383043     6.901659   156.364574    72.753527
    6.623315     4.520259    11.114052     7.473519   136.478405    76.949634
    5.844622     4.996405    11.482960     7.209122   143.566318    81.990369
    6.188190     4.510092    11.224587     7.237796   148.493454    73.034878
    5.999683     4.539305    11.259289     6.917704   151.239266    65.308650
    5.850253     4.718872    11.354445     6.958921   132.742633    77.843772
    6.257228     4.466747    11.158220     7.119252   142.049449    78.324121
    6.014126     4.670355    11.331110     7.248546   145.447449    82.509832
    5.940677     4.703013    11.346871     7.073401   151.164993    67.642546
    5.896696     4.470119    11.263581     6.759147   157.010257    53.410977
    6.102849     4.470131    11.168651     6.890010   133.932094    76.738113
    6.335338     4.354457    11.119986     7.155640   145.463096    85.004602
    5.983497     4.531066    11.262709     6.923054   148.518870    71.590788
    6.066606     4.866188    11.331846     7.084237   142.505912    69.995826
    6.113234     4.647257    11.221696     6.896947   135.449884    86.781489
    5.821329     4.444074    11.307672     7.101405   145.685927    54.799531
    6.024787     4.431757    11.197408     6.796871   144.523685    79.577747
    6.398980     4.544539    11.150553     7.219901   145.216183    75.338721
    6.231865     4.520937    11.146137     6.983699   136.930645    72.829320
    5.944475     4.516464    11.275507     6.908748   152.048825    67.311086
    6.173764     4.322765    11.152547     7.064424   150.407459    66.323633
    6.036862     4.459241    11.223518     7.022264   139.226334    82.807755
    6.191075     4.641489    11.179873     6.862368   137.571803    78.528825
    6.040704     4.541662    11.242616     6.960770   142.846632    81.230509
    5.853773     4.556481    11.330729     6.986234   150.427075    74.366713
    6.143255     4.384726    11.171104     7.025064   147.117439    71.282725
    5.299501     4.598873    11.547242     6.872443   150.883169    69.222810
    5.735759     4.308831    11.277299     6.899856   137.544148    77.124849
    6.458463     4.210397    11.073974     7.252911   153.286488    74.501508
    6.172757     4.617895    11.213324     6.954753   149.144122    68.129442
    6.295021     4.483106    11.132465     7.080627   137.535851    79.133303
    5.887962     4.424320    11.306795     7.250247   143.002229    91.248226
    5.850085     4.363610    11.269119     6.964035   146.823273    76.806253
    5.773395     4.378133    11.315595     7.150590   137.928706    94.998160
    5.710082     4.078588    11.252081     7.272440   140.017440    78.744565
    5.823006     4.394413    11.289881     7.115645   136.533802    81.489272
    5.977759     4.122738    11.177282     7.113806   155.367893    64.975816
    6.147051     4.732320    11.229181     6.882973   135.730808    89.120749
    6.384850     4.387648    11.064750     7.020153   140.369026    74.653386
    6.284635     4.587557    11.150157     7.034384   138.248977    68.426953
    6.038480     4.576807    11.251408     7.023886   141.632087    64.461101
    6.353361     4.454386    11.097310     6.936731   153.180198    59.953281
    6.563723     4.313632    11.057412     7.285335   149.816335    64.012304
    6.175133     4.527435    11.196372     6.932118   153.392230    74.522795
    5.919437     4.669857    11.320429     7.146892   126.567759    78.590650
    6.369835     4.647266    11.144622     7.047097   142.920419    72.106507
    6.089113     4.587628    11.219882     6.983259   134.769617    72.464205
    6.704212     4.272089    10.974355     7.214755   145.815192    71.216981
    6.426717     4.389621    11.053442     6.915033   152.719123    72.758946
    6.007761     4.255921    11.166010     6.848174   152.334139    68.242107
    6.143900     4.607648    11.224094     6.878974   152.817501    80.829573
    5.830787     4.374957    11.281914     7.153739   137.047658    73.615260
    5.838032     4.588299    11.336259     6.897076   152.776517    62.137189
    6.163015     4.323958    11.155733     7.122429   141.808218    78.504027
    6.534483     4.608912    11.036915     7.011386   132.191936    81.445773
    6.268209     4.378448    11.072371     6.883319   134.883090    77.491531
    5.698836     4.657212    11.401172     6.864143   140.132323    76.691148
    6.571576     4.249505    10.985940     7.189016   136.426406    73.351694
    5.507441     4.255619    11.365993     7.068971   149.704389    73.192146
    6.074314     4.288859    11.141169     6.825073   148.753638    69.499995
    6.063103     4.412319    11.228793     7.144061   150.504966    68.018083
    6.366284     4.182644    10.979144     6.769206   147.788159    77.839163
    6.201707     4.207428    11.140547     7.245843   149.550612    66.487837
    6.061358     4.376334    11.186964     6.922391   147.500497    73.539668
    5.959593     4.203787    11.183690     7.080013   137.417112    85.671041
    5.657881     4.184068    11.280357     6.982955   143.819250    79.783430
    6.168111     4.452560    11.173675     6.987517   148.626855    64.815103
    5.833509     4.280011    11.255658     7.013023   148.497042    74.279460
    6.347468     4.518754    11.133780     7.173218   134.791902    81.567059
    6.039012     4.413232    11.254106     7.196575   152.010683    79.058087
    6.109556     4.679351    11.245703     6.906682   144.838721    77.112147
    5.957138     4.487732    11.282826     7.320485   134.949038    69.730585
    5.520901     4.487852    11.446310     7.172333   151.948177    76.783400
    6.068521     4.620099    11.248311     6.938636   143.136473    76.942023
    5.419231     4.491017    11.471800     7.068028   141.934984    82.930663
    5.706319     4.467590    11.361089     6.882574   157.272830    86.654752
    5.756491     4.247094    11.276471     7.107023   141.848741    83.060483
    6.229196     4.113881    11.147318     7.427447   148.771379    74.639655
    6.271453     4.324538    11.126327     7.003041   155.806913    82.570844
    6.176808     4.455003    11.265030     7.533429   146.046499    67.294334
    5.896543     4.437259    11.274680     7.184743   129.226349    89.254966
    5.910919     4.415509    11.289637     7.389755   136.379234    69.144726
    5.557944     4.261490    11.356845     7.315584   139.985376    70.972845
    5.950295     4.561915    11.282251     7.275437   122.088260    70.827916
    6.030148     4.235561    11.220805     7.453838   140.485837    67.327197
    6.230956     4.049764    11.044941     7.107212   143.237486    63.428327
    5.930341     4.201585    11.236687     7.327469   148.964870    67.536885
    5.588812     4.194098    11.311233     6.974172   148.332218    78.634414
    5.970253     4.081309    11.218979     7.541564   142.705716    70.205685
    6.037445     4.298690    11.189099     7.175468   135.783742    77.657211
    6.312628     4.305566    11.085871     7.059197   142.736802    76.580343
    5.460073     4.551941    11.469159     7.074001   130.546239    91.093251
    5.597475     4.661715    11.455264     7.019232   145.857043    63.991646
    6.247731     4.384614    11.082661     6.849076   137.315739    78.813738
    6.293396     4.144828    11.034627     6.985317   143.068320    77.562934
    5.756656     4.555599    11.399218     7.508127   136.776770    71.611240
    5.653106     4.668107    11.396600     6.735464   123.978539    93.935308
    6.236784     4.362521    11.128396     7.061519   143.769688    69.925548
    5.768868     4.560199    11.344918     6.832740   142.178177    84.748181
    5.817350     4.248901    11.246201     7.114627   135.952827    79.055935
    5.543308     4.492342    11.418556     6.946916   140.245074    80.303487
    5.555688     4.686850    11.447158     6.612018   138.034144    83.361518
    5.810111     4.476844    11.306479     6.912767   142.447128    70.461566
    6.290259     4.493471    11.086646     6.868849   134.666994    71.948637
    6.112730     4.387462    11.215228     7.246509   146.127040    74.284895
    6.118821     4.399214    11.177966     7.030811   143.307632    71.158421
    5.967164     4.254163    11.220255     7.229206   143.158186    76.767503
    6.209844     4.363943    11.144870     7.096426   141.286241    79.592941
    5.648111     4.108467    11.271918     7.120114   144.357055    80.015604
    6.013350     4.184594    11.165210     7.093162   144.700821    69.285311
    5.836172     4.418607    11.276944     6.959532   136.906940    75.378155
    5.554287     4.462455    11.413548     7.033488   143.347407    85.445479
    6.252646     4.759132    11.281113     7.382944   138.410207    80.290989
    6.027923     4.515906    11.282321     7.215576   147.984671    81.356487
    5.875450     4.836901    11.436900     7.340184   144.658154    74.714845
    6.091992     4.824374    11.336233     7.262224   144.216440    63.081425
    6.088368     4.379132    11.222250     7.260655   140.897665    88.474822
    6.191655     4.342812    11.182705     7.213974   145.623120    92.196963
    5.945578     4.881417    11.353793     6.832188   137.312712    82.900721
    5.705210     4.582131    11.389959     6.973457   144.106536    82.506594
    5.867081     4.396934    11.312259     7.270566   153.769895    67.784255
    5.885843     4.752705    11.379615     7.229569   135.872054    77.636006
    5.709227     4.747789    11.433205     7.106200   137.117433    61.102348
    6.038490     4.407012    11.273190     7.351934   149.371957    80.152679
    6.114709     4.553675    11.281846     7.286155   151.533521    80.079731
    6.011265     4.601492    11.280936     6.968896   148.026643    82.264496
    6.290777     4.717813    11.161221     6.888847   137.372371    83.206285
    6.211393     4.479511    11.213239     7.350358   139.880824    76.907576
    6.303482     4.370251    11.162618     7.264663   151.328655    73.750360
    6.394078     4.500099    11.097920     7.016469   145.150101    71.341394
    5.779692     4.370197    11.286569     7.157348   127.285269    76.328630
    5.846429     4.678736    11.360362     7.065482   141.469383    61.628597
    5.781208     4.247979    11.278055     7.226726   146.503191    62.793749
    6.164861     4.336597    11.105768     6.812085   141.395809    77.178621
    5.938974     4.332200    11.244432     7.221037   136.577266    86.181528
    5.718606     4.560663    11.369812     6.935681   138.292882    84.438523
    6.220733     4.717062    11.187830     6.848590   137.485838    86.099523
    5.724742     4.731377    11.424898     6.940434   152.957284    49.747635
    6.189898     4.878397    11.262290     6.938455   139.671454    82.762323
    5.893936     4.691301    11.346034     6.820050   155.462824    83.612584
    5.841868     4.830370    11.389926     6.842015   137.975558    88.770994
    5.651067     4.341246    11.347600     7.070056   148.015857    84.645282
    5.924176     4.560104    11.262671     6.727949   139.647541    83.292779
    5.439927     4.490855    11.467447     7.125043   151.874122    60.578817
    5.935337     4.344184    11.241383     7.111008   141.403525    80.469174
    6.413527     4.351707    11.102558     7.145625   153.504957    75.606917
    6.058517     4.633394    11.229702     6.809749   138.384727    75.732409
    6.024988     4.745472    11.325260     7.072513   145.000110    85.198848
    6.276488     4.587688    11.194873     7.103122   146.770733    86.606747
    5.772217     4.613478    11.378593     6.964187   149.594832    81.763641
    5.755250     4.749881    11.422052     6.927411   153.134247    70.109823
    5.799739     4.056474    11.179842     6.977720   140.325171    74.308435
    6.282273     4.367632    11.102764     7.039477   140.957402    70.591511
    5.835849     4.703634    11.388575     7.284292   137.141905    72.101832
    6.170904     4.897644    11.288907     7.115573   134.862416    70.688551
    5.978747     4.200643    11.170346     7.041505   142.825305    65.238322
    5.605313     4.312058    11.336073     6.972906   140.898515    72.689663
    6.028841     4.386632    11.216575     7.236404   134.041234    66.631583
    6.411675     4.424831    11.083584     7.018493   150.216644    69.763309
    5.873689     4.550815    11.338249     7.400898   134.455397    66.642743
    6.050165     4.625026    11.263589     7.022644   144.042560    64.101949
    5.986266     4.591480    11.288829     7.048558   146.425350    69.463211
    5.805521     4.694994    11.381046     7.038335   139.638551    75.581141
    5.814137     4.561009    11.326811     6.888461   139.831638    77.420901
    6.018729     4.683766    11.329901     7.196640   150.828824    72.721317
    5.555600     4.340038    11.373756     7.157975   141.686164    73.222755
    5.866530     4.054912    11.188350     7.126329   146.159336    82.926648
    5.735366     4.227679    11.280336     7.097757   148.387499    71.333830
    5.880832     4.611574    11.299013     6.823747   132.935048    84.243952
    6.658856     4.270851    11.023883     7.406079   136.526529    77.396020
    5.783830     4.465601    11.342199     7.323814   138.750993    72.388857
    6.105989     4.355048    11.132994     6.893898   133.902958    73.279433
    5.823385     4.533648    11.343576     7.223702   139.709397    80.267196
    5.507930     4.658151    11.482764     6.904171   140.505846    78.582552
    5.932988     4.195523    11.215628     7.345062   133.520357    79.942166
    5.956534     4.191152    11.160955     6.819669   153.094318    66.187912
    5.959251     4.326129    11.249791     7.179592   151.089327    75.278084
    5.935754     4.144502    11.166962     7.154736   129.684672    78.866832
    6.513358     4.262623    11.042888     7.314023   141.943839    56.522007
    5.880791     4.772752    11.391180     7.213502   137.091571    83.968620
    5.812048     4.641099    11.368340     7.126425   140.208975    71.635899
    5.726533     4.657264    11.381561     6.797051   138.822443    74.525474
    6.417541     4.673424    11.116225     7.023359   136.656192    79.660638
    5.921439     4.771946    11.361400     7.126946   136.898925    75.309615
    6.105115     4.263902    11.167289     7.197392   143.922375    63.945832
    6.567042     4.344064    10.996222     7.163828   133.008664    74.328217
    6.172526     4.463537    11.157473     6.841105   155.622485    53.432754
    5.869216     4.543869    11.299185     6.850654   144.750518    70.689649
    6.080479     4.345471    11.230226     7.398670   142.792116    68.832950
    6.055666     4.427147    11.197297     7.017767   138.192259    66.893952
    6.300403     4.270836    11.096000     7.156639   147.326284    54.966574
    6.001438     4.751276    11.313509     6.888346   149.610911    70.296702
    5.850639     4.667018    11.388803     7.215722   152.132336    71.749662
    6.122110     4.615370    11.243163     7.086397   144.256314    71.187708
    5.938421     4.220603    11.196682     7.133629   136.846422    74.969407
    6.415780     4.179385    11.049661     7.139701   154.806186    62.979446
    6.201497     4.191925    11.087765     7.024038   145.201317    65.613904
    6.272770     4.352960    11.157901     7.415077   132.190509    76.319915
    5.751381     4.586694    11.402323     7.222123   153.069081    73.487113
    6.032846     4.185955    11.153752     7.063910   145.313678    65.257466
    6.313324     4.294892    11.124260     7.312077   145.363665    54.560268
    6.103411     4.451898    11.223263     7.187758   147.396153    63.316407
    5.874057     4.181943    11.265838     7.414405   149.438476    72.721446
    5.984370     4.645882    11.377779     7.471719   147.435763    81.825586
    5.649621     4.432340    11.346756     6.767647   144.153667    77.830628
    6.001626     4.431896    11.255866     7.110272   147.329584    86.142106
    6.336991     4.453033    11.124517     7.038497   148.688833    76.927785
    5.650280     4.185313    11.288340     7.137859   137.580907    78.509902
    5.827267     4.302424    11.240514     6.949388   135.009206    75.852694
    5.948730     4.297503    11.254995     7.222126   157.183376    62.777540
    5.406482     4.387123    11.443617     6.978557   157.054400    70.524305
    6.119187     4.171236    11.139416     7.279915   134.601402    77.475393
    5.977253     4.201920    11.217183     7.384581   137.523619    80.009834
    6.144785     4.622858    11.214425     6.828388   150.833205    77.265924
    5.516360     4.643164    11.475740     7.046763   133.592960    82.464703
    5.862649     4.618917    11.329480     6.870144   146.860834    73.744384
    5.950329     4.511056    11.315129     7.361926   139.608169    85.445017
    5.985949     4.381242    11.251941     7.226273   142.062569    84.897178
    5.588692     4.641773    11.462510     7.251994   137.073317    85.031784
    5.873484     4.147814    11.206572     7.176458   139.040984    76.483187
    5.927077     4.563905    11.297040     6.936193   154.997600    50.919484
    5.550451     4.403264    11.388994     7.180168   134.575606    72.437996
    6.048117     4.240459    11.217984     7.292873   151.597989    78.677001
    6.177038     4.418972    11.231465     7.473799   139.261074    75.225767
    5.819276     4.081998    11.207481     7.129667   147.618587    66.912030
    6.029189     4.478619    11.220391     6.896310   138.044923    97.764368
    6.168025     4.574991    11.227555     7.102668   144.622826    86.465888
    5.912292     4.442775    11.308228     7.244829   151.527078    76.257611
    5.675247     4.505923    11.401946     7.245897   151.593772    70.671921
    5.854559     4.745049    11.429013     7.326575   154.659007    68.275421
    5.692490     4.398991    11.341899     7.099574   140.519514    80.628516
    5.803626     4.570964    11.330517     6.815113   144.036607    72.708754
    5.613078     4.741027    11.481586     7.088808   148.826129    69.602630
    5.886083     4.484917    11.321231     7.365269   143.574708    53.413292
    5.902362     4.312438    11.263263     7.341716   137.789686    77.036996
    5.950424     4.388466    11.278109     7.392124   139.568602    74.514783
    6.210660     4.615364    11.228339     7.224561   141.643183    75.945890
    5.815244     4.177645    11.227447     7.146899   133.753392    84.361852
    5.704800     4.732818    11.442870     7.121071   138.690975    88.920863
    6.044912     4.374549    11.190806     7.074513   132.039653    83.572316
    6.125979     4.433917    11.166008     6.983131   137.856757    68.211455
    6.285459     4.527132    11.127741     7.069696   130.210378    75.366505
    6.649434     4.362869    11.004375     7.163221   148.789356    64.088687
    6.216361     4.501396    11.105324     6.705655   138.066595    82.871397
    5.763815     4.388969    11.302330     6.905663   147.194427    70.964302
    6.115696     4.428504    11.175845     6.875246   146.187859    84.518518
    5.764030     4.177064    11.247079     7.138780   142.707869    58.773414
    5.639064     4.192959    11.286518     6.967908   141.922061    79.620522
    6.398122     4.520591    11.216789     7.487988   150.280962    67.386312
    6.466078     4.497359    11.152737     7.362359   143.514562    85.513708
    6.122800     4.574356    11.224131     6.881877   158.467470    61.136509
    6.057505     4.280533    11.183153     7.177444   141.150586    69.941759
    6.422083     4.464024    11.185201     7.474512   146.353260    72.905217
    5.740679     4.335522    11.324371     7.158845   155.794952    65.118247
    6.626019     4.589804    11.076890     7.150323   154.334641    63.747813
    5.678003     4.314176    11.357526     7.339109   150.062509    79.808119
    5.957928     4.265387    11.212871     7.038393   152.068664    68.439341
    5.660574     4.171328    11.288905     7.130330   145.762452    75.419218
    5.843058     4.391690    11.281997     6.984500   148.037935    71.992142
    6.055967     4.403400    11.213876     7.195007   136.064084    76.763932
    6.502822     4.500008    11.006275     6.937550   134.752342    71.648598
    5.842243     4.570046    11.331605     6.904641   151.388400    72.098665
    6.309995     4.604553    11.181843     7.119370   143.427538    86.973029
    6.482393     4.158096    10.954391     6.887667   149.256849    75.763339
    6.572294     4.615637    11.001360     6.782313   145.895080    84.185060
    5.945929     4.476775    11.252701     6.911608   140.895142    79.212819
    5.882721     4.581308    11.321329     6.971710   153.278275    51.314945
    5.880605     4.322998    11.223514     6.810269   145.701466    70.984611
    5.564018     4.180299    11.322539     7.015647   154.367647    74.033493
    5.946607     4.406032    11.225821     6.878539   139.532501    80.398331
    5.789001     4.487037    11.331618     7.250627   131.706652    77.382153
    5.757587     4.400529    11.314870     7.053109   140.764586    77.697385
    6.465493     4.624164    11.153487     7.304537   140.735097    74.070546
    6.489384     4.710003    11.100296     6.959589   152.060199    54.233233
    6.223340     4.421407    11.183078     7.266355   142.044893    76.469209
    6.100957     4.347323    11.214166     7.377350   140.675853    64.506864
    6.071968     4.490009    11.251904     7.162280   149.554769    76.077961
    6.232059     4.460496    11.228956     7.400214   148.305444    73.059548
    6.246666     4.500933    11.166706     7.034647   148.762202    70.291055
    5.462545     4.382372    11.460864     7.599647   141.452501    73.585797
    5.999477     4.681324    11.291058     7.006322   138.788297    67.596788
    6.213082     4.503110    11.216917     7.242681   152.309853    61.412922
    5.875845     4.704108    11.359626     7.048718   141.146587    77.950268
    5.582470     4.644048    11.502679     7.557535   141.390761    78.014882
    5.774578     4.673166    11.389394     6.845863   159.742950    65.918957
    5.902278     4.621518    11.367428     7.346585   145.834053    78.016302
    6.434171     4.652954    11.096804     6.993832   134.012587    88.036868
    5.853404     4.191065    11.251426     7.241715   144.753103    89.781695
    6.480901     4.409189    11.160291     7.533508   139.133031    83.358921
    5.876838     4.190042    11.240076     7.220275   149.131274    76.540807
    6.018672     4.298409    11.230791     7.322405   143.185892    78.730020
    5.918949     4.384861    11.282268     7.351469   138.929318    78.593242
    6.189699     4.681632    11.272539     7.391688   131.983011    85.348555
    5.744338     4.629907    11.414052     7.258359   140.045020    92.883885
    5.716354     4.261408    11.289916     6.989474   146.442331    82.919602
    6.064096     4.515528    11.225601     6.935747   144.036814    83.227620
    5.544955     4.716441    11.492689     6.924887   148.080081    77.778404
    6.362129     4.898310    11.262685     7.177689   150.920375    76.092822
    6.092974     4.605605    11.263371     7.152919   146.084100    69.527006
    6.054037     4.413490    11.216500     7.176256   133.825570    87.142773
    6.103823     4.518444    11.199195     6.844101   149.956795    66.772084
    5.600347     4.391648    11.388101     7.162297   156.375653    63.212446
    5.805993     4.396467    11.332522     7.270360   156.320273    60.531510
    6.399742     4.556791    11.104456     6.970156   146.428110    74.200581
    6.268655     4.245580    11.063496     6.851889   152.058709    73.902960
    5.901445     4.579415    11.289191     6.743888   144.339648    89.937304
    6.210011     4.076225    11.078439     7.159795   142.054809    81.328887
    6.158103     4.390624    11.158982     6.970081   144.261718    82.600768
    6.235199     4.282499    11.178180     7.341957   151.108985    75.797506
    6.331332     4.355532    11.072679     6.953134   144.550305    72.712065
    6.195545     4.507900    11.206829     7.214053   140.594666    83.432004
    5.790631     4.668254    11.374462     6.847213   150.215660    72.862090
    5.242812     4.504990    11.539597     6.975966   142.336636    87.197577
    5.858594     4.705683    11.395839     7.157473   146.196412    94.131701
    6.021097     4.521227    11.231670     7.059819   127.375188    84.307388
    6.379641     4.338369    11.031850     6.945596   134.549015    87.553766
    6.606339     4.393503    10.979135     6.994708   147.440469    64.255340
    6.140655     4.215407    11.077902     6.813606   140.650645    76.316298
    6.592301     4.222501    10.929147     6.985547   139.727488    78.556926
    5.681458     4.329132    11.306122     6.926608   135.870959    80.043972
    5.583897     4.334198    11.363168     7.048463   150.535443    67.840603
    6.429150     4.334150    11.045836     7.085916   139.360133    75.524797
    5.925540     4.641811    11.342087     7.032208   156.043646    76.053156
    5.955930     4.438582    11.245638     6.964672   141.282853    82.355014
    6.349063     4.537292    11.101391     6.844847   146.520870    84.083350
    6.154977     4.713073    11.260464     7.062504   143.054065    86.495551
    5.864514     4.552959    11.293734     6.758738   145.743709    68.477713
    6.234629     4.698026    11.175226     6.806604   142.079171    80.178404
    6.555342     4.306313    10.998780     6.994380   150.548144    80.633472
    6.125320     4.373947    11.146464     6.965429   135.008969    78.135282
    6.132912     4.341394    11.153124     6.950763   144.915841    82.580469
    5.690845     4.311282    11.324888     7.071852   151.034472    77.487849
    6.579567     4.350869    11.047957     7.204940   145.852339    89.625494
    6.135641     4.412650    11.184128     7.061685   143.020360    80.932034
    5.973628     4.572540    11.344079     7.461039   143.628566    76.621071
    6.413739     4.364404    11.084774     7.205822   135.916132    88.208212
    5.963059     4.500740    11.264654     6.943782   147.725016    74.444241
    6.342629     4.342811    11.073948     6.959882   144.789184    85.375923
    6.136491     4.249850    11.117612     6.868484   150.685530    74.063260
    5.773408     4.575592    11.351810     6.863654   142.749624    86.250415
    6.179854     4.609206    11.232271     7.184027   139.925751    82.956392
    5.936095     4.157343    11.193588     7.092377   147.785633    79.767041
    5.738440     4.112373    11.247924     7.248737   138.349002    78.017946
    6.350688     4.674311    11.144447     6.996754   138.594979    79.744596
    6.366683     4.510311    11.069320     6.892262   133.947563    87.690189
    5.921909     4.113290    11.143817     6.940115   134.589991    82.327901
    6.102874     4.158836    11.124324     7.089234   138.076875    90.187687
    6.186229     4.435682    11.161743     6.881843   154.347678    77.107077
    6.027783     4.362684    11.182910     6.858563   144.265987    76.043278
    6.067698     4.507064    11.215444     6.928413   145.946805    64.728161
    6.461420     4.112181    11.006175     7.183797   145.350579    67.370470
    5.976411     4.457160    11.243759     6.952759   144.737804    74.920455
    6.014536     4.345316    11.284545     7.423752   154.799085    73.838424
    6.256354     4.319298    11.102117     6.860094   159.791674    66.518454
    6.108205     4.582441    11.182585     6.715348   137.389094    90.018577
    6.027999     4.462169    11.239649     6.964384   149.319115    87.799299
    6.270845     4.059867    11.056969     7.167605   144.144048    77.679191
    5.972464     4.316838    11.246057     7.362120   134.157625    88.716668
    6.105175     4.506941    11.220749     7.028409   145.009077    82.173882
    5.878231     4.767227    11.364338     6.968667   137.272399    79.040889
    5.621888     4.522164    11.397453     6.989627   139.832738    73.012576
    6.025699     4.631432    11.273899     7.002008   141.247691    77.182346
    6.056437     4.837762    11.315366     6.903816   147.336157    76.963276
    5.948002     4.497090    11.299566     7.212386   145.201902    82.480152
    5.828473     4.680524    11.394831     7.291035   140.215647    81.541872
    5.934882     4.638975    11.397230     7.531875   148.227229    72.278376
    5.838795     4.431256    11.295111     6.900966   150.295375    86.294601
    6.007781     4.523999    11.276502     7.062214   151.809284    78.359724
    5.906931     4.350910    11.276194     7.233197   148.396375    75.416903
    6.345179     4.618966    11.159902     7.029528   148.799280    75.159177
    6.022948     5.008434    11.371799     7.016404   136.560900    70.143727
    5.797664     4.751122    11.442035     7.269276   148.607919    84.267818
    5.903113     4.838879    11.400358     7.118718   146.570775    71.038411
    5.578429     4.748560    11.495817     6.987624   152.631832    73.743982
    6.029882     4.765495    11.389609     7.355148   155.867470    74.574947
    5.601869     4.285551    11.330279     7.008896   138.078497    80.799043
    6.046102     4.571502    11.264369     7.227484   135.399875    72.702852
    5.652093     4.645777    11.425335     6.905201   142.812514    86.288370
    6.028665     4.966371    11.351570     6.869904   140.700432    85.514633
    6.019994     4.808354    11.356507     7.204025   139.830952    89.239995
    5.961485     4.668775    11.298616     6.760924   154.081527    73.800974
    5.921686     4.474588    11.301430     7.381014   134.137054    77.416180
    5.712507     4.337183    11.299293     6.809148   148.258134    79.646747
    5.985868     4.327154    11.215248     7.006757   149.435592    73.080891
    5.861613     4.329929    11.309553     7.435375   146.051027    75.418940
    5.748941     4.583445    11.375580     7.003071   143.926085    82.825709
    5.669126     4.513287    11.377274     6.933811   144.261814    72.400527
    5.908355     4.782391    11.355531     6.848791   146.762321    76.777674
    6.205551     4.266171    11.165662     7.290876   149.512714    70.322443
    5.728489     4.282369    11.298499     7.157868   139.403904    83.990076
    5.979742     4.624592    11.307558     7.167464   144.326979    62.954653
    6.081124     4.694484    11.266776     7.015104   137.629905    83.355871
    5.653272     4.636531    11.421029     7.089148   132.632729    83.797545
    6.182801     4.688459    11.272243     7.203956   146.225524    85.308070
    6.127592     4.690060    11.263466     7.079182   144.610716    74.983759
    5.659740     4.779215    11.487424     7.113074   154.454028    76.330827
    5.903135     4.703970    11.352304     6.885649   154.523775    82.600202
    5.852395     4.315912    11.243725     6.844418   151.692160    70.144761
    6.294044     4.357010    11.134605     7.264942   136.380293    82.990509
    5.617962     4.370594    11.346730     7.004355   132.599205    84.085711
    6.101934     4.950780    11.370753     7.268232   136.896337    86.754387
    6.286479     4.594312    11.186702     7.186426   138.418105    83.836107
    6.029040     4.224964    11.177782     7.135625   142.428921    77.863740
    6.333526     4.400510    11.060789     6.785177   148.592399    78.004505
    5.668934     4.534225    11.397805     7.282665   134.112256    84.525565
    5.596744     4.631802    11.460322     7.224515   145.251773    76.450777
    6.215623     4.748684    11.260464     7.192658   141.459392    80.647082
    6.119837     4.533824    11.300730     7.468181   148.293317    76.519907
    6.135686     4.665317    11.250328     7.058933   144.715921    74.042766
    6.078130     4.748792    11.307216     7.250033   137.016147    69.406580
    5.826722     4.523162    11.337799     7.210059   142.849092    69.948388
    5.756232     4.364520    11.306382     7.159958   140.029736    61.508199
    6.227138     4.423504    11.176387     7.231677   143.996121    69.699745
    5.719281     4.480107    11.377834     7.301044   145.691724    74.660264
    5.990529     4.721966    11.328009     7.084971   143.515560    80.100382
    6.039635     4.587068    11.308016     7.346272   144.101794    77.971677
    6.187426     4.516809    11.193489     7.133472   141.841077    71.233852
    6.111355     4.342225    11.148935     6.943118   137.617804    86.624547
    5.850818     4.777795    11.396438     7.125484   137.222976    85.996312
    6.017839     4.706423    11.285803     6.967192   132.778131    90.335371
    5.660223     4.384695    11.354073     7.352440   127.179319    87.458647
    5.873396     4.583293    11.300151     6.790567   138.441376    89.634478
    6.257351     4.844483    11.218621     6.967084   135.779736    80.277963
    6.020974     4.568507    11.248253     6.884226   144.758977    73.894012
    5.889798     4.527344    11.338966     7.383768   144.044960    65.850620
    5.984489     4.427973    11.262873     7.277134   140.701218    74.232319
    5.803311     4.904482    11.440982     6.930897   145.866794    73.162072
    6.139843     4.599043    11.213955     7.086182   132.925233    75.289524
    6.463829     4.795019    11.148879     7.112252   139.113396    74.592011
    5.900106     4.724209    11.354382     6.981062   144.163649    80.015571
    5.782866     4.864703    11.470990     7.222195   148.212647    76.807889
    6.309251     4.863049    11.262151     7.218209   145.412336    67.455644
    5.882917     4.223272    11.226454     7.068496   149.701270    68.688330
    5.907898     4.783167    11.365217     6.981431   140.404400    85.707549
    6.238778     4.548119    11.199617     7.048025   153.805694    78.516351
    5.838408     4.430486    11.294229     7.054249   141.415838    75.076653
    6.052773     4.178191    11.172042     7.186263   147.079433    77.355326
    5.780973     4.506232    11.334160     6.962271   143.460303    76.343093
    5.811849     4.606576    11.357628     7.176515   133.600859    82.824129
    5.991945     4.391179    11.221032     7.039954   137.325862    83.966702
    5.734009     4.264018    11.251537     6.786972   138.213097    76.989040
    5.856414     4.489539    11.317873     7.095879   148.013647    75.868930
    6.057617     4.395111    11.218731     7.167493   142.232007    77.159436
    5.879684     4.176419    11.185715     6.997812   135.649087    73.714370
    6.884991     4.503250    10.882076     6.981713   146.630465    72.389553
    6.407635     4.433104    11.167349     7.392654   147.391258    77.982994
    6.226620     4.611290    11.151083     6.804916   139.966940    79.481310
    5.969742     4.536933    11.263653     6.997070   133.771191    90.649529
    6.285527     4.154445    11.086395     7.345603   131.839260    75.760528
    5.689143     4.551900    11.398326     7.156883   149.588381    65.546797
    6.013242     4.710627    11.303860     7.091265   136.027555    79.746411
    5.800853     4.617765    11.351813     7.095795   130.988501    71.902376
    6.133674     4.572161    11.240711     7.159887   144.066282    78.114849
    5.833509     4.310135    11.248860     6.856550   148.433618    76.529738
    6.028085     4.425725    11.216282     7.066359   138.078227    72.954639
    5.748415     4.348257    11.307385     7.023003   147.404808    76.356420
    6.391481     4.593681    11.089601     6.881724   143.200380    72.904040
    6.132870     4.477905    11.152345     6.743863   145.321395    70.529759
    5.775568     4.257971    11.319596     7.457006   149.273381    67.587128
    5.943111     4.311882    11.234196     7.128687   143.906867    78.081213
    6.071807     4.536872    11.235672     7.028871   143.118067    77.132327
    6.108587     4.752930    11.309059     7.282984   138.871223    76.351579
    5.989715     4.460648    11.230784     6.946708   138.417326    79.900997
    5.828199     4.419062    11.290347     6.861770   152.166753    78.411095
    6.291413     4.599572    11.184048     7.141562   144.093828    73.594272
    6.237615     4.440280    11.181230     7.180617   148.408777    75.459756
    6.117876     4.506047    11.181051     6.792074   147.562121    74.421235
    6.453919     4.561558    11.092697     6.969210   149.707383    77.258788
    6.364218     4.260103    11.055044     7.008585   147.855818    76.291289
    6.407258     4.652140    11.181248     7.299653   136.795814    88.583986
    5.925543     4.364138    11.259888     7.248087   139.646831    74.656709
    5.977542     4.325847    11.208851     7.045312   135.023913    93.409250
    5.861611     4.674905    11.346103     6.857427   145.134464    83.802510
    6.188845     4.482515    11.211532     7.271580   142.321528    76.226747
    6.222591     4.295613    11.126683     7.235171   132.011134    79.811274
    5.830255     4.358560    11.289126     7.204530   144.657874    63.070040
    5.906284     4.274819    11.229143     7.020762   153.559153    56.800366
    6.238164     4.450420    11.163233     7.192583   143.581729    52.566964
    6.892326     4.531604    10.873319     6.923015   147.129377    80.933372
    6.126742     4.314409    11.153204     7.069347   137.193400    85.916295
    5.883232     4.297837    11.251202     7.056054   150.953189    73.401593
    5.850994     4.160966    11.247827     7.294022   146.100903    81.985453
    6.016113     4.656342    11.295239     7.028237   143.501565    84.637222
    6.063429     4.510562    11.260489     7.270778   138.261393    86.170056
    6.093880     4.272791    11.146469     6.964587   146.208029    69.906657
    5.790754     4.290962    11.302471     7.305983   149.342087    66.817401
    6.117048     4.207757    11.140959     7.262407   133.888910    68.166436
    5.854910     4.406353    11.253347     6.749671   143.576686    81.486131
    5.757891     4.514392    11.375231     7.243322   147.966713    78.470350
    5.714097     4.607546    11.410644     7.098164   152.940258    75.289909
    6.044981     4.560773    11.245268     6.904115   145.967635    84.175874
    6.149527     4.340403    11.149356     6.943736   147.711094    80.367703
    5.706721     4.499083    11.363148     7.072389   139.558398    79.180106
    6.205653     4.625737    11.209531     7.025781   143.388308    82.993263
    5.648439     4.217884    11.302105     6.996723   148.762212    81.573837
    6.393955     4.051967    11.016671     7.241761   140.245804    71.783435
    5.984677     4.761457    11.321696     6.933035   142.359802    79.482927
    6.150509     4.405127    11.215629     7.284276   144.603962    81.969772
    6.100128     4.675730    11.275545     6.972835   157.579729    66.990351
    6.028541     4.483012    11.244929     6.953436   151.874292    81.562473
    5.856112     4.462517    11.285412     7.127073   127.124367    83.263462
    5.807612     4.420590    11.339880     7.287954   149.494574    79.246144
    5.993805     4.532924    11.293238     7.277599   142.916399    75.211534
    6.138299     4.022527    11.129072     7.378058   142.401405    82.175130
    6.037219     4.240157    11.151816     7.011508   136.355244    78.988949
    6.039931     4.209075    11.168416     7.058653   148.095907    77.888461
    5.623244     4.357336    11.388593     7.385948   148.486465    77.157243
    6.055337     4.327957    11.167365     6.920132   140.763255    82.303704
    6.041312     4.134910    11.157528     7.191016   145.653554    70.252632
    5.905586     4.363982    11.224778     6.926729   131.743094    85.153419
    6.387577     4.477277    11.154005     7.225765   148.375659    85.033130
    6.176190     4.320151    11.155085     7.221125   137.831159    73.492163
    5.638397     4.138595    11.302374     7.284316   150.754742    62.124612
    6.642482     4.339550    10.985823     7.036897   151.468827    79.805798
    5.854058     4.488546    11.308295     7.146609   137.660929    76.459757
    6.055212     4.349827    11.175667     6.952515   142.002268    71.720590
    6.507267     4.039821    10.982901     7.199120   149.014313    67.305312
    5.892833     4.856262    11.417061     7.183576   140.615867    88.198434
    6.362702     4.386479    11.103887     6.961619   159.156718    75.473629
    6.321383     4.581579    11.162165     7.126153   137.720009    90.321719
    6.196980     4.320367    11.141392     7.002781   150.477523    81.399283
    5.480057     4.317671    11.412798     7.231153   156.189913    70.767158
    6.047760     4.689382    11.330823     7.200536   148.431061    91.392202
    6.037260     4.652213    11.333953     7.444492   134.977620    87.829557
    6.012822     4.512352    11.255804     7.047241   145.369345    71.802923
    6.188002     4.686094    11.253459     7.126476   148.593684    73.601134
    5.876442     4.307590    11.243169     6.947350   146.793220    84.051765
    6.031603     4.393995    11.218528     7.096453   139.421889    86.015040
    6.081581     4.224805    11.146030     7.098887   135.224252    87.958829
    5.956437     4.822983    11.366704     7.000562   149.416201    73.351457
    6.138469     4.905423    11.277521     6.813482   142.823778    80.333239
    5.869045     4.393904    11.305018     7.308351   145.243066    76.137361
    6.011597     4.622843    11.315345     7.160073   160.719838    43.092083
    6.124878     4.630528    11.287689     7.310001   143.156715    84.074340
    5.891940     4.472840    11.297062     7.018562   153.321403    69.190347
    6.031461     4.685493    11.257316     6.796700   139.334906    78.384975
    6.018758     4.818589    11.358185     7.169705   146.197821    75.777151
    6.104712     4.780455    11.302409     7.038616   146.752839    85.700508
    5.928745     4.676930    11.327358     6.921615   144.391344    89.160009
    5.945831     4.478994    11.288701     7.098704   152.344639    73.415209
    5.636507     4.561822    11.410071     7.032739   136.099583    93.892994
    6.253459     4.454831    11.164061     7.082863   145.554395    88.134907
    6.320298     4.521273    11.144208     7.020698   148.092066    78.334014
    6.287637     4.696070    11.237311     7.300509   137.885823    87.179823
    6.047280     4.295124    11.176741     6.957162   146.707264    83.269066
    5.960164     4.573885    11.272685     6.769470   152.567585    77.574680
    6.360045     4.668404    11.091782     6.772375   136.787200    84.107146
    5.764617     4.299449    11.269337     6.841135   143.637347    92.476436
    6.082037     4.447371    11.208231     7.135510   135.724812    77.582547
    6.256950     4.456817    11.184838     7.225647   147.929719    74.112899
    6.146617     4.438115    11.199517     7.141754   141.004624    88.896541
    5.784821     4.674280    11.378571     6.994086   135.773478    85.169504
    5.887776     4.792007    11.383953     6.910573   157.058751    68.522088
    6.017935     4.584263    11.262269     6.943667   146.330795    70.214462
    5.798611     4.537166    11.338936     6.873327   147.758300    92.286844
    5.960414     4.533066    11.271874     6.929925   142.679634    88.785361
    6.227516     4.834783    11.238144     6.867202   147.645752    83.155459
    5.709805     4.562681    11.388000     7.094884   137.086288    93.972627
    5.968752     4.994780    11.400343     7.025982   140.415234    74.057850
    5.810420     4.678134    11.383985     6.893819   158.183885    76.785518
    6.141710     4.690569    11.262265     7.134208   135.577114    96.179650
    5.692906     4.165696    11.270966     7.120595   140.221752    81.686642
    5.752802     4.279946    11.299109     7.061386   151.640818    88.037225
    6.354216     4.429416    11.114305     7.144689   142.754192    68.971741
    6.235391     4.760494    11.206932     6.889651   143.440819    77.283502
    5.844021     4.368579    11.293906     7.213936   146.690553    69.966543
    6.216869     4.670731    11.171448     6.796035   142.861136    71.953756
    5.925135     4.248351    11.177312     6.851008   135.585514    85.148248
    5.830357     4.807749    11.410149     6.978412   144.755001    86.247619
    5.864618     4.545588    11.304580     6.804395   150.188689    75.659600
    5.845654     4.521184    11.329820     7.015602   154.523388    70.509724
    6.259037     4.646747    11.164364     6.867121   139.804088    93.647548
    6.262283     4.641445    11.226713     7.186517   145.951729    85.461124
    6.182066     4.977023    11.338316     7.166539   145.783088    72.698045
    6.314869     4.869050    11.215452     6.940082   142.801580    89.508060
    6.010507     4.775642    11.315268     6.986772   141.594860    68.655114
    6.011834     4.464440    11.285495     7.435665   138.276362    76.242308
    6.336581     4.950419    11.225603     7.011230   136.336378    87.129140
    6.207600     4.577131    11.279283     7.361178   156.595147    71.750973
    6.210399     4.622232    11.222365     7.175958   137.567791    88.604613
    5.770814     4.676063    11.412475     7.134329   151.870928    74.749897
    5.932615     4.494027    11.272294     6.978425   141.522588    81.106184
    6.084285     4.612505    11.229809     7.003379   131.305228    82.357514
    6.183091     4.478776    11.183446     7.067959   138.101518    95.600297
    6.823434     4.394848    10.997036     7.291077   148.528095    78.029325
    6.281274     4.216948    11.075404     7.082954   139.508496    84.651219
    6.056437     4.730083    11.288228     7.054619   137.023094    78.154073
    5.980093     4.368443    11.271623     7.297488   151.456988    73.897923
    6.021950     4.540098    11.251566     7.023330   139.120569    82.271982
    6.378483     4.373649    11.045032     6.939748   138.333113    80.110617
    6.339764     4.610032    11.083660     6.787556   131.754031    93.362209
    6.342625     4.674200    11.148951     6.989047   141.003132    75.011725
    6.229758     4.895945    11.267045     7.024962   144.412328    71.007814
    5.956993     4.562574    11.286311     6.902540   151.283839    78.208890
    5.705787     4.773209    11.429498     6.934644   130.991957    84.261900
    6.074325     4.659943    11.256180     7.052863   130.120844    91.722254
    6.002836     4.477829    11.256341     7.242319   133.186916    81.087519
    6.181968     4.533121    11.162258     6.993412   129.580442    82.385451
    6.017866     4.540904    11.212652     6.773447   133.270170    87.209140
    5.943003     4.520089    11.269362     7.059106   132.668610    79.676102
    6.207635     4.718226    11.251264     7.208872   138.614081    79.715053
    5.959796     4.543160    11.296606     7.126876   145.784387    77.645457
    6.160619     4.742682    11.241900     6.958908   138.719407    86.361433
    6.045607     4.688238    11.276568     6.986859   139.984757    75.404947
    5.958376     4.836546    11.372882     7.047540   146.124897    78.914526
    6.640256     4.619604    11.024299     7.022297   145.986167    69.990143
    5.817868     4.376952    11.277593     7.059117   134.109968    79.659840
    5.810993     4.368958    11.298075     7.165229   146.257319    65.548006
    5.917754     4.800261    11.362905     6.958265   141.974969    79.185767
    6.128143     4.528677    11.216684     6.956591   155.581897    62.501989
    6.204359     4.591396    11.210145     7.072103   147.212841    73.403141
    6.390969     4.596777    11.160988     7.280127   137.934681    73.918484
    5.816744     4.733379    11.412706     7.158666   151.589626    69.970884
    5.917225     4.664782    11.319405     6.975362   137.530571    77.643625
    6.382750     4.502490    11.108333     7.158491   129.748064    91.617151
    6.160281     4.467094    11.183635     7.081600   141.374041    71.637061
    5.960015     4.674955    11.306865     7.027020   135.669529    77.348252
    6.118599     4.389614    11.186587     7.104351   141.361079    79.841113
    6.033220     4.244610    11.192935     7.112725   151.485521    74.406912
    6.062855     4.782279    11.306801     7.151885   136.067026    67.794456
    5.989146     4.489485    11.284538     7.411429   134.804887    66.306417
    6.126708     4.307740    11.131236     6.840632   151.041827    67.452001
    6.321064     4.392206    11.125426     7.035350   158.083817    61.942163
    6.118099     4.233212    11.191311     7.240480   155.603396    75.632610
    6.080808     4.171991    11.117275     6.868319   151.896079    74.341486
    5.985001     3.969361    11.127128     7.158681   149.335829    70.592214
    5.564105     4.531409    11.422344     6.881003   147.522285    69.048385
    6.627676     4.824638    11.164625     7.288388   148.700139    74.429806
    5.484495     4.643056    11.495232     7.013542   143.972803    79.996380
    5.929956     4.495860    11.279672     6.993014   141.674206    90.288213
    5.753650     4.535067    11.340246     6.719781   154.554188    72.577202
    6.029087     4.455159    11.286822     7.297933   156.383259    68.354703
    6.471917     4.873997    11.163564     7.082142   140.924946    74.659798
    6.035760     4.355026    11.190634     7.052162   134.171843    85.391999
    5.837849     4.421199    11.278176     6.867426   145.904174    70.554695
    6.262162     4.522322    11.205265     7.243420   145.549654    84.997218
    5.439815     4.516446    11.466933     6.901438   147.579968    72.352515
    5.866224     4.729196    11.359347     6.877127   146.493878    72.194476
    5.609628     4.527577    11.404313     6.877616   144.491551    84.119943
    6.124708     4.568934    11.218659     7.069850   134.604748    87.152226
    5.775362     4.544030    11.350768     7.020912   145.011039    67.184259
    5.874961     4.251761    11.230994     7.038103   145.983866    73.009047
    5.956088     4.359523    11.241865     7.085404   145.479456    79.983136
    6.169882     4.259726    11.186821     7.447287   133.939582    91.499397
    5.711246     4.039904    11.241163     7.214350   145.659098    78.888382
    6.000972     4.251848    11.214724     7.142197   153.066220    77.916701
    6.106625     4.434663    11.209371     7.172923   136.982620    88.353738
    6.066631     4.392307    11.195959     6.951959   148.039204    76.492481
    5.745882     4.598930    11.396345     7.172563   145.498588    82.190455
    5.729287     4.183674    11.270382     7.149665   141.196500    85.386280
    6.603001     4.809266    11.138169     7.161282   152.292730    67.200767
    5.740350     4.656275    11.431231     7.164856   157.939726    76.849416
    6.207813     4.161725    11.104733     7.079752   151.900801    73.766909
    6.762432     4.722611    11.009929     6.996124   150.568900    80.820659
    6.404852     4.268538    11.132822     7.408755   153.252478    60.287321
    6.104732     4.676936    11.278444     7.140131   141.410721    86.608841
    5.594292     4.531885    11.413331     6.887665   150.350409    70.257892
    6.053508     4.619809    11.260002     6.873067   149.813183    84.049984
    6.181683     4.799262    11.228811     6.881598   138.148602    75.770535
    6.041129     4.479783    11.238081     7.024817   147.176443    75.929947
    5.674110     4.233819    11.307981     7.057125   154.310434    75.911149
    5.792501     4.305196    11.263145     6.993687   136.539297    80.801388
    5.832137     4.441469    11.308951     7.033769   147.014750    83.338611
    6.142978     4.578401    11.216484     7.086317   133.830420    89.994372
    6.391591     4.738356    11.152066     7.012215   136.880621    94.844614
    6.264679     4.240308    11.087236     7.044667   142.280886    85.600871
    6.164697     4.699603    11.218826     6.816420   150.063490    69.205172
    5.833178     4.419944    11.327209     7.186924   154.913496    77.456681
    6.078527     4.364340    11.172756     6.942827   140.797550    83.573302
    5.873012     4.673457    11.359611     6.976303   151.097607    79.957243
    6.146062     4.795766    11.292883     7.204032   131.814850    94.813974
    5.873213     4.630877    11.356978     6.996713   158.490329    74.493912
    5.927234     4.278488    11.232603     7.130640   147.170146    72.187687
    6.147499     4.415610    11.253455     7.433867   147.570669    79.380692
    5.651731     4.115803    11.253607     7.014860   139.388308    70.217585
    5.844278     4.588563    11.376163     7.375497   140.795811    84.310115
    6.365637     4.463807    11.098340     6.968100   145.145762    84.806042
    5.645765     4.445437    11.378307     7.229768   137.540122    82.724363
    5.990575     4.304330    11.227047     7.369620   134.220069    69.587921
    6.387693     4.657033    11.122043     6.998114   135.432177    87.547386
    6.181467     4.566205    11.205957     7.057990   140.964220    87.055811
    5.806884     4.735125    11.379530     6.799925   146.252460    77.130957
    5.879142     4.445652    11.287563     7.172415   140.444312    60.419820
    5.889941     4.634594    11.341523     7.184579   138.702717    75.196917
    6.027403     4.548341    11.265334     7.088087   142.289093    83.441394
    6.073021     4.380498    11.222289     7.082804   158.078014    69.128660
    6.220006     4.551212    11.225206     7.222569   146.975893    82.872655
    6.123557     4.342685    11.215122     7.341942   143.082272    82.235005
    5.456955     4.399389    11.421236     6.972734   138.776411    83.674423
    6.064137     4.273506    11.171319     7.119300   138.989164    78.707562
    6.500458     4.356527    11.053941     7.248706   135.294080    78.490705
    5.870267     4.226813    11.251001     7.277401   148.510505    59.438719
    5.936823     4.700569    11.333758     7.075488   137.720053    82.098340
    6.291229     4.725605    11.160783     6.905742   141.934692    57.564202
    5.929447     4.333064    11.267125     7.336916   143.758162    71.135505
    7.032100     4.350149    10.942538     7.491270   134.035127    75.990548
    6.115708     4.229362    11.190627     7.493335   133.780796    71.912256
    6.070329     4.185671    11.186876     7.288519   151.162793    66.845859
    6.289014     4.629209    11.179314     7.053669   151.150346    49.626227
    6.118399     4.286396    11.182037     7.326143   136.366570    77.325278
    5.713997     4.568425    11.381923     7.148119   135.185246    81.977464
    5.870039     4.715126    11.348348     7.029675   130.258282    79.272421
    6.020953     4.623554    11.304875     7.331798   133.450797    83.113996
    5.874764     4.327612    11.265037     7.101507   146.405633    81.238979
    6.354962     4.203308    11.059612     7.274009   128.029590    86.624539
    6.356252     4.149399    11.035519     7.122017   139.573520    81.444983
    5.880376     4.668114    11.345238     7.088917   137.865879    75.263864
    6.286909     4.528902    11.160584     7.205304   135.793363    70.184749
    6.174723     4.250068    11.125589     7.013367   155.437902    53.792087
    5.971611     4.617140    11.321208     7.328794   132.910382    86.583210
    6.172720     4.708313    11.265481     7.198307   141.011293    80.756448
    5.853898     4.354125    11.249559     6.824097   146.514982    78.978844
    5.921757     4.786568    11.343508     6.831238   143.826000    73.081612
    6.140610     4.312548    11.126410     6.976903   139.142317    66.375655
    6.985502     4.291705    10.919284     7.244538   155.230814    76.862850
    5.591747     4.257805    11.321552     7.067798   130.948699    85.084551
    5.622496     4.799371    11.485673     7.172149   134.506008    66.987615
    6.098473     4.645612    11.236474     6.873657   141.650295    88.603085
    6.237394     4.736504    11.198785     6.906568   138.341332    88.964144
    5.984393     4.905611    11.356242     6.885255   145.013819    70.061178
    5.962946     4.645589    11.292357     6.963113   131.421335    96.717296
    5.790437     4.708017    11.396364     7.198062   133.610477    78.894049
    5.966771     4.385491    11.227249     7.150959   125.450895    95.225429
    5.893903     4.723500    11.346657     7.037112   137.714615    62.335043
    5.842336     4.769773    11.366804     6.855933   140.371993    58.857189
    6.347544     4.490802    11.081358     7.003031   126.806141    91.505518
    6.245772     4.792923    11.248923     7.263527   131.735657    69.228189
    6.555612     4.329735    11.086060     7.448279   134.956110    87.147833
    5.485632     4.783279    11.535673     7.064615   137.428587    79.467720
    6.539624     4.437745    11.127066     7.491861   138.796329    70.985870
    6.052634     4.756195    11.273364     6.798330   144.136546    73.872335
    5.869654     4.685814    11.365031     7.030687   146.475046    82.980547
    6.046044     4.603902    11.268032     7.020649   142.326260    88.539869
    6.016112     4.668258    11.284257     6.855696   149.968785    78.523410
    6.421755     4.366080    11.091216     7.242469   140.823124    71.368113
    5.854442     4.392843    11.304935     7.188300   151.895755    73.533623
    6.202866     4.319647    11.181856     7.251987   150.112857    81.093296
    6.069108     4.494649    11.193018     6.787934   142.591288    81.842924
    5.490349     4.478638    11.432063     6.841351   149.280205    68.832057
    6.314820     4.834070    11.251662     7.153549   147.454551    79.545577
    6.166098     4.556709    11.220625     7.161512   139.297745    85.801206
    6.082626     4.372166    11.207662     7.243487   135.712644    86.128766
    5.962522     4.416981    11.251203     7.106912   139.606794    84.599488
    5.813303     4.846791    11.431312     7.166578   137.841784    74.638345
    5.959354     4.703067    11.375867     7.400009   143.006877    78.376732
    6.287068     4.659859    11.152088     6.880488   139.111560    86.428083
    6.338837     4.499732    11.121898     6.988810   145.909655    80.776274
    5.772483     4.403445    11.328173     7.061171   154.877921    76.017768
    6.517443     4.454292    11.108058     7.325495   142.691377    78.137408
    6.287934     4.874747    11.262886     7.243421   136.222812    74.189120
    5.942137     4.611989    11.333777     7.200694   149.317942    72.131153
    5.817823     4.771437    11.397920     6.945053   143.224571    82.776984
    5.892387     4.393401    11.256669     6.871253   148.027593    85.735363
    5.975227     4.455741    11.242927     6.980112   139.147789    85.782766
    5.626632     4.261980    11.328714     7.052667   147.980688    83.421645
    6.060856     4.210356    11.169884     7.224679   140.911377    72.084434
    6.620634     4.353143    10.999208     7.167986   139.150596    79.339130
    6.508999     4.248352    10.988371     6.924827   154.013224    73.517674
    5.906797     4.414759    11.275884     7.130710   144.654872    73.855780
    5.889843     4.251410    11.256629     7.333049   139.800259    83.385656
    6.393869     4.426119    11.071998     7.056417   137.289692    76.076763
    6.003793     4.239764    11.207334     7.114198   153.783976    77.664524
    6.075148     4.774741    11.297116     6.972919   147.467424    71.526613
    5.900166     4.533188    11.285473     6.817892   150.847660    65.880465
    5.927643     4.684975    11.340214     7.103373   138.686457    87.505103
    6.500972     4.442738    11.083003     7.050638   158.375345    73.740470
    5.464075     4.356790    11.403771     6.920704   142.570456    81.772789
    6.185070     4.798002    11.282471     7.048636   148.674578    88.182732
    6.268949     4.678505    11.205246     7.084685   145.590980    71.199700
    6.445667     4.112039    11.014051     7.161004   144.281335    82.653596
    5.885563     4.295263    11.240832     7.144790   135.695910    83.732643
    5.863572     4.304085    11.256086     7.096881   139.117662    92.128983
    6.156580     4.169054    11.169122     7.431716   140.511526    79.721118
    5.965060     4.203639    11.182434     7.061946   139.792559    83.739264
    6.096617     4.220564    11.179623     7.287182   145.373554    72.136654
    5.907800     4.767141    11.376653     7.163514   143.583594    69.063235
    5.938681     4.484766    11.284354     7.106416   143.343487    82.761066
    6.546726     4.415885    11.106636     7.457623   133.814170    83.622065
    5.591772     4.504194    11.413466     6.983843   154.929965    65.188486
    6.079469     4.118894    11.109719     7.029484   141.075229    76.731328
    6.187236     4.409378    11.116930     6.820214   141.145222    75.393470
    6.055082     4.448182    11.195855     6.970609   134.861726    76.591383
    5.851170     4.038181    11.177063     7.164571   138.360844    75.597922
    6.318000     4.271345    11.063811     6.956921   145.668532    82.202409
    5.889259     4.382910    11.261927     7.082059   137.918681    82.609041
    5.764445     4.525659    11.338888     6.868261   142.834107    79.767474
    5.713408     4.618963    11.392261     6.803352   155.539809    75.948593
    6.292991     4.205234    11.095514     7.102826   152.688058    76.935294
    6.230173     4.667156    11.168334     6.840910   140.446940    73.731943
    5.863467     4.726642    11.408056     7.305016   147.180727    76.873743
    5.783999     4.796431    11.410709     7.010513   135.524588    70.739554
    5.884335     4.467167    11.332855     7.223203   155.039717    82.666987
    6.105278     4.409975    11.176599     6.926515   146.644256    69.925850
    6.292969     4.488493    11.137429     7.023582   142.714796    82.043704
    5.628480     4.492026    11.392856     7.031185   143.489833    79.568172
    6.407956     4.446113    11.076699     6.956683   147.654143    78.934099
    5.814332     4.476645    11.339031     7.143915   149.691035    81.103050
    6.117275     4.363196    11.186342     6.930929   161.753777    72.754899
    6.221964     4.351322    11.154216     7.182815   143.998771    74.508348
    6.030337     4.335008    11.201673     7.047216   145.893905    74.952497
    6.159390     4.346646    11.193713     7.168248   151.554050    84.325902
    5.867567     4.752036    11.376653     7.027903   141.205421    81.754003
    6.398446     4.359459    11.070973     6.994014   152.974608    66.650630
    5.553846     4.294964    11.335165     6.724304   151.180156    65.330686
    6.131144     4.187676    11.077470     6.899452   133.347150    83.146844
    6.062931     4.606207    11.240597     6.871651   142.996983    83.490551
    5.505077     4.444541    11.432579     7.298539   143.135777    70.250460
    6.187303     4.273016    11.119056     6.950640   148.071220    83.563070
    5.968380     4.163719    11.204308     7.323426   144.541129    64.827553
    6.180805     4.478782    11.192512     7.132308   145.142923    70.016443
    6.549355     4.519398    11.143695     7.481985   142.527519    60.926078
    5.761024     4.411442    11.342489     7.223479   147.826052    80.008111
    6.106927     4.681681    11.275075     7.249385   135.646464    69.853846
    5.741599     4.591099    11.444084     7.528302   147.150020    79.258075
    6.113409     4.155976    11.157274     7.226092   151.057909    72.019890
    6.694267     4.341101    10.934545     6.992480   144.145153    83.815127
    5.722370     4.714710    11.411397     6.797158   149.920202    73.375327
    5.943992     4.525036    11.302002     7.147343   147.972674    75.900984
    6.126631     4.620939    11.228367     6.992893   139.061365    84.989469
    6.021812     4.350501    11.232201     7.084597   157.489951    72.182429
    6.496599     4.382825    11.063433     7.119354   146.922418    83.280891
    6.327202     4.024373    11.056908     7.249399   147.182713    84.739266
    6.225442     4.308765    11.155000     7.210655   148.758222    71.585129
    6.287143     4.114639    11.093653     7.246318   147.076345    84.050632
    6.242681     4.656488    11.216174     7.155697   140.547531    80.346177
    6.065385     4.699202    11.268096     6.884823   146.259837    74.440407
    5.694321     4.394453    11.340352     6.961755   151.615059    75.442891
    6.324661     4.770692    11.177546     6.888072   148.304051    73.432658
    6.116651     4.505047    11.213479     7.030106   148.126458    66.077323
    5.878359     4.455073    11.267297     6.900761   137.963201    76.993682
    5.903740     4.610657    11.318095     6.990354   141.329699    81.259177
    6.119182     4.112679    11.154449     7.298367   150.832292    69.898920
    5.807518     4.270109    11.282219     7.317880   139.787430    77.413761
    5.891008     4.287794    11.225684     7.010633   138.829605    80.130873
    6.430157     4.317751    11.143299     7.544888   137.999289    71.865075
    6.134280     4.180378    11.143983     7.160874   149.825060    72.019499
    5.863369     4.301735    11.268539     7.164134   150.282112    70.059112
    5.903773     4.093552    11.177079     7.128917   138.508618    84.829937
    5.741941     4.211427    11.260866     7.097015   135.465051    83.805620
    6.061114     4.573073    11.269381     7.285058   135.334842    77.347807
    6.139945     4.358304    11.166516     7.302185   123.975908    76.990716
    5.796912     4.518646    11.353731     7.361273   138.545869    56.318561
    6.062114     4.662427    11.307147     7.336698   139.193355    73.096935
    5.762746     4.617996    11.418582     7.484798   135.723997    83.950210
    6.314995     4.363363    11.154963     7.438490   134.035670    74.031817
    6.178903     4.386775    11.207146     7.372485   136.821318    90.033047
    5.956078     4.080613    11.184313     7.281047   143.186689    81.247593
    6.058802     4.159369    11.159194     7.250557   135.763859    87.381351
    5.648972     4.057197    11.268960     7.168195   149.926421    83.768930
    6.563122     4.482891    11.008254     6.971229   138.249875    93.094819
    5.836704     4.399680    11.313603     7.256398   147.600698    74.050844
    6.021575     4.633985    11.284408     7.089931   141.496580    72.060702
    6.021577     4.223463    11.148299     6.979236   132.934452    92.394620
    6.278450     4.620587    11.126696     6.875210   132.124729    81.338263
    5.899589     4.662406    11.429657     7.589200   148.568264    73.484697
    5.892524     4.639804    11.315215     6.834442   140.839503    84.901359
    5.928750     4.512307    11.293476     7.034596   151.780245    66.626075
    6.036160     4.630967    11.249026     6.849122   138.625645    84.763091
    6.311584     4.571425    11.142086     6.961374   146.478351    72.417339
    5.887775     4.591613    11.352104     7.297636   145.799951    71.444592
    5.956042     4.673541    11.312023     6.909930   148.133485    72.231943
    6.215486     4.373332    11.151229     7.142330   141.887054    74.694238
    6.106641     4.443276    11.273741     7.494772   143.764803    75.107304
    5.985891     4.194077    11.208813     7.316961   140.991937    81.061441
    6.071101     4.183902    11.174315     7.233609   144.279758    84.661252
    6.169623     4.341052    11.258015     7.692198   136.266947    72.854569
    5.900949     4.446061    11.330012     7.433686   144.312538    80.292719
    5.984177     4.320799    11.256809     7.379296   143.434108    77.825955
    6.557784     4.626933    11.042534     6.991799   138.601042    81.518029
    6.607769     4.568900    11.170632     7.533048   146.265112    69.119130
    6.215046     4.507119    11.220897     7.345131   141.660262    75.212258
    5.791472     4.521098    11.339184     7.049880   141.205586    78.658340
    5.896397     4.321909    11.298962     7.545300   134.318119    83.555997
    6.240295     4.341407    11.167260     7.396567   132.460011    84.629049
    5.853036     4.321810    11.297250     7.352439   148.526691    68.049384
    5.911270     4.299920    11.245677     7.044409   152.109341    80.232214
    5.996733     4.279777    11.247953     7.259504   154.879107    81.493413
    6.356343     4.234357    11.055968     7.170680   135.230330    76.924706
    6.309107     4.174812    11.089435     7.288323   137.214752    83.826829
    5.415654     4.268851    11.413294     7.304506   139.393235    89.705628
    5.884565     4.485092    11.281240     7.001841   133.341485    87.581591
    6.292288     4.479884    11.135778     7.080973   138.054941    82.454563
    5.432522     4.218601    11.398721     7.421998   134.062006    94.229438
    5.852611     4.124678    11.188573     7.081166   133.732790    80.376943
    5.973394     4.213148    11.186545     7.045617   147.208732    71.415791
    5.885913     4.265915    11.229676     6.973342   149.970354    73.003383
    5.946739     4.245897    11.188883     7.064890   129.727387    91.838989
    6.017881     4.706733    11.312712     7.086010   139.572376    90.973297
    6.134520     4.386184    11.202116     7.299329   134.772109    87.978942
    6.046317     4.578816    11.294239     7.239789   148.723449    75.373984
    5.382237     4.439950    11.466597     6.941436   155.583766    65.628145
    6.275148     4.278109    11.080871     7.010796   143.762807    68.771648
    6.174451     4.183190    11.124617     7.270537   138.039467    68.236461
    5.720123     4.234908    11.270639     7.043358   136.808088    77.121691
    5.624944     4.478939    11.374854     6.771314   147.204584    78.757305
    6.282501     4.353518    11.113898     7.104211   140.790609    76.471957
    6.225300     4.426969    11.194179     7.393553   132.535774    85.516583
    6.309458     4.195270    11.076858     7.292916   127.699821    87.574070
    6.875351     4.647886    11.023747     7.214925   156.120766    67.274528
    6.190325     4.468596    11.199102     7.187141   142.487062    84.559176
    6.016481     4.244232    11.218494     7.155171   159.595441    73.321733
    6.331144     4.258514    11.051632     6.950847   145.080015    80.598457
    5.694051     4.117899    11.276638     7.237496   149.542888    73.311039
    6.168058     4.452404    11.189974     7.036176   145.959601    90.667132
    6.182897     4.439073    11.189684     7.163369   146.111377    71.459999
    6.092651     4.577049    11.220731     6.901394   140.873084    84.015927
    6.063021     4.429271    11.260913     7.315798   145.499042    85.633255
    6.172551     4.674108    11.198544     6.943538   129.332937    87.798739
    6.948053     4.068949    10.836480     7.225933   144.088420    77.637111
    6.314612     4.616782    11.200515     7.214158   147.414038    72.371327
    6.029825     4.687174    11.321991     7.225459   143.407231    81.498098
    6.075248     4.170249    11.180115     7.215574   153.779972    77.352641
    5.647169     4.442027    11.376437     7.328280   129.756452    86.430958
    6.345552     4.582971    11.149909     7.134407   139.836496    74.515957
    5.757130     4.190531    11.296561     7.347357   148.245438    82.209860
    5.844421     4.402902    11.324804     7.342642   145.623878    81.590399
    5.517162     4.368150    11.411403     7.365182   141.963273    75.352221
    5.986711     4.623404    11.325376     7.173110   148.137661    86.799966
    5.879591     4.457769    11.329470     7.149661   162.300726    74.996245
    5.940229     4.676694    11.357702     7.202097   150.402078    75.782226
    6.049399     4.391011    11.252665     7.246852   151.909378    79.705187
    5.709820     4.156229    11.264545     7.225404   133.307428    85.808742
    5.582174     4.635247    11.467174     7.309462   136.830156    85.444423
    6.249227     4.414956    11.146625     7.102952   140.961153    84.203587
    6.018271     4.567838    11.325399     7.431762   143.887581    78.877867
    6.119848     4.189357    11.158364     7.234363   146.941563    72.914612
    5.576008     4.398757    11.410516     7.388121   143.731871    80.723328
    6.228155     4.397990    11.108034     6.928966   136.172620    80.242120
    6.046471     4.547664    11.280085     7.379769   133.925752    77.675062
    5.963941     4.277881    11.183061     6.951426   136.440288    78.036247
    6.689161     4.762521    11.073782     7.230642   136.671113    74.459013
    6.209167     4.518537    11.204689     7.071088   155.909985    67.678645
    5.781105     4.772723    11.425271     7.195767   139.085547    74.520603
    6.090277     4.558280    11.315024     7.419948   156.637930    60.817728
    5.895134     4.368581    11.270477     6.987434   160.972644    65.370193
    5.898734     4.438964    11.313003     7.211135   156.152752    71.998953
    6.048435     4.843148    11.374904     7.322805   144.670204    74.610595
    6.228366     4.500499    11.175956     7.099389   146.617008    64.083073
    5.784997     4.236194    11.247536     6.981047   140.721904    78.431240
    5.434271     4.351130    11.417735     7.119673   140.350938    76.186492
    5.755897     4.522211    11.358674     7.170217   143.204857    67.615357
    6.053536     4.733589    11.279986     7.018137   133.118242    79.738965
    5.623827     4.682810    11.446116     6.888909   147.498189    68.242132
    5.552588     4.644426    11.468590     7.067668   139.818684    81.582992
    6.019168     4.588374    11.286156     7.293843   135.193248    69.311317
    5.747936     4.425065    11.315802     6.893904   143.729709    73.558662
    5.770050     4.494954    11.337344     7.165974   133.965581    78.079315
    6.040996     4.279900    11.234458     7.349170   150.831415    71.765135
    5.767249     4.354533    11.312572     7.156536   150.254717    62.901598
    6.166681     4.547635    11.223437     7.164941   143.494824    80.538047
    5.708897     4.457376    11.379370     7.334252   140.298159    88.748811
    5.805973     4.258134    11.297259     7.408283   145.467646    69.886718
    6.035742     4.233825    11.169057     6.996922   146.199890    86.099494
    6.184519     4.152907    11.093055     7.034685   145.860077    78.494068
    6.015361     4.525591    11.248386     6.868423   154.501330    67.361940
    6.284053     4.392171    11.186558     7.380583   142.361781    86.026889
    6.104232     4.093520    11.138155     7.197550   151.758551    71.058907
    6.174991     4.440754    11.259934     7.426393   155.398974    66.912593
    6.108066     4.359608    11.179204     7.015477   147.155370    77.646212
    5.967513     4.401049    11.241798     7.256689   128.398787    81.706741
    6.339778     4.150082    11.006791     7.001879   136.367407    78.402179
    5.793549     4.401150    11.272515     6.733696   144.390702    70.388908
    6.056122     4.265204    11.196404     7.208108   142.348779    88.171806
    5.880086     4.313832    11.254821     7.084801   150.034668    63.657851
    6.076581     4.327518    11.186164     7.120216   140.700088    80.380401
    5.660936     4.206316    11.277312     6.871390   148.312383    67.423465
    6.393851     4.344381    11.108026     7.346369   132.289019    86.048963
    5.623254     4.400181    11.383353     7.229741   147.535904    77.298854
    6.229982     4.507892    11.160984     6.964273   143.928729    84.105371
    6.542603     4.500059    10.998893     6.895380   137.925914    89.513090
    5.736041     4.305663    11.327897     7.324837   146.227741    79.042813
    6.372509     4.227101    11.013970     6.927730   143.757985    73.755463
    6.263403     4.203673    11.074768     7.147972   135.921877    71.416476
    5.704527     4.397280    11.325991     6.865905   150.997458    64.862301
    6.020490     4.337181    11.210872     7.259590   135.635205    64.734565
    5.881854     4.392493    11.258718     6.937956   145.350935    69.916404
    6.196947     4.786177    11.184023     6.732036   134.972589    72.026381
    5.666117     4.632757    11.396360     6.680133   148.804859    66.690220
    6.031081     4.447100    11.209965     6.960791   140.874119    66.436819
    5.857399     4.829467    11.393110     6.912163   146.019081    67.768463
    6.339860     4.733103    11.200593     7.010412   153.378232    79.122483
    6.262056     4.665661    11.195820     6.998555   144.667852    83.831213
    6.099710     4.721713    11.273603     7.006412   145.688650    71.130804
    5.799790     4.513494    11.362869     7.272281   145.628199    82.430072
    6.171313     4.417927    11.221742     7.316486   150.016219    69.766603
    6.164465     4.845632    11.319850     7.175261   152.296280    68.248980
    5.873900     4.645029    11.367745     7.149004   150.771063    78.017625
    5.730837     4.753798    11.458694     7.286365   145.531717    78.359417
    5.670400     4.728204    11.468473     7.244444   145.986615    78.270313
    6.087765     4.663334    11.252010     6.947363   139.935837    86.094013
    6.148387     4.287234    11.147338     7.074588   143.273452    80.449994
    6.194104     4.715766    11.310756     7.360430   150.847297    76.258375
    6.268201     4.329507    11.043872     6.645100   150.142980    80.368749
    6.260695     4.606002    11.202928     7.168272   143.397456    78.121341
    5.877044     4.208892    11.223065     7.069117   141.257357    93.140637
    6.168422     4.245212    11.123805     7.020092   144.768102    83.631650
    6.046428     4.743493    11.299797     6.975745   139.366542    96.256728
    6.215817     4.699949    11.290042     7.439294   140.970748    73.018821
    6.095576     4.336999    11.201525     7.243399   137.230174    93.047176
    6.042107     4.412150    11.212717     7.085770   138.771055    77.339404
    5.804263     4.218711    11.240629     6.996800   146.361449    69.510927
    5.986371     4.177510    11.182608     7.249395   135.067740    80.490467
    5.843882     4.378367    11.298170     7.339052   140.233342    62.415828
    5.745823     4.248632    11.259299     6.962381   138.695617    72.070009
    5.753698     4.797014    11.470790     7.366267   140.570554    85.489087
    5.155958     4.637834    11.601760     6.659896   144.066897    71.434302
    6.029300     4.715657    11.280402     6.829018   147.475252    69.503767
    5.957751     4.694765    11.346330     7.311341   132.941857    86.431902
    6.104721     4.731172    11.276206     7.033090   143.142243    77.270149
    5.860671     4.886285    11.413294     6.917581   148.682472    71.551845
    6.261881     4.582964    11.219968     7.201684   146.519572    90.569349
    5.928429     4.481231    11.301229     7.108458   153.141179    79.271917
    6.043640     4.951112    11.343957     6.897478   141.965336    80.160273
    6.247241     4.671737    11.262337     7.305313   145.987221    83.398947
    5.960593     4.752158    11.324239     6.980328   133.212643    88.163485
    5.656866     4.684217    11.426008     6.780384   147.007198    75.749888
    6.180548     4.709902    11.239197     6.968054   152.819614    59.727152
    5.889989     4.638545    11.391254     7.431043   151.053423    62.522426
    6.271467     4.598954    11.228591     7.245115   154.108157    64.781395
    5.594604     4.661478    11.443349     7.043845   127.946350    80.876067
    6.110010     4.634679    11.276370     7.301798   137.781484    77.372147
    5.811278     4.357618    11.287226     7.184616   134.987733    82.311028
    5.931921     4.351544    11.237758     7.089895   140.300588    74.052843
    5.917992     4.188270    11.211197     7.298566   136.024743    69.917437
    5.986500     4.453523    11.233753     7.150799   124.311322    88.774456
    5.806816     4.524512    11.337064     7.171156   139.750284    66.676596
    5.890893     4.599985    11.298776     6.947484   130.996456    76.975639
    6.148716     4.411968    11.150200     6.895695   145.143096    66.729657
    5.777930     4.273099    11.285155     7.207977   144.921443    70.390382
    6.023228     4.294135    11.215345     7.296188   136.535977    85.150550
    5.845094     4.319952    11.257760     7.213282   130.890586    74.879422
    6.291748     4.369341    11.120182     7.144828   138.044853    83.785278
    5.856922     4.160317    11.211078     7.115723   140.079757    77.688602
    5.934825     4.335474    11.226987     6.941188   150.243383    66.591935
    5.714868     4.328656    11.336712     7.295188   139.751377    92.490639
    5.631354     4.341309    11.346727     7.117458   140.393327    80.219457
    5.721724     4.213635    11.268735     7.159889   128.284055    93.910425
    6.004605     4.625094    11.280169     7.014041   140.512362    75.404430
    5.775837     4.459002    11.311578     6.858772   139.681803    87.392100
    5.889312     4.350200    11.260548     7.047335   150.275309    68.268430
    6.541666     4.305571    11.006393     7.089213   141.173739    84.748204
    5.729387     4.171883    11.259277     7.159288   136.138439    83.273600
    5.873401     3.990138    11.172457     7.299452   142.203641    59.441873
    5.785643     4.334908    11.275170     6.956723   139.282701    79.941036
    6.082391     4.378860    11.180955     7.001066   139.862761    81.378491
    6.223798     4.277810    11.080896     6.897358   142.054566    76.720435
    6.297080     4.096145    11.026199     7.076343   140.078154    70.186465
