    7.137668     4.644082    10.782115     6.914028   146.234284    92.205615
    6.913888     4.401044    10.950605     7.270141   144.574052    82.348009
    7.162151     4.372076    10.758536     7.116978   136.408326    86.643307
    7.212696     4.265862    10.680219     6.996732   144.552591    80.989400
    7.079334     4.790548    10.835994     6.942288   146.936075    72.211164
    7.081007     4.293753    10.923911     7.391027   146.891761    86.235788
    7.293714     4.166179    10.811271     7.377569   150.902399    70.578810
    7.146186     4.227422    10.787803     7.175414   150.266439    66.544314
    7.182858     4.547775    11.023402     7.557526   146.940237    84.515918
    7.072464     4.413485    10.906055     7.299674   151.495947    58.264330
    6.739151     4.394628    10.875419     6.951301   133.782270    75.146012
    7.183026     4.117181    10.883491     7.461330   153.931530    69.072955
    7.242503     4.388511    10.707004     7.034821   146.139552    71.891442
    7.742416     4.426648    10.589339     7.232359   152.606123    59.969825
    7.181038     4.449497    10.837377     7.270061   139.632134    77.255920
    7.326540     4.756991    10.996872     7.558953   141.956947    72.889285
    7.097699     4.607867    10.825955     6.991448   153.288153    66.996289
    7.349386     4.334954    10.765069     7.341673   137.713209    71.877272
    7.136739     4.276622    10.807299     7.182985   150.277048    66.895386
    6.858608     4.491312    10.957852     7.216248   140.717358    77.997104
    6.922607     4.233067    10.893966     7.154662   155.213236    73.870228
    7.435498     4.164631    10.637503     7.166686   148.806460    69.949796
    6.937011     4.597281    11.044468     7.478394   137.891527    84.419600
    6.801842     4.389759    10.983702     7.197672   150.159865    84.819999
    7.314727     4.664906    10.959262     7.552433   140.283760    65.722056
    6.968408     4.798648    11.041441     7.327714   146.345799    76.330076
    6.755733     4.379244    11.044281     7.472020   140.654121    69.259362
    7.443419     4.601502    10.798010     7.316479   140.054227    87.362971
    7.159213     4.582371    10.895126     7.338962   140.893549    64.860608
    7.002494     4.337307    10.974534     7.454524   151.269359    60.271840
    6.747744     4.157524    11.016204     7.479660   145.187154    78.569886
    7.105187     4.519008    10.929113     7.412007   133.193932    86.096091
    7.556460     4.487946    10.655594     7.195876   147.303443    64.712837
    7.199462     4.338677    10.822672     7.283369   144.040708    71.735266
    6.950565     4.203627    10.856504     7.267004   138.173833    67.935135
    7.140760     4.262860    10.783375     7.158675   149.655801    61.729377
    7.206640     4.676588    10.814498     7.130769   144.374813    65.808365
    7.247450     4.628848    10.870084     7.296132   150.026937    52.999761
    6.789235     4.419340    11.022768     7.466078   130.071702    83.077082
    6.724160     4.503326    10.891870     6.771668   147.235030    73.407673
    7.090576     4.651720    10.771547     6.930570   142.898129    65.589894
    7.045198     4.298080    10.819279     7.197291   136.028471    79.821640
    6.814811     4.320617    10.898539     7.072143   145.030424    73.182666
    7.360699     4.554055    10.668452     7.008732   144.783202    75.796181
    6.988572     4.669902    10.878238     7.042543   143.984243    68.352288
    7.000377     4.167801    10.760999     6.992061   148.930033    70.908498
    6.623445     4.791898    11.071239     7.060715   140.956666    73.886537
    6.448271     4.654445    11.102087     6.822135   159.751611    66.451698
    7.289740     4.422302    10.708466     7.071308   144.816043    75.717919
    7.406425     4.443862    10.820772     7.343241   149.849718    77.809792
    7.360898     4.730629    10.742883     7.087646   144.825331    72.800143
    7.311476     4.377973    10.737892     7.265708   132.827665    75.886752
    6.938692     4.593811    10.863446     7.012747   138.553524    76.104254
    7.135307     4.767289    10.886813     7.117127   148.077140    76.788468
    7.364207     4.468161    10.633355     7.033274   134.839475    86.514688
    7.467775     4.552384    10.765130     7.330338   138.828861    74.560114
    7.119025     4.204266    10.738547     7.151255   132.522822    85.061513
    7.033605     4.183395    10.767651     7.074906   145.510647    67.677308
    7.357494     4.317941    10.829820     7.318084   157.846483    78.245870
    7.286490     4.541865    11.005604     7.649931   141.543262    75.518700
    7.399345     4.374557    10.719307     7.230946   143.873475    70.689516
    7.037301     4.526765    10.973311     7.426941   137.801942    83.721424
    7.332540     4.498541    10.742385     7.140225   143.846540    82.244577
    7.343287     4.756391    10.734449     7.065893   140.836029    76.347232
    7.088372     4.335106    10.752548     7.022295   143.160052    71.810766
    7.264470     4.285985    10.849893     7.390848   145.903267    80.814265
    7.215996     4.472296    10.833159     7.198360   149.251118    79.795879
    7.165403     4.205326    10.777526     7.190038   144.250442    84.580278
    7.125506     4.325491    10.888173     7.340066   150.801703    65.056225
    7.240799     4.168579    10.881106     7.551141   143.066251    70.350701
    7.091895     4.249120    10.855765     7.353418   141.982673    63.381217
    6.853107     4.113375    10.919382     7.393450   137.577471    76.359651
    6.778034     4.794240    11.019949     7.156933   134.757348    78.400796
    6.500641     4.775862    11.077749     6.889147   140.325391    72.650950
    7.423417     4.471904    10.693463     7.162865   142.607696    75.598048
    6.864888     4.428450    10.935105     7.113066   151.508591    71.202157
    6.423032     4.388196    11.065481     7.149527   135.808321    73.236150
    7.279682     4.277292    10.724207     7.222694   137.295497    74.661498
    6.383364     4.368947    11.124295     7.320299   141.161378    74.169873
    6.778972     4.228569    10.899599     7.031427   152.300036    73.567287
    6.933907     4.426876    10.877878     7.166143   138.464840    67.110302
    7.142215     4.588519    10.936726     7.312141   154.347879    62.200949
    7.295223     4.874988    10.831594     7.195771   136.421192    75.400098
    6.664873     4.664100    11.095292     7.306887   141.769839    74.074789
    7.246848     4.547079    10.785163     7.209168   133.847571    81.751808
    7.065610     4.199237    10.865527     7.309898   144.712850    84.158754
    7.220224     4.451318    10.802061     7.252251   133.708162    86.931859
    6.764078     4.633907    11.099367     7.335685   154.239857    72.151565
    6.906344     4.419773    10.925945     7.100563   156.422875    69.655255
    7.290713     4.436332    10.864803     7.398529   143.607116    76.060998
    7.365774     4.313965    10.768823     7.311504   147.211410    66.356079
    6.856609     4.143557    10.786760     6.944246   140.606047    84.136820
    6.780401     4.315702    10.860237     6.893890   146.997181    74.475954
    7.129749     4.731565    10.938170     7.287907   143.496431    77.049268
    7.271775     4.334473    10.784583     7.359673   130.933446    76.656033
    7.187391     4.501873    10.873472     7.365208   134.682656    79.752219
    7.057136     4.281127    10.815789     7.215091   134.146461    84.788655
    7.395865     4.374645    10.645704     7.018373   154.829556    65.545004
    6.842940     4.583957    10.976285     7.140960   144.398911    86.927012
    7.100152     4.304739    10.868177     7.263293   149.919648    74.775631
    7.068266     4.171577    10.712697     6.968840   146.537580    71.756644
    7.251170     4.333374    10.654736     6.868297   157.124749    72.350328
    6.870579     4.274448    10.879032     7.250778   134.721589    60.395190
    6.726411     4.510698    11.025620     7.236281   148.226334    60.941337
    6.759617     4.598149    10.970063     7.051373   141.404640    79.009377
    7.235592     4.533263    10.749523     7.040612   147.867071    71.016353
    7.091466     4.369196    10.868110     7.327169   139.776843    65.812856
    7.055963     4.539332    10.900560     7.224144   143.558131    77.550643
    6.733018     4.495178    10.948521     6.958084   149.670677    69.643263
    6.703358     4.145132    10.976361     7.260384   151.683461    77.241062
    6.912939     4.283595    10.906286     7.287146   139.929334    70.983422
    6.941180     4.761843    10.895856     7.046492   137.570448    63.972069
    6.786761     4.339907    10.971028     7.337396   132.014866    86.783329
    7.060007     4.308944    10.734337     6.929729   143.286809    84.034376
    7.245879     4.354891    10.733114     7.147997   139.879115    76.305246
    6.875291     4.236877    10.849087     7.129471   131.737918    96.063748
    6.951920     4.337031    10.821607     7.103204   134.258178    76.562419
    6.902607     4.275584    10.845294     7.139711   134.616345    78.369054
    6.652587     4.333246    11.070924     7.480864   145.856930    55.305921
    6.959888     4.691906    10.951459     7.161941   147.979073    65.428044
    6.940866     4.359553    10.893931     7.137250   150.002745    72.868834
    6.558513     4.487672    11.030116     7.045616   138.847160    90.612146
    7.471961     4.219105    10.714236     7.378019   138.394726    75.832710
    6.900348     4.250840    10.873532     7.166112   142.484030    76.097434
    7.311832     4.065258    10.702685     7.256680   145.130667    73.014889
    6.849809     4.564207    10.991332     7.223865   152.614368    51.057963
    7.369885     4.482998    10.836718     7.453968   133.861377    75.875272
    6.838817     4.188674    10.872012     7.104443   147.163837    71.577657
    7.027210     4.057217    10.900845     7.358752   158.979879    76.024461
    7.301272     4.582764    10.705715     7.032939   141.968437    75.945659
    7.082707     4.198564    10.854102     7.282210   153.544960    60.260993
    7.070775     4.778492    10.862566     7.083740   136.536774    76.378428
    7.196478     4.171927    10.793768     7.255491   151.688479    67.032981
    6.953752     4.238634    10.825982     7.139528   142.302915    64.194334
    7.508080     4.417810    10.712500     7.234643   148.471880    80.656449
    6.879937     4.462193    10.862951     7.050967   133.272166    80.448031
    6.781160     4.454543    11.032919     7.369418   143.295133    76.017961
    7.223117     4.188838    10.710945     7.178601   136.085136    81.919947
    6.661541     4.748824    11.066997     7.219832   132.419493    73.755637
    6.836832     4.406400    10.911901     7.113468   142.763084    68.996788
    7.201784     4.465984    10.661677     6.935860   136.191968    75.851583
    7.266085     4.249948    10.769090     7.274340   150.266242    52.627761
    6.901666     4.158631    10.933228     7.460060   136.472808    74.557161
    7.017715     4.419927    10.902087     7.209713   147.792857    80.092577
    7.222158     4.491317    10.865771     7.369085   139.100351    70.561873
    6.723893     4.265531    10.961013     7.250836   138.566999    78.007258
    7.075584     4.424487    10.801562     7.108766   138.501297    75.259937
    6.951267     4.300724    10.817300     7.039862   147.884289    58.964162
    7.119533     4.040031    10.742303     7.238410   139.230262    70.428719
    7.347536     4.325555    10.883446     7.523054   144.329937    76.765632
    6.953845     4.348442    10.912399     7.324328   141.888287    58.105194
    7.024620     4.455372    10.882741     7.189948   141.042996    87.282228
    7.079288     4.317050    10.820840     7.171106   142.615479    78.790232
    7.148096     4.537208    10.820842     7.197625   129.657748    96.182029
    6.912791     4.289594    10.841364     6.986879   152.015728    73.015992
    7.310637     4.297410    10.704022     7.080540   150.724465    80.526425
    7.147154     4.214441    10.738716     7.069640   148.443672    73.089898
    6.916222     4.221190    10.835732     7.152326   132.992054    89.769255
    7.296824     4.279986    10.698330     7.133288   145.817848    67.833696
    7.442899     4.336283    10.743529     7.321414   146.394383    66.077110
    7.229770     4.526209    10.734653     7.019130   145.056914    75.255684
    7.312549     4.441482    10.659644     7.045280   137.027975    78.774016
    7.407271     4.399711    10.720689     7.269410   137.703933    74.345098
    6.677451     4.059446    10.914774     7.142439   154.962227    51.515656
    7.038801     4.210121    10.850382     7.230605   148.182862    74.692607
    6.954777     4.736293    10.819932     6.829525   145.304026    56.919052
    7.716957     4.393663    10.548087     7.244305   134.585917    78.362587
    7.040129     4.827331    10.958246     7.184053   146.432450    71.961532
    7.036015     4.249263    10.719343     6.937723   141.327728    75.648223
    7.326412     4.076312    10.753171     7.413012   139.670780    72.065207
    7.140377     4.263227    10.773704     7.205137   137.915201    72.922449
    7.312694     4.317491    10.634862     7.121820   128.760949    77.219777
    6.841852     4.367824    11.064346     7.576629   145.218327    67.745962
    7.185197     4.794390    10.880342     7.181913   140.838104    83.535970
    7.024629     4.611896    10.897877     7.065738   150.706637    84.032310
    7.235470     4.266132    10.797870     7.337275   138.693617    73.131635
    6.876926     4.482307    10.924144     7.099801   145.433449    78.224538
    7.100809     4.593017    10.975892     7.439733   141.460739    75.613340
    7.411990     4.734334    10.723500     7.070344   148.763643    70.728804
    6.830381     4.272288    10.890675     7.157565   138.225503    76.711717
    6.460338     4.541705    11.050716     6.984452   138.630422    63.528952
    7.045199     4.103616    10.720824     7.059517   144.448917    59.283196
    6.839419     4.461969    10.945507     7.098634   152.556798    64.740950
    7.187990     4.383488    10.863335     7.438934   130.540555    76.866669
    7.109896     4.345575    10.722402     7.079774   130.218854    73.941992
    6.966012     4.418843    10.828798     6.973206   145.631196    82.496194
    7.058913     4.219055    10.823401     7.200452   144.967265    75.992112
    7.256093     4.405917    10.683110     7.098111   134.117651    70.067511
    7.542776     4.185958    10.767584     7.469140   152.544730    63.119971
    6.825922     4.281440    10.953740     7.323106   144.932011    59.702063
    7.516072     4.352873    10.662212     7.279697   136.137482    76.001707
    6.814638     4.426731    11.040840     7.362889   151.880589    77.752082
    7.079304     4.467244    10.943426     7.336887   152.430213    68.126175
    7.141376     4.268918    10.776017     7.135011   143.451302    84.386780
    7.168115     4.937913    10.983688     7.287607   149.946882    63.789462
    6.912636     4.599582    11.006061     7.334514   144.831710    69.023359
    7.315302     4.445603    10.768958     7.265999   129.804961   102.503441
    6.943676     4.740123    10.883935     6.888328   151.423678    68.421457
    6.892476     4.276035    10.859875     7.046017   146.894861    82.868919
    7.020975     4.574118    10.950957     7.162578   160.471488    71.042264
    7.198122     4.560977    10.909037     7.433223   133.953934    78.138330
    7.109812     4.567806    10.837384     7.125072   137.881592    92.229862
    7.498290     4.397292    10.715323     7.285852   143.314028    76.386391
    6.610995     4.565062    10.992456     6.887947   143.872874    82.491944
    6.425441     4.391272    11.098830     7.113852   152.021964    76.866713
    7.110952     4.614376    11.000241     7.493650   141.352520    74.965566
    6.863218     4.744054    10.995020     7.225968   131.510475    88.221193
    6.976250     4.640377    10.938949     7.148088   146.990003    79.977270
    6.560198     4.316195    10.971327     6.979068   143.550725    72.656199
    6.997617     4.192248    10.953490     7.438130   150.349847    82.661955
    7.151821     4.507784    10.784765     7.045543   147.915156    69.212262
    6.758179     4.316852    10.908371     7.035209   145.814426    69.399166
    7.085733     4.170476    10.775627     7.126537   143.082866    89.432508
    7.068405     4.241355    10.761404     7.096162   139.127511    76.160493
    6.625948     4.146436    10.971278     7.283551   141.046151    65.313999
    6.969212     4.265144    10.781233     7.019595   139.056615    76.438781
    6.981384     4.363486    10.951814     7.485765   127.761121    88.061123
    7.033260     4.321399    10.913386     7.463285   128.938827    81.567473
    7.041734     4.132417    10.919580     7.560904   131.125672    90.840892
    6.928205     4.574701    10.911841     7.079357   144.170082    80.504473
    6.899637     4.541044    11.034188     7.403016   147.965480    70.746421
    7.178709     4.414468    10.785299     7.142554   141.901661    79.845829
    7.244221     4.656508    10.947963     7.463508   142.346527    69.173979
    6.841349     4.543751    10.842774     6.902810   132.061634    80.365403
    6.837961     4.682875    11.016035     7.329231   128.812543    84.013848
    7.564668     4.444417    10.728986     7.432789   130.256728    78.236453
    7.217003     4.634114    10.813238     7.164473   141.426386    72.637611
    6.734218     4.690880    10.943115     6.972696   126.446165    89.042920
    6.983104     4.147276    10.806842     7.263470   128.901404    77.422980
    6.949810     4.249588    10.851342     7.215552   134.393788    83.173631
    6.883138     4.366713    10.869528     7.119082   138.709626    67.001070
    7.037246     4.403680    10.859287     7.207857   138.905657    78.713958
    7.474951     4.044060    10.590273     7.149642   149.901937    74.982381
    7.405539     4.183961    10.574995     7.068585   139.891054    76.696708
    7.313042     4.436233    10.660053     6.961804   151.907568    65.254001
    6.805343     4.450310    10.877509     6.972532   137.643699    75.959358
    7.237772     4.051439    10.742291     7.232882   152.548128    69.902141
    7.181800     4.345318    10.855100     7.386808   136.395613    77.441621
    7.173276     4.393211    10.793551     7.130810   152.197912    59.671589
    6.998685     4.411511    10.851429     7.060731   148.809250    76.138400
    7.178843     4.187144    10.677537     7.036370   138.810985    83.961525
    7.015994     4.299516    10.968993     7.490681   144.578132    75.778497
    6.934464     4.310577    10.978061     7.404948   149.731733    72.038526
    7.251309     4.066056    10.742028     7.181237   157.786496    75.416525
    7.354393     4.208477    10.722010     7.260027   143.352210    78.278714
    7.255331     4.326303    10.913396     7.504047   142.580801    90.753003
    7.010870     4.106678    10.775531     7.190299   133.448597    80.641962
    6.771025     4.272642    10.958154     7.168119   153.295622    72.223003
    7.237857     4.362791    10.683589     6.983443   147.905312    70.084246
    7.139295     4.486384    10.823998     7.085135   157.103438    57.193790
    7.072739     4.285684    10.793423     7.139475   148.222059    53.365322
    6.978241     4.461313    10.877619     7.156553   140.538730    73.984016
    6.954304     4.393411    10.985923     7.426359   140.686822    89.906228
    7.227854     4.516031    10.701947     6.932591   147.404876    75.228143
    7.043919     4.342992    10.819006     7.083819   145.939363    80.024237
    7.168064     4.283308    10.764838     7.177425   137.417471    84.580277
    7.198567     4.393677    10.717931     6.966462   148.468279    81.659357
    6.325260     4.609721    11.212511     7.253602   148.362372    81.849428
    7.065465     4.694427    10.832913     6.949964   144.654432    87.543898
    7.380829     4.555087    10.624950     6.972538   141.979770    74.415078
    7.135422     4.288811    10.666469     6.909710   141.024072    77.385566
    6.813207     4.430394    10.902611     7.000370   146.066717    71.794273
    6.713187     4.349401    10.950100     7.080438   143.904893    78.095992
    6.871653     4.190051    10.856227     7.137297   142.157854    73.346597
    7.158110     4.169019    10.836760     7.447003   132.586833    79.541060
    6.790799     4.300498    10.906890     7.162040   136.547536    73.823670
    6.606198     4.395464    10.982600     7.103736   133.591468    79.632288
    7.244230     4.662817    10.767606     7.069851   143.576569    70.062515
    6.631533     4.289463    10.943563     7.035714   136.884147    89.172841
    7.278345     4.213942    10.742067     7.320647   133.204234    75.461072
    6.935470     4.310144    10.860870     7.022654   155.975349    71.509243
    6.967269     4.572826    10.935073     7.260863   141.613903    61.375079
    7.127479     4.459157    10.869884     7.221436   148.663031    75.137003
    6.821313     4.594094    10.997649     7.147161   152.328431    66.687112
    6.711561     4.441799    10.947295     6.982717   147.209240    71.282053
    7.325550     4.350038    10.629190     6.978917   146.399366    72.030538
    7.413225     4.658893    10.663788     7.007263   141.199834    87.822044
    7.053691     4.156702    10.681610     6.895687   141.899384    84.611628
    6.792563     4.356568    10.876712     6.986860   139.722960    79.496942
    7.161071     4.132110    10.747626     7.187332   143.320800    75.378458
    7.103358     4.468515    10.932905     7.369350   143.967255    82.188829
    6.784192     4.863289    11.007834     6.949861   149.265727    73.220460
    7.333647     4.898384    10.880084     7.270752   138.628209    85.119034
    6.769095     4.396787    11.027241     7.338335   149.065068    71.325358
    6.878550     4.380572    11.014028     7.458230   146.747023    63.210529
    6.815609     4.523850    11.056723     7.480567   135.279529    81.514309
    7.340620     4.195327    10.671942     7.102609   151.841580    72.405117
    6.941064     4.309697    10.987114     7.436468   149.955959    71.158935
    6.569773     4.617978    11.094512     7.137662   153.697250    56.715043
    7.300966     4.498922    10.761479     7.173652   144.806127    68.491606
    7.380658     4.612915    10.922454     7.474879   151.261309    62.301996
    6.681017     4.351069    11.021519     7.272862   149.679011    62.210828
    7.009260     4.479226    10.916035     7.181061   150.987366    78.040008
    6.688133     4.616542    11.043823     7.161611   144.721844    77.585585
    7.188685     4.212476    10.877990     7.464827   143.764126    74.694054
    6.893809     4.344155    10.887154     7.181117   139.006417    70.776874
    6.665740     4.386427    11.002156     7.172141   142.904705    80.575256
    6.909955     4.514729    10.893316     7.090344   138.867538    80.035489
    7.024570     4.165103    10.883650     7.303650   149.020081    84.771157
    7.320615     4.242415    10.704281     7.189485   139.672673    86.496832
    7.198095     4.461141    10.686366     6.889477   147.591896    75.254549
    6.952488     4.516471    10.920521     7.054496   161.327027    61.985176
    7.165405     4.130442    10.790945     7.266973   144.951611    80.596048
    7.491833     4.061469    10.734247     7.498477   137.098742    82.658750
    6.970703     4.374129    10.993839     7.462552   146.412791    73.952777
    6.722833     4.262867    10.966833     7.249842   142.804511    70.840530
    6.778633     4.233663    10.955415     7.258703   145.781998    76.348503
    6.975361     4.626428    10.882178     7.134314   132.492326    79.044390
    7.020015     4.399992    10.836730     7.060120   149.840791    69.824796
    6.993438     4.521599    10.852902     7.145301   134.180363    70.286193
    7.039890     4.530322    10.746689     6.845299   140.765811    81.397196
    6.912948     4.449576    10.908510     7.101541   150.491157    66.384599
    7.169106     4.406380    10.776285     7.149642   140.208394    72.208160
    6.807884     4.575969    11.051962     7.395863   140.645952    75.794470
    7.132490     4.571308    10.835656     7.228566   126.672931    93.439909
    7.007874     4.694192    10.896757     7.165965   131.891886    83.039990
    6.920791     4.305606    10.912161     7.315256   136.352222    76.364067
    6.871893     4.217065    10.946845     7.387581   137.646907    87.846332
    6.704561     4.541158    10.973127     7.012197   144.506073    71.538953
    7.191971     4.406595    10.832951     7.214460   153.309621    62.195257
    7.363660     4.764397    10.780014     7.160256   142.483884    75.296570
    7.341657     4.548408    10.884502     7.239084   169.578934    65.724288
    7.199870     4.659555    10.980761     7.428330   146.135328    86.049391
    7.244462     4.327468    10.930641     7.533637   144.342041    84.436587
    7.301090     4.321494    10.918435     7.497343   152.507920    79.143981
    6.776920     4.460010    10.998496     7.212634   147.423801    75.713843
    7.407913     4.348485    10.831045     7.384468   151.611328    81.684067
    7.235523     4.428304    10.873156     7.403086   137.797430    84.689465
    6.747777     4.839037    11.032309     7.106035   135.233155    82.123311
    7.183890     4.339929    10.755939     7.199189   130.048137    87.238126
    7.090677     4.390291    10.713646     6.959100   134.169979    82.074154
    7.648172     4.167096    10.549881     7.239449   140.943749    74.770506
    6.653680     4.408360    10.939136     6.935951   139.119304    86.670720
    6.890954     4.503200    10.890024     7.070873   140.479222    71.922648
    7.497747     4.367565    10.751637     7.284958   153.972221    77.142471
    7.351233     4.157929    10.630897     7.114716   137.502140    93.434671
    7.196591     4.243466    10.862987     7.387538   146.432754    79.391378
    7.059637     4.224396    10.979937     7.575887   146.346847    77.645576
    7.268337     4.558582    10.987952     7.571753   145.543745    73.515076
    7.123148     4.280462    10.889141     7.325413   155.363885    66.347818
    6.878858     4.438442    10.974077     7.384197   134.643357    73.940145
    7.008409     4.147155    10.877280     7.303896   151.545231    67.125600
    6.573092     4.337188    10.982230     7.069928   133.819088    92.266721
    7.078463     4.670936    10.846523     7.069382   143.978591    67.692285
    7.142208     4.586787    10.887019     7.146215   156.603306    74.570635
    6.787840     4.631461    11.038332     7.268612   145.744690    68.756880
    7.023352     4.302399    10.874552     7.240590   141.492108    92.248222
    7.054545     4.252764    10.830632     7.180024   146.750758    75.375517
    6.768243     4.480073    10.911681     6.955036   137.815890    94.926646
    7.352384     4.234353    10.677844     7.153423   141.828746    86.201460
    7.041420     4.288352    10.780038     6.942882   156.809758    71.485378
    7.117830     4.354074    10.761010     6.986998   150.005095    79.292729
    6.911985     4.190686    10.844105     7.143709   140.690131    80.597332
    6.962425     4.484329    10.850483     7.032765   142.097990    77.351624
    7.126180     4.834056    10.787047     6.907132   135.750360    90.675338
    7.365718     4.191229    10.677305     7.162623   145.118839    84.630236
    7.140678     4.390374    10.804508     7.112241   148.876799    75.095074
    7.273092     4.236248    10.851154     7.396405   154.521690    64.856007
    7.026721     4.298932    10.864786     7.197556   149.942582    69.604395
    7.408796     4.516869    10.600592     6.961892   142.380220    76.615528
    6.499434     4.382157    11.080525     7.300272   134.148973    93.786525
    6.779601     4.194997    10.979352     7.358134   147.303767    74.441311
    7.273964     4.367985    10.879970     7.499644   138.274498    72.440559
    7.365783     4.560105    10.649593     6.994299   140.534520    81.866033
    7.035562     4.427613    10.885595     7.118652   159.650327    62.974427
    7.269735     4.501816    10.778727     7.203248   136.991773    85.260524
    7.208288     4.477510    10.719161     7.099673   131.106641    76.286639
    6.739454     4.590304    10.983215     7.083223   138.555413    85.500428
    7.307982     4.379830    10.653422     7.031565   141.319912    74.118862
    7.547042     4.299318    10.499745     7.002205   140.977792    81.762965
    7.060651     4.297442    10.734935     6.823784   157.293604    81.011710
    7.319146     4.492384    10.718177     6.970201   160.217599    72.984608
    6.799634     4.186120    10.946051     7.214406   152.927173    81.142525
    6.954927     4.327942    10.954958     7.337462   151.652943    69.702216
    7.485687     4.824158    10.760472     7.209448   135.963025    91.506515
    6.930171     4.461829    10.872692     7.002015   148.021926    81.547835
    7.352238     4.303270    10.647715     7.091261   140.058405    80.289962
    6.907804     4.370028    10.897883     7.163275   139.849948    87.433069
    7.318829     4.216583    10.733074     7.212550   147.517235    79.749864
    6.863469     4.649910    11.046053     7.333866   144.887777    81.657864
    7.242350     4.528569    10.787104     7.058716   152.615152    84.379448
    6.988246     4.391524    10.792282     6.951739   142.996693    80.018304
    7.085351     4.758868    10.855410     7.028531   143.542234    78.204923
    6.437076     4.682878    11.102476     7.055643   130.684781    78.286502
    7.368569     4.698864    10.699954     6.941459   155.673264    69.735314
    6.967016     4.369268    10.861091     7.129104   139.886278    87.400913
    6.757035     4.482760    11.068053     7.294308   160.262200    67.522689
    7.334320     4.149143    10.638620     7.133944   138.348263    83.315990
    7.162051     4.135614    10.753468     7.253309   135.339347    80.456079
    6.717610     4.589303    10.959926     6.929619   143.886275    81.564913
    7.222591     4.329076    10.718790     7.106489   136.138518    90.125185
    6.858675     4.281335    10.905845     7.159449   147.550639    70.253658
    7.318240     4.527726    10.679470     6.993180   147.716364    68.439080
    7.059957     4.452371    10.782080     6.945768   148.212962    74.907080
    7.467702     4.476946    10.646762     7.085044   155.327611    50.706658
    6.833836     4.334732    10.893820     7.171254   133.792409    75.908804
    6.964014     4.179675    10.842674     7.125952   156.981016    56.563446
    7.196303     4.193726    10.765926     7.141378   153.981768    75.433068
    6.834615     4.165214    10.907103     7.107351   157.926100    80.471221
    6.742276     4.378895    10.961229     7.155048   143.847133    70.081801
    7.264971     4.239160    10.759333     7.254682   145.096123    68.166109
    7.010073     4.460776    10.851345     7.007117   157.158689    62.441052
    7.238216     4.760212    10.739698     6.878116   148.939997    82.289745
    7.177124     4.435810    10.784888     7.048407   151.221545    81.835527
    6.703816     4.596165    10.941905     6.878660   142.908351    72.368261
    6.537951     4.530353    11.012214     6.927502   140.808335    72.720588
    7.045539     4.430683    10.866895     7.104837   153.399188    74.893222
    6.988533     4.387203    10.923401     7.218976   151.856960    81.080284
    7.453286     4.195072    10.730714     7.259595   157.839878    76.262605
    7.079251     4.528165    10.902277     7.225422   149.060608    71.075095
    7.404358     4.258001    10.733742     7.236369   153.033469    74.765739
    7.516581     4.200039    10.766753     7.366632   158.490046    75.991380
    6.903896     4.322752    11.071204     7.563071   155.194736    75.144881
    7.194525     4.377301    10.752675     7.054639   151.607385    67.001246
    7.120664     4.143649    10.855052     7.348136   151.172420    69.617884
    6.708288     4.364682    10.908550     6.945947   142.939261    73.837548
    7.223182     4.581783    10.954576     7.426841   146.919273    84.168635
    7.485339     4.234390    10.648831     7.264334   139.695729    71.564067
    7.196641     4.354066    10.788741     7.045653   162.974644    70.562097
    7.048644     4.522935    10.904368     7.177626   149.498568    79.724202
    7.165457     4.366806    10.862296     7.242127   150.888482    87.091383
    6.941730     4.571216    10.921448     7.030250   155.742177    74.893802
    6.728537     4.452674    10.963890     6.961166   154.587482    78.950023
    6.994473     4.529062    10.857629     7.104342   139.879077    70.027023
    7.377843     4.819428    10.854509     7.193492   157.609199    64.954903
    7.222671     4.268837    10.823903     7.211859   158.089037    80.668390
    6.748160     4.262346    11.049024     7.445083   152.819536    73.715306
    7.104236     4.776112    10.942673     7.244481   147.084509    67.583883
    7.461594     4.410289    10.828118     7.356651   154.934410    84.851371
    6.882703     4.458015    11.007527     7.347312   150.033293    69.972934
    7.134489     4.306578    10.863237     7.294979   145.725536    84.733118
    7.286072     4.394064    10.922204     7.522238   146.541652    72.372673
    7.099658     4.207151    10.838293     7.316425   141.268334    75.384839
    7.088003     4.350849    10.822749     7.198468   137.914037    82.217322
    7.366767     4.298458    10.819010     7.396905   147.150446    76.963098
    7.413307     4.244584    10.792921     7.352919   153.416637    79.333732
    7.234403     4.475202    10.902255     7.384328   148.688656    73.374871
    7.030037     4.748464    11.046010     7.411454   146.533592    79.230220
    7.467836     4.161896    10.852536     7.611133   142.495986    85.006367
    7.311895     4.430993    10.700686     7.007581   151.021366    82.803390
    6.906124     4.126314    10.845905     7.112506   149.937708    78.330213
    7.046502     4.377381    10.729472     6.882489   142.222855    80.643233
    7.354135     4.186329    10.679799     7.122554   151.834155    77.835251
    7.030178     4.508906    10.727331     6.746650   144.517686    87.462769
    6.896485     4.532723    10.833021     6.842672   143.721557    83.116294
    6.445915     4.498412    11.063751     6.910652   147.449933    80.139344
    7.205114     4.352336    10.677674     6.956469   143.081384    79.873785
    6.890322     4.503235    10.856354     6.856470   150.691315    80.935694
    7.202939     4.398953    10.803447     7.181233   144.205327    86.411691
    7.031161     4.358285    10.782073     7.050358   134.284798    89.384342
    6.946289     4.586946    10.927394     7.167432   140.989879    79.348397
    7.095880     4.563379    10.781417     6.911948   150.294836    74.789577
    6.989124     4.464944    10.841365     7.001786   146.960344    79.842766
    6.879166     4.215605    10.787639     6.976928   132.603188    92.890615
    6.816518     4.365990    10.866558     6.948477   141.497680    86.582887
    6.972101     4.461717    10.812506     6.880919   150.920270    76.223367
    6.940432     4.628736    10.838713     6.854210   144.635888    82.480938
    7.394029     4.380543    10.716436     7.107977   156.218240    78.084093
    7.080143     4.369593    10.834181     7.129097   149.949661    72.045573
    6.938224     4.613151    10.896764     7.027025   142.516240    87.272189
    7.110203     4.452425    10.840193     7.203736   139.339267    80.173855
    7.043088     4.620212    10.812016     6.932674   146.137267    73.998075
    6.752636     4.514536    10.924833     6.980002   138.140737    81.270188
    7.050196     4.737392    10.792735     6.836102   146.823405    69.945476
    6.830917     4.505432    10.928017     7.099531   139.729169    76.172847
    7.161763     4.367771    10.802175     7.134864   147.424032    82.850489
    6.969675     4.138022    10.811717     7.123608   146.959051    71.462689
    6.749497     4.150620    11.019922     7.513586   143.439487    78.377055
    7.027900     4.393613    10.921115     7.341726   141.684934    77.657270
    6.646991     4.600122    11.135615     7.465180   142.744830    70.999128
    6.933065     4.135216    10.864249     7.244913   140.375217    89.422452
    6.771118     4.665777    11.038914     7.265467   138.598460    79.540232
    7.032448     4.370691    10.939010     7.443988   140.850389    64.698408
    6.695001     4.772180    11.029959     6.966458   147.184930    78.130798
    7.068968     4.383996    10.758630     7.039530   140.302925    63.432524
    7.098962     4.472644    10.828698     7.129654   145.290134    69.690854
    7.228657     4.289229    10.825426     7.382796   138.495290    72.728429
    7.002376     4.560914    10.868062     7.133343   131.881336    94.308000
    7.341095     4.341163    10.849891     7.458517   142.852796    74.564557
    7.268459     4.314684    10.782924     7.286202   145.789733    60.383254
    7.048022     4.169896    10.837315     7.243495   155.107161    49.817915
    7.516720     4.502591    10.777438     7.366828   145.158685    71.985769
    6.933625     4.212365    10.885371     7.281462   137.445327    86.858416
    6.820709     4.412852    10.848886     6.913604   140.093945    75.224005
    6.914948     4.712382    10.891967     7.010818   138.738136    67.881404
    6.960417     4.431346    10.891577     7.162002   144.776910    70.047123
    6.942141     4.508465    10.933036     7.240161   140.800836    72.403512
    7.006927     4.449392    10.784877     6.953970   143.211017    68.340022
    6.798631     4.561448    10.865024     6.851520   136.698933    79.354104
    7.410635     4.201093    10.602006     7.146557   134.083038    82.394064
    6.987228     4.433592    10.854227     7.004083   157.543671    60.934054
    6.994576     4.407369    10.891425     7.250814   134.233349    94.420124
    7.356625     4.094860    10.682336     7.362269   128.627735    75.817203
    7.619827     4.526195    10.663850     7.268918   141.844889    71.852980
    7.166659     4.516295    10.856551     7.214017   146.941838    76.111379
    7.143590     4.607782    10.847130     7.142275   147.133256    68.605760
    6.469730     4.288104    11.092248     7.364688   140.795872    83.069586
    7.335382     4.258461    10.751746     7.302508   140.201767    78.914488
    7.457555     4.462425    10.632072     7.104701   143.266641    67.013877
    6.797623     4.170429    10.860292     7.073968   138.971866    85.681251
    7.320253     4.235820    10.923037     7.682447   141.472688    64.824021
    6.896862     4.128292    10.927179     7.330748   151.529348    74.481636
    7.373700     4.148971    10.785505     7.449633   140.417000    80.895094
    7.008784     4.219603    10.797052     7.023907   151.249732    77.292420
    7.849638     4.392826    10.391276     7.073670   140.796644    80.974028
    7.193729     4.196552    10.736747     7.095609   150.760985    76.352834
    7.614353     4.092823    10.580831     7.230364   153.669985    62.826950
    7.724015     4.053212    10.480713     7.210246   143.779325    76.842155
    6.602520     4.156936    10.936595     6.997142   152.156178    68.288378
    6.880479     4.624187    11.034150     7.319291   151.496625    63.569400
    6.631576     4.614488    11.057503     7.005098   154.361140    84.017214
    6.871950     4.633690    10.942223     7.135703   136.841883    78.061114
    6.947335     4.745686    11.033317     7.381357   138.776796    77.344995
    7.136299     4.592748    11.040096     7.571271   148.787879    66.384547
    7.024336     4.337752    10.820341     7.103225   142.507264    77.906552
    7.094716     4.484086    11.020086     7.456185   158.394829    74.012512
    7.192469     4.568180    10.752278     6.939769   150.600654    79.478598
    7.141930     4.507682    10.899679     7.374980   134.763961    83.168808
    6.675875     4.445526    11.067074     7.329448   145.946405    83.248675
    7.153537     4.153850    10.780075     7.252229   141.226446    78.354568
    7.158031     4.300780    10.824381     7.217813   149.868611    73.404341
    6.992281     4.391047    10.885776     7.198784   143.838892    76.125688
    7.447482     4.207094    10.707436     7.309790   139.627304    90.956790
    7.201465     4.521236    10.741914     7.033753   138.594288    86.555191
    7.177867     4.434468    10.720786     7.007807   137.979694    86.513412
    6.866819     4.608041    10.984443     7.243900   138.962786    80.392239
    7.181356     4.265578    10.763068     7.177569   141.632925    77.149665
    7.071527     4.438142    10.743989     6.964411   139.222458    72.228042
    7.156964     4.539179    10.874990     7.289965   142.118390    70.025886
    7.086157     4.241587    10.800621     7.152341   148.957489    65.203899
    6.578528     4.231090    10.972201     7.111242   142.888395    68.919783
    6.964067     4.777015    11.004184     7.369302   134.410560    63.662318
    7.275720     4.562084    10.770813     7.130469   144.991295    73.282605
    7.088527     4.171663    10.906183     7.462761   145.961889    73.531078
    7.200755     4.222351    10.775272     7.349833   127.681239    81.366823
    7.067161     4.392862    10.915623     7.302231   146.800993    86.799083
    7.356406     4.523198    10.881359     7.470603   137.585383    83.344351
    7.302852     4.407449    10.759335     7.165092   147.384164    78.997359
    6.989252     4.345717    11.034714     7.515554   150.679147    90.759538
    6.649905     4.521357    11.020714     7.112303   142.413352    81.556251
    7.130470     4.072276    10.687985     7.020325   149.216171    70.180968
    7.150325     4.169146    10.664066     7.001122   140.637386    72.259129
    7.489521     4.376911    10.653476     7.189215   147.925685    58.834521
    7.095538     4.630541    10.911674     7.253512   142.839932    76.393485
    6.504946     4.424053    11.087626     7.179406   151.864612    69.234257
    7.019280     4.598414    10.920932     7.320513   130.619152    74.585526
    7.074346     4.615563    10.912780     7.217818   146.709856    73.142948
    6.791981     4.416595    10.934962     7.063773   148.097083    70.649398
    7.149046     4.661294    10.752896     6.982076   136.860467    73.779020
    7.366541     4.336794    10.665605     7.108859   144.174158    73.145391
    7.038296     4.504342    10.908817     7.321721   134.676164    76.380894
    6.785872     4.105070    10.846329     6.975763   152.053881    75.057263
    6.988439     4.456272    10.936882     7.184204   155.671744    79.302865
    7.135426     4.352556    10.751964     7.067641   140.857651    77.660370
    6.560124     4.234246    10.958280     7.059579   134.564261    88.517642
    7.210671     4.362716    10.785221     7.218057   143.487834    66.208228
    7.068520     4.543753    10.899686     7.237074   143.602167    75.739412
    7.282541     4.373370    10.709715     7.115144   139.994172    80.813792
    7.315138     4.037203    10.753275     7.342497   152.422164    65.700439
    6.900438     4.248644    10.951133     7.275745   163.569779    50.231849
    7.501553     4.061014    10.675158     7.428768   135.659708    73.878373
    7.565506     4.289899    10.801123     7.507531   144.693679    83.009226
    7.183155     4.183477    10.821174     7.275489   151.431678    78.497219
    7.221951     4.504718    10.841437     7.252943   144.145121    78.184676
    7.402643     4.435376    10.849654     7.410230   146.428420    85.092889
    7.289366     4.530486    10.777659     7.185379   141.021903    80.410077
    7.568878     4.536465    10.801399     7.475788   134.197775    87.001978
    7.094760     4.399235    10.898644     7.335378   142.590005    77.758884
    7.632835     4.429682    10.725651     7.447914   132.242313    85.519366
    6.669476     4.138685    10.916585     7.067885   146.539268    76.622566
    7.350354     4.437030    10.865386     7.466896   137.190504    87.250187
    7.153426     4.318401    10.861688     7.372818   137.690724    81.335835
    7.227574     4.185916    10.663393     7.005445   146.826020    77.991806
    7.074872     4.271982    10.788937     7.188869   132.089344    85.609464
    7.150350     4.377069    10.996210     7.535124   155.494384    69.486140
    6.936595     4.333642    10.974680     7.404466   142.551273    88.813984
    6.943160     4.395860    10.878277     7.186802   136.144075    78.158620
    7.534466     4.352829    10.737384     7.369733   144.845588    72.026364
    7.313029     4.206376    10.677710     7.152991   138.939852    86.124532
    7.027071     4.430269    10.917956     7.301347   141.614277    82.958214
    6.864725     4.345325    10.827012     7.006494   128.475812    98.045004
    7.324037     4.106175    10.528799     6.924359   140.826673    78.406230
    6.813035     4.575677    10.971510     7.113843   143.241631    83.433747
    7.287985     4.260155    10.693418     7.170272   134.045604    88.049990
    6.958118     4.220440    10.825255     7.075499   147.776916    74.745602
    6.624585     4.099837    11.035313     7.491428   142.138355    81.655494
    6.721195     4.521880    10.996284     7.188343   135.428419    83.199670
    7.314286     4.102765    10.636671     7.067876   151.359309    68.209873
    7.272485     4.383101    10.700615     7.072363   139.634296    86.697356
    7.001462     4.521000    10.924766     7.327649   132.055208    81.204293
    7.141077     4.602582    10.856857     7.174429   143.893937    76.212056
    7.587420     4.394578    10.639845     7.231630   139.270939    88.283719
    6.916744     4.756247    10.973263     7.085332   149.928478    76.155999
    7.161969     4.526421    10.758017     6.990415   145.129301    77.613816
    7.220640     4.117837    10.776584     7.252065   156.741162    58.440858
    7.287116     4.283082    10.667839     7.137762   129.997171    88.883934
    7.082830     4.428500    10.784993     6.967975   149.054067    81.730920
    7.074669     4.267665    10.847543     7.267754   150.891774    50.894162
    6.934286     4.718530    10.999611     7.334403   139.957930    57.954848
    6.915584     4.554507    10.865708     7.035345   134.038955    82.971267
    7.178857     4.732663    10.791860     6.923518   153.629730    72.751220
    6.744833     4.756072    11.102928     7.336001   142.550313    76.777760
    7.093638     4.697032    10.725311     6.797001   140.068599    76.323242
    7.018827     4.381807    10.833655     7.115523   142.815735    72.897374
    7.361331     4.791864    10.745180     7.074708   146.995364    62.728261
    7.025746     4.523182    10.860982     7.079930   150.033356    62.647204
    7.038729     4.493542    10.823434     7.049953   142.729555    74.626516
    7.640731     4.398788    10.753253     7.430748   154.835093    52.853887
    6.742064     4.403844    10.960557     7.173503   137.214975    79.703888
    6.798403     4.565884    11.013935     7.308481   138.129140    72.720468
    7.261567     4.504449    10.725326     7.061744   138.833675    88.413443
    6.779353     4.422422    10.976889     7.198824   146.681322    67.936036
    7.666946     4.710246    10.621162     7.085044   154.476130    68.948354
    6.751465     4.401893    10.984303     7.258622   140.611208    69.608498
    7.372169     4.585835    10.777464     7.188257   154.391440    56.877510
    7.197255     4.285519    10.704629     7.006662   150.225206    68.465122
    6.944113     4.463716    10.901005     7.083245   151.358311    73.415767
    7.053426     4.572832    10.934978     7.328392   137.253815    83.435025
    7.015416     4.584655    10.985841     7.386768   139.676668    86.450205
    7.138036     4.266382    10.712156     6.986242   144.175240    82.275099
    7.245676     4.713116    10.915635     7.288248   150.721349    76.329002
    7.263084     4.264682    10.730266     7.238356   138.117908    67.729345
    7.311637     4.317133    10.834223     7.420735   138.177581    88.481095
    6.855879     4.212032    10.892720     7.236330   137.366195    80.024128
    6.854243     4.336069    10.954424     7.331440   135.684785    85.940041
    6.378551     4.351190    11.086644     7.066027   147.433821    79.243062
    7.389894     4.577104    10.900679     7.463400   144.803892    79.451648
    7.244379     4.303793    10.796866     7.198063   153.480963    76.746038
    7.266931     4.327533    10.678390     7.108806   133.461118    81.548875
    7.158705     4.482968    10.825600     7.186038   137.384044    95.155214
    7.202071     4.546357    10.777499     7.143192   139.433924    66.732575
    6.835163     4.244246    10.892934     7.154852   138.929974    89.179264
    6.893504     4.701518    10.988491     7.211516   141.056619    79.234412
    7.032121     4.789233    11.037175     7.367293   147.113627    77.992927
    7.450136     4.512708    10.605125     7.013049   137.969567    90.330092
    7.075889     4.384124    10.845506     7.173347   142.327784    88.865361
    7.670398     4.197269    10.794268     7.726349   122.816620    94.011028
    7.293345     4.620811    10.863413     7.297110   143.124364    86.838614
    7.413106     4.365929    10.743650     7.352042   131.314658    86.511838
    7.762649     4.145135    10.479773     7.138052   153.776693    74.147975
    7.332831     4.516190    10.695896     7.060313   142.569620    78.733677
    7.046129     4.739295    10.828421     6.869786   150.701110    74.068409
    6.989242     4.515350    10.900557     7.151119   143.021149    86.012754
    7.156491     4.176516    10.815588     7.283903   143.763712    87.914752
    6.896890     4.079654    10.844773     7.135495   147.459849    87.488192
    6.926391     4.908508    10.952654     7.129304   130.870239    68.705366
    6.856144     4.630034    11.065600     7.472714   141.265262    60.970319
    7.589371     4.457664    10.732888     7.431872   145.945903    43.785920
    7.028629     4.635123    10.924226     7.248898   144.601852    56.866161
    7.120251     4.448086    10.780070     7.213583   123.357159    78.473216
    7.479505     4.160617    10.527419     7.092009   135.096876    80.011431
    7.308048     4.669075    10.708140     7.032214   135.690690    86.349431
    7.420612     4.174714    10.607508     7.119792   143.970289    74.419811
    7.371610     4.074392    10.603821     7.225691   130.973534    72.182712
    7.079790     4.083210    10.803830     7.234409   151.549506    63.961650
    7.229618     4.138165    10.698517     7.109982   147.559865    74.310156
    7.334567     4.160381    10.828438     7.486889   143.351397    78.520723
    6.992846     4.334140    10.979041     7.391025   156.098123    71.138038
    6.981116     4.448330    10.874029     7.058007   151.213309    75.972318
    7.260715     4.218952    10.642816     6.968207   147.247568    81.782483
    6.882551     4.399477    10.991114     7.341207   146.046138    83.204442
    6.829837     4.951931    11.057812     7.188068   141.156417    67.586176
    7.081885     4.811484    10.892339     7.066707   148.550819    68.418520
    7.227086     4.270303    10.783404     7.235440   147.499932    68.733750
    7.293251     4.050688    10.738269     7.337591   139.152400    86.994918
    7.060667     4.581297    10.874702     7.201652   137.500869    74.653098
    7.816440     4.206860    10.453055     7.208073   143.329060    69.372544
    7.064536     4.111062    10.761620     7.122774   144.873695    75.602390
    7.250543     4.666035    10.819633     7.134819   149.321528    70.992527
    7.149931     4.400160    10.775214     7.072131   146.551671    74.045110
    6.784067     4.364333    10.903646     7.085571   140.824698    64.036389
    6.943268     4.217804    10.925546     7.426157   136.156224    79.460929
    7.038307     4.835425    10.974531     7.279224   132.193961    93.202802
    7.056571     4.551618    10.890163     7.186511   147.109347    67.190510
    6.782834     4.578766    10.902280     6.946764   135.679836    76.357480
    7.336020     5.117453    10.954594     7.310145   138.369564    80.492916
    7.158009     4.456631    10.909229     7.403981   135.087547    96.225735
    6.789620     4.413174    11.000014     7.389873   135.826363    68.548716
    7.141493     4.570667    10.820432     7.248206   127.286719    72.894073
    6.802561     4.363017    10.891416     6.962168   149.321685    74.007518
    7.249221     4.593735    10.990789     7.634361   134.769393    70.500864
    6.893152     4.405831    10.952008     7.377419   129.326450    83.813834
    6.778723     4.370220    11.010848     7.423897   136.973765    71.776821
    6.927709     4.702485    10.985337     7.287101   142.162862    55.829119
    7.403208     4.194974    10.732333     7.359550   144.472199    62.227124
    6.953664     4.580448    10.989983     7.434028   137.196006    56.924795
    7.062394     4.202215    10.898645     7.448454   142.548224    66.881975
    6.877061     4.173462    10.868764     7.198984   141.953201    71.352339
    6.819377     4.279368    10.912103     7.197162   138.353777    78.919987
    6.820408     4.058360    10.878743     7.321885   130.640347    85.056092
    7.049213     4.201242    10.891044     7.434210   134.391229    87.932143
    7.128716     3.946937    10.733110     7.249771   140.337728    80.441362
    7.485977     4.474236    10.698389     7.242359   140.366998    74.814989
    6.864717     4.316589    10.979694     7.337816   150.234264    70.870987
    6.958032     4.253718    10.808122     7.062313   144.553417    65.846064
    7.048407     4.554753    10.828695     7.088622   138.286227    72.241411
    6.835472     4.191680    10.901113     7.247281   144.214711    59.967523
    6.888854     4.529090    10.850459     6.978685   138.893530    65.259674
    6.603183     4.350393    11.081989     7.471759   140.176429    67.831006
    6.862990     4.496582    10.977513     7.288128   142.016297    69.159334
    7.200106     4.298091    10.816738     7.360722   131.557707    85.310766
    7.033526     4.252855    10.915077     7.411258   141.838972    78.438841
    6.887359     4.146150    10.859317     7.225345   140.467218    68.475742
    7.408419     4.264052    10.824918     7.528931   139.855670    68.991992
    7.332246     4.369700    10.727708     7.217044   138.994646    76.078303
    7.124045     4.533209    10.918213     7.459996   127.247086    77.013616
    6.997886     4.176954    10.908708     7.438777   138.556005    78.491556
    7.168315     4.087998    10.780971     7.341250   138.491127    73.593896
    7.216567     4.309252    10.765881     7.290740   127.559439    85.207273
    6.640426     4.724805    11.145275     7.476169   131.705924    73.023226
    7.164677     4.290259    10.848599     7.470665   132.714761    57.872850
    7.398801     4.239301    10.628794     7.158561   137.716877    74.943535
    6.908454     4.574583    10.833748     6.974055   132.335794    71.677018
    6.972921     4.491024    10.882913     7.087751   152.773720    56.252820
    7.503421     4.250200    10.645788     7.284870   136.941271    72.811293
    6.969398     4.446755    10.939402     7.305183   138.820873    88.084856
    6.503593     4.701498    11.166458     7.246117   149.266451    73.152409
    7.281947     4.296698    10.756135     7.228946   145.996972    67.426089
    7.164978     4.507840    10.687316     6.865234   145.466330    69.637381
    6.961784     4.220177    10.887452     7.318127   136.511173    86.842491
    6.981105     4.430295    10.935503     7.381817   132.675566    80.991162
    6.830287     4.090215    10.849980     7.130950   146.074494    66.398943
    7.008462     4.178638    10.854839     7.280077   144.983830    66.900116
    6.821412     4.664442    11.051395     7.396213   135.234372    74.557853
    6.998708     4.336966    10.819230     7.022015   149.403565    73.597617
    7.024184     4.342219    10.853572     7.191404   145.924949    63.811352
    6.718713     4.291908    10.932142     7.123673   140.522998    72.002916
    7.238166     4.076936    10.727855     7.382416   126.593548    75.853206
    7.617282     4.375369    10.764612     7.534086   137.558106    65.724060
    7.241105     4.386699    10.767828     7.281432   131.203594    73.040896
    6.733613     4.732609    11.106810     7.340509   145.930141    69.802160
    6.558596     4.483316    11.169187     7.477041   153.480171    71.055948
    6.827884     4.358078    10.892739     6.981659   149.612194    81.881507
    7.132546     4.466270    10.739338     6.974709   139.150874    86.146748
    6.622574     4.403211    11.058116     7.234131   149.341889    83.324192
    6.834464     4.735616    10.990077     7.017220   152.723957    75.382181
    7.363488     4.369102    10.601971     7.021143   132.946918    89.873328
    6.833141     4.643080    10.925408     6.976775   145.123462    68.516693
    7.092924     4.356461    10.782428     7.029696   146.745962    82.214725
    7.273896     4.577055    10.787751     7.169701   140.593609    83.374511
    7.160085     4.564166    10.785849     7.111215   135.793186    78.115602
    7.024076     4.651133    10.825315     6.821211   157.943091    71.207017
    6.541336     4.648927    11.070853     7.082708   137.174561    77.900092
    7.054018     4.392761    10.722699     6.931232   134.740495    81.719794
    6.970637     4.481632    10.857724     7.007521   150.737934    68.277726
    7.085154     4.324329    10.871568     7.255294   146.102023    85.565361
    6.693138     4.699285    11.042045     7.079463   143.550540    86.715856
    7.234949     4.575135    10.859595     7.222828   154.740010    62.431679
    7.173729     4.240412    10.869789     7.417399   144.283655    73.277986
    6.932805     4.494745    11.067854     7.592238   143.255517    67.206988
    7.383590     4.742942    10.634608     6.956373   137.550862    72.643892
    6.842476     4.455820    10.929009     7.184221   134.556301    81.359102
    7.443810     4.380811    10.632967     7.124853   136.030114    90.083603
    6.923510     4.704064    10.875112     6.977684   137.355843    73.628479
    7.273334     4.658732    10.699367     6.999858   137.888352    73.049108
    6.606993     4.694036    10.988002     6.894325   130.067779    82.724134
    7.096337     4.385728    10.888539     7.385612   133.957208    79.516499
    7.110656     4.272446    10.821046     7.166095   150.876690    75.838553
    6.603750     4.492447    11.057828     7.204832   145.351675    72.205632
    6.976050     4.480196    10.928212     7.296055   134.974021    87.610126
    6.953123     4.564047    10.802518     6.849448   141.503704    79.972218
    6.845255     4.720529    10.984242     7.029690   153.476475    70.729140
    7.178944     4.435877    10.723604     7.025640   137.636947    83.022181
    6.966378     4.511003    10.830926     6.935236   149.050205    67.223268
    7.176346     4.509140    10.714533     6.909708   145.048384    81.306202
    7.765900     4.637825    10.537061     7.153554   140.877194    73.135190
    7.137993     4.297992    10.843427     7.209453   155.320703    69.926745
    7.658150     4.453479    10.617241     7.237832   141.015536    78.774789
    6.730139     4.407548    10.964719     7.097118   144.938480    78.192265
    6.895422     4.475390    10.860572     6.919299   148.819396    77.157319
    6.682147     4.645235    10.985051     6.894525   147.863438    74.519687
    6.609826     4.704611    11.068126     7.044891   146.805692    73.724149
    6.823062     4.436292    10.905506     7.049930   136.803123    95.514600
    6.831329     4.538590    10.973741     7.222901   136.241094    87.583829
    6.965793     4.561946    10.871795     7.047322   140.080144    86.220871
    6.155713     4.740067    11.248728     6.937991   146.502760    74.720448
    7.102136     4.441037    10.897911     7.327922   141.334323    78.190069
    7.225196     4.220089    10.718655     7.176366   137.951658    77.450302
    6.821771     4.401184    10.836429     6.814946   148.634593    71.678382
    7.607058     4.543336    10.764074     7.390990   145.209938    72.877078
    6.654036     4.163250    10.954100     7.082959   158.354958    62.377404
    6.890841     4.461316    10.850383     6.918067   151.736235    59.081834
    7.095065     4.373769    10.853972     7.195307   146.026663    85.294537
    7.064618     4.292054    10.778067     6.979367   153.018021    78.019593
    7.242757     4.581478    10.685611     6.985862   131.303863    88.660786
    7.234759     4.229137    10.655764     6.964901   145.831338    85.950716
    7.048373     4.378074    10.860039     7.115005   152.582936    80.442651
    6.829165     4.379376    10.960178     7.245920   142.794612    78.132395
    7.050961     4.372630    10.890424     7.301687   140.580542    79.398445
    6.995818     4.356880    10.841375     7.247863   126.457858    81.016308
    6.812592     4.511814    10.907745     6.904048   153.684711    65.755517
    7.150327     4.523353    10.818121     7.208579   130.396566    89.885778
    7.297788     4.622170    10.834487     7.319576   133.304476    84.880440
    7.187316     4.649644    10.892506     7.299899   141.315910    74.672161
    7.164704     4.659489    10.844147     7.162159   142.897212    70.914058
    7.201896     4.640559    10.778824     7.128063   136.749726    65.944974
    6.883478     4.842307    10.993631     7.221667   127.485239    83.738934
    7.152462     4.206087    10.778593     7.236001   138.771571    79.267387
    7.518264     4.768622    10.685511     7.155472   142.109829    63.030928
    7.438285     4.807129    10.777955     7.181627   142.946703    81.944351
    7.385734     4.450186    10.615953     6.915676   154.350370    69.038063
    6.868668     4.645151    10.940727     7.053510   141.191018    88.537337
    7.374587     4.566867    10.692968     7.072410   142.563048    79.575639
    7.159708     4.283597    10.821102     7.238257   145.349768    82.421714
    7.139421     4.462146    10.671746     6.807011   145.405471    75.187958
    7.244466     4.628133    10.849321     7.278431   137.384865    82.344419
    7.179674     4.422876    10.807235     7.166008   144.010866    82.342018
    7.315190     4.436924    10.551614     6.796346   141.423512    81.316425
    6.849248     4.234018    10.786339     6.847509   142.075787    87.530256
    7.183928     4.837916    10.847140     7.067803   145.218268    75.513563
    6.866839     4.822347    11.037550     7.221330   144.916677    72.741043
    7.234493     4.637285    10.790144     7.162206   135.842372    77.923726
    7.029606     4.870724    10.846373     6.885612   143.603563    73.549527
    6.854089     4.385582    10.858631     7.006164   141.730168    68.853392
    6.770046     4.661889    10.982111     6.992967   147.077191    82.484139
    7.061068     4.398632    10.826536     7.135964   140.423644    81.000612
    7.135758     4.466234    10.790541     7.119506   133.331794    97.019661
    6.871239     4.889074    11.032305     7.147717   149.127698    64.212304
    7.104416     4.652598    10.783100     7.000394   136.364405    76.541086
    6.374848     4.635510    11.139118     7.076546   143.018464    61.456226
    6.805495     4.786194    10.976748     6.979754   145.072841    74.571434
    6.742961     4.577682    10.984428     7.128407   134.677106    89.318255
    7.538994     4.388220    10.618667     7.164960   142.897636    74.035381
    7.045793     4.511138    10.841235     7.140897   134.999682    82.555726
    6.624221     4.738868    11.008936     6.888513   140.193499    73.029305
    7.086819     4.741388    10.924160     7.136904   148.562087    87.642987
    7.100994     4.830184    11.022344     7.314106   156.029551    67.758018
    6.669512     4.650283    11.105733     7.300869   147.061746    76.345738
    6.712798     4.534289    11.022263     7.141744   151.350735    66.803480
    7.314071     4.399482    10.864955     7.350800   152.161700    84.040369
    7.167300     4.251890    10.870779     7.292550   155.227854    85.716124
    7.050851     4.778204    11.007192     7.353209   138.624958    91.968893
    7.123234     4.466509    10.803313     7.025182   149.763300    84.414427
    7.148536     4.805799    10.832685     6.996919   143.389913    87.546031
    7.099579     4.645221    10.972996     7.365324   143.660641    85.133895
    6.741072     4.334624    10.955928     7.078131   150.540441    81.137232
    6.673502     4.830181    11.060070     7.027867   144.822730    73.463752
    7.014703     4.310660    10.792217     7.123354   131.946609    81.221697
    6.881022     4.243635    10.841814     7.074089   141.935946    72.486896
    7.320781     4.412751    10.866540     7.409562   146.141275    79.284558
    7.258147     4.714873    10.916263     7.381340   137.579137    84.781110
    6.943736     4.487931    10.875491     7.105339   140.562642    70.929322
    6.705927     4.486514    10.882339     6.815478   136.859916    78.051744
    7.227591     4.134041    10.834588     7.394556   150.005725    73.483022
    6.883340     4.557358    10.988037     7.150665   156.332442    76.845814
    6.939827     4.393508    10.805294     6.976825   134.520092    90.038572
    6.806510     4.118330    10.880437     7.222057   135.679771    83.602468
    7.480972     4.716260    10.740912     7.172772   149.174779    68.749514
    7.251844     4.404059    10.839974     7.236522   153.355340    83.711040
    6.785546     4.432307    10.927489     7.034455   145.920522    73.635837
    6.717433     4.696762    11.052191     7.199055   142.518982    73.155554
    6.838500     4.338940    10.807936     6.874247   137.952041    81.630456
    7.054880     4.590408    10.850603     7.081366   143.428630    74.162454
    7.068561     4.690640    10.910510     7.142782   151.141994    67.016868
    6.889295     4.751097    10.959287     7.046452   147.355241    73.584198
    7.019527     4.397688    10.845190     7.041092   151.192682    82.819404
    7.302076     4.309667    10.863537     7.382108   157.101755    66.966976
    7.237125     4.477359    10.722461     6.936488   156.168229    72.159842
    7.149507     4.658845    10.780135     7.007702   133.808256    98.365281
    6.793645     4.541712    10.971753     7.134185   142.588877    77.099216
    7.346669     4.703254    10.768938     7.078835   153.143532    68.839140
    7.239873     4.662595    10.854149     7.242370   142.419038    77.106914
    6.849438     4.455800    10.925874     7.021990   154.387037    71.259414
    7.192967     4.598017    10.772015     7.044497   138.973413    89.813820
    7.215279     4.824168    10.850727     7.166841   142.833608    63.012765
    6.994691     4.449863    10.857328     7.092523   145.654286    70.250411
    6.928726     4.459369    10.845736     6.964871   144.097023    81.359376
    7.072957     4.415443    10.971028     7.480274   139.066205    91.982924
    7.243709     4.717230    10.787943     7.018187   148.003419    82.396532
    7.059576     4.306393    10.824200     7.109617   148.941570    79.717785
    7.088552     4.253353    10.842172     7.252243   147.360612    69.179494
    7.277853     4.282423    10.763638     7.218194   145.908713    80.501503
    7.082655     4.713216    10.825953     6.956043   148.591541    69.499819
    7.106706     4.608270    11.003804     7.467562   143.589461    82.004372
    7.306111     4.641115    10.815310     7.175148   149.343637    76.204902
    6.967807     4.543169    10.797780     6.855813   141.990196    83.153818
    7.090440     4.525275    10.782771     7.008206   135.042435    96.974099
    7.188684     4.570433    10.757262     7.075113   133.231116    86.626535
    7.269320     4.558030    10.897374     7.347684   151.919414    69.068194
    7.163876     4.297538    10.864446     7.353109   142.350567    85.747185
    6.922249     4.338537    10.902681     7.216811   141.639443    78.241819
    7.268417     4.856788    10.785787     7.077314   137.366090    75.873521
    6.604112     4.598854    10.980691     6.864483   136.710907    87.519844
    6.818038     4.883368    11.032274     7.048556   148.117753    80.433138
    7.284173     4.699544    10.816959     7.048119   160.776084    70.162508
    6.631448     4.677563    11.115065     7.252820   145.845499    84.175106
    7.104645     4.623830    10.835072     7.042982   143.487795    89.890565
    6.858306     4.404393    10.889187     7.024941   148.523274    67.448888
    6.872347     4.305537    10.767486     6.790476   144.727130    73.628952
    7.170493     4.452313    10.776118     7.065276   148.101700    71.009829
    6.604647     4.694019    11.055976     7.011291   144.719967    77.212214
    6.915511     4.561719    10.886321     7.041449   140.871598    76.478389
    7.062111     4.625958    10.848974     7.086007   141.177589    74.699979
    6.965314     4.448458    10.935225     7.140656   159.197089    73.821055
    7.195202     4.450624    10.809279     7.235601   147.091140    49.322913
    7.000835     4.641278    11.032723     7.419598   151.030933    63.158082
    6.985078     4.424552    10.842078     7.006944   150.638268    72.129446
    7.339921     4.407943    10.614749     6.960089   144.035251    72.336467
    7.435988     4.201682    10.821255     7.497871   148.381392    72.651121
    7.289976     4.301333    10.712756     7.200105   136.412266    76.498957
    6.919523     4.214268    10.930462     7.341290   151.358606    59.415426
    7.041463     4.460772    10.973166     7.481700   140.922024    66.214532
    7.259423     4.784673    10.872665     7.273748   140.367188    70.285584
    6.764760     4.680201    11.004233     7.155223   133.950735    88.689055
    6.682198     4.744245    11.112840     7.272763   145.741935    77.726361
    7.205779     4.276474    10.822668     7.262312   151.663030    70.925818
    7.219072     4.602407    10.757961     7.131190   131.863264    75.936361
    7.523677     4.292999    10.626848     7.171431   142.556130    89.134520
    7.089290     4.540388    11.015251     7.526590   145.917331    69.893425
    7.431743     4.429566    10.777048     7.339341   141.160061    81.880164
    6.788738     4.430578    10.918557     6.928880   156.138970    68.182967
    6.996717     4.138127    10.824092     7.250214   139.163244    72.584981
    6.991839     4.541780    10.888031     7.165784   140.650041    69.849853
    7.071323     5.022663    11.015514     7.144317   157.231316    66.449467
    6.632846     4.550477    11.051257     7.142010   145.614780    81.634350
    6.726708     4.742319    11.013816     7.065038   140.633933    73.192817
    7.003931     4.807505    10.938480     7.046380   152.390585    73.396244
    6.686612     4.650635    10.980032     6.962183   137.462643    83.468129
    6.850179     4.416038    10.957973     7.249629   142.039793    76.025462
    7.229581     4.611020    10.735924     6.919884   152.890747    73.774902
    7.011492     4.469657    10.866818     7.113132   145.997877    73.617716
    6.920470     4.356093    10.782899     6.889048   141.940494    73.915361
    6.959143     4.629164    10.856589     6.987319   135.997095    90.075763
    7.163151     4.409525    10.883102     7.318302   146.884885    77.826498
    7.292455     4.749844    10.794374     7.189496   134.441970    76.528940
    7.084353     4.461627    10.812343     7.122717   141.677591    65.922255
    7.374063     4.702395    10.780375     7.153737   148.609024    72.979165
    7.004337     4.747089    10.994891     7.202659   154.196169    76.839133
    7.275025     4.399802    10.717731     7.116985   139.580725    80.352289
    6.967161     4.764965    10.863429     6.914353   142.503927    75.805119
    6.718648     4.141482    10.894968     7.127400   134.806149    93.857419
    6.929687     4.294318    10.894387     7.254356   136.911458    86.178513
    6.866646     4.621861    11.012879     7.238322   148.942805    75.662024
    7.005077     4.655612    10.885972     7.149257   138.222928    65.161808
    7.036427     4.274943    10.825286     7.134150   147.341523    73.341250
    6.938413     4.182674    10.888882     7.200971   157.256048    63.701759
    7.469762     4.470115    10.654570     7.190419   133.975347    79.985434
    7.147911     4.581029    10.858943     7.276993   136.517476    67.253908
    7.183918     4.493010    10.807066     7.189184   135.702196    89.521895
    7.205133     4.261102    10.848892     7.401319   136.349224    93.639900
    6.934186     4.607448    10.881770     7.020794   138.885611    85.891038
    6.701261     4.401983    11.031180     7.240859   152.384762    70.166761
    7.593072     4.749378    10.691464     7.189680   137.398660    94.189592
    7.018879     4.546843    10.890684     7.230593   132.773209    84.852926
    7.538456     4.529042    10.853533     7.469593   146.499371    83.906087
    6.899480     4.197977    10.945506     7.372680   150.446360    63.711293
    7.177904     4.098786    10.765310     7.291433   140.314089    73.955427
    6.899710     4.205212    10.899105     7.351269   135.966981    68.017347
    7.447719     4.275482    10.712075     7.253946   146.796916    81.829994
    6.977068     4.385398    10.941266     7.342942   141.221877    83.537222
    7.161678     4.402384    10.887544     7.332000   148.398401    71.887183
    6.684255     4.357924    11.083921     7.481489   147.109536    71.096789
    7.025693     4.390005    10.848950     7.177832   138.062452    81.610253
    6.879651     4.544344    10.984108     7.332504   137.257324    71.252594
    7.137662     4.518902    10.974679     7.494982   139.186063    86.201775
    6.927113     4.352127    10.922072     7.274558   145.367631    63.061366
    7.171832     4.325286    10.740026     6.971126   156.335777    74.416474
    7.102238     4.469082    10.711363     6.848526   143.229229    81.933536
    7.202934     4.669262    10.876535     7.196192   151.844976    68.972979
    6.189066     4.133977    11.098318     7.131335   143.900633    76.952272
    7.282171     4.341141    10.709699     7.067035   152.744960    64.284040
    6.862116     4.679813    10.990249     7.086801   155.540404    66.737247
    7.108611     4.181070    10.753259     7.047075   153.447932    70.371892
    7.179544     4.574516    10.851630     7.178678   147.170564    78.870333
    7.048938     4.539180    10.813141     7.051869   139.612298    70.684912
    7.164942     4.396755    10.671779     6.863006   143.961674    82.539194
    6.977721     4.567591    10.780741     6.848710   142.224271    69.174279
    7.022084     4.632005    10.984727     7.289527   152.320667    72.603128
    7.197106     4.142576    10.843810     7.406806   149.034688    68.255398
    6.115748     4.559477    11.217577     6.963489   150.821206    52.464721
    7.156090     4.261798    10.824306     7.293972   144.060461    69.681495
    6.934047     4.319198    10.869782     7.101016   149.079584    71.197595
    7.202614     4.673489    10.799560     7.036282   148.646529    74.437936
    7.010142     4.335733    10.775161     6.941969   147.335537    74.511785
    6.772749     4.564141    10.971519     7.063507   143.838768    83.062538
    7.074296     4.553129    10.791461     6.940524   144.543471    85.320464
    6.888460     4.500040    10.866133     7.031814   136.009142    76.938326
    7.218110     4.338809    10.920558     7.493083   147.012278    73.274353
    7.501167     4.386307    10.845113     7.583092   137.391801    71.799191
    6.341304     4.236766    11.108867     7.334526   141.743423    73.886393
    6.983986     5.035111    10.944704     7.011555   143.599705    59.806722
    7.148373     4.799493    10.988456     7.298950   151.159342    82.526327
    6.870286     4.628788    10.914652     7.089872   131.052653    85.443610
    6.751946     4.822088    11.029197     7.128250   134.424719    79.958198
    6.900014     4.434008    11.014720     7.408352   149.055837    69.860136
    6.855651     4.422011    10.815257     6.883453   137.143924    77.421769
    6.962500     4.168535    10.777384     7.057646   138.878345    79.057258
    7.118055     4.586019    10.855812     7.143066   146.346636    72.994706
    7.200858     4.321594    10.693555     7.010088   141.583949    80.973590
    6.547027     4.729477    11.102337     7.096417   143.979620    69.022354
    7.141818     4.492664    10.864249     7.274541   137.826741    84.181130
    7.087719     4.523934    10.764000     6.971283   140.222758    74.729130
    7.172376     4.836128    11.038573     7.416394   153.203016    70.761347
    6.636754     4.694819    11.044025     7.039782   141.278520    82.436284
    6.959958     4.554136    10.998975     7.371058   146.717718    68.865338
    6.871989     4.359189    10.977951     7.408086   140.704166    65.978933
    6.896156     4.422803    10.921222     7.216102   143.336940    61.843474
    6.777334     4.177373    10.891301     7.128051   142.434237    76.760491
    7.029529     4.902178    10.956195     7.237994   137.652619    54.974551
    6.764192     4.356230    10.997298     7.460098   129.753259    64.166576
    7.546925     4.714013    10.687942     7.230259   134.160450    75.771546
    7.091204     4.641178    10.964488     7.395422   139.800112    75.061647
    6.847315     4.836113    11.118839     7.482675   137.146079    68.984084
    7.280569     4.578641    10.791961     7.246194   130.475800    90.278745
    7.665865     4.428937    10.639093     7.276160   139.558437    87.986389
    6.905960     4.732110    11.000840     7.201143   148.532000    67.975849
    6.706171     4.588644    11.013462     7.104628   143.168822    82.028316
    7.194930     4.584209    10.892643     7.368986   134.127231    84.521580
    7.189474     4.853572    10.937951     7.266333   145.163524    75.067116
    7.328059     4.155891    10.643828     7.227836   136.320539    56.415876
    7.061180     4.400405    10.855650     7.189874   145.660953    69.175920
    7.065413     4.474734    10.978425     7.503299   134.848643    87.368906
    6.898249     4.602234    10.976317     7.292224   138.855056    66.923102
    6.727494     4.412961    10.946316     7.068943   144.567046    64.995711
    7.236966     4.379946    10.816836     7.363330   133.263137    74.716319
    6.798907     4.280519    11.000700     7.421747   141.485242    78.120714
    7.416153     4.383329    10.647074     7.126183   140.135359    75.780130
    7.121751     4.343925    10.876243     7.302477   147.525947    74.026290
    6.659485     4.734777    11.079499     7.123047   146.976397    77.964253
    7.387495     4.524655    10.730796     7.218266   136.935097    78.471551
    6.787964     4.484510    10.938158     7.068969   139.066696    87.108195
    6.981369     4.481465    10.931137     7.334590   137.314830    68.129682
    6.821684     4.501592    11.052379     7.415371   145.259931    77.107150
    7.105722     4.264074    10.702683     7.000656   136.507468    80.451687
    6.754827     4.144474    10.910553     7.110923   152.996043    69.292702
    7.199891     4.496979    10.949659     7.494481   144.007171    70.667130
    6.706553     4.597297    10.927945     6.844239   137.774090    87.879809
    7.013168     4.792841    11.115097     7.567404   142.603922    75.887356
    6.918510     4.751272    10.917327     7.097491   131.218082    78.714925
    6.621953     4.389633    11.025830     7.172920   149.655191    64.048383
    7.021520     4.504253    10.947663     7.253214   149.620767    87.528432
    7.041442     4.372689    10.787392     7.073793   137.131089    76.320141
    6.946851     4.191204    10.995615     7.498001   158.244414    60.560746
    6.660080     4.410843    11.043402     7.247929   147.383186    80.917165
    7.271478     4.608627    10.892953     7.338133   146.676827    78.229780
    7.194230     4.830546    10.901856     7.192075   148.326061    69.609811
    6.998397     4.466709    10.849459     7.028999   150.032211    69.980904
    7.087411     4.469627    10.885442     7.239691   146.742249    71.708442
    6.766412     4.648211    11.036337     7.298720   131.083340    91.088347
    6.906976     4.704819    10.907605     7.047335   136.034490    77.185224
    7.538711     4.522157    10.672152     7.252558   138.789366    68.025475
    7.217172     4.464173    10.744018     7.054519   147.387554    67.179230
    6.937359     4.725094    10.902085     7.089181   129.272077    87.667805
    6.845320     4.295316    11.045982     7.546495   141.797502    90.635273
    6.951078     4.255703    10.944949     7.331015   152.100063    77.468428
    6.799686     4.614741    10.935274     6.928084   149.081619    72.122950
    7.086453     4.138972    10.699509     7.039011   138.614957    74.605114
    7.039763     4.637131    10.912340     7.256223   133.700835    82.577960
    7.465654     4.099154    10.812654     7.534242   146.797704    84.436648
    6.899487     4.547025    11.062946     7.520502   143.616666    67.146754
    6.847833     4.705785    11.049265     7.390615   133.982282    78.101594
    7.183268     4.434907    10.812630     7.198166   144.739843    70.202153
    6.886204     4.391853    10.977965     7.351297   142.969485    77.794590
    7.084643     4.542366    10.889537     7.282530   136.183554    78.526881
    6.799606     4.613376    11.077589     7.420093   147.982994    56.148328
    7.073520     4.575774    11.085657     7.660306   143.389383    74.565685
    6.879283     4.393091    10.969383     7.303029   143.865416    81.021327
    6.710438     4.532228    11.086707     7.416217   144.124371    70.332992
    7.299597     4.365794    10.784408     7.273813   141.486652    81.220769
    7.245303     4.376625    10.744958     7.197354   134.999941    78.324415
    7.124758     4.261679    10.922479     7.395731   152.687624    85.156135
    7.478524     4.428974    10.930036     7.532471   161.914632    66.434464
    7.287505     4.615155    10.932623     7.428425   146.094164    79.997106
    7.093808     4.763612    10.945756     7.227013   145.534470    81.430765
    7.126546     4.437287    10.875542     7.313660   136.057106    90.885498
    6.642688     4.244857    10.930384     7.074710   136.005140    80.736606
    6.646094     4.627012    11.001354     6.961263   139.610187    86.391088
    7.241910     4.410473    10.945646     7.447391   156.081863    76.727772
    6.936159     4.688259    10.900094     7.053475   135.691415    86.230587
    7.034657     4.585104    10.918426     7.148941   161.188948    46.260082
    6.863804     4.599393    11.025613     7.235882   163.360244    43.282165
    6.949231     4.492980    10.894819     7.165852   142.771508    62.124933
    6.898944     4.425606    10.900316     7.058099   156.456568    54.546140
    6.927745     4.626316    11.055495     7.462657   152.710288    41.389844
    7.130771     4.599216    11.052106     7.594025   154.002518    47.549081
    7.013849     4.465226    10.915304     7.200681   158.715605    48.962733
    7.078260     4.571953    10.845751     7.076057   160.090427    33.517465
    7.298133     4.321722    10.897534     7.511874   147.959704    68.801946
    6.802805     4.251704    10.936176     7.274434   150.750561    40.898786
    6.835691     4.818562    10.953690     7.018197   144.479999    46.004191
    7.166913     4.464667    10.773617     7.093252   149.706490    51.530263
    6.949638     4.755884    11.000508     7.127294   161.143489    61.849739
    6.917486     4.345772    10.839344     7.068516   136.988782    80.764594
    6.827966     4.529700    11.099884     7.536298   143.835742    80.390048
    6.886760     4.237936    10.968805     7.373074   151.379615    70.669342
    7.236032     4.579148    10.820395     7.172476   142.058956    91.788267
    7.331856     4.425808    10.783634     7.297124   141.636066    69.957182
    6.972033     4.681188    10.959230     7.202447   143.123728    82.837673
    7.215993     4.333351    10.756829     7.159436   144.607920    68.826906
    7.050184     4.479908    10.913432     7.201182   152.763267    77.831163
    7.571805     4.487861    10.803734     7.421126   146.885911    82.754687
    6.864209     4.399424    10.930706     7.164757   146.269190    71.921779
    7.044826     4.800321    10.876337     6.966919   146.005800    85.352760
    6.945060     4.597737    11.034531     7.370333   150.764886    76.772560
    7.163607     4.237753    10.740367     7.149881   136.140745    85.859106
    7.484711     4.322644    10.731045     7.302997   149.143509    71.572346
    7.379734     4.646295    10.737540     7.128310   147.948417    63.605510
    7.200124     4.573322    10.887223     7.329256   138.001536    88.156156
    7.280252     4.455936    10.942168     7.489870   149.787184    78.870014
    6.950817     4.664079    10.935877     7.118817   141.361021    91.831724
    7.042608     4.679863    10.980876     7.363357   140.708607    75.872161
    7.148245     4.556713    10.768238     6.978705   145.506304    78.383874
    7.101076     4.437352    10.879133     7.189176   154.263933    71.788816
    7.254928     4.709276    10.737747     6.949398   146.389591    78.912608
    7.299569     4.156458    10.802473     7.313150   158.470075    69.078667
    6.862235     4.441038    10.913297     7.128547   139.566137    79.503211
    7.377000     4.664941    10.905023     7.414243   150.534817    65.802822
    6.992595     4.362991    10.963447     7.383754   146.660394    83.463915
